Date-Time,Price,High,Low,Volume
2022-05-01T00:04:24,4.96,5.02,4.83,756306
2022-05-01T00:09:25,4.96,5.02,4.83,756306
2022-05-01T00:14:26,4.96,5.02,4.83,756306
2022-05-01T00:19:26,4.96,5.02,4.83,756306
2022-05-01T00:24:27,4.96,5.02,4.83,756306
2022-05-01T00:29:28,4.96,5.02,4.83,756306
2022-05-01T00:34:29,4.96,5.02,4.83,756306
2022-05-01T00:39:30,4.96,5.02,4.83,756306
2022-05-01T00:44:31,4.96,5.02,4.83,756306
2022-05-01T00:49:31,4.96,5.02,4.83,756306
2022-05-01T00:54:32,4.96,5.02,4.83,756306
2022-05-01T00:59:33,4.96,5.02,4.83,756306
2022-05-01T01:04:34,4.96,5.02,4.83,756306
2022-05-01T01:09:35,4.96,5.02,4.83,756306
2022-05-01T01:14:36,4.96,5.02,4.83,756306
2022-05-01T01:19:37,4.96,5.02,4.83,756306
2022-05-01T01:24:38,4.96,5.02,4.83,756306
2022-05-01T01:29:39,4.96,5.02,4.83,756306
