Date-Time,Price,High,Low,Volume
2022-05-01T00:04:37,870.76,934.3999,870.00,29377665
2022-05-01T00:09:38,870.76,934.3999,870.00,29377665
2022-05-01T00:14:39,870.76,934.3999,870.00,29377665
2022-05-01T00:19:40,870.76,934.3999,870.00,29377665
2022-05-01T00:24:41,870.76,934.3999,870.00,29377665
2022-05-01T00:29:42,870.76,934.3999,870.00,29377665
2022-05-01T00:34:42,870.76,934.3999,870.00,29377665
2022-05-01T00:39:43,870.76,934.3999,870.00,29377665
2022-05-01T00:44:44,870.76,934.3999,870.00,29377665
2022-05-01T00:49:45,870.76,934.3999,870.00,29377665
2022-05-01T00:54:46,870.76,934.3999,870.00,29377665
2022-05-01T00:59:47,870.76,934.3999,870.00,29377665
2022-05-01T01:04:48,870.76,934.3999,870.00,29377665
2022-05-01T01:09:48,870.76,934.3999,870.00,29377665
2022-05-01T01:14:49,870.76,934.3999,870.00,29377665
2022-05-01T01:19:50,870.76,934.3999,870.00,29377665
2022-05-01T01:24:51,870.76,934.3999,870.00,29377665
2022-05-01T01:29:52,870.76,934.3999,870.00,29377665
