Date-Time,Price,High,Low,Volume
2022-05-01T00:04:38,30.24,33.7799,30.10,12877355
2022-05-01T00:09:38,30.24,33.7799,30.10,12877355
2022-05-01T00:14:39,30.24,33.7799,30.10,12877355
2022-05-01T00:19:40,30.24,33.7799,30.10,12877355
2022-05-01T00:24:41,30.24,33.7799,30.10,12877355
2022-05-01T00:29:42,30.24,33.7799,30.10,12877355
2022-05-01T00:34:43,30.24,33.7799,30.10,12877355
2022-05-01T00:39:43,30.24,33.7799,30.10,12877355
2022-05-01T00:44:44,30.24,33.7799,30.10,12877355
2022-05-01T00:49:45,30.24,33.7799,30.10,12877355
2022-05-01T00:54:46,30.24,33.7799,30.10,12877355
2022-05-01T00:59:46,30.24,33.7799,30.10,12877355
2022-05-01T01:04:47,30.24,33.7799,30.10,12877355
2022-05-01T01:09:48,30.24,33.7799,30.10,12877355
2022-05-01T01:14:49,30.24,33.7799,30.10,12877355
2022-05-01T01:19:50,30.24,33.7799,30.10,12877355
2022-05-01T01:24:51,30.24,33.7799,30.10,12877355
2022-05-01T01:29:52,30.24,33.7799,30.10,12877355
