Date-Time,Price,High,Low,Volume
2022-02-06T00:04:59,923.32,936.50,881.17,24541822
2022-02-06T00:10:00,923.32,936.50,881.17,24541822
2022-02-06T00:15:01,923.32,936.50,881.17,24541822
2022-02-06T00:20:02,923.32,936.50,881.17,24541822
2022-02-06T00:25:03,923.32,936.50,881.17,24541822
2022-02-06T00:30:04,923.32,936.50,881.17,24541822
2022-02-06T00:35:05,923.32,936.50,881.17,24541822
2022-02-06T00:40:06,923.32,936.50,881.17,24541822
2022-02-06T00:45:07,923.32,936.50,881.17,24541822
2022-02-06T00:50:07,923.32,936.50,881.17,24541822
2022-02-06T00:55:08,923.32,936.50,881.17,24541822
