Date-Time,Price,High,Low,Volume
2022-02-06T00:04:59,23.96,24.32,22.73,45771717
2022-02-06T00:10:00,23.96,24.32,22.73,45771717
2022-02-06T00:15:01,23.96,24.32,22.73,45771717
2022-02-06T00:20:02,23.96,24.32,22.73,45771717
2022-02-06T00:25:03,23.96,24.32,22.73,45771717
2022-02-06T00:30:04,23.96,24.32,22.73,45771717
2022-02-06T00:35:05,23.96,24.32,22.73,45771717
2022-02-06T00:40:06,23.96,24.32,22.73,45771717
2022-02-06T00:45:07,23.96,24.32,22.73,45771717
2022-02-06T00:50:07,23.96,24.32,22.73,45771717
2022-02-06T00:55:08,23.96,24.32,22.73,45771717
