Date-Time,Price,High,Low,Volume
2022-02-06T00:03:44,237.09,242.6099,230.11,89342247
2022-02-06T00:08:44,237.09,242.6099,230.11,89342247
2022-02-06T00:13:45,237.09,242.6099,230.11,89342247
2022-02-06T00:18:46,237.09,242.6099,230.11,89342247
2022-02-06T00:23:47,237.09,242.6099,230.11,89342247
2022-02-06T00:28:48,237.09,242.6099,230.11,89342247
2022-02-06T00:33:49,237.09,242.6099,230.11,89342247
2022-02-06T00:38:50,237.09,242.6099,230.11,89342247
2022-02-06T00:43:51,237.09,242.6099,230.11,89342247
2022-02-06T00:48:51,237.09,242.6099,230.11,89342247
2022-02-06T00:53:52,237.09,242.6099,230.11,89342247
