Date-Time,Price,High,Low,Volume
2022-02-06T00:02:41,6.74,6.76,5.9764,995607
2022-02-06T00:07:42,6.74,6.76,5.9764,995607
2022-02-06T00:12:42,6.74,6.76,5.9764,995607
2022-02-06T00:17:43,6.74,6.76,5.9764,995607
2022-02-06T00:22:44,6.74,6.76,5.9764,995607
2022-02-06T00:27:45,6.74,6.76,5.9764,995607
2022-02-06T00:32:46,6.74,6.76,5.9764,995607
2022-02-06T00:37:47,6.74,6.76,5.9764,995607
2022-02-06T00:42:48,6.74,6.76,5.9764,995607
2022-02-06T00:47:49,6.74,6.76,5.9764,995607
2022-02-06T00:52:49,6.74,6.76,5.9764,995607
