Date-Time,Price,High,Low,Volume
2021-11-25T00:02:23,114.85,120.00,113.4501,11539220
2021-11-25T00:07:24,114.85,120.00,113.4501,11539220
2021-11-25T00:12:25,114.85,120.00,113.4501,11539220
2021-11-25T00:17:25,114.85,120.00,113.4501,11539220
2021-11-25T00:22:26,114.85,120.00,113.4501,11539220
2021-11-25T00:27:27,114.85,120.00,113.4501,11539220
2021-11-25T00:32:28,114.85,120.00,113.4501,11539220
2021-11-25T00:37:29,114.85,120.00,113.4501,11539220
2021-11-25T00:42:30,114.85,120.00,113.4501,11539220
