Date-Time,Price,High,Low,Volume
2021-11-25T00:02:39,41.42,42.51,40.89,33467162
2021-11-25T00:07:40,41.42,42.51,40.89,33467162
2021-11-25T00:12:40,41.42,42.51,40.89,33467162
2021-11-25T00:17:41,41.42,42.51,40.89,33467162
2021-11-25T00:22:42,41.42,42.51,40.89,33467162
2021-11-25T00:27:43,41.42,42.51,40.89,33467162
2021-11-25T00:32:44,41.42,42.51,40.89,33467162
2021-11-25T00:37:44,41.42,42.51,40.89,33467162
2021-11-25T00:42:45,41.42,42.51,40.89,33467162
2021-11-25T00:47:46,41.42,42.51,40.89,33467162
2021-11-25T00:52:47,41.42,42.51,40.89,33467162
2021-11-25T00:57:48,41.42,42.51,40.89,33467162
2021-11-25T01:02:49,41.42,42.51,40.89,33467162
2021-11-25T01:07:50,41.42,42.51,40.89,33467162
2021-11-25T01:12:51,41.42,42.51,40.89,33467162
2021-11-25T01:17:52,41.42,42.51,40.89,33467162
2021-11-25T01:22:52,41.42,42.51,40.89,33467162
2021-11-25T01:27:53,41.42,42.51,40.89,33467162
2021-11-25T01:32:54,41.42,42.51,40.89,33467162
2021-11-25T01:37:55,41.42,42.51,40.89,33467162
2021-11-25T01:42:56,41.42,42.51,40.89,33467162
