Date-Time,Price,High,Low,Volume
2022-01-05T00:00:59,5.97,6.29,5.81,901661
2022-01-05T00:05:59,5.97,6.29,5.81,901661
2022-01-05T00:11:00,5.97,6.29,5.81,901661
2022-01-05T00:16:02,5.97,6.29,5.81,901661
2022-01-05T00:21:03,5.97,6.29,5.81,901661
2022-01-05T00:26:04,5.97,6.29,5.81,901661
2022-01-05T00:31:05,5.97,6.29,5.81,901661
2022-01-05T00:36:06,5.97,6.29,5.81,901661
2022-01-05T00:41:07,5.97,6.29,5.81,901661
2022-01-05T00:46:08,5.97,6.29,5.81,901661
2022-01-05T00:51:10,5.97,6.29,5.81,901661
2022-01-05T00:56:10,5.97,6.29,5.81,901661
2022-01-05T01:01:11,5.97,6.29,5.81,901661
2022-01-05T01:06:12,5.97,6.29,5.81,901661
2022-01-05T01:11:13,5.97,6.29,5.81,901661
2022-01-05T01:16:13,5.97,6.29,5.81,901661
