Date-Time,Price,High,Low,Volume
2022-01-05T00:01:19,101.39,106.80,99.0137,12152212
2022-01-05T00:06:20,101.39,106.80,99.0137,12152212
2022-01-05T00:11:20,101.39,106.80,99.0137,12152212
2022-01-05T00:16:21,101.39,106.80,99.0137,12152212
2022-01-05T00:21:22,101.39,106.80,99.0137,12152212
2022-01-05T00:26:23,101.39,106.80,99.0137,12152212
2022-01-05T00:31:24,101.39,106.80,99.0137,12152212
2022-01-05T00:36:25,101.39,106.80,99.0137,12152212
2022-01-05T00:41:26,101.39,106.80,99.0137,12152212
2022-01-05T00:46:27,101.39,106.80,99.0137,12152212
2022-01-05T00:51:28,101.39,106.80,99.0137,12152212
2022-01-05T00:56:29,101.39,106.80,99.0137,12152212
2022-01-05T01:01:30,101.39,106.80,99.0137,12152212
2022-01-05T01:06:31,101.39,106.80,99.0137,12152212
2022-01-05T01:11:32,101.39,106.80,99.0137,12152212
2022-01-05T01:16:33,101.39,106.80,99.0137,12152212
2022-01-05T01:21:34,101.39,106.80,99.0137,12152212
2022-01-05T01:26:34,101.39,106.80,99.0137,12152212
2022-01-05T01:31:35,101.39,106.80,99.0137,12152212
2022-01-05T01:36:36,101.39,106.80,99.0137,12152212
2022-01-05T01:41:37,101.39,106.80,99.0137,12152212
2022-01-05T01:46:38,101.39,106.80,99.0137,12152212
2022-01-05T01:51:38,101.39,106.80,99.0137,12152212
2022-01-05T01:56:39,101.39,106.80,99.0137,12152212
2022-01-05T02:01:40,101.39,106.80,99.0137,12152212
2022-01-05T02:06:41,101.39,106.80,99.0137,12152212
2022-01-05T02:11:42,101.39,106.80,99.0137,12152212
2022-01-05T02:16:42,101.39,106.80,99.0137,12152212
