Date-Time,Price,High,Low,Volume
2021-12-10T00:02:53,1003.80,1062.49,1002.36,19812832
2021-12-10T00:07:53,1003.80,1062.49,1002.36,19812832
2021-12-10T00:12:54,1003.80,1062.49,1002.36,19812832
2021-12-10T00:17:55,1003.80,1062.49,1002.36,19812832
2021-12-10T00:22:56,1003.80,1062.49,1002.36,19812832
2021-12-10T00:27:57,1003.80,1062.49,1002.36,19812832
2021-12-10T00:32:58,1003.80,1062.49,1002.36,19812832
2021-12-10T00:37:59,1003.80,1062.49,1002.36,19812832
2021-12-10T00:43:00,1003.80,1062.49,1002.36,19812832
2021-12-10T00:48:00,1003.80,1062.49,1002.36,19812832
2021-12-10T00:53:01,1003.80,1062.49,1002.36,19812832
2021-12-10T00:58:02,1003.80,1062.49,1002.36,19812832
2021-12-10T01:03:03,1003.80,1062.49,1002.36,19812832
2021-12-10T01:08:04,1003.80,1062.49,1002.36,19812832
2021-12-10T01:13:04,1003.80,1062.49,1002.36,19812832
2021-12-10T01:18:05,1003.80,1062.49,1002.36,19812832
2021-12-10T01:23:06,1003.80,1062.49,1002.36,19812832
2021-12-10T01:28:07,1003.80,1062.49,1002.36,19812832
2021-12-10T01:33:07,1003.80,1062.49,1002.36,19812832
2021-12-10T01:38:08,1003.80,1062.49,1002.36,19812832
2021-12-10T01:43:09,1003.80,1062.49,1002.36,19812832
2021-12-10T01:48:10,1003.80,1062.49,1002.36,19812832
2021-12-10T01:53:11,1003.80,1062.49,1002.36,19812832
2021-12-10T01:58:11,1003.80,1062.49,1002.36,19812832
2021-12-10T02:03:12,1003.80,1062.49,1002.36,19812832
2021-12-10T02:08:13,1003.80,1062.49,1002.36,19812832
2021-12-10T02:13:14,1003.80,1062.49,1002.36,19812832
2021-12-10T02:18:14,1003.80,1062.49,1002.36,19812832
2021-12-10T02:23:15,1003.80,1062.49,1002.36,19812832
2021-12-10T02:28:16,1003.80,1062.49,1002.36,19812832
2021-12-10T02:33:17,1003.80,1062.49,1002.36,19812832
2021-12-10T02:38:17,1003.80,1062.49,1002.36,19812832
2021-12-10T02:43:18,1003.80,1062.49,1002.36,19812832
