Date-Time,Price,High,Low,Volume
2021-12-10T00:02:33,115.40,121.32,114.40,8516690
2021-12-10T00:07:34,115.40,121.32,114.40,8516690
2021-12-10T00:12:35,115.40,121.32,114.40,8516690
2021-12-10T00:17:36,115.40,121.32,114.40,8516690
2021-12-10T00:22:37,115.40,121.32,114.40,8516690
2021-12-10T00:27:38,115.40,121.32,114.40,8516690
2021-12-10T00:32:39,115.40,121.32,114.40,8516690
2021-12-10T00:37:40,115.40,121.32,114.40,8516690
2021-12-10T00:42:40,115.40,121.32,114.40,8516690
2021-12-10T00:47:41,115.40,121.32,114.40,8516690
2021-12-10T00:52:43,115.40,121.32,114.40,8516690
2021-12-10T00:57:43,115.40,121.32,114.40,8516690
2021-12-10T01:02:44,115.40,121.32,114.40,8516690
2021-12-10T01:07:45,115.40,121.32,114.40,8516690
2021-12-10T01:12:46,115.40,121.32,114.40,8516690
2021-12-10T01:17:46,115.40,121.32,114.40,8516690
2021-12-10T01:22:47,115.40,121.32,114.40,8516690
2021-12-10T01:27:48,115.40,121.32,114.40,8516690
2021-12-10T01:32:49,115.40,121.32,114.40,8516690
2021-12-10T01:37:50,115.40,121.32,114.40,8516690
2021-12-10T01:42:50,115.40,121.32,114.40,8516690
2021-12-10T01:47:51,115.40,121.32,114.40,8516690
2021-12-10T01:52:52,115.40,121.32,114.40,8516690
2021-12-10T01:57:53,115.40,121.32,114.40,8516690
2021-12-10T02:02:54,115.40,121.32,114.40,8516690
2021-12-10T02:07:55,115.40,121.32,114.40,8516690
2021-12-10T02:12:56,115.40,121.32,114.40,8516690
2021-12-10T02:17:56,115.40,121.32,114.40,8516690
2021-12-10T02:22:57,115.40,121.32,114.40,8516690
2021-12-10T02:27:58,115.40,121.32,114.40,8516690
2021-12-10T02:32:59,115.40,121.32,114.40,8516690
2021-12-10T02:38:00,115.40,121.32,114.40,8516690
2021-12-10T02:43:01,115.40,121.32,114.40,8516690
