Date-Time,Price,High,Low,Volume
2022-03-12T00:00:13,7.70,9.49,7.3609,4218323
2022-03-12T00:05:14,7.70,9.49,7.3609,4218323
2022-03-12T00:10:15,7.70,9.49,7.3609,4218323
2022-03-12T00:15:16,7.70,9.49,7.3609,4218323
2022-03-12T00:20:16,7.70,9.49,7.3609,4218323
2022-03-12T00:25:17,7.70,9.49,7.3609,4218323
2022-03-12T00:30:18,7.70,9.49,7.3609,4218323
2022-03-12T00:35:19,7.70,9.49,7.3609,4218323
2022-03-12T00:40:20,7.70,9.49,7.3609,4218323
2022-03-12T00:45:21,7.70,9.49,7.3609,4218323
2022-03-12T00:50:22,7.70,9.49,7.3609,4218323
2022-03-12T00:55:22,7.70,9.49,7.3609,4218323
2022-03-12T01:00:23,7.70,9.49,7.3609,4218323
2022-03-12T01:05:24,7.70,9.49,7.3609,4218323
2022-03-12T01:10:25,7.70,9.49,7.3609,4218323
2022-03-12T01:15:26,7.70,9.49,7.3609,4218323
2022-03-12T01:20:27,7.70,9.49,7.3609,4218323
2022-03-12T01:25:27,7.70,9.49,7.3609,4218323
2022-03-12T01:30:28,7.70,9.49,7.3609,4218323
2022-03-12T01:35:29,7.70,9.49,7.3609,4218323
