Date-Time,Price,High,Low,Volume
2022-03-12T00:02:37,38.05,41.00,37.50,42597909
2022-03-12T00:07:37,38.05,41.00,37.50,42597909
2022-03-12T00:12:38,38.05,41.00,37.50,42597909
2022-03-12T00:17:39,38.05,41.00,37.50,42597909
2022-03-12T00:22:40,38.05,41.00,37.50,42597909
2022-03-12T00:27:41,38.05,41.00,37.50,42597909
2022-03-12T00:32:42,38.05,41.00,37.50,42597909
2022-03-12T00:37:43,38.05,41.00,37.50,42597909
2022-03-12T00:42:43,38.05,41.00,37.50,42597909
2022-03-12T00:47:44,38.05,41.00,37.50,42597909
2022-03-12T00:52:45,38.05,41.00,37.50,42597909
2022-03-12T00:57:46,38.05,41.00,37.50,42597909
2022-03-12T01:02:47,38.05,41.00,37.50,42597909
2022-03-12T01:07:47,38.05,41.00,37.50,42597909
2022-03-12T01:12:48,38.05,41.00,37.50,42597909
2022-03-12T01:17:49,38.05,41.00,37.50,42597909
2022-03-12T01:22:50,38.05,41.00,37.50,42597909
2022-03-12T01:27:51,38.05,41.00,37.50,42597909
2022-03-12T01:32:52,38.05,41.00,37.50,42597909
2022-03-12T01:37:52,38.05,41.00,37.50,42597909
2022-03-12T01:42:53,38.05,41.00,37.50,42597909
2022-03-12T01:47:54,38.05,41.00,37.50,42597909
2022-03-12T01:52:55,38.05,41.00,37.50,42597909
2022-03-12T01:57:56,38.05,41.00,37.50,42597909
2022-03-12T02:02:57,38.05,41.00,37.50,42597909
2022-03-12T02:07:58,38.05,41.00,37.50,42597909
2022-03-12T02:12:59,38.05,41.00,37.50,42597909
2022-03-12T02:18:00,38.05,41.00,37.50,42597909
2022-03-12T02:23:01,38.05,41.00,37.50,42597909
2022-03-12T02:28:02,38.05,41.00,37.50,42597909
2022-03-12T02:33:03,38.05,41.00,37.50,42597909
2022-03-12T02:38:03,38.05,41.00,37.50,42597909
2022-03-12T02:43:04,38.05,41.00,37.50,42597909
2022-03-12T02:48:05,38.05,41.00,37.50,42597909
2022-03-12T02:53:06,38.05,41.00,37.50,42597909
2022-03-12T02:58:07,38.05,41.00,37.50,42597909
2022-03-12T03:03:08,38.05,41.00,37.50,42597909
2022-03-12T03:08:09,38.05,41.00,37.50,42597909
2022-03-12T03:13:10,38.05,41.00,37.50,42597909
2022-03-12T03:18:11,38.05,41.00,37.50,42597909
2022-03-12T03:23:12,38.05,41.00,37.50,42597909
2022-03-12T03:28:13,38.05,41.00,37.50,42597909
2022-03-12T03:33:14,38.05,41.00,37.50,42597909
2022-03-12T03:38:14,38.05,41.00,37.50,42597909
2022-03-12T03:43:15,38.05,41.00,37.50,42597909
2022-03-12T03:48:16,38.05,41.00,37.50,42597909
2022-03-12T03:53:17,38.05,41.00,37.50,42597909
2022-03-12T03:58:18,38.05,41.00,37.50,42597909
2022-03-12T04:03:19,38.05,41.00,37.50,42597909
2022-03-12T04:08:20,38.05,41.00,37.50,42597909
2022-03-12T04:13:21,38.05,41.00,37.50,42597909
2022-03-12T04:18:22,38.05,41.00,37.50,42597909
2022-03-12T04:23:22,38.05,41.00,37.50,42597909
2022-03-12T04:28:23,38.05,41.00,37.50,42597909
2022-03-12T04:33:24,38.05,41.00,37.50,42597909
2022-03-12T04:38:25,38.05,41.00,37.50,42597909
2022-03-12T04:43:26,38.05,41.00,37.50,42597909
2022-03-12T04:48:27,38.05,41.00,37.50,42597909
2022-03-12T04:53:27,38.05,41.00,37.50,42597909
2022-03-12T04:58:28,38.05,41.00,37.50,42597909
2022-03-12T05:03:29,38.05,41.00,37.50,42597909
2022-03-12T05:08:30,38.05,41.00,37.50,42597909
2022-03-12T05:13:31,38.05,41.00,37.50,42597909
2022-03-12T05:18:32,38.05,41.00,37.50,42597909
2022-03-12T05:23:33,38.05,41.00,37.50,42597909
2022-03-12T05:28:34,38.05,41.00,37.50,42597909
2022-03-12T05:33:35,38.05,41.00,37.50,42597909
2022-03-12T05:38:35,38.05,41.00,37.50,42597909
