Date-Time,Price,High,Low,Volume
2022-04-12T00:02:34,39.50,41.94,37.15,14206699
2022-04-12T00:07:35,39.50,41.94,37.15,14206699
2022-04-12T00:12:36,39.50,41.94,37.15,14206699
2022-04-12T00:17:36,39.50,41.94,37.15,14206699
2022-04-12T00:22:37,39.50,41.94,37.15,14206699
2022-04-12T00:27:38,39.50,41.94,37.15,14206699
2022-04-12T00:32:39,39.50,41.94,37.15,14206699
2022-04-12T00:37:40,39.50,41.94,37.15,14206699
2022-04-12T00:42:40,39.50,41.94,37.15,14206699
2022-04-12T00:47:41,39.50,41.94,37.15,14206699
2022-04-12T00:52:42,39.50,41.94,37.15,14206699
2022-04-12T00:57:43,39.50,41.94,37.15,14206699
2022-04-12T01:02:44,39.50,41.94,37.15,14206699
2022-04-12T01:07:44,39.50,41.94,37.15,14206699
2022-04-12T01:12:45,39.50,41.94,37.15,14206699
2022-04-12T01:17:46,39.50,41.94,37.15,14206699
2022-04-12T01:22:47,39.50,41.94,37.15,14206699
2022-04-12T01:27:48,39.50,41.94,37.15,14206699
2022-04-12T01:32:49,39.50,41.94,37.15,14206699
2022-04-12T01:37:49,39.50,41.94,37.15,14206699
2022-04-12T01:42:50,39.50,41.94,37.15,14206699
2022-04-12T01:47:51,39.50,41.94,37.15,14206699
2022-04-12T01:52:52,39.50,41.94,37.15,14206699
2022-04-12T01:57:53,39.50,41.94,37.15,14206699
2022-04-12T02:02:53,39.50,41.94,37.15,14206699
2022-04-12T02:07:54,39.50,41.94,37.15,14206699
2022-04-12T02:12:55,39.50,41.94,37.15,14206699
2022-04-12T02:17:56,39.50,41.94,37.15,14206699
