Date-Time,Price,High,Low,Volume
2022-04-12T00:04:04,5.44,5.72,5.41,648735
2022-04-12T00:09:05,5.44,5.72,5.41,648735
2022-04-12T00:14:05,5.44,5.72,5.41,648735
2022-04-12T00:19:06,5.44,5.72,5.41,648735
2022-04-12T00:24:07,5.44,5.72,5.41,648735
2022-04-12T00:29:08,5.44,5.72,5.41,648735
2022-04-12T00:34:09,5.44,5.72,5.41,648735
2022-04-12T00:39:10,5.44,5.72,5.41,648735
2022-04-12T00:44:11,5.44,5.72,5.41,648735
2022-04-12T00:49:12,5.44,5.72,5.41,648735
2022-04-12T00:54:13,5.44,5.72,5.41,648735
2022-04-12T00:59:13,5.44,5.72,5.41,648735
2022-04-12T01:04:14,5.44,5.72,5.41,648735
2022-04-12T01:09:15,5.44,5.72,5.41,648735
2022-04-12T01:14:16,5.44,5.72,5.41,648735
2022-04-12T01:19:17,5.44,5.72,5.41,648735
2022-04-12T01:24:18,5.44,5.72,5.41,648735
2022-04-12T01:29:19,5.44,5.72,5.41,648735
2022-04-12T01:34:20,5.44,5.72,5.41,648735
2022-04-12T01:39:20,5.44,5.72,5.41,648735
2022-04-12T01:44:21,5.44,5.72,5.41,648735
2022-04-12T01:49:22,5.44,5.72,5.41,648735
2022-04-12T01:54:23,5.44,5.72,5.41,648735
2022-04-12T01:59:24,5.44,5.72,5.41,648735
2022-04-12T02:04:25,5.44,5.72,5.41,648735
2022-04-12T02:09:26,5.44,5.72,5.41,648735
2022-04-12T02:14:27,5.44,5.72,5.41,648735
2022-04-12T02:19:28,5.44,5.72,5.41,648735
