Date-Time,Price,High,Low,Volume
2022-04-12T00:02:31,975.93,1008.4681,974.64,19785735
2022-04-12T00:07:32,975.93,1008.4681,974.64,19785735
2022-04-12T00:12:33,975.93,1008.4681,974.64,19785735
2022-04-12T00:17:34,975.93,1008.4681,974.64,19785735
2022-04-12T00:22:35,975.93,1008.4681,974.64,19785735
2022-04-12T00:27:36,975.93,1008.4681,974.64,19785735
2022-04-12T00:32:37,975.93,1008.4681,974.64,19785735
2022-04-12T00:37:37,975.93,1008.4681,974.64,19785735
2022-04-12T00:42:38,975.93,1008.4681,974.64,19785735
2022-04-12T00:47:39,975.93,1008.4681,974.64,19785735
2022-04-12T00:52:40,975.93,1008.4681,974.64,19785735
2022-04-12T00:57:41,975.93,1008.4681,974.64,19785735
2022-04-12T01:02:42,975.93,1008.4681,974.64,19785735
2022-04-12T01:07:43,975.93,1008.4681,974.64,19785735
2022-04-12T01:12:44,975.93,1008.4681,974.64,19785735
2022-04-12T01:17:45,975.93,1008.4681,974.64,19785735
