Date-Time,Price,High,Low,Volume
2021-12-14T00:00:11,33.66,34.6697,32.90,31857904
2021-12-14T00:05:12,33.66,34.6697,32.90,31857904
2021-12-14T00:10:12,33.66,34.6697,32.90,31857904
2021-12-14T00:15:13,33.66,34.6697,32.90,31857904
2021-12-14T00:20:14,33.66,34.6697,32.90,31857904
2021-12-14T00:25:15,33.66,34.6697,32.90,31857904
2021-12-14T00:30:16,33.66,34.6697,32.90,31857904
2021-12-14T00:35:16,33.66,34.6697,32.90,31857904
2021-12-14T00:40:17,33.66,34.6697,32.90,31857904
2021-12-14T00:45:18,33.66,34.6697,32.90,31857904
2021-12-14T00:50:20,33.66,34.6697,32.90,31857904
2021-12-14T00:55:21,33.66,34.6697,32.90,31857904
2021-12-14T01:00:22,33.66,34.6697,32.90,31857904
2021-12-14T01:05:23,33.66,34.6697,32.90,31857904
2021-12-14T01:10:24,33.66,34.6697,32.90,31857904
2021-12-14T01:15:24,33.66,34.6697,32.90,31857904
2021-12-14T01:20:25,33.66,34.6697,32.90,31857904
2021-12-14T01:25:26,33.66,34.6697,32.90,31857904
2021-12-14T01:30:27,33.66,34.6697,32.90,31857904
2021-12-14T01:35:28,33.66,34.6697,32.90,31857904
2021-12-14T01:40:28,33.66,34.6697,32.90,31857904
2021-12-14T01:45:29,33.66,34.6697,32.90,31857904
