Date-Time,Price,High,Low,Volume
2021-12-14T00:01:47,7.37,7.45,7.0121,1291124
2021-12-14T00:06:48,7.37,7.45,7.0121,1291124
2021-12-14T00:11:49,7.37,7.45,7.0121,1291124
2021-12-14T00:16:50,7.37,7.45,7.0121,1291124
2021-12-14T00:21:50,7.37,7.45,7.0121,1291124
2021-12-14T00:26:51,7.37,7.45,7.0121,1291124
2021-12-14T00:31:52,7.37,7.45,7.0121,1291124
2021-12-14T00:36:53,7.37,7.45,7.0121,1291124
2021-12-14T00:41:54,7.37,7.45,7.0121,1291124
2021-12-14T00:46:54,7.37,7.45,7.0121,1291124
2021-12-14T00:51:55,7.37,7.45,7.0121,1291124
2021-12-14T00:56:56,7.37,7.45,7.0121,1291124
2021-12-14T01:01:57,7.37,7.45,7.0121,1291124
2021-12-14T01:06:58,7.37,7.45,7.0121,1291124
2021-12-14T01:11:58,7.37,7.45,7.0121,1291124
2021-12-14T01:16:59,7.37,7.45,7.0121,1291124
2021-12-14T01:22:00,7.37,7.45,7.0121,1291124
2021-12-14T01:27:01,7.37,7.45,7.0121,1291124
2021-12-14T01:32:02,7.37,7.45,7.0121,1291124
2021-12-14T01:37:03,7.37,7.45,7.0121,1291124
2021-12-14T01:42:04,7.37,7.45,7.0121,1291124
2021-12-14T01:47:05,7.37,7.45,7.0121,1291124
