Date-Time,Price,High,Low,Volume
2021-12-14T00:05:00,334.49,341.09,329.59,22948655
2021-12-14T00:10:01,334.49,341.09,329.59,22948655
2021-12-14T00:15:02,334.49,341.09,329.59,22948655
2021-12-14T00:20:02,334.49,341.09,329.59,22948655
2021-12-14T00:25:03,334.49,341.09,329.59,22948655
2021-12-14T00:30:04,334.49,341.09,329.59,22948655
2021-12-14T00:35:05,334.49,341.09,329.59,22948655
2021-12-14T00:40:06,334.49,341.09,329.59,22948655
2021-12-14T00:45:06,334.49,341.09,329.59,22948655
2021-12-14T00:50:07,334.49,341.09,329.59,22948655
2021-12-14T00:55:08,334.49,341.09,329.59,22948655
2021-12-14T01:00:09,334.49,341.09,329.59,22948655
2021-12-14T01:05:10,334.49,341.09,329.59,22948655
2021-12-14T01:10:11,334.49,341.09,329.59,22948655
2021-12-14T01:15:11,334.49,341.09,329.59,22948655
2021-12-14T01:20:12,334.49,341.09,329.59,22948655
2021-12-14T01:25:13,334.49,341.09,329.59,22948655
2021-12-14T01:30:14,334.49,341.09,329.59,22948655
2021-12-14T01:35:15,334.49,341.09,329.59,22948655
2021-12-14T01:40:15,334.49,341.09,329.59,22948655
2021-12-14T01:45:19,334.49,341.09,329.59,22948655
2021-12-14T01:50:20,334.49,341.09,329.59,22948655
2021-12-14T01:55:21,334.49,341.09,329.59,22948655
2021-12-14T02:00:22,334.49,341.09,329.59,22948655
2021-12-14T02:05:22,334.49,341.09,329.59,22948655
2021-12-14T02:10:23,334.49,341.09,329.59,22948655
2021-12-14T02:15:24,334.49,341.09,329.59,22948655
2021-12-14T02:20:25,334.49,341.09,329.59,22948655
2021-12-14T02:25:26,334.49,341.09,329.59,22948655
2021-12-14T02:30:27,334.49,341.09,329.59,22948655
2021-12-14T02:35:27,334.49,341.09,329.59,22948655
2021-12-14T02:40:28,334.49,341.09,329.59,22948655
2021-12-14T02:45:29,334.49,341.09,329.59,22948655
2021-12-14T02:50:30,334.49,341.09,329.59,22948655
2021-12-14T02:55:30,334.49,341.09,329.59,22948655
2021-12-14T03:00:31,334.49,341.09,329.59,22948655
2021-12-14T03:05:32,334.49,341.09,329.59,22948655
2021-12-14T03:10:33,334.49,341.09,329.59,22948655
2021-12-14T03:15:34,334.49,341.09,329.59,22948655
2021-12-14T03:20:35,334.49,341.09,329.59,22948655
2021-12-14T03:25:35,334.49,341.09,329.59,22948655
2021-12-14T03:30:36,334.49,341.09,329.59,22948655
2021-12-14T03:35:37,334.49,341.09,329.59,22948655
2021-12-14T03:40:38,334.49,341.09,329.59,22948655
2021-12-14T03:45:38,334.49,341.09,329.59,22948655
2021-12-14T03:50:39,334.49,341.09,329.59,22948655
2021-12-14T03:55:40,334.49,341.09,329.59,22948655
2021-12-14T04:00:41,334.49,341.09,329.59,22948655
2021-12-14T04:05:41,334.49,341.09,329.59,22948655
2021-12-14T04:10:42,334.49,341.09,329.59,22948655
2021-12-14T04:15:43,334.49,341.09,329.59,22948655
2021-12-14T04:20:44,334.49,341.09,329.59,22948655
2021-12-14T04:25:45,334.49,341.09,329.59,22948655
2021-12-14T04:30:46,334.49,341.09,329.59,22948655
2021-12-14T04:35:46,334.49,341.09,329.59,22948655
2021-12-14T04:40:47,334.49,341.09,329.59,22948655
2021-12-14T04:45:48,334.49,341.09,329.59,22948655
2021-12-14T04:50:49,334.49,341.09,329.59,22948655
2021-12-14T04:55:50,334.49,341.09,329.59,22948655
2021-12-14T05:00:51,334.49,341.09,329.59,22948655
2021-12-14T05:05:51,334.49,341.09,329.59,22948655
2021-12-14T05:10:52,334.49,341.09,329.59,22948655
2021-12-14T05:15:53,334.49,341.09,329.59,22948655
2021-12-14T05:20:54,334.49,341.09,329.59,22948655
2021-12-14T05:25:55,334.49,341.09,329.59,22948655
2021-12-14T05:30:56,334.49,341.09,329.59,22948655
2021-12-14T05:35:57,334.49,341.09,329.59,22948655
2021-12-14T05:40:58,334.49,341.09,329.59,22948655
2021-12-14T05:45:58,334.49,341.09,329.59,22948655
2021-12-14T05:50:59,334.49,341.09,329.59,22948655
2021-12-14T05:56:00,334.49,341.09,329.59,22948655
2021-12-14T06:01:01,334.49,341.09,329.59,22948655
2021-12-14T06:06:02,334.49,341.09,329.59,22948655
2021-12-14T06:11:03,334.49,341.09,329.59,22948655
2021-12-14T06:16:04,334.49,341.09,329.59,22948655
2021-12-14T06:21:05,334.49,341.09,329.59,22948655
2021-12-14T06:26:06,334.49,341.09,329.59,22948655
2021-12-14T06:31:06,334.49,341.09,329.59,22948655
2021-12-14T06:36:07,334.49,341.09,329.59,22948655
2021-12-14T06:41:08,334.49,341.09,329.59,22948655
2021-12-14T06:46:09,330.70,331.05,327.90,679818
2021-12-14T06:51:10,332.74,333.70,327.90,1204514
2021-12-14T06:57:42,334.0901,335.29,327.90,1815306
2021-12-14T07:02:43,332.85,335.29,327.90,2177972
2021-12-14T07:07:43,331.975,335.29,327.90,2547664
2021-12-14T07:12:44,331.6869,335.29,327.90,2879378
2021-12-14T07:17:45,330.22,335.29,327.90,3283086
2021-12-14T07:22:46,330.9199,335.29,327.90,3527721
2021-12-14T07:27:47,330.65,335.29,327.90,3776399
2021-12-14T07:32:47,330.02,335.29,327.90,3995732
2021-12-14T07:37:48,329.85,335.29,327.90,4181530
2021-12-14T07:42:49,330.77,335.29,327.90,4435409
2021-12-14T07:47:50,331.40,335.29,327.90,4641713
