Date-Time,Price,High,Low,Volume
2021-12-14T00:00:03,966.41,1005.00,951.42,26198502
2021-12-14T00:05:04,966.41,1005.00,951.42,26198502
2021-12-14T00:10:05,966.41,1005.00,951.42,26198502
2021-12-14T00:15:08,966.41,1005.00,951.42,26198502
2021-12-14T00:20:09,966.41,1005.00,951.42,26198502
2021-12-14T00:25:10,966.41,1005.00,951.42,26198502
2021-12-14T00:30:11,966.41,1005.00,951.42,26198502
2021-12-14T00:35:14,966.41,1005.00,951.42,26198502
2021-12-14T00:40:15,966.41,1005.00,951.42,26198502
2021-12-14T00:45:16,966.41,1005.00,951.42,26198502
2021-12-14T00:50:16,966.41,1005.00,951.42,26198502
2021-12-14T00:55:17,966.41,1005.00,951.42,26198502
2021-12-14T01:00:18,966.41,1005.00,951.42,26198502
2021-12-14T01:05:19,966.41,1005.00,951.42,26198502
2021-12-14T01:10:20,966.41,1005.00,951.42,26198502
2021-12-14T01:15:20,966.41,1005.00,951.42,26198502
2021-12-14T01:20:21,966.41,1005.00,951.42,26198502
2021-12-14T01:25:22,966.41,1005.00,951.42,26198502
2021-12-14T01:30:23,966.41,1005.00,951.42,26198502
2021-12-14T01:35:24,966.41,1005.00,951.42,26198502
2021-12-14T01:40:24,966.41,1005.00,951.42,26198502
2021-12-14T01:45:25,966.41,1005.00,951.42,26198502
2021-12-14T01:50:26,966.41,1005.00,951.42,26198502
2021-12-14T01:55:27,966.41,1005.00,951.42,26198502
2021-12-14T02:00:28,966.41,1005.00,951.42,26198502
2021-12-14T02:05:28,966.41,1005.00,951.42,26198502
2021-12-14T02:10:29,966.41,1005.00,951.42,26198502
2021-12-14T02:15:30,966.41,1005.00,951.42,26198502
2021-12-14T02:20:31,966.41,1005.00,951.42,26198502
2021-12-14T02:25:32,966.41,1005.00,951.42,26198502
2021-12-14T02:30:33,966.41,1005.00,951.42,26198502
2021-12-14T02:35:34,966.41,1005.00,951.42,26198502
2021-12-14T02:40:34,966.41,1005.00,951.42,26198502
2021-12-14T02:45:35,966.41,1005.00,951.42,26198502
2021-12-14T02:50:36,966.41,1005.00,951.42,26198502
2021-12-14T02:55:37,966.41,1005.00,951.42,26198502
2021-12-14T03:00:38,966.41,1005.00,951.42,26198502
2021-12-14T03:05:38,966.41,1005.00,951.42,26198502
2021-12-14T03:10:39,966.41,1005.00,951.42,26198502
2021-12-14T03:15:40,966.41,1005.00,951.42,26198502
2021-12-14T03:20:41,966.41,1005.00,951.42,26198502
2021-12-14T03:25:41,966.41,1005.00,951.42,26198502
2021-12-14T03:30:42,966.41,1005.00,951.42,26198502
2021-12-14T03:35:43,966.41,1005.00,951.42,26198502
2021-12-14T03:40:44,966.41,1005.00,951.42,26198502
2021-12-14T03:45:45,966.41,1005.00,951.42,26198502
2021-12-14T03:50:46,966.41,1005.00,951.42,26198502
2021-12-14T03:55:46,966.41,1005.00,951.42,26198502
2021-12-14T04:00:47,966.41,1005.00,951.42,26198502
2021-12-14T04:05:48,966.41,1005.00,951.42,26198502
2021-12-14T04:10:49,966.41,1005.00,951.42,26198502
2021-12-14T04:15:50,966.41,1005.00,951.42,26198502
2021-12-14T04:21:12,966.41,1005.00,951.42,26198502
2021-12-14T04:26:12,966.41,1005.00,951.42,26198502
2021-12-14T04:31:13,966.41,1005.00,951.42,26198502
2021-12-14T04:36:14,966.41,1005.00,951.42,26198502
2021-12-14T04:41:15,966.41,1005.00,951.42,26198502
2021-12-14T04:46:16,966.41,1005.00,951.42,26198502
2021-12-14T04:51:16,966.41,1005.00,951.42,26198502
2021-12-14T04:56:17,966.41,1005.00,951.42,26198502
2021-12-14T05:01:18,966.41,1005.00,951.42,26198502
2021-12-14T05:06:19,966.41,1005.00,951.42,26198502
2021-12-14T05:11:20,966.41,1005.00,951.42,26198502
2021-12-14T05:16:21,966.41,1005.00,951.42,26198502
2021-12-14T05:21:21,966.41,1005.00,951.42,26198502
2021-12-14T05:26:22,966.41,1005.00,951.42,26198502
2021-12-14T05:31:23,966.41,1005.00,951.42,26198502
2021-12-14T05:36:24,966.41,1005.00,951.42,26198502
2021-12-14T05:41:25,966.41,1005.00,951.42,26198502
2021-12-14T05:46:26,966.41,1005.00,951.42,26198502
2021-12-14T05:51:27,966.41,1005.00,951.42,26198502
2021-12-14T05:56:28,966.41,1005.00,951.42,26198502
2021-12-14T06:01:28,966.41,1005.00,951.42,26198502
2021-12-14T06:06:29,966.41,1005.00,951.42,26198502
2021-12-14T06:11:30,966.41,1005.00,951.42,26198502
2021-12-14T06:16:31,966.41,1005.00,951.42,26198502
2021-12-14T06:21:32,966.41,1005.00,951.42,26198502
2021-12-14T06:26:33,966.41,1005.00,951.42,26198502
2021-12-14T06:31:34,966.41,1005.00,951.42,26198502
2021-12-14T06:36:34,966.41,1005.00,951.42,26198502
2021-12-14T06:41:35,966.41,1005.00,951.42,26198502
2021-12-14T06:46:36,943.00,945.69,935.00,1824238
