Date-Time,Price,High,Low,Volume
2021-12-14T00:04:59,118.90,121.6399,113.95,14737495
2021-12-14T00:10:00,118.90,121.6399,113.95,14737495
2021-12-14T00:15:01,118.90,121.6399,113.95,14737495
2021-12-14T00:20:02,118.90,121.6399,113.95,14737495
2021-12-14T00:25:03,118.90,121.6399,113.95,14737495
2021-12-14T00:30:04,118.90,121.6399,113.95,14737495
2021-12-14T00:35:05,118.90,121.6399,113.95,14737495
2021-12-14T00:40:06,118.90,121.6399,113.95,14737495
2021-12-14T00:45:06,118.90,121.6399,113.95,14737495
2021-12-14T00:50:07,118.90,121.6399,113.95,14737495
2021-12-14T00:55:08,118.90,121.6399,113.95,14737495
2021-12-14T01:00:09,118.90,121.6399,113.95,14737495
2021-12-14T01:05:10,118.90,121.6399,113.95,14737495
2021-12-14T01:10:11,118.90,121.6399,113.95,14737495
2021-12-14T01:15:11,118.90,121.6399,113.95,14737495
2021-12-14T01:20:12,118.90,121.6399,113.95,14737495
2021-12-14T01:25:13,118.90,121.6399,113.95,14737495
2021-12-14T01:30:14,118.90,121.6399,113.95,14737495
2021-12-14T01:35:15,118.90,121.6399,113.95,14737495
2021-12-14T01:40:15,118.90,121.6399,113.95,14737495
2021-12-14T01:45:16,118.90,121.6399,113.95,14737495
