Date-Time,Price,High,Low,Volume
2022-01-30T00:00:45,20.90,21.32,19.31,96701088
2022-01-30T00:05:46,20.90,21.32,19.31,96701088
2022-01-30T00:10:47,20.90,21.32,19.31,96701088
2022-01-30T00:15:47,20.90,21.32,19.31,96701088
2022-01-30T00:20:48,20.90,21.32,19.31,96701088
2022-01-30T00:25:49,20.90,21.32,19.31,96701088
2022-01-30T00:30:50,20.90,21.32,19.31,96701088
2022-01-30T00:35:51,20.90,21.32,19.31,96701088
2022-01-30T00:40:51,20.90,21.32,19.31,96701088
2022-01-30T00:45:52,20.90,21.32,19.31,96701088
2022-01-30T00:50:53,20.90,21.32,19.31,96701088
2022-01-30T00:55:54,20.90,21.32,19.31,96701088
2022-01-30T01:00:54,20.90,21.32,19.31,96701088
2022-01-30T01:05:55,20.90,21.32,19.31,96701088
2022-01-30T01:10:56,20.90,21.32,19.31,96701088
2022-01-30T01:15:57,20.90,21.32,19.31,96701088
2022-01-30T01:20:58,20.90,21.32,19.31,96701088
2022-01-30T01:25:58,20.90,21.32,19.31,96701088
2022-01-30T01:30:59,20.90,21.32,19.31,96701088
2022-01-30T01:36:00,20.90,21.32,19.31,96701088
2022-01-30T01:41:01,20.90,21.32,19.31,96701088
2022-01-30T01:46:02,20.90,21.32,19.31,96701088
