Date-Time,Price,High,Low,Volume
2022-01-30T00:03:38,301.71,301.90,293.0333,21871620
2022-01-30T00:08:39,301.71,301.90,293.0333,21871620
2022-01-30T00:13:40,301.71,301.90,293.0333,21871620
2022-01-30T00:18:41,301.71,301.90,293.0333,21871620
2022-01-30T00:23:42,301.71,301.90,293.0333,21871620
2022-01-30T00:28:43,301.71,301.90,293.0333,21871620
2022-01-30T00:33:43,301.71,301.90,293.0333,21871620
2022-01-30T00:38:44,301.71,301.90,293.0333,21871620
2022-01-30T00:43:45,301.71,301.90,293.0333,21871620
2022-01-30T00:48:46,301.71,301.90,293.0333,21871620
