Date-Time,Price,High,Low,Volume
2022-01-30T00:00:20,57.12,57.30,50.00,23965079
2022-01-30T00:05:20,57.12,57.30,50.00,23965079
2022-01-30T00:10:21,57.12,57.30,50.00,23965079
2022-01-30T00:15:22,57.12,57.30,50.00,23965079
2022-01-30T00:20:23,57.12,57.30,50.00,23965079
2022-01-30T00:25:24,57.12,57.30,50.00,23965079
2022-01-30T00:30:25,57.12,57.30,50.00,23965079
2022-01-30T00:35:26,57.12,57.30,50.00,23965079
2022-01-30T00:40:26,57.12,57.30,50.00,23965079
2022-01-30T00:45:27,57.12,57.30,50.00,23965079
2022-01-30T00:50:28,57.12,57.30,50.00,23965079
2022-01-30T00:55:29,57.12,57.30,50.00,23965079
2022-01-30T01:00:30,57.12,57.30,50.00,23965079
2022-01-30T01:05:30,57.12,57.30,50.00,23965079
2022-01-30T01:10:31,57.12,57.30,50.00,23965079
2022-01-30T01:15:32,57.12,57.30,50.00,23965079
2022-01-30T01:20:33,57.12,57.30,50.00,23965079
2022-01-30T01:25:34,57.12,57.30,50.00,23965079
2022-01-30T01:30:35,57.12,57.30,50.00,23965079
2022-01-30T01:35:35,57.12,57.30,50.00,23965079
2022-01-30T01:40:36,57.12,57.30,50.00,23965079
2022-01-30T01:45:37,57.12,57.30,50.00,23965079
