Date-Time,Price,High,Low,Volume
2022-02-12T00:00:51,860.00,915.96,850.70,26548623
2022-02-12T00:05:52,860.00,915.96,850.70,26548623
2022-02-12T00:10:53,860.00,915.96,850.70,26548623
2022-02-12T00:15:53,860.00,915.96,850.70,26548623
2022-02-12T00:20:54,860.00,915.96,850.70,26548623
2022-02-12T00:25:55,860.00,915.96,850.70,26548623
2022-02-12T00:30:56,860.00,915.96,850.70,26548623
2022-02-12T00:35:57,860.00,915.96,850.70,26548623
2022-02-12T00:40:58,860.00,915.96,850.70,26548623
2022-02-12T00:45:59,860.00,915.96,850.70,26548623
2022-02-12T00:50:59,860.00,915.96,850.70,26548623
2022-02-12T00:56:00,860.00,915.96,850.70,26548623
2022-02-12T01:01:01,860.00,915.96,850.70,26548623
