Date-Time,Price,High,Low,Volume
2022-02-12T00:04:31,6.57,6.94,6.45,749065
2022-02-12T00:09:31,6.57,6.94,6.45,749065
2022-02-12T00:14:32,6.57,6.94,6.45,749065
2022-02-12T00:19:33,6.57,6.94,6.45,749065
2022-02-12T00:24:34,6.57,6.94,6.45,749065
2022-02-12T00:29:35,6.57,6.94,6.45,749065
2022-02-12T00:34:36,6.57,6.94,6.45,749065
2022-02-12T00:39:36,6.57,6.94,6.45,749065
2022-02-12T00:44:37,6.57,6.94,6.45,749065
2022-02-12T00:49:38,6.57,6.94,6.45,749065
2022-02-12T00:54:39,6.57,6.94,6.45,749065
2022-02-12T00:59:39,6.57,6.94,6.45,749065
2022-02-12T01:04:40,6.57,6.94,6.45,749065
