Date-Time,Price,High,Low,Volume
2022-02-12T00:01:16,58.85,66.3999,57.70,15293350
2022-02-12T00:06:17,58.85,66.3999,57.70,15293350
2022-02-12T00:11:17,58.85,66.3999,57.70,15293350
2022-02-12T00:16:18,58.85,66.3999,57.70,15293350
2022-02-12T00:21:19,58.85,66.3999,57.70,15293350
2022-02-12T00:26:20,58.85,66.3999,57.70,15293350
2022-02-12T00:31:21,58.85,66.3999,57.70,15293350
2022-02-12T00:36:22,58.85,66.3999,57.70,15293350
2022-02-12T00:41:23,58.85,66.3999,57.70,15293350
2022-02-12T00:46:23,58.85,66.3999,57.70,15293350
2022-02-12T00:51:24,58.85,66.3999,57.70,15293350
2022-02-12T00:56:25,58.85,66.3999,57.70,15293350
2022-02-12T01:01:26,58.85,66.3999,57.70,15293350
2022-02-12T01:06:27,58.85,66.3999,57.70,15293350
2022-02-12T01:11:28,58.85,66.3999,57.70,15293350
2022-02-12T01:16:29,58.85,66.3999,57.70,15293350
2022-02-12T01:21:30,58.85,66.3999,57.70,15293350
2022-02-12T01:26:32,58.85,66.3999,57.70,15293350
2022-02-12T01:31:33,58.85,66.3999,57.70,15293350
2022-02-12T01:36:34,58.85,66.3999,57.70,15293350
2022-02-12T01:41:35,58.85,66.3999,57.70,15293350
2022-02-12T01:46:36,58.85,66.3999,57.70,15293350
2022-02-12T01:51:37,58.85,66.3999,57.70,15293350
2022-02-12T01:56:38,58.85,66.3999,57.70,15293350
2022-02-12T02:01:39,58.85,66.3999,57.70,15293350
