Date-Time,Price,High,Low,Volume
2022-01-19T00:01:04,29.61,30.9099,29.595,33358030
2022-01-19T00:06:05,29.61,30.9099,29.595,33358030
2022-01-19T00:11:05,29.61,30.9099,29.595,33358030
2022-01-19T00:16:06,29.61,30.9099,29.595,33358030
2022-01-19T00:21:07,29.61,30.9099,29.595,33358030
2022-01-19T00:26:08,29.61,30.9099,29.595,33358030
2022-01-19T00:31:09,29.61,30.9099,29.595,33358030
2022-01-19T00:36:10,29.61,30.9099,29.595,33358030
2022-01-19T00:41:10,29.61,30.9099,29.595,33358030
2022-01-19T00:46:11,29.61,30.9099,29.595,33358030
2022-01-19T00:51:12,29.61,30.9099,29.595,33358030
2022-01-19T00:56:13,29.61,30.9099,29.595,33358030
2022-01-19T01:01:13,29.61,30.9099,29.595,33358030
2022-01-19T01:06:14,29.61,30.9099,29.595,33358030
2022-01-19T01:11:15,29.61,30.9099,29.595,33358030
2022-01-19T01:16:16,29.61,30.9099,29.595,33358030
2022-01-19T01:21:17,29.61,30.9099,29.595,33358030
2022-01-19T01:26:17,29.61,30.9099,29.595,33358030
2022-01-19T01:31:18,29.61,30.9099,29.595,33358030
2022-01-19T01:36:19,29.61,30.9099,29.595,33358030
2022-01-19T01:41:20,29.61,30.9099,29.595,33358030
2022-01-19T01:46:20,29.61,30.9099,29.595,33358030
2022-01-19T01:51:21,29.61,30.9099,29.595,33358030
2022-01-19T01:56:22,29.61,30.9099,29.595,33358030
2022-01-19T02:01:23,29.61,30.9099,29.595,33358030
2022-01-19T02:06:24,29.61,30.9099,29.595,33358030
2022-01-19T02:11:24,29.61,30.9099,29.595,33358030
2022-01-19T02:16:25,29.61,30.9099,29.595,33358030
2022-01-19T02:21:29,29.61,30.9099,29.595,33358030
2022-01-19T02:26:30,29.61,30.9099,29.595,33358030
2022-01-19T02:31:31,29.61,30.9099,29.595,33358030
