Date-Time,Price,High,Low,Volume
2022-01-19T00:00:57,5.26,5.39,4.91,2616685
2022-01-19T00:05:58,5.26,5.39,4.91,2616685
2022-01-19T00:10:58,5.26,5.39,4.91,2616685
2022-01-19T00:15:59,5.26,5.39,4.91,2616685
2022-01-19T00:21:00,5.26,5.39,4.91,2616685
2022-01-19T00:26:01,5.26,5.39,4.91,2616685
2022-01-19T00:31:01,5.26,5.39,4.91,2616685
2022-01-19T00:36:02,5.26,5.39,4.91,2616685
2022-01-19T00:41:03,5.26,5.39,4.91,2616685
2022-01-19T00:46:04,5.26,5.39,4.91,2616685
2022-01-19T00:51:05,5.26,5.39,4.91,2616685
2022-01-19T00:56:05,5.26,5.39,4.91,2616685
2022-01-19T01:01:06,5.26,5.39,4.91,2616685
2022-01-19T01:06:07,5.26,5.39,4.91,2616685
2022-01-19T01:11:08,5.26,5.39,4.91,2616685
2022-01-19T01:16:09,5.26,5.39,4.91,2616685
2022-01-19T01:21:09,5.26,5.39,4.91,2616685
2022-01-19T01:26:10,5.26,5.39,4.91,2616685
2022-01-19T01:31:11,5.26,5.39,4.91,2616685
2022-01-19T01:36:11,5.26,5.39,4.91,2616685
2022-01-19T01:41:12,5.26,5.39,4.91,2616685
2022-01-19T01:46:13,5.26,5.39,4.91,2616685
2022-01-19T01:51:14,5.26,5.39,4.91,2616685
2022-01-19T01:56:15,5.26,5.39,4.91,2616685
2022-01-19T02:01:16,5.26,5.39,4.91,2616685
2022-01-19T02:06:17,5.26,5.39,4.91,2616685
2022-01-19T02:11:17,5.26,5.39,4.91,2616685
2022-01-19T02:16:18,5.26,5.39,4.91,2616685
2022-01-19T02:21:19,5.26,5.39,4.91,2616685
2022-01-19T02:26:19,5.26,5.39,4.91,2616685
2022-01-19T02:31:20,5.26,5.39,4.91,2616685
2022-01-19T02:36:21,5.26,5.39,4.91,2616685
2022-01-19T02:41:22,5.26,5.39,4.91,2616685
2022-01-19T02:46:23,5.26,5.39,4.91,2616685
2022-01-19T02:51:24,5.26,5.39,4.91,2616685
2022-01-19T02:56:25,5.26,5.39,4.91,2616685
2022-01-19T03:01:25,5.26,5.39,4.91,2616685
2022-01-19T03:06:26,5.26,5.39,4.91,2616685
2022-01-19T03:11:27,5.26,5.39,4.91,2616685
2022-01-19T03:16:28,5.26,5.39,4.91,2616685
2022-01-19T03:21:28,5.26,5.39,4.91,2616685
2022-01-19T03:26:29,5.26,5.39,4.91,2616685
2022-01-19T03:31:30,5.26,5.39,4.91,2616685
