Date-Time,Price,High,Low,Volume
2022-01-19T00:02:31,73.16,77.84,72.8554,16824830
2022-01-19T00:07:32,73.16,77.84,72.8554,16824830
2022-01-19T00:12:33,73.16,77.84,72.8554,16824830
2022-01-19T00:17:34,73.16,77.84,72.8554,16824830
2022-01-19T00:22:35,73.16,77.84,72.8554,16824830
2022-01-19T00:27:36,73.16,77.84,72.8554,16824830
2022-01-19T00:32:37,73.16,77.84,72.8554,16824830
2022-01-19T00:37:37,73.16,77.84,72.8554,16824830
2022-01-19T00:42:38,73.16,77.84,72.8554,16824830
2022-01-19T00:47:39,73.16,77.84,72.8554,16824830
2022-01-19T00:52:40,73.16,77.84,72.8554,16824830
2022-01-19T00:57:41,73.16,77.84,72.8554,16824830
2022-01-19T01:02:41,73.16,77.84,72.8554,16824830
2022-01-19T01:07:42,73.16,77.84,72.8554,16824830
2022-01-19T01:12:43,73.16,77.84,72.8554,16824830
2022-01-19T01:17:44,73.16,77.84,72.8554,16824830
2022-01-19T01:22:45,73.16,77.84,72.8554,16824830
2022-01-19T01:27:45,73.16,77.84,72.8554,16824830
2022-01-19T01:32:46,73.16,77.84,72.8554,16824830
2022-01-19T01:37:47,73.16,77.84,72.8554,16824830
2022-01-19T01:42:48,73.16,77.84,72.8554,16824830
2022-01-19T01:47:49,73.16,77.84,72.8554,16824830
2022-01-19T01:52:50,73.16,77.84,72.8554,16824830
2022-01-19T01:57:51,73.16,77.84,72.8554,16824830
2022-01-19T02:02:51,73.16,77.84,72.8554,16824830
2022-01-19T02:07:52,73.16,77.84,72.8554,16824830
2022-01-19T02:12:53,73.16,77.84,72.8554,16824830
2022-01-19T02:17:54,73.16,77.84,72.8554,16824830
2022-01-19T02:22:55,73.16,77.84,72.8554,16824830
2022-01-19T02:27:56,73.16,77.84,72.8554,16824830
2022-01-19T02:32:56,73.16,77.84,72.8554,16824830
2022-01-19T02:37:57,73.16,77.84,72.8554,16824830
2022-01-19T02:42:58,73.16,77.84,72.8554,16824830
2022-01-19T02:47:59,73.16,77.84,72.8554,16824830
2022-01-19T02:53:00,73.16,77.84,72.8554,16824830
2022-01-19T02:58:00,73.16,77.84,72.8554,16824830
2022-01-19T03:03:01,73.16,77.84,72.8554,16824830
2022-01-19T03:08:02,73.16,77.84,72.8554,16824830
2022-01-19T03:13:03,73.16,77.84,72.8554,16824830
2022-01-19T03:18:04,73.16,77.84,72.8554,16824830
2022-01-19T03:23:05,73.16,77.84,72.8554,16824830
2022-01-19T03:28:05,73.16,77.84,72.8554,16824830
2022-01-19T03:33:06,73.16,77.84,72.8554,16824830
2022-01-19T03:38:07,73.16,77.84,72.8554,16824830
2022-01-19T03:43:08,73.16,77.84,72.8554,16824830
2022-01-19T03:48:09,73.16,77.84,72.8554,16824830
2022-01-19T03:53:09,73.16,77.84,72.8554,16824830
2022-01-19T03:58:10,73.16,77.84,72.8554,16824830
2022-01-19T04:03:11,73.16,77.84,72.8554,16824830
2022-01-19T04:08:12,73.16,77.84,72.8554,16824830
2022-01-19T04:13:13,73.16,77.84,72.8554,16824830
2022-01-19T04:18:14,73.16,77.84,72.8554,16824830
2022-01-19T04:23:14,73.16,77.84,72.8554,16824830
2022-01-19T04:28:15,73.16,77.84,72.8554,16824830
2022-01-19T04:33:16,73.16,77.84,72.8554,16824830
2022-01-19T04:38:17,73.16,77.84,72.8554,16824830
2022-01-19T04:43:18,73.16,77.84,72.8554,16824830
2022-01-19T04:48:19,73.16,77.84,72.8554,16824830
2022-01-19T04:53:20,73.16,77.84,72.8554,16824830
2022-01-19T04:58:21,73.16,77.84,72.8554,16824830
2022-01-19T05:03:22,73.16,77.84,72.8554,16824830
2022-01-19T05:08:22,73.16,77.84,72.8554,16824830
2022-01-19T05:13:23,73.16,77.84,72.8554,16824830
2022-01-19T05:18:24,73.16,77.84,72.8554,16824830
2022-01-19T05:23:25,73.16,77.84,72.8554,16824830
2022-01-19T05:28:26,73.16,77.84,72.8554,16824830
2022-01-19T05:33:26,73.16,77.84,72.8554,16824830
2022-01-19T05:38:27,73.16,77.84,72.8554,16824830
2022-01-19T05:43:28,73.16,77.84,72.8554,16824830
2022-01-19T05:48:29,73.16,77.84,72.8554,16824830
2022-01-19T05:53:30,73.16,77.84,72.8554,16824830
2022-01-19T05:58:31,73.16,77.84,72.8554,16824830
2022-01-19T06:03:31,73.16,77.84,72.8554,16824830
2022-01-19T06:08:32,73.16,77.84,72.8554,16824830
2022-01-19T06:13:33,73.16,77.84,72.8554,16824830
2022-01-19T06:18:34,73.16,77.84,72.8554,16824830
2022-01-19T06:23:35,73.16,77.84,72.8554,16824830
2022-01-19T06:28:36,73.16,77.84,72.8554,16824830
2022-01-19T06:33:37,73.16,77.84,72.8554,16824830
2022-01-19T06:38:37,73.16,77.84,72.8554,16824830
2022-01-19T06:43:38,73.16,77.84,72.8554,16824830
2022-01-19T06:48:39,75.74,76.10,74.3001,576402
2022-01-19T06:53:40,75.80,76.32,74.3001,933306
2022-01-19T06:58:41,74.77,76.32,74.3001,1215087
2022-01-19T07:03:42,74.0099,76.32,73.62,1521394
2022-01-19T07:08:42,73.30,76.32,73.22,1833109
2022-01-19T07:13:44,73.7112,76.32,73.05,2125430
2022-01-19T07:18:45,73.92,76.32,73.05,2332928
2022-01-19T07:23:45,74.1766,76.32,73.05,2557171
2022-01-19T07:28:46,73.988,76.32,73.05,2786863
2022-01-19T07:33:47,73.7799,76.32,73.05,2966993
2022-01-19T07:38:48,73.2601,76.32,73.00,3156428
2022-01-19T07:43:49,72.74,76.32,72.60,3380613
2022-01-19T07:48:50,72.38,76.32,72.29,3638923
2022-01-19T07:53:51,72.11,76.32,71.7101,3938385
2022-01-19T07:58:52,71.8999,76.32,71.57,4165945
2022-01-19T08:03:52,71.37,76.32,71.26,4489051
2022-01-19T08:08:53,71.79,76.32,71.26,4773137
2022-01-19T08:13:54,71.4498,76.32,71.26,4989449
2022-01-19T08:18:55,71.9709,76.32,71.26,5162647
2022-01-19T08:23:56,71.42,76.32,71.26,5329166
2022-01-19T08:28:57,70.9288,76.32,70.80,5554403
2022-01-19T08:33:57,70.64,76.32,70.56,5747161
