Date-Time,Price,High,Low,Volume
2022-01-09T00:03:28,86.28,89.2699,81.6214,17515944
2022-01-09T00:08:29,86.28,89.2699,81.6214,17515944
2022-01-09T00:13:30,86.28,89.2699,81.6214,17515944
2022-01-09T00:18:31,86.28,89.2699,81.6214,17515944
2022-01-09T00:23:31,86.28,89.2699,81.6214,17515944
2022-01-09T00:28:32,86.28,89.2699,81.6214,17515944
2022-01-09T00:33:33,86.28,89.2699,81.6214,17515944
2022-01-09T00:38:34,86.28,89.2699,81.6214,17515944
2022-01-09T00:43:34,86.28,89.2699,81.6214,17515944
2022-01-09T00:48:35,86.28,89.2699,81.6214,17515944
2022-01-09T00:53:36,86.28,89.2699,81.6214,17515944
2022-01-09T00:58:37,86.28,89.2699,81.6214,17515944
2022-01-09T01:03:37,86.28,89.2699,81.6214,17515944
2022-01-09T01:08:38,86.28,89.2699,81.6214,17515944
2022-01-09T01:13:39,86.28,89.2699,81.6214,17515944
2022-01-09T01:18:40,86.28,89.2699,81.6214,17515944
