Date-Time,Price,High,Low,Volume
2022-01-09T00:04:00,331.79,337.00,328.8801,14722020
2022-01-09T00:09:01,331.79,337.00,328.8801,14722020
2022-01-09T00:14:02,331.79,337.00,328.8801,14722020
2022-01-09T00:19:03,331.79,337.00,328.8801,14722020
2022-01-09T00:24:04,331.79,337.00,328.8801,14722020
2022-01-09T00:29:04,331.79,337.00,328.8801,14722020
2022-01-09T00:34:05,331.79,337.00,328.8801,14722020
2022-01-09T00:39:06,331.79,337.00,328.8801,14722020
2022-01-09T00:44:07,331.79,337.00,328.8801,14722020
2022-01-09T00:49:08,331.79,337.00,328.8801,14722020
2022-01-09T00:54:09,331.79,337.00,328.8801,14722020
2022-01-09T00:59:10,331.79,337.00,328.8801,14722020
2022-01-09T01:04:11,331.79,337.00,328.8801,14722020
2022-01-09T01:09:11,331.79,337.00,328.8801,14722020
2022-01-09T01:14:12,331.79,337.00,328.8801,14722020
2022-01-09T01:19:13,331.79,337.00,328.8801,14722020
2022-01-09T01:24:14,331.79,337.00,328.8801,14722020
2022-01-09T01:29:15,331.79,337.00,328.8801,14722020
2022-01-09T01:34:16,331.79,337.00,328.8801,14722020
2022-01-09T01:39:17,331.79,337.00,328.8801,14722020
2022-01-09T01:44:17,331.79,337.00,328.8801,14722020
2022-01-09T01:49:18,331.79,337.00,328.8801,14722020
2022-01-09T01:54:19,331.79,337.00,328.8801,14722020
2022-01-09T01:59:20,331.79,337.00,328.8801,14722020
2022-01-09T02:04:21,331.79,337.00,328.8801,14722020
2022-01-09T02:09:22,331.79,337.00,328.8801,14722020
2022-01-09T02:14:23,331.79,337.00,328.8801,14722020
2022-01-09T02:19:24,331.79,337.00,328.8801,14722020
2022-01-09T02:24:24,331.79,337.00,328.8801,14722020
2022-01-09T02:29:26,331.79,337.00,328.8801,14722020
2022-01-09T02:34:27,331.79,337.00,328.8801,14722020
2022-01-09T02:39:28,331.79,337.00,328.8801,14722020
2022-01-09T02:44:28,331.79,337.00,328.8801,14722020
2022-01-09T02:49:29,331.79,337.00,328.8801,14722020
2022-01-09T02:54:30,331.79,337.00,328.8801,14722020
2022-01-09T02:59:31,331.79,337.00,328.8801,14722020
2022-01-09T03:04:32,331.79,337.00,328.8801,14722020
2022-01-09T03:09:32,331.79,337.00,328.8801,14722020
2022-01-09T03:14:33,331.79,337.00,328.8801,14722020
2022-01-09T03:19:34,331.79,337.00,328.8801,14722020
2022-01-09T03:24:35,331.79,337.00,328.8801,14722020
2022-01-09T03:29:36,331.79,337.00,328.8801,14722020
2022-01-09T03:34:37,331.79,337.00,328.8801,14722020
2022-01-09T03:39:38,331.79,337.00,328.8801,14722020
2022-01-09T03:44:38,331.79,337.00,328.8801,14722020
2022-01-09T03:49:39,331.79,337.00,328.8801,14722020
2022-01-09T03:54:40,331.79,337.00,328.8801,14722020
2022-01-09T03:59:41,331.79,337.00,328.8801,14722020
2022-01-09T04:04:42,331.79,337.00,328.8801,14722020
2022-01-09T04:09:43,331.79,337.00,328.8801,14722020
2022-01-09T04:14:43,331.79,337.00,328.8801,14722020
2022-01-09T04:19:44,331.79,337.00,328.8801,14722020
2022-01-09T04:24:45,331.79,337.00,328.8801,14722020
2022-01-09T04:29:46,331.79,337.00,328.8801,14722020
2022-01-09T04:34:47,331.79,337.00,328.8801,14722020
2022-01-09T04:39:48,331.79,337.00,328.8801,14722020
2022-01-09T04:44:51,331.79,337.00,328.8801,14722020
2022-01-09T04:49:51,331.79,337.00,328.8801,14722020
2022-01-09T04:54:52,331.79,337.00,328.8801,14722020
2022-01-09T04:59:53,331.79,337.00,328.8801,14722020
2022-01-09T05:04:54,331.79,337.00,328.8801,14722020
2022-01-09T05:09:55,331.79,337.00,328.8801,14722020
2022-01-09T05:14:56,331.79,337.00,328.8801,14722020
2022-01-09T05:19:57,331.79,337.00,328.8801,14722020
2022-01-09T05:24:57,331.79,337.00,328.8801,14722020
2022-01-09T05:29:58,331.79,337.00,328.8801,14722020
2022-01-09T05:34:59,331.79,337.00,328.8801,14722020
2022-01-09T05:40:00,331.79,337.00,328.8801,14722020
2022-01-09T05:45:01,331.79,337.00,328.8801,14722020
2022-01-09T05:50:02,331.79,337.00,328.8801,14722020
2022-01-09T05:55:03,331.79,337.00,328.8801,14722020
2022-01-09T06:00:04,331.79,337.00,328.8801,14722020
2022-01-09T06:05:04,331.79,337.00,328.8801,14722020
2022-01-09T06:10:05,331.79,337.00,328.8801,14722020
2022-01-09T06:15:06,331.79,337.00,328.8801,14722020
2022-01-09T06:20:07,331.79,337.00,328.8801,14722020
2022-01-09T06:25:08,331.79,337.00,328.8801,14722020
2022-01-09T06:30:09,331.79,337.00,328.8801,14722020
2022-01-09T06:35:09,331.79,337.00,328.8801,14722020
2022-01-09T06:40:10,331.79,337.00,328.8801,14722020
2022-01-09T06:45:11,331.79,337.00,328.8801,14722020
2022-01-09T06:50:12,331.79,337.00,328.8801,14722020
2022-01-09T06:55:12,331.79,337.00,328.8801,14722020
2022-01-09T07:00:13,331.79,337.00,328.8801,14722020
2022-01-09T07:05:14,331.79,337.00,328.8801,14722020
2022-01-09T07:10:15,331.79,337.00,328.8801,14722020
2022-01-09T07:15:16,331.79,337.00,328.8801,14722020
2022-01-09T07:20:17,331.79,337.00,328.8801,14722020
