Date-Time,Price,High,Low,Volume
2022-01-09T00:03:27,29.30,30.42,28.78,40781546
2022-01-09T00:08:28,29.30,30.42,28.78,40781546
2022-01-09T00:13:29,29.30,30.42,28.78,40781546
2022-01-09T00:18:30,29.30,30.42,28.78,40781546
2022-01-09T00:23:31,29.30,30.42,28.78,40781546
2022-01-09T00:28:31,29.30,30.42,28.78,40781546
2022-01-09T00:33:32,29.30,30.42,28.78,40781546
2022-01-09T00:38:33,29.30,30.42,28.78,40781546
2022-01-09T00:43:34,29.30,30.42,28.78,40781546
2022-01-09T00:48:34,29.30,30.42,28.78,40781546
2022-01-09T00:53:35,29.30,30.42,28.78,40781546
2022-01-09T00:58:36,29.30,30.42,28.78,40781546
2022-01-09T01:03:37,29.30,30.42,28.78,40781546
2022-01-09T01:08:38,29.30,30.42,28.78,40781546
2022-01-09T01:13:38,29.30,30.42,28.78,40781546
2022-01-09T01:18:39,29.30,30.42,28.78,40781546
2022-01-09T01:23:40,29.30,30.42,28.78,40781546
2022-01-09T01:28:41,29.30,30.42,28.78,40781546
2022-01-09T01:33:42,29.30,30.42,28.78,40781546
2022-01-09T01:38:43,29.30,30.42,28.78,40781546
2022-01-09T01:43:43,29.30,30.42,28.78,40781546
2022-01-09T01:48:44,29.30,30.42,28.78,40781546
2022-01-09T01:53:45,29.30,30.42,28.78,40781546
2022-01-09T01:58:46,29.30,30.42,28.78,40781546
2022-01-09T02:03:47,29.30,30.42,28.78,40781546
2022-01-09T02:08:48,29.30,30.42,28.78,40781546
2022-01-09T02:13:49,29.30,30.42,28.78,40781546
2022-01-09T02:18:49,29.30,30.42,28.78,40781546
2022-01-09T02:23:50,29.30,30.42,28.78,40781546
2022-01-09T02:28:51,29.30,30.42,28.78,40781546
2022-01-09T02:33:52,29.30,30.42,28.78,40781546
2022-01-09T02:38:53,29.30,30.42,28.78,40781546
2022-01-09T02:43:54,29.30,30.42,28.78,40781546
2022-01-09T02:48:55,29.30,30.42,28.78,40781546
2022-01-09T02:53:56,29.30,30.42,28.78,40781546
2022-01-09T02:58:56,29.30,30.42,28.78,40781546
2022-01-09T03:03:57,29.30,30.42,28.78,40781546
2022-01-09T03:08:58,29.30,30.42,28.78,40781546
2022-01-09T03:13:59,29.30,30.42,28.78,40781546
2022-01-09T03:19:00,29.30,30.42,28.78,40781546
