Date-Time,Price,High,Low,Volume
2022-01-09T00:02:45,5.21,5.635,5.18,583151
2022-01-09T00:07:46,5.21,5.635,5.18,583151
2022-01-09T00:12:46,5.21,5.635,5.18,583151
2022-01-09T00:17:47,5.21,5.635,5.18,583151
2022-01-09T00:22:48,5.21,5.635,5.18,583151
2022-01-09T00:27:49,5.21,5.635,5.18,583151
2022-01-09T00:32:50,5.21,5.635,5.18,583151
2022-01-09T00:37:50,5.21,5.635,5.18,583151
2022-01-09T00:42:51,5.21,5.635,5.18,583151
2022-01-09T00:47:52,5.21,5.635,5.18,583151
2022-01-09T00:52:53,5.21,5.635,5.18,583151
2022-01-09T00:57:54,5.21,5.635,5.18,583151
2022-01-09T01:02:55,5.21,5.635,5.18,583151
2022-01-09T01:07:55,5.21,5.635,5.18,583151
2022-01-09T01:12:56,5.21,5.635,5.18,583151
2022-01-09T01:17:57,5.21,5.635,5.18,583151
