Date-Time,Price,High,Low,Volume
2022-05-12T00:02:24,188.74,200.6742,188.27,31153383
2022-05-12T00:07:25,188.74,200.6742,188.27,31153383
2022-05-12T00:12:26,188.74,200.6742,188.27,31153383
2022-05-12T00:17:26,188.74,200.6742,188.27,31153383
2022-05-12T00:22:27,188.74,200.6742,188.27,31153383
2022-05-12T00:27:28,188.74,200.6742,188.27,31153383
2022-05-12T00:32:29,188.74,200.6742,188.27,31153383
2022-05-12T00:37:30,188.74,200.6742,188.27,31153383
2022-05-12T00:42:31,188.74,200.6742,188.27,31153383
