Date-Time,Price,High,Low,Volume
2022-05-12T00:02:24,12.71,14.355,12.64,86081345
2022-05-12T00:07:25,12.71,14.355,12.64,86081345
2022-05-12T00:12:26,12.71,14.355,12.64,86081345
2022-05-12T00:17:27,12.71,14.355,12.64,86081345
2022-05-12T00:22:28,12.71,14.355,12.64,86081345
2022-05-12T00:27:29,12.71,14.355,12.64,86081345
2022-05-12T00:32:29,12.71,14.355,12.64,86081345
2022-05-12T00:37:30,12.71,14.355,12.64,86081345
2022-05-12T00:42:31,12.71,14.355,12.64,86081345
2022-05-12T00:47:32,12.71,14.355,12.64,86081345
2022-05-12T00:52:33,12.71,14.355,12.64,86081345
2022-05-12T00:57:33,12.71,14.355,12.64,86081345
2022-05-12T01:02:34,12.71,14.355,12.64,86081345
2022-05-12T01:07:35,12.71,14.355,12.64,86081345
2022-05-12T01:12:36,12.71,14.355,12.64,86081345
2022-05-12T01:17:37,12.71,14.355,12.64,86081345
2022-05-12T01:22:37,12.71,14.355,12.64,86081345
2022-05-12T01:27:38,12.71,14.355,12.64,86081345
2022-05-12T01:32:39,12.71,14.355,12.64,86081345
2022-05-12T01:37:40,12.71,14.355,12.64,86081345
2022-05-12T01:42:41,12.71,14.355,12.64,86081345
2022-05-12T01:47:41,12.71,14.355,12.64,86081345
2022-05-12T01:52:42,12.71,14.355,12.64,86081345
2022-05-12T01:57:43,12.71,14.355,12.64,86081345
2022-05-12T02:02:44,12.71,14.355,12.64,86081345
2022-05-12T02:07:45,12.71,14.355,12.64,86081345
2022-05-12T02:12:46,12.71,14.355,12.64,86081345
2022-05-12T02:17:47,12.71,14.355,12.64,86081345
2022-05-12T02:22:47,12.71,14.355,12.64,86081345
2022-05-12T02:27:48,12.71,14.355,12.64,86081345
2022-05-12T02:32:49,12.71,14.355,12.64,86081345
2022-05-12T02:37:50,12.71,14.355,12.64,86081345
2022-05-12T02:42:51,12.71,14.355,12.64,86081345
2022-05-12T02:47:52,12.71,14.355,12.64,86081345
2022-05-12T02:52:52,12.71,14.355,12.64,86081345
2022-05-12T02:57:53,12.71,14.355,12.64,86081345
2022-05-12T03:02:54,12.71,14.355,12.64,86081345
2022-05-12T03:07:55,12.71,14.355,12.64,86081345
2022-05-12T03:12:56,12.71,14.355,12.64,86081345
2022-05-12T03:17:57,12.71,14.355,12.64,86081345
2022-05-12T03:22:57,12.71,14.355,12.64,86081345
2022-05-12T03:27:58,12.71,14.355,12.64,86081345
2022-05-12T03:32:59,12.71,14.355,12.64,86081345
2022-05-12T03:38:00,12.71,14.355,12.64,86081345
2022-05-12T03:43:01,12.71,14.355,12.64,86081345
2022-05-12T03:48:02,12.71,14.355,12.64,86081345
2022-05-12T03:53:03,12.71,14.355,12.64,86081345
2022-05-12T03:58:03,12.71,14.355,12.64,86081345
2022-05-12T04:03:04,12.71,14.355,12.64,86081345
2022-05-12T04:08:05,12.71,14.355,12.64,86081345
2022-05-12T04:13:06,12.71,14.355,12.64,86081345
2022-05-12T04:18:07,12.71,14.355,12.64,86081345
2022-05-12T04:23:08,12.71,14.355,12.64,86081345
2022-05-12T04:28:09,12.71,14.355,12.64,86081345
2022-05-12T04:33:10,12.71,14.355,12.64,86081345
2022-05-12T04:38:10,12.71,14.355,12.64,86081345
2022-05-12T04:43:12,12.71,14.355,12.64,86081345
2022-05-12T04:48:12,12.71,14.355,12.64,86081345
2022-05-12T04:53:13,12.71,14.355,12.64,86081345
2022-05-12T04:58:14,12.71,14.355,12.64,86081345
2022-05-12T05:03:15,12.71,14.355,12.64,86081345
2022-05-12T05:08:16,12.71,14.355,12.64,86081345
2022-05-12T05:13:16,12.71,14.355,12.64,86081345
2022-05-12T05:18:17,12.71,14.355,12.64,86081345
2022-05-12T05:23:18,12.71,14.355,12.64,86081345
2022-05-12T05:28:19,12.71,14.355,12.64,86081345
2022-05-12T05:33:20,12.71,14.355,12.64,86081345
2022-05-12T05:38:21,12.71,14.355,12.64,86081345
2022-05-12T05:43:21,12.71,14.355,12.64,86081345
2022-05-12T05:48:22,12.71,14.355,12.64,86081345
2022-05-12T05:53:23,12.71,14.355,12.64,86081345
2022-05-12T05:58:24,12.71,14.355,12.64,86081345
2022-05-12T06:03:25,12.71,14.355,12.64,86081345
2022-05-12T06:08:26,12.71,14.355,12.64,86081345
2022-05-12T06:13:26,12.71,14.355,12.64,86081345
2022-05-12T06:18:27,12.71,14.355,12.64,86081345
2022-05-12T06:23:28,12.71,14.355,12.64,86081345
2022-05-12T06:28:29,12.71,14.355,12.64,86081345
2022-05-12T06:33:30,12.71,14.355,12.64,86081345
2022-05-12T06:38:31,12.71,14.355,12.64,86081345
2022-05-12T06:43:32,12.71,14.355,12.64,86081345
2022-05-12T06:48:32,12.145,12.575,12.14,4247543
2022-05-12T06:53:33,11.90,12.575,11.74,8445810
2022-05-12T06:58:34,12.0264,12.575,11.67,12698294
2022-05-12T07:03:35,12.3788,12.575,11.67,15138814
2022-05-12T07:08:36,12.405,12.575,11.67,17008796
2022-05-12T07:13:37,12.265,12.575,11.67,18813814
2022-05-12T07:18:38,12.375,12.575,11.67,20409494
2022-05-12T07:23:41,12.67,12.70,11.67,22548224
2022-05-12T07:28:42,12.875,12.9799,11.67,24994375
2022-05-12T07:33:43,12.755,12.9799,11.67,27173851
2022-05-12T07:38:43,13.185,13.22,11.67,29531501
2022-05-12T07:43:44,13.08,13.325,11.67,31983449
2022-05-12T07:48:45,13.12,13.325,11.67,33941093
2022-05-12T07:53:46,13.16,13.325,11.67,35143403
2022-05-12T07:58:46,13.1763,13.325,11.67,36544727
2022-05-12T08:03:47,13.235,13.325,11.67,37614354
2022-05-12T08:08:48,13.40,13.41,11.67,38904625
2022-05-12T08:13:49,13.451,13.51,11.67,40069582
2022-05-12T08:18:49,13.435,13.52,11.67,41103165
2022-05-12T08:23:50,13.64,13.65,11.67,42176183
2022-05-12T08:28:51,13.655,13.7499,11.67,43864314
2022-05-12T08:33:52,13.6402,13.7499,11.67,45130109
2022-05-12T08:38:52,13.5312,13.7499,11.67,46142557
2022-05-12T08:43:53,13.57,13.7499,11.67,46955599
2022-05-12T08:48:54,13.365,13.7499,11.67,48255112
2022-05-12T08:53:55,13.36,13.7499,11.67,49901438
2022-05-12T08:58:55,13.39,13.7499,11.67,50664546
2022-05-12T09:03:56,13.2085,13.7499,11.67,51463583
2022-05-12T09:08:57,13.0485,13.7499,11.67,52818933
2022-05-12T09:13:58,13.04,13.7499,11.67,53703539
2022-05-12T09:18:59,12.9712,13.7499,11.67,54640891
2022-05-12T09:23:59,12.96,13.7499,11.67,55329269
2022-05-12T09:29:00,12.92,13.7499,11.67,55948966
2022-05-12T09:34:01,12.92,13.7499,11.67,56481045
2022-05-12T09:39:02,13.0054,13.7499,11.67,57126951
