Date-Time,Price,High,Low,Volume
2022-05-12T00:03:03,20.60,23.50,19.25,53073462
2022-05-12T00:08:04,20.60,23.50,19.25,53073462
2022-05-12T00:13:05,20.60,23.50,19.25,53073462
2022-05-12T00:18:06,20.60,23.50,19.25,53073462
2022-05-12T00:23:07,20.60,23.50,19.25,53073462
2022-05-12T00:28:08,20.60,23.50,19.25,53073462
2022-05-12T00:33:08,20.60,23.50,19.25,53073462
2022-05-12T00:38:09,20.60,23.50,19.25,53073462
2022-05-12T00:43:10,20.60,23.50,19.25,53073462
2022-05-12T00:48:11,20.60,23.50,19.25,53073462
2022-05-12T00:53:12,20.60,23.50,19.25,53073462
2022-05-12T00:58:12,20.60,23.50,19.25,53073462
2022-05-12T01:03:13,20.60,23.50,19.25,53073462
2022-05-12T01:08:14,20.60,23.50,19.25,53073462
2022-05-12T01:13:15,20.60,23.50,19.25,53073462
2022-05-12T01:18:16,20.60,23.50,19.25,53073462
2022-05-12T01:23:17,20.60,23.50,19.25,53073462
2022-05-12T01:28:18,20.60,23.50,19.25,53073462
2022-05-12T01:33:18,20.60,23.50,19.25,53073462
2022-05-12T01:38:19,20.60,23.50,19.25,53073462
