Date-Time,Price,High,Low,Volume
2021-11-28T00:00:03,112.13,114.4999,106.14,9871163
2021-11-28T00:05:04,112.13,114.4999,106.14,9871163
2021-11-28T00:10:05,112.13,114.4999,106.14,9871163
2021-11-28T00:15:06,112.13,114.4999,106.14,9871163
2021-11-28T00:20:07,112.13,114.4999,106.14,9871163
2021-11-28T00:25:08,112.13,114.4999,106.14,9871163
2021-11-28T00:30:09,112.13,114.4999,106.14,9871163
2021-11-28T00:35:09,112.13,114.4999,106.14,9871163
2021-11-28T00:40:10,112.13,114.4999,106.14,9871163
2021-11-28T00:45:11,112.13,114.4999,106.14,9871163
2021-11-28T00:50:12,112.13,114.4999,106.14,9871163
2021-11-28T00:55:13,112.13,114.4999,106.14,9871163
2021-11-28T01:00:14,112.13,114.4999,106.14,9871163
2021-11-28T01:05:15,112.13,114.4999,106.14,9871163
2021-11-28T01:10:15,112.13,114.4999,106.14,9871163
2021-11-28T01:15:16,112.13,114.4999,106.14,9871163
2021-11-28T01:20:17,112.13,114.4999,106.14,9871163
2021-11-28T01:25:18,112.13,114.4999,106.14,9871163
2021-11-28T01:30:19,112.13,114.4999,106.14,9871163
2021-11-28T01:35:20,112.13,114.4999,106.14,9871163
2021-11-28T01:40:20,112.13,114.4999,106.14,9871163
2021-11-28T01:45:21,112.13,114.4999,106.14,9871163
2021-11-28T01:50:22,112.13,114.4999,106.14,9871163
2021-11-28T01:55:23,112.13,114.4999,106.14,9871163
2021-11-28T02:00:24,112.13,114.4999,106.14,9871163
2021-11-28T02:05:25,112.13,114.4999,106.14,9871163
2021-11-28T02:10:25,112.13,114.4999,106.14,9871163
2021-11-28T02:15:26,112.13,114.4999,106.14,9871163
2021-11-28T02:20:27,112.13,114.4999,106.14,9871163
2021-11-28T02:25:28,112.13,114.4999,106.14,9871163
2021-11-28T02:30:28,112.13,114.4999,106.14,9871163
2021-11-28T02:35:29,112.13,114.4999,106.14,9871163
2021-11-28T02:40:30,112.13,114.4999,106.14,9871163
2021-11-28T02:45:31,112.13,114.4999,106.14,9871163
2021-11-28T02:50:32,112.13,114.4999,106.14,9871163
