Date-Time,Price,High,Low,Volume
2021-11-28T00:00:40,39.99,40.3431,39.10,30468526
2021-11-28T00:05:41,39.99,40.3431,39.10,30468526
2021-11-28T00:10:42,39.99,40.3431,39.10,30468526
2021-11-28T00:15:43,39.99,40.3431,39.10,30468526
2021-11-28T00:20:44,39.99,40.3431,39.10,30468526
2021-11-28T00:25:45,39.99,40.3431,39.10,30468526
2021-11-28T00:30:46,39.99,40.3431,39.10,30468526
2021-11-28T00:35:47,39.99,40.3431,39.10,30468526
2021-11-28T00:40:48,39.99,40.3431,39.10,30468526
2021-11-28T00:45:48,39.99,40.3431,39.10,30468526
2021-11-28T00:50:49,39.99,40.3431,39.10,30468526
