Date-Time,Price,High,Low,Volume
2021-11-28T00:04:30,333.12,337.75,331.902,14750737
2021-11-28T00:09:31,333.12,337.75,331.902,14750737
2021-11-28T00:14:32,333.12,337.75,331.902,14750737
2021-11-28T00:19:33,333.12,337.75,331.902,14750737
2021-11-28T00:24:33,333.12,337.75,331.902,14750737
2021-11-28T00:29:34,333.12,337.75,331.902,14750737
2021-11-28T00:34:35,333.12,337.75,331.902,14750737
2021-11-28T00:39:36,333.12,337.75,331.902,14750737
2021-11-28T00:44:37,333.12,337.75,331.902,14750737
2021-11-28T00:49:38,333.12,337.75,331.902,14750737
2021-11-28T00:54:38,333.12,337.75,331.902,14750737
