Date-Time,Price,High,Low,Volume
2022-02-08T00:03:36,907.34,947.77,902.7089,20331488
2022-02-08T00:08:37,907.34,947.77,902.7089,20331488
2022-02-08T00:13:38,907.34,947.77,902.7089,20331488
2022-02-08T00:18:39,907.34,947.77,902.7089,20331488
2022-02-08T00:23:40,907.34,947.77,902.7089,20331488
2022-02-08T00:28:41,907.34,947.77,902.7089,20331488
2022-02-08T00:33:41,907.34,947.77,902.7089,20331488
2022-02-08T00:38:42,907.34,947.77,902.7089,20331488
2022-02-08T00:43:43,907.34,947.77,902.7089,20331488
2022-02-08T00:48:44,907.34,947.77,902.7089,20331488
2022-02-08T00:53:45,907.34,947.77,902.7089,20331488
2022-02-08T00:58:45,907.34,947.77,902.7089,20331488
