Date-Time,Price,High,Low,Volume
2022-02-08T00:01:50,7.05,7.20,6.7996,781139
2022-02-08T00:06:51,7.05,7.20,6.7996,781139
2022-02-08T00:11:52,7.05,7.20,6.7996,781139
2022-02-08T00:16:53,7.05,7.20,6.7996,781139
2022-02-08T00:21:53,7.05,7.20,6.7996,781139
2022-02-08T00:26:54,7.05,7.20,6.7996,781139
2022-02-08T00:31:55,7.05,7.20,6.7996,781139
2022-02-08T00:36:56,7.05,7.20,6.7996,781139
2022-02-08T00:41:57,7.05,7.20,6.7996,781139
2022-02-08T00:46:58,7.05,7.20,6.7996,781139
2022-02-08T00:51:59,7.05,7.20,6.7996,781139
2022-02-08T00:57:00,7.05,7.20,6.7996,781139
