Date-Time,Price,High,Low,Volume
2022-02-08T00:02:25,224.91,238.30,224.01,88613826
2022-02-08T00:07:26,224.91,238.30,224.01,88613826
2022-02-08T00:12:27,224.91,238.30,224.01,88613826
2022-02-08T00:17:28,224.91,238.30,224.01,88613826
2022-02-08T00:22:29,224.91,238.30,224.01,88613826
2022-02-08T00:27:30,224.91,238.30,224.01,88613826
2022-02-08T00:32:31,224.91,238.30,224.01,88613826
2022-02-08T00:37:31,224.91,238.30,224.01,88613826
2022-02-08T00:42:32,224.91,238.30,224.01,88613826
2022-02-08T00:47:33,224.91,238.30,224.01,88613826
2022-02-08T00:52:34,224.91,238.30,224.01,88613826
2022-02-08T00:57:35,224.91,238.30,224.01,88613826
2022-02-08T01:02:36,224.91,238.30,224.01,88613826
2022-02-08T01:07:37,224.91,238.30,224.01,88613826
2022-02-08T01:12:38,224.91,238.30,224.01,88613826
2022-02-08T01:17:38,224.91,238.30,224.01,88613826
2022-02-08T01:22:39,224.91,238.30,224.01,88613826
2022-02-08T01:27:40,224.91,238.30,224.01,88613826
2022-02-08T01:32:41,224.91,238.30,224.01,88613826
2022-02-08T01:37:42,224.91,238.30,224.01,88613826
2022-02-08T01:42:43,224.91,238.30,224.01,88613826
2022-02-08T01:47:44,224.91,238.30,224.01,88613826
2022-02-08T01:52:45,224.91,238.30,224.01,88613826
2022-02-08T01:57:46,224.91,238.30,224.01,88613826
