Date-Time,Price,High,Low,Volume
2022-02-08T00:03:36,58.36,63.83,57.52,14781985
2022-02-08T00:08:37,58.36,63.83,57.52,14781985
2022-02-08T00:13:38,58.36,63.83,57.52,14781985
2022-02-08T00:18:39,58.36,63.83,57.52,14781985
2022-02-08T00:23:40,58.36,63.83,57.52,14781985
2022-02-08T00:28:41,58.36,63.83,57.52,14781985
2022-02-08T00:33:41,58.36,63.83,57.52,14781985
2022-02-08T00:38:42,58.36,63.83,57.52,14781985
2022-02-08T00:43:43,58.36,63.83,57.52,14781985
2022-02-08T00:48:44,58.36,63.83,57.52,14781985
2022-02-08T00:53:45,58.36,63.83,57.52,14781985
2022-02-08T00:58:46,58.36,63.83,57.52,14781985
2022-02-08T01:03:47,58.36,63.83,57.52,14781985
2022-02-08T01:08:48,58.36,63.83,57.52,14781985
2022-02-08T01:13:49,58.36,63.83,57.52,14781985
2022-02-08T01:18:49,58.36,63.83,57.52,14781985
2022-02-08T01:23:50,58.36,63.83,57.52,14781985
2022-02-08T01:28:51,58.36,63.83,57.52,14781985
2022-02-08T01:33:52,58.36,63.83,57.52,14781985
2022-02-08T01:38:53,58.36,63.83,57.52,14781985
2022-02-08T01:43:53,58.36,63.83,57.52,14781985
2022-02-08T01:48:54,58.36,63.83,57.52,14781985
2022-02-08T01:53:55,58.36,63.83,57.52,14781985
2022-02-08T01:58:56,58.36,63.83,57.52,14781985
