Date-Time,Price,High,Low,Volume
2021-11-24T00:03:04,1109.03,1180.4999,1062.70,36171700
2021-11-24T00:08:05,1109.03,1180.4999,1062.70,36171700
2021-11-24T00:13:06,1109.03,1180.4999,1062.70,36171700
2021-11-24T00:18:07,1109.03,1180.4999,1062.70,36171700
2021-11-24T00:23:08,1109.03,1180.4999,1062.70,36171700
2021-11-24T00:28:09,1109.03,1180.4999,1062.70,36171700
2021-11-24T00:33:10,1109.03,1180.4999,1062.70,36171700
2021-11-24T00:38:10,1109.03,1180.4999,1062.70,36171700
2021-11-24T00:43:11,1109.03,1180.4999,1062.70,36171700
2021-11-24T00:48:12,1109.03,1180.4999,1062.70,36171700
2021-11-24T00:53:13,1109.03,1180.4999,1062.70,36171700
2021-11-24T00:58:14,1109.03,1180.4999,1062.70,36171700
2021-11-24T01:03:15,1109.03,1180.4999,1062.70,36171700
2021-11-24T01:08:16,1109.03,1180.4999,1062.70,36171700
2021-11-24T01:13:17,1109.03,1180.4999,1062.70,36171700
2021-11-24T01:18:17,1109.03,1180.4999,1062.70,36171700
2021-11-24T01:23:18,1109.03,1180.4999,1062.70,36171700
2021-11-24T01:28:19,1109.03,1180.4999,1062.70,36171700
2021-11-24T01:33:20,1109.03,1180.4999,1062.70,36171700
2021-11-24T01:38:20,1109.03,1180.4999,1062.70,36171700
2021-11-24T01:43:21,1109.03,1180.4999,1062.70,36171700
