Date-Time,Price,High,Low,Volume
2021-11-24T00:03:13,337.25,341.3999,333.50,17224986
2021-11-24T00:08:14,337.25,341.3999,333.50,17224986
2021-11-24T00:13:15,337.25,341.3999,333.50,17224986
2021-11-24T00:18:16,337.25,341.3999,333.50,17224986
2021-11-24T00:23:16,337.25,341.3999,333.50,17224986
2021-11-24T00:28:17,337.25,341.3999,333.50,17224986
2021-11-24T00:33:18,337.25,341.3999,333.50,17224986
2021-11-24T00:38:19,337.25,341.3999,333.50,17224986
2021-11-24T00:43:20,337.25,341.3999,333.50,17224986
2021-11-24T00:48:20,337.25,341.3999,333.50,17224986
2021-11-24T00:53:21,337.25,341.3999,333.50,17224986
2021-11-24T00:58:22,337.25,341.3999,333.50,17224986
2021-11-24T01:03:23,337.25,341.3999,333.50,17224986
2021-11-24T01:08:24,337.25,341.3999,333.50,17224986
2021-11-24T01:13:25,337.25,341.3999,333.50,17224986
2021-11-24T01:18:25,337.25,341.3999,333.50,17224986
2021-11-24T01:23:26,337.25,341.3999,333.50,17224986
2021-11-24T01:28:27,337.25,341.3999,333.50,17224986
2021-11-24T01:33:28,337.25,341.3999,333.50,17224986
2021-11-24T01:38:28,337.25,341.3999,333.50,17224986
2021-11-24T01:43:29,337.25,341.3999,333.50,17224986
2021-11-24T01:48:30,337.25,341.3999,333.50,17224986
2021-11-24T01:53:31,337.25,341.3999,333.50,17224986
2021-11-24T01:58:32,337.25,341.3999,333.50,17224986
2021-11-24T02:03:33,337.25,341.3999,333.50,17224986
2021-11-24T02:08:34,337.25,341.3999,333.50,17224986
2021-11-24T02:13:34,337.25,341.3999,333.50,17224986
2021-11-24T02:18:35,337.25,341.3999,333.50,17224986
2021-11-24T02:23:36,337.25,341.3999,333.50,17224986
2021-11-24T02:28:37,337.25,341.3999,333.50,17224986
2021-11-24T02:33:38,337.25,341.3999,333.50,17224986
2021-11-24T02:38:39,337.25,341.3999,333.50,17224986
2021-11-24T02:43:39,337.25,341.3999,333.50,17224986
2021-11-24T02:48:40,337.25,341.3999,333.50,17224986
2021-11-24T02:53:41,337.25,341.3999,333.50,17224986
2021-11-24T02:58:42,337.25,341.3999,333.50,17224986
2021-11-24T03:03:43,337.25,341.3999,333.50,17224986
2021-11-24T03:08:44,337.25,341.3999,333.50,17224986
2021-11-24T03:13:44,337.25,341.3999,333.50,17224986
2021-11-24T03:18:45,337.25,341.3999,333.50,17224986
2021-11-24T03:23:46,337.25,341.3999,333.50,17224986
2021-11-24T03:28:47,337.25,341.3999,333.50,17224986
2021-11-24T03:33:48,337.25,341.3999,333.50,17224986
2021-11-24T03:38:48,337.25,341.3999,333.50,17224986
2021-11-24T03:43:49,337.25,341.3999,333.50,17224986
2021-11-24T03:48:50,337.25,341.3999,333.50,17224986
2021-11-24T03:53:51,337.25,341.3999,333.50,17224986
2021-11-24T03:58:51,337.25,341.3999,333.50,17224986
2021-11-24T04:03:52,337.25,341.3999,333.50,17224986
2021-11-24T04:08:53,337.25,341.3999,333.50,17224986
2021-11-24T04:13:54,337.25,341.3999,333.50,17224986
2021-11-24T04:18:55,337.25,341.3999,333.50,17224986
2021-11-24T04:23:55,337.25,341.3999,333.50,17224986
2021-11-24T04:28:56,337.25,341.3999,333.50,17224986
2021-11-24T04:33:57,337.25,341.3999,333.50,17224986
2021-11-24T04:38:58,337.25,341.3999,333.50,17224986
2021-11-24T04:43:58,337.25,341.3999,333.50,17224986
2021-11-24T04:48:59,337.25,341.3999,333.50,17224986
2021-11-24T04:54:00,337.25,341.3999,333.50,17224986
2021-11-24T04:59:01,337.25,341.3999,333.50,17224986
2021-11-24T05:04:02,337.25,341.3999,333.50,17224986
2021-11-24T05:09:03,337.25,341.3999,333.50,17224986
2021-11-24T05:14:03,337.25,341.3999,333.50,17224986
2021-11-24T05:19:04,337.25,341.3999,333.50,17224986
2021-11-24T05:24:05,337.25,341.3999,333.50,17224986
2021-11-24T05:29:06,337.25,341.3999,333.50,17224986
2021-11-24T05:34:07,337.25,341.3999,333.50,17224986
2021-11-24T05:39:08,337.25,341.3999,333.50,17224986
2021-11-24T05:44:09,337.25,341.3999,333.50,17224986
2021-11-24T05:49:11,337.25,341.3999,333.50,17224986
2021-11-24T05:54:12,337.25,341.3999,333.50,17224986
2021-11-24T05:59:13,337.25,341.3999,333.50,17224986
2021-11-24T06:04:13,337.25,341.3999,333.50,17224986
2021-11-24T06:09:14,337.25,341.3999,333.50,17224986
2021-11-24T06:14:15,337.25,341.3999,333.50,17224986
2021-11-24T06:19:16,337.25,341.3999,333.50,17224986
2021-11-24T06:24:17,337.25,341.3999,333.50,17224986
2021-11-24T06:29:17,337.25,341.3999,333.50,17224986
2021-11-24T06:34:18,337.25,341.3999,333.50,17224986
2021-11-24T06:39:19,337.25,341.3999,333.50,17224986
2021-11-24T06:44:20,337.25,341.3999,333.50,17224986
2021-11-24T06:49:20,333.24,336.49,332.81,744696
2021-11-24T06:54:22,334.21,336.49,332.81,1009425
2021-11-24T06:59:22,334.68,336.49,332.81,1223853
2021-11-24T07:04:23,334.435,336.49,332.81,1426396
2021-11-24T07:09:24,335.12,336.49,332.81,1655559
2021-11-24T07:14:25,335.37,336.49,332.81,1826192
2021-11-24T07:19:25,336.06,336.49,332.81,2119717
2021-11-24T07:24:26,335.72,336.4999,332.81,2311726
2021-11-24T07:29:27,335.37,336.4999,332.81,2461111
2021-11-24T07:34:28,336.46,336.565,332.81,2617725
2021-11-24T07:39:28,338.03,338.08,332.81,2897289
2021-11-24T07:44:29,338.6428,339.38,332.81,3280871
2021-11-24T07:49:30,339.22,339.43,332.81,3614895
2021-11-24T07:54:31,339.2648,339.76,332.81,3942993
2021-11-24T07:59:31,338.28,339.76,332.81,4127571
2021-11-24T08:04:32,338.58,339.76,332.81,4303728
2021-11-24T08:09:33,338.80,339.76,332.81,4445373
2021-11-24T08:14:34,338.3399,339.76,332.81,4547010
2021-11-24T08:19:35,337.645,339.76,332.81,4701495
2021-11-24T08:24:35,338.545,339.76,332.81,4832479
2021-11-24T08:29:36,339.225,339.76,332.81,4954943
2021-11-24T08:34:37,340.0601,340.16,332.81,5159660
2021-11-24T08:39:38,340.542,340.5979,332.81,5282644
2021-11-24T08:44:39,340.28,340.5979,332.81,5424882
2021-11-24T08:49:39,340.00,340.5979,332.81,5541599
2021-11-24T08:54:40,339.93,340.5979,332.81,5715835
2021-11-24T08:59:41,340.19,340.5979,332.81,5807962
2021-11-24T09:04:42,340.5401,340.5979,332.81,5880255
2021-11-24T09:09:43,340.20,340.76,332.81,6001221
2021-11-24T09:14:43,339.749,340.76,332.81,6112778
2021-11-24T09:19:44,339.7923,340.76,332.81,6189255
2021-11-24T09:24:45,339.73,340.76,332.81,6288062
2021-11-24T09:29:46,340.86,340.96,332.81,6477798
2021-11-24T09:34:47,340.5199,340.96,332.81,6635993
2021-11-24T09:39:48,339.40,340.96,332.81,6781630
2021-11-24T09:44:48,339.5384,340.96,332.81,7074874
