Date-Time,Price,High,Low,Volume
2021-11-24T00:03:05,8.34,8.85,8.00,1214164
2021-11-24T00:08:06,8.34,8.85,8.00,1214164
2021-11-24T00:13:06,8.34,8.85,8.00,1214164
2021-11-24T00:18:07,8.34,8.85,8.00,1214164
2021-11-24T00:23:08,8.34,8.85,8.00,1214164
2021-11-24T00:28:09,8.34,8.85,8.00,1214164
2021-11-24T00:33:10,8.34,8.85,8.00,1214164
2021-11-24T00:38:10,8.34,8.85,8.00,1214164
2021-11-24T00:43:11,8.34,8.85,8.00,1214164
2021-11-24T00:48:12,8.34,8.85,8.00,1214164
2021-11-24T00:53:13,8.34,8.85,8.00,1214164
2021-11-24T00:58:14,8.34,8.85,8.00,1214164
2021-11-24T01:03:15,8.34,8.85,8.00,1214164
2021-11-24T01:08:15,8.34,8.85,8.00,1214164
2021-11-24T01:13:16,8.34,8.85,8.00,1214164
2021-11-24T01:18:17,8.34,8.85,8.00,1214164
2021-11-24T01:23:18,8.34,8.85,8.00,1214164
2021-11-24T01:28:18,8.34,8.85,8.00,1214164
2021-11-24T01:33:19,8.34,8.85,8.00,1214164
2021-11-24T01:38:20,8.34,8.85,8.00,1214164
2021-11-24T01:43:21,8.34,8.85,8.00,1214164
