Date-Time,Price,High,Low,Volume
2021-11-24T00:03:31,42.04,43.12,40.47,55094260
2021-11-24T00:08:32,42.04,43.12,40.47,55094260
2021-11-24T00:13:33,42.04,43.12,40.47,55094260
2021-11-24T00:18:34,42.04,43.12,40.47,55094260
2021-11-24T00:23:34,42.04,43.12,40.47,55094260
2021-11-24T00:28:35,42.04,43.12,40.47,55094260
2021-11-24T00:33:36,42.04,43.12,40.47,55094260
2021-11-24T00:38:37,42.04,43.12,40.47,55094260
2021-11-24T00:43:38,42.04,43.12,40.47,55094260
2021-11-24T00:48:39,42.04,43.12,40.47,55094260
2021-11-24T00:53:40,42.04,43.12,40.47,55094260
2021-11-24T00:58:41,42.04,43.12,40.47,55094260
2021-11-24T01:03:42,42.04,43.12,40.47,55094260
2021-11-24T01:08:42,42.04,43.12,40.47,55094260
2021-11-24T01:13:43,42.04,43.12,40.47,55094260
2021-11-24T01:18:44,42.04,43.12,40.47,55094260
2021-11-24T01:23:45,42.04,43.12,40.47,55094260
2021-11-24T01:28:46,42.04,43.12,40.47,55094260
2021-11-24T01:33:46,42.04,43.12,40.47,55094260
2021-11-24T01:38:47,42.04,43.12,40.47,55094260
2021-11-24T01:43:48,42.04,43.12,40.47,55094260
