Date-Time,Price,High,Low,Volume
2022-02-24T00:02:06,764.04,835.2997,760.56,31752336
2022-02-24T00:07:07,764.04,835.2997,760.56,31752336
2022-02-24T00:12:08,764.04,835.2997,760.56,31752336
2022-02-24T00:17:09,764.04,835.2997,760.56,31752336
2022-02-24T00:22:10,764.04,835.2997,760.56,31752336
2022-02-24T00:27:11,764.04,835.2997,760.56,31752336
2022-02-24T00:32:12,764.04,835.2997,760.56,31752336
2022-02-24T00:37:12,764.04,835.2997,760.56,31752336
2022-02-24T00:42:13,764.04,835.2997,760.56,31752336
2022-02-24T00:47:14,764.04,835.2997,760.56,31752336
2022-02-24T00:52:15,764.04,835.2997,760.56,31752336
2022-02-24T00:57:16,764.04,835.2997,760.56,31752336
2022-02-24T01:02:17,764.04,835.2997,760.56,31752336
2022-02-24T01:07:17,764.04,835.2997,760.56,31752336
2022-02-24T01:12:18,764.04,835.2997,760.56,31752336
2022-02-24T01:17:19,764.04,835.2997,760.56,31752336
2022-02-24T01:22:20,764.04,835.2997,760.56,31752336
2022-02-24T01:27:21,764.04,835.2997,760.56,31752336
2022-02-24T01:32:22,764.04,835.2997,760.56,31752336
2022-02-24T01:37:23,764.04,835.2997,760.56,31752336
2022-02-24T01:42:23,764.04,835.2997,760.56,31752336
2022-02-24T01:47:24,764.04,835.2997,760.56,31752336
2022-02-24T01:52:25,764.04,835.2997,760.56,31752336
2022-02-24T01:57:26,764.04,835.2997,760.56,31752336
2022-02-24T02:02:27,764.04,835.2997,760.56,31752336
2022-02-24T02:07:28,764.04,835.2997,760.56,31752336
2022-02-24T02:12:28,764.04,835.2997,760.56,31752336
2022-02-24T02:17:29,764.04,835.2997,760.56,31752336
