Date-Time,Price,High,Low,Volume
2022-02-24T00:03:21,198.45,206.94,198.05,44481359
2022-02-24T00:08:21,198.45,206.94,198.05,44481359
2022-02-24T00:13:22,198.45,206.94,198.05,44481359
2022-02-24T00:18:23,198.45,206.94,198.05,44481359
2022-02-24T00:23:24,198.45,206.94,198.05,44481359
2022-02-24T00:28:25,198.45,206.94,198.05,44481359
2022-02-24T00:33:26,198.45,206.94,198.05,44481359
2022-02-24T00:38:27,198.45,206.94,198.05,44481359
2022-02-24T00:43:27,198.45,206.94,198.05,44481359
2022-02-24T00:48:28,198.45,206.94,198.05,44481359
2022-02-24T00:53:29,198.45,206.94,198.05,44481359
2022-02-24T00:58:30,198.45,206.94,198.05,44481359
2022-02-24T01:03:31,198.45,206.94,198.05,44481359
2022-02-24T01:08:31,198.45,206.94,198.05,44481359
2022-02-24T01:13:32,198.45,206.94,198.05,44481359
2022-02-24T01:18:33,198.45,206.94,198.05,44481359
