Date-Time,Price,High,Low,Volume
2022-02-24T00:03:18,6.12,6.51,6.12,526689
2022-02-24T00:08:18,6.12,6.51,6.12,526689
2022-02-24T00:13:19,6.12,6.51,6.12,526689
2022-02-24T00:18:20,6.12,6.51,6.12,526689
2022-02-24T00:23:21,6.12,6.51,6.12,526689
2022-02-24T00:28:22,6.12,6.51,6.12,526689
2022-02-24T00:33:22,6.12,6.51,6.12,526689
2022-02-24T00:38:24,6.12,6.51,6.12,526689
2022-02-24T00:43:24,6.12,6.51,6.12,526689
2022-02-24T00:48:25,6.12,6.51,6.12,526689
2022-02-24T00:53:26,6.12,6.51,6.12,526689
2022-02-24T00:58:27,6.12,6.51,6.12,526689
2022-02-24T01:03:28,6.12,6.51,6.12,526689
2022-02-24T01:08:29,6.12,6.51,6.12,526689
2022-02-24T01:13:30,6.12,6.51,6.12,526689
2022-02-24T01:18:30,6.12,6.51,6.12,526689
