Date-Time,Price,High,Low,Volume
2022-03-07T00:04:33,200.06,205.89,198.79,32146264
2022-03-07T00:09:34,200.06,205.89,198.79,32146264
2022-03-07T00:14:35,200.06,205.89,198.79,32146264
2022-03-07T00:19:35,200.06,205.89,198.79,32146264
2022-03-07T00:24:36,200.06,205.89,198.79,32146264
2022-03-07T00:29:37,200.06,205.89,198.79,32146264
2022-03-07T00:34:38,200.06,205.89,198.79,32146264
2022-03-07T00:39:39,200.06,205.89,198.79,32146264
2022-03-07T00:44:39,200.06,205.89,198.79,32146264
2022-03-07T00:49:40,200.06,205.89,198.79,32146264
2022-03-07T00:54:41,200.06,205.89,198.79,32146264
2022-03-07T00:59:42,200.06,205.89,198.79,32146264
2022-03-07T01:04:43,200.06,205.89,198.79,32146264
2022-03-07T01:09:44,200.06,205.89,198.79,32146264
2022-03-07T01:14:44,200.06,205.89,198.79,32146264
2022-03-07T01:19:45,200.06,205.89,198.79,32146264
2022-03-07T01:24:46,200.06,205.89,198.79,32146264
2022-03-07T01:29:47,200.06,205.89,198.79,32146264
