Date-Time,Price,High,Low,Volume
2022-03-07T00:04:10,6.51,7.32,6.41,956366
2022-03-07T00:09:11,6.51,7.32,6.41,956366
2022-03-07T00:14:12,6.51,7.32,6.41,956366
2022-03-07T00:19:13,6.51,7.32,6.41,956366
2022-03-07T00:24:15,6.51,7.32,6.41,956366
2022-03-07T00:29:16,6.51,7.32,6.41,956366
2022-03-07T00:34:17,6.51,7.32,6.41,956366
2022-03-07T00:39:18,6.51,7.32,6.41,956366
2022-03-07T00:44:18,6.51,7.32,6.41,956366
2022-03-07T00:49:19,6.51,7.32,6.41,956366
2022-03-07T00:54:20,6.51,7.32,6.41,956366
2022-03-07T00:59:21,6.51,7.32,6.41,956366
2022-03-07T01:04:21,6.51,7.32,6.41,956366
2022-03-07T01:09:22,6.51,7.32,6.41,956366
2022-03-07T01:14:23,6.51,7.32,6.41,956366
2022-03-07T01:19:24,6.51,7.32,6.41,956366
2022-03-07T01:24:24,6.51,7.32,6.41,956366
2022-03-07T01:29:25,6.51,7.32,6.41,956366
