Date-Time,Price,High,Low,Volume
2022-01-14T00:00:56,326.48,335.63,325.76,14797109
2022-01-14T00:05:57,326.48,335.63,325.76,14797109
2022-01-14T00:10:57,326.48,335.63,325.76,14797109
2022-01-14T00:15:58,326.48,335.63,325.76,14797109
2022-01-14T00:20:59,326.48,335.63,325.76,14797109
2022-01-14T00:26:00,326.48,335.63,325.76,14797109
2022-01-14T00:31:00,326.48,335.63,325.76,14797109
2022-01-14T00:36:01,326.48,335.63,325.76,14797109
2022-01-14T00:41:03,326.48,335.63,325.76,14797109
2022-01-14T00:46:03,326.48,335.63,325.76,14797109
2022-01-14T00:51:04,326.48,335.63,325.76,14797109
2022-01-14T00:56:05,326.48,335.63,325.76,14797109
2022-01-14T01:01:06,326.48,335.63,325.76,14797109
2022-01-14T01:06:07,326.48,335.63,325.76,14797109
2022-01-14T01:11:07,326.48,335.63,325.76,14797109
2022-01-14T01:16:08,326.48,335.63,325.76,14797109
2022-01-14T01:21:09,326.48,335.63,325.76,14797109
2022-01-14T01:26:10,326.48,335.63,325.76,14797109
