Date-Time,Price,High,Low,Volume
2022-01-14T00:04:59,30.48,31.85,30.48,35401253
2022-01-14T00:10:00,30.48,31.85,30.48,35401253
2022-01-14T00:15:01,30.48,31.85,30.48,35401253
2022-01-14T00:20:02,30.48,31.85,30.48,35401253
2022-01-14T00:25:02,30.48,31.85,30.48,35401253
2022-01-14T00:30:03,30.48,31.85,30.48,35401253
2022-01-14T00:35:04,30.48,31.85,30.48,35401253
2022-01-14T00:40:05,30.48,31.85,30.48,35401253
2022-01-14T00:45:06,30.48,31.85,30.48,35401253
2022-01-14T00:50:06,30.48,31.85,30.48,35401253
2022-01-14T00:55:07,30.48,31.85,30.48,35401253
2022-01-14T01:00:08,30.48,31.85,30.48,35401253
2022-01-14T01:05:09,30.48,31.85,30.48,35401253
2022-01-14T01:10:10,30.48,31.85,30.48,35401253
2022-01-14T01:15:10,30.48,31.85,30.48,35401253
2022-01-14T01:20:11,30.48,31.85,30.48,35401253
2022-01-14T01:25:12,30.48,31.85,30.48,35401253
