Date-Time,Price,High,Low,Volume
2022-01-14T00:00:48,80.31,86.9404,79.89,13677509
2022-01-14T00:05:49,80.31,86.9404,79.89,13677509
2022-01-14T00:10:50,80.31,86.9404,79.89,13677509
2022-01-14T00:15:51,80.31,86.9404,79.89,13677509
2022-01-14T00:20:52,80.31,86.9404,79.89,13677509
2022-01-14T00:25:53,80.31,86.9404,79.89,13677509
2022-01-14T00:30:53,80.31,86.9404,79.89,13677509
2022-01-14T00:35:54,80.31,86.9404,79.89,13677509
2022-01-14T00:40:55,80.31,86.9404,79.89,13677509
2022-01-14T00:45:56,80.31,86.9404,79.89,13677509
2022-01-14T00:50:57,80.31,86.9404,79.89,13677509
2022-01-14T00:55:58,80.31,86.9404,79.89,13677509
2022-01-14T01:00:59,80.31,86.9404,79.89,13677509
2022-01-14T01:05:59,80.31,86.9404,79.89,13677509
2022-01-14T01:11:00,80.31,86.9404,79.89,13677509
2022-01-14T01:16:01,80.31,86.9404,79.89,13677509
2022-01-14T01:21:02,80.31,86.9404,79.89,13677509
2022-01-14T01:26:03,80.31,86.9404,79.89,13677509
