Date-Time,Price,High,Low,Volume
2022-01-14T00:04:11,5.07,5.25,5.05,503720
2022-01-14T00:09:12,5.07,5.25,5.05,503720
2022-01-14T00:14:13,5.07,5.25,5.05,503720
2022-01-14T00:19:14,5.07,5.25,5.05,503720
2022-01-14T00:24:14,5.07,5.25,5.05,503720
2022-01-14T00:29:15,5.07,5.25,5.05,503720
2022-01-14T00:34:16,5.07,5.25,5.05,503720
2022-01-14T00:39:17,5.07,5.25,5.05,503720
2022-01-14T00:44:18,5.07,5.25,5.05,503720
2022-01-14T00:49:19,5.07,5.25,5.05,503720
2022-01-14T00:54:20,5.07,5.25,5.05,503720
2022-01-14T00:59:21,5.07,5.25,5.05,503720
2022-01-14T01:04:24,5.07,5.25,5.05,503720
2022-01-14T01:09:24,5.07,5.25,5.05,503720
2022-01-14T01:14:26,5.07,5.25,5.05,503720
2022-01-14T01:19:27,5.07,5.25,5.05,503720
2022-01-14T01:24:27,5.07,5.25,5.05,503720
