Date-Time,Price,High,Low,Volume
2021-11-29T00:04:07,112.13,114.4999,106.14,9871163
2021-11-29T00:09:07,112.13,114.4999,106.14,9871163
2021-11-29T00:14:08,112.13,114.4999,106.14,9871163
2021-11-29T00:19:09,112.13,114.4999,106.14,9871163
2021-11-29T00:24:10,112.13,114.4999,106.14,9871163
2021-11-29T00:29:11,112.13,114.4999,106.14,9871163
2021-11-29T00:34:11,112.13,114.4999,106.14,9871163
2021-11-29T00:39:12,112.13,114.4999,106.14,9871163
2021-11-29T00:44:13,112.13,114.4999,106.14,9871163
2021-11-29T00:49:14,112.13,114.4999,106.14,9871163
2021-11-29T00:54:15,112.13,114.4999,106.14,9871163
