Date-Time,Price,High,Low,Volume
2022-04-06T00:02:14,42.19,46.88,41.89,19576507
2022-04-06T00:07:15,42.19,46.88,41.89,19576507
2022-04-06T00:12:15,42.19,46.88,41.89,19576507
2022-04-06T00:17:16,42.19,46.88,41.89,19576507
2022-04-06T00:22:17,42.19,46.88,41.89,19576507
2022-04-06T00:27:18,42.19,46.88,41.89,19576507
2022-04-06T00:32:19,42.19,46.88,41.89,19576507
2022-04-06T00:37:19,42.19,46.88,41.89,19576507
2022-04-06T00:42:20,42.19,46.88,41.89,19576507
2022-04-06T00:47:21,42.19,46.88,41.89,19576507
2022-04-06T00:52:22,42.19,46.88,41.89,19576507
2022-04-06T00:57:23,42.19,46.88,41.89,19576507
2022-04-06T01:02:23,42.19,46.88,41.89,19576507
2022-04-06T01:07:24,42.19,46.88,41.89,19576507
2022-04-06T01:12:25,42.19,46.88,41.89,19576507
2022-04-06T01:17:26,42.19,46.88,41.89,19576507
2022-04-06T01:22:27,42.19,46.88,41.89,19576507
2022-04-06T01:27:27,42.19,46.88,41.89,19576507
2022-04-06T01:32:28,42.19,46.88,41.89,19576507
2022-04-06T01:37:29,42.19,46.88,41.89,19576507
2022-04-06T01:42:30,42.19,46.88,41.89,19576507
2022-04-06T01:47:31,42.19,46.88,41.89,19576507
2022-04-06T01:52:32,42.19,46.88,41.89,19576507
2022-04-06T01:57:33,42.19,46.88,41.89,19576507
2022-04-06T02:02:34,42.19,46.88,41.89,19576507
2022-04-06T02:07:34,42.19,46.88,41.89,19576507
2022-04-06T02:12:35,42.19,46.88,41.89,19576507
