Date-Time,Price,High,Low,Volume
2022-04-06T00:02:29,5.93,6.06,5.712,1053149
2022-04-06T00:07:29,5.93,6.06,5.712,1053149
2022-04-06T00:12:30,5.93,6.06,5.712,1053149
2022-04-06T00:17:31,5.93,6.06,5.712,1053149
2022-04-06T00:22:32,5.93,6.06,5.712,1053149
2022-04-06T00:27:33,5.93,6.06,5.712,1053149
2022-04-06T00:32:34,5.93,6.06,5.712,1053149
2022-04-06T00:37:35,5.93,6.06,5.712,1053149
2022-04-06T00:42:36,5.93,6.06,5.712,1053149
2022-04-06T00:47:36,5.93,6.06,5.712,1053149
2022-04-06T00:52:37,5.93,6.06,5.712,1053149
2022-04-06T00:57:38,5.93,6.06,5.712,1053149
2022-04-06T01:02:39,5.93,6.06,5.712,1053149
2022-04-06T01:07:40,5.93,6.06,5.712,1053149
2022-04-06T01:12:41,5.93,6.06,5.712,1053149
2022-04-06T01:17:42,5.93,6.06,5.712,1053149
2022-04-06T01:22:43,5.93,6.06,5.712,1053149
2022-04-06T01:27:44,5.93,6.06,5.712,1053149
2022-04-06T01:32:45,5.93,6.06,5.712,1053149
2022-04-06T01:37:46,5.93,6.06,5.712,1053149
2022-04-06T01:42:46,5.93,6.06,5.712,1053149
2022-04-06T01:47:47,5.93,6.06,5.712,1053149
2022-04-06T01:52:48,5.93,6.06,5.712,1053149
2022-04-06T01:57:49,5.93,6.06,5.712,1053149
2022-04-06T02:02:50,5.93,6.06,5.712,1053149
2022-04-06T02:07:51,5.93,6.06,5.712,1053149
2022-04-06T02:12:52,5.93,6.06,5.712,1053149
2022-04-06T02:17:52,5.93,6.06,5.712,1053149
2022-04-06T02:22:53,5.93,6.06,5.712,1053149
2022-04-06T02:27:54,5.93,6.06,5.712,1053149
2022-04-06T02:32:55,5.93,6.06,5.712,1053149
2022-04-06T02:37:56,5.93,6.06,5.712,1053149
2022-04-06T02:42:56,5.93,6.06,5.712,1053149
2022-04-06T02:47:57,5.93,6.06,5.712,1053149
2022-04-06T02:52:58,5.93,6.06,5.712,1053149
2022-04-06T02:57:59,5.93,6.06,5.712,1053149
2022-04-06T03:03:00,5.93,6.06,5.712,1053149
2022-04-06T03:08:00,5.93,6.06,5.712,1053149
2022-04-06T03:13:01,5.93,6.06,5.712,1053149
2022-04-06T03:18:02,5.93,6.06,5.712,1053149
2022-04-06T03:23:03,5.93,6.06,5.712,1053149
2022-04-06T03:28:03,5.93,6.06,5.712,1053149
2022-04-06T03:33:04,5.93,6.06,5.712,1053149
2022-04-06T03:38:05,5.93,6.06,5.712,1053149
2022-04-06T03:43:06,5.93,6.06,5.712,1053149
2022-04-06T03:48:07,5.93,6.06,5.712,1053149
2022-04-06T03:53:08,5.93,6.06,5.712,1053149
2022-04-06T03:58:08,5.93,6.06,5.712,1053149
2022-04-06T04:03:09,5.93,6.06,5.712,1053149
2022-04-06T04:08:10,5.93,6.06,5.712,1053149
2022-04-06T04:13:11,5.93,6.06,5.712,1053149
2022-04-06T04:18:12,5.93,6.06,5.712,1053149
2022-04-06T04:23:12,5.93,6.06,5.712,1053149
2022-04-06T04:28:13,5.93,6.06,5.712,1053149
2022-04-06T04:33:14,5.93,6.06,5.712,1053149
2022-04-06T04:38:15,5.93,6.06,5.712,1053149
2022-04-06T04:43:16,5.93,6.06,5.712,1053149
2022-04-06T04:48:17,5.93,6.06,5.712,1053149
2022-04-06T04:53:17,5.93,6.06,5.712,1053149
2022-04-06T04:58:18,5.93,6.06,5.712,1053149
2022-04-06T05:03:19,5.93,6.06,5.712,1053149
2022-04-06T05:08:20,5.93,6.06,5.712,1053149
2022-04-06T05:13:21,5.93,6.06,5.712,1053149
2022-04-06T05:18:21,5.93,6.06,5.712,1053149
2022-04-06T05:23:22,5.93,6.06,5.712,1053149
2022-04-06T05:28:23,5.93,6.06,5.712,1053149
2022-04-06T05:33:24,5.93,6.06,5.712,1053149
2022-04-06T05:38:24,5.93,6.06,5.712,1053149
2022-04-06T05:43:25,5.93,6.06,5.712,1053149
2022-04-06T05:48:26,5.93,6.06,5.712,1053149
2022-04-06T05:53:27,5.93,6.06,5.712,1053149
2022-04-06T05:58:28,5.93,6.06,5.712,1053149
2022-04-06T06:03:28,5.93,6.06,5.712,1053149
2022-04-06T06:08:29,5.93,6.06,5.712,1053149
2022-04-06T06:13:30,5.93,6.06,5.712,1053149
2022-04-06T06:18:31,5.93,6.06,5.712,1053149
2022-04-06T06:23:31,5.93,6.06,5.712,1053149
2022-04-06T06:28:33,5.93,6.06,5.712,1053149
2022-04-06T06:33:33,5.93,6.06,5.712,1053149
2022-04-06T06:38:34,5.93,6.06,5.712,1053149
2022-04-06T06:43:35,5.93,6.06,5.712,1053149
2022-04-06T06:48:36,5.83,5.92,5.83,19389
2022-04-06T06:53:37,5.77,5.92,5.75,35841
2022-04-06T06:58:38,5.77,5.92,5.75,49410
2022-04-06T07:03:38,5.795,5.92,5.75,69999
2022-04-06T07:08:39,5.76,5.92,5.71,89068
