Date-Time,Price,High,Low,Volume
2022-04-17T00:03:27,40.59,41.90,40.21,9206097
2022-04-17T00:08:27,40.59,41.90,40.21,9206097
2022-04-17T00:13:28,40.59,41.90,40.21,9206097
2022-04-17T00:18:29,40.59,41.90,40.21,9206097
2022-04-17T00:23:30,40.59,41.90,40.21,9206097
2022-04-17T00:28:31,40.59,41.90,40.21,9206097
2022-04-17T00:33:32,40.59,41.90,40.21,9206097
2022-04-17T00:38:32,40.59,41.90,40.21,9206097
2022-04-17T00:43:33,40.59,41.90,40.21,9206097
2022-04-17T00:48:34,40.59,41.90,40.21,9206097
2022-04-17T00:53:35,40.59,41.90,40.21,9206097
2022-04-17T00:58:36,40.59,41.90,40.21,9206097
2022-04-17T01:03:37,40.59,41.90,40.21,9206097
2022-04-17T01:08:38,40.59,41.90,40.21,9206097
2022-04-17T01:13:38,40.59,41.90,40.21,9206097
2022-04-17T01:18:39,40.59,41.90,40.21,9206097
2022-04-17T01:23:40,40.59,41.90,40.21,9206097
