Date-Time,Price,High,Low,Volume
2022-04-17T00:00:38,5.69,5.77,5.38,690244
2022-04-17T00:05:40,5.69,5.77,5.38,690244
2022-04-17T00:10:40,5.69,5.77,5.38,690244
2022-04-17T00:15:41,5.69,5.77,5.38,690244
2022-04-17T00:20:42,5.69,5.77,5.38,690244
2022-04-17T00:25:43,5.69,5.77,5.38,690244
2022-04-17T00:30:44,5.69,5.77,5.38,690244
2022-04-17T00:35:45,5.69,5.77,5.38,690244
2022-04-17T00:40:46,5.69,5.77,5.38,690244
2022-04-17T00:45:47,5.69,5.77,5.38,690244
2022-04-17T00:50:48,5.69,5.77,5.38,690244
2022-04-17T00:55:48,5.69,5.77,5.38,690244
2022-04-17T01:00:49,5.69,5.77,5.38,690244
2022-04-17T01:05:50,5.69,5.77,5.38,690244
2022-04-17T01:10:51,5.69,5.77,5.38,690244
2022-04-17T01:15:52,5.69,5.77,5.38,690244
2022-04-17T01:20:53,5.69,5.77,5.38,690244
2022-04-17T01:25:53,5.69,5.77,5.38,690244
2022-04-17T01:30:54,5.69,5.77,5.38,690244
2022-04-17T01:35:55,5.69,5.77,5.38,690244
2022-04-17T01:40:56,5.69,5.77,5.38,690244
2022-04-17T01:45:57,5.69,5.77,5.38,690244
2022-04-17T01:50:58,5.69,5.77,5.38,690244
2022-04-17T01:55:58,5.69,5.77,5.38,690244
2022-04-17T02:00:59,5.69,5.77,5.38,690244
2022-04-17T02:06:00,5.69,5.77,5.38,690244
2022-04-17T02:11:01,5.69,5.77,5.38,690244
2022-04-17T02:16:02,5.69,5.77,5.38,690244
2022-04-17T02:21:03,5.69,5.77,5.38,690244
2022-04-17T02:26:03,5.69,5.77,5.38,690244
2022-04-17T02:31:04,5.69,5.77,5.38,690244
2022-04-17T02:36:05,5.69,5.77,5.38,690244
2022-04-17T02:41:06,5.69,5.77,5.38,690244
2022-04-17T02:46:07,5.69,5.77,5.38,690244
2022-04-17T02:51:08,5.69,5.77,5.38,690244
2022-04-17T02:56:08,5.69,5.77,5.38,690244
2022-04-17T03:01:09,5.69,5.77,5.38,690244
2022-04-17T03:06:10,5.69,5.77,5.38,690244
2022-04-17T03:11:11,5.69,5.77,5.38,690244
2022-04-17T03:16:12,5.69,5.77,5.38,690244
2022-04-17T03:21:13,5.69,5.77,5.38,690244
2022-04-17T03:26:14,5.69,5.77,5.38,690244
