Date-Time,Price,High,Low,Volume
2021-12-02T00:01:55,115.69,126.75,113.10,13317022
2021-12-02T00:06:56,115.69,126.75,113.10,13317022
2021-12-02T00:11:57,115.69,126.75,113.10,13317022
2021-12-02T00:16:58,115.69,126.75,113.10,13317022
2021-12-02T00:21:58,115.69,126.75,113.10,13317022
2021-12-02T00:26:59,115.69,126.75,113.10,13317022
2021-12-02T00:32:00,115.69,126.75,113.10,13317022
2021-12-02T00:37:01,115.69,126.75,113.10,13317022
2021-12-02T00:42:02,115.69,126.75,113.10,13317022
2021-12-02T00:47:03,115.69,126.75,113.10,13317022
2021-12-02T00:52:04,115.69,126.75,113.10,13317022
2021-12-02T00:57:04,115.69,126.75,113.10,13317022
