Date-Time,Price,High,Low,Volume
2021-12-02T00:01:14,310.60,330.50,310.29,30384083
2021-12-02T00:06:14,310.60,330.50,310.29,30384083
2021-12-02T00:11:15,310.60,330.50,310.29,30384083
2021-12-02T00:16:16,310.60,330.50,310.29,30384083
2021-12-02T00:21:17,310.60,330.50,310.29,30384083
2021-12-02T00:26:18,310.60,330.50,310.29,30384083
2021-12-02T00:31:18,310.60,330.50,310.29,30384083
2021-12-02T00:36:19,310.60,330.50,310.29,30384083
2021-12-02T00:41:20,310.60,330.50,310.29,30384083
2021-12-02T00:46:21,310.60,330.50,310.29,30384083
2021-12-02T00:51:21,310.60,330.50,310.29,30384083
2021-12-02T00:56:22,310.60,330.50,310.29,30384083
2021-12-02T01:01:23,310.60,330.50,310.29,30384083
2021-12-02T01:06:24,310.60,330.50,310.29,30384083
2021-12-02T01:11:25,310.60,330.50,310.29,30384083
2021-12-02T01:16:26,310.60,330.50,310.29,30384083
2021-12-02T01:21:27,310.60,330.50,310.29,30384083
2021-12-02T01:26:28,310.60,330.50,310.29,30384083
2021-12-02T01:31:28,310.60,330.50,310.29,30384083
2021-12-02T01:36:29,310.60,330.50,310.29,30384083
2021-12-02T01:41:30,310.60,330.50,310.29,30384083
2021-12-02T01:46:31,310.60,330.50,310.29,30384083
2021-12-02T01:51:32,310.60,330.50,310.29,30384083
2021-12-02T01:56:33,310.60,330.50,310.29,30384083
