Date-Time,Price,High,Low,Volume
2021-12-02T00:01:40,1095.00,1172.8399,1090.76,22934698
2021-12-02T00:06:41,1095.00,1172.8399,1090.76,22934698
2021-12-02T00:11:42,1095.00,1172.8399,1090.76,22934698
2021-12-02T00:16:43,1095.00,1172.8399,1090.76,22934698
2021-12-02T00:21:44,1095.00,1172.8399,1090.76,22934698
2021-12-02T00:26:44,1095.00,1172.8399,1090.76,22934698
2021-12-02T00:31:45,1095.00,1172.8399,1090.76,22934698
2021-12-02T00:36:46,1095.00,1172.8399,1090.76,22934698
2021-12-02T00:41:47,1095.00,1172.8399,1090.76,22934698
2021-12-02T00:46:48,1095.00,1172.8399,1090.76,22934698
2021-12-02T00:51:48,1095.00,1172.8399,1090.76,22934698
2021-12-02T00:56:49,1095.00,1172.8399,1090.76,22934698
