Date-Time,Price,High,Low,Volume
2022-04-15T00:02:07,5.69,5.77,5.38,690244
2022-04-15T00:07:07,5.69,5.77,5.38,690244
2022-04-15T00:12:08,5.69,5.77,5.38,690244
2022-04-15T00:17:09,5.69,5.77,5.38,690244
2022-04-15T00:22:10,5.69,5.77,5.38,690244
2022-04-15T00:27:11,5.69,5.77,5.38,690244
2022-04-15T00:32:12,5.69,5.77,5.38,690244
2022-04-15T00:37:13,5.69,5.77,5.38,690244
2022-04-15T00:42:13,5.69,5.77,5.38,690244
2022-04-15T00:47:14,5.69,5.77,5.38,690244
2022-04-15T00:52:15,5.69,5.77,5.38,690244
2022-04-15T00:57:16,5.69,5.77,5.38,690244
2022-04-15T01:02:17,5.69,5.77,5.38,690244
2022-04-15T01:07:18,5.69,5.77,5.38,690244
2022-04-15T01:12:19,5.69,5.77,5.38,690244
2022-04-15T01:17:20,5.69,5.77,5.38,690244
2022-04-15T01:22:21,5.69,5.77,5.38,690244
