Date-Time,Price,High,Low,Volume
2022-04-15T00:00:05,40.59,41.90,40.21,9206097
2022-04-15T00:05:06,40.59,41.90,40.21,9206097
2022-04-15T00:10:07,40.59,41.90,40.21,9206097
2022-04-15T00:15:08,40.59,41.90,40.21,9206097
2022-04-15T00:20:09,40.59,41.90,40.21,9206097
2022-04-15T00:25:10,40.59,41.90,40.21,9206097
2022-04-15T00:30:11,40.59,41.90,40.21,9206097
2022-04-15T00:35:12,40.59,41.90,40.21,9206097
2022-04-15T00:40:13,40.59,41.90,40.21,9206097
2022-04-15T00:45:14,40.59,41.90,40.21,9206097
2022-04-15T00:50:15,40.59,41.90,40.21,9206097
2022-04-15T00:55:15,40.59,41.90,40.21,9206097
2022-04-15T01:00:16,40.59,41.90,40.21,9206097
2022-04-15T01:05:17,40.59,41.90,40.21,9206097
2022-04-15T01:10:18,40.59,41.90,40.21,9206097
2022-04-15T01:15:18,40.59,41.90,40.21,9206097
2022-04-15T01:20:19,40.59,41.90,40.21,9206097
