Date-Time,Price,High,Low,Volume
2022-03-28T00:04:41,1010.64,1021.7999,997.3201,20677182
2022-03-28T00:09:41,1010.64,1021.7999,997.3201,20677182
2022-03-28T00:14:42,1010.64,1021.7999,997.3201,20677182
2022-03-28T00:19:43,1010.64,1021.7999,997.3201,20677182
2022-03-28T00:24:44,1010.64,1021.7999,997.3201,20677182
2022-03-28T00:29:45,1010.64,1021.7999,997.3201,20677182
2022-03-28T00:34:46,1010.64,1021.7999,997.3201,20677182
2022-03-28T00:39:46,1010.64,1021.7999,997.3201,20677182
2022-03-28T00:44:47,1010.64,1021.7999,997.3201,20677182
2022-03-28T00:49:48,1010.64,1021.7999,997.3201,20677182
2022-03-28T00:54:49,1010.64,1021.7999,997.3201,20677182
2022-03-28T00:59:50,1010.64,1021.7999,997.3201,20677182
