Date-Time,Price,High,Low,Volume
2022-03-28T00:04:41,46.16,49.10,45.23,10825092
2022-03-28T00:09:42,46.16,49.10,45.23,10825092
2022-03-28T00:14:43,46.16,49.10,45.23,10825092
2022-03-28T00:19:43,46.16,49.10,45.23,10825092
2022-03-28T00:24:44,46.16,49.10,45.23,10825092
2022-03-28T00:29:45,46.16,49.10,45.23,10825092
2022-03-28T00:34:46,46.16,49.10,45.23,10825092
2022-03-28T00:39:47,46.16,49.10,45.23,10825092
2022-03-28T00:44:48,46.16,49.10,45.23,10825092
2022-03-28T00:49:49,46.16,49.10,45.23,10825092
2022-03-28T00:54:50,46.16,49.10,45.23,10825092
2022-03-28T00:59:50,46.16,49.10,45.23,10825092
