Date-Time,Price,High,Low,Volume
2022-03-28T00:04:41,7.21,7.80,7.02,1041699
2022-03-28T00:09:41,7.21,7.80,7.02,1041699
2022-03-28T00:14:42,7.21,7.80,7.02,1041699
2022-03-28T00:19:43,7.21,7.80,7.02,1041699
2022-03-28T00:24:44,7.21,7.80,7.02,1041699
2022-03-28T00:29:45,7.21,7.80,7.02,1041699
2022-03-28T00:34:46,7.21,7.80,7.02,1041699
2022-03-28T00:39:47,7.21,7.80,7.02,1041699
2022-03-28T00:44:48,7.21,7.80,7.02,1041699
2022-03-28T00:49:48,7.21,7.80,7.02,1041699
2022-03-28T00:54:49,7.21,7.80,7.02,1041699
2022-03-28T00:59:50,7.21,7.80,7.02,1041699
