Date-Time,Price,High,Low,Volume
2022-02-28T00:00:07,210.48,211.32,203.18,37627551
2022-02-28T00:05:08,210.48,211.32,203.18,37627551
2022-02-28T00:10:09,210.48,211.32,203.18,37627551
2022-02-28T00:15:10,210.48,211.32,203.18,37627551
2022-02-28T00:20:11,210.48,211.32,203.18,37627551
2022-02-28T00:25:11,210.48,211.32,203.18,37627551
2022-02-28T00:30:12,210.48,211.32,203.18,37627551
2022-02-28T00:35:13,210.48,211.32,203.18,37627551
2022-02-28T00:40:14,210.48,211.32,203.18,37627551
2022-02-28T00:45:15,210.48,211.32,203.18,37627551
2022-02-28T00:50:16,210.48,211.32,203.18,37627551
2022-02-28T00:55:17,210.48,211.32,203.18,37627551
2022-02-28T01:00:18,210.48,211.32,203.18,37627551
2022-02-28T01:05:18,210.48,211.32,203.18,37627551
2022-02-28T01:10:19,210.48,211.32,203.18,37627551
2022-02-28T01:15:20,210.48,211.32,203.18,37627551
2022-02-28T01:20:21,210.48,211.32,203.18,37627551
2022-02-28T01:25:22,210.48,211.32,203.18,37627551
2022-02-28T01:30:23,210.48,211.32,203.18,37627551
2022-02-28T01:35:24,210.48,211.32,203.18,37627551
2022-02-28T01:40:24,210.48,211.32,203.18,37627551
2022-02-28T01:45:25,210.48,211.32,203.18,37627551
2022-02-28T01:50:26,210.48,211.32,203.18,37627551
2022-02-28T01:55:27,210.48,211.32,203.18,37627551
2022-02-28T02:00:28,210.48,211.32,203.18,37627551
2022-02-28T02:05:29,210.48,211.32,203.18,37627551
2022-02-28T02:10:29,210.48,211.32,203.18,37627551
2022-02-28T02:15:31,210.48,211.32,203.18,37627551
2022-02-28T02:20:32,210.48,211.32,203.18,37627551
2022-02-28T02:25:32,210.48,211.32,203.18,37627551
2022-02-28T02:30:33,210.48,211.32,203.18,37627551
2022-02-28T02:35:34,210.48,211.32,203.18,37627551
2022-02-28T02:40:35,210.48,211.32,203.18,37627551
2022-02-28T02:45:36,210.48,211.32,203.18,37627551
2022-02-28T02:50:36,210.48,211.32,203.18,37627551
2022-02-28T02:55:37,210.48,211.32,203.18,37627551
2022-02-28T03:00:38,210.48,211.32,203.18,37627551
2022-02-28T03:05:39,210.48,211.32,203.18,37627551
2022-02-28T03:10:40,210.48,211.32,203.18,37627551
2022-02-28T03:15:41,210.48,211.32,203.18,37627551
2022-02-28T03:20:42,210.48,211.32,203.18,37627551
2022-02-28T03:25:43,210.48,211.32,203.18,37627551
2022-02-28T03:30:44,210.48,211.32,203.18,37627551
2022-02-28T03:35:44,210.48,211.32,203.18,37627551
2022-02-28T03:40:45,210.48,211.32,203.18,37627551
2022-02-28T03:45:46,210.48,211.32,203.18,37627551
2022-02-28T03:50:47,210.48,211.32,203.18,37627551
2022-02-28T03:55:48,210.48,211.32,203.18,37627551
2022-02-28T04:00:49,210.48,211.32,203.18,37627551
2022-02-28T04:05:50,210.48,211.32,203.18,37627551
2022-02-28T04:10:51,210.48,211.32,203.18,37627551
2022-02-28T04:15:52,210.48,211.32,203.18,37627551
2022-02-28T04:20:52,210.48,211.32,203.18,37627551
2022-02-28T04:25:53,210.48,211.32,203.18,37627551
2022-02-28T04:30:54,210.48,211.32,203.18,37627551
2022-02-28T04:35:55,210.48,211.32,203.18,37627551
2022-02-28T04:40:56,210.48,211.32,203.18,37627551
2022-02-28T04:45:57,210.48,211.32,203.18,37627551
2022-02-28T04:50:58,210.48,211.32,203.18,37627551
2022-02-28T04:55:59,210.48,211.32,203.18,37627551
2022-02-28T05:01:00,210.48,211.32,203.18,37627551
2022-02-28T05:06:00,210.48,211.32,203.18,37627551
2022-02-28T05:11:01,210.48,211.32,203.18,37627551
2022-02-28T05:16:03,210.48,211.32,203.18,37627551
2022-02-28T05:21:03,210.48,211.32,203.18,37627551
2022-02-28T05:26:04,210.48,211.32,203.18,37627551
2022-02-28T05:31:05,210.48,211.32,203.18,37627551
2022-02-28T05:36:06,210.48,211.32,203.18,37627551
2022-02-28T05:41:07,210.48,211.32,203.18,37627551
2022-02-28T05:46:07,210.48,211.32,203.18,37627551
2022-02-28T05:51:08,210.48,211.32,203.18,37627551
2022-02-28T05:56:09,210.48,211.32,203.18,37627551
2022-02-28T06:01:10,210.48,211.32,203.18,37627551
2022-02-28T06:06:11,210.48,211.32,203.18,37627551
2022-02-28T06:11:12,210.48,211.32,203.18,37627551
2022-02-28T06:16:12,210.48,211.32,203.18,37627551
2022-02-28T06:21:13,210.48,211.32,203.18,37627551
2022-02-28T06:26:15,210.48,211.32,203.18,37627551
2022-02-28T06:31:16,210.48,211.32,203.18,37627551
2022-02-28T06:36:16,210.48,211.32,203.18,37627551
2022-02-28T06:41:17,210.48,211.32,203.18,37627551
2022-02-28T06:46:18,208.79,209.00,207.58,1009658
2022-02-28T06:51:19,208.17,209.00,207.58,1584475
2022-02-28T06:56:20,207.425,209.00,207.03,2118191
2022-02-28T07:01:21,207.525,209.00,206.83,2648151
2022-02-28T07:06:22,207.26,209.00,206.83,3054748
2022-02-28T07:11:23,207.33,209.00,206.83,3593777
2022-02-28T07:16:24,207.88,209.00,206.83,4045936
2022-02-28T07:21:24,208.0385,209.00,206.83,4479377
2022-02-28T07:26:25,207.94,209.00,206.83,4753379
2022-02-28T07:31:26,207.95,209.00,206.83,5285028
2022-02-28T07:36:27,209.5473,209.58,206.83,5845994
2022-02-28T07:41:28,209.50,210.1231,206.83,6454670
2022-02-28T07:46:29,210.67,210.77,206.83,7011794
2022-02-28T07:51:30,211.0126,211.17,206.83,7557031
2022-02-28T07:56:30,211.825,212.1399,206.83,8256001
2022-02-28T08:01:32,212.435,212.9355,206.83,8856585
2022-02-28T08:06:33,212.245,212.9355,206.83,9356061
2022-02-28T08:11:34,212.11,212.9355,206.83,9731504
2022-02-28T08:16:35,212.90,213.1508,206.83,10366513
2022-02-28T08:21:36,212.3423,213.1508,206.83,10818593
2022-02-28T08:26:37,212.08,213.1508,206.83,11196106
2022-02-28T08:31:38,211.595,213.1508,206.83,11576175
2022-02-28T08:36:38,212.17,213.1508,206.83,11939336
2022-02-28T08:41:39,212.345,213.1508,206.83,12335456
2022-02-28T08:46:40,212.40,213.1508,206.83,12606082
2022-02-28T08:51:41,212.31,213.1508,206.83,12956410
2022-02-28T08:56:42,211.78,213.1508,206.83,13222328
2022-02-28T09:01:43,211.795,213.1508,206.83,13429640
2022-02-28T09:06:44,211.3172,213.1508,206.83,13790497
2022-02-28T09:11:44,211.405,213.1508,206.83,14094744
2022-02-28T09:16:45,211.3775,213.1508,206.83,14302634
2022-02-28T09:21:46,210.705,213.1508,206.83,14604835
2022-02-28T09:26:47,209.895,213.1508,206.83,14955643
2022-02-28T09:31:48,209.58,213.1508,206.83,15268877
2022-02-28T09:36:49,210.02,213.1508,206.83,15482476
2022-02-28T09:41:50,209.848,213.1508,206.83,15686459
2022-02-28T09:46:51,209.49,213.1508,206.83,15861857
2022-02-28T09:51:51,209.233,213.1508,206.83,16056972
2022-02-28T09:56:52,208.68,213.1508,206.83,16303974
2022-02-28T10:01:53,208.0803,213.1508,206.83,16606515
2022-02-28T10:06:54,208.6318,213.1508,206.83,16853089
2022-02-28T10:11:55,208.61,213.1508,206.83,17036458
2022-02-28T10:16:56,209.0351,213.1508,206.83,17253319
2022-02-28T10:21:57,209.53,213.1508,206.83,17483091
