Date-Time,Price,High,Low,Volume
2022-02-28T00:00:44,63.43,63.99,60.81,13455160
2022-02-28T00:05:45,63.43,63.99,60.81,13455160
2022-02-28T00:10:46,63.43,63.99,60.81,13455160
2022-02-28T00:15:46,63.43,63.99,60.81,13455160
2022-02-28T00:20:47,63.43,63.99,60.81,13455160
2022-02-28T00:25:48,63.43,63.99,60.81,13455160
2022-02-28T00:30:49,63.43,63.99,60.81,13455160
2022-02-28T00:35:50,63.43,63.99,60.81,13455160
2022-02-28T00:40:51,63.43,63.99,60.81,13455160
2022-02-28T00:45:52,63.43,63.99,60.81,13455160
2022-02-28T00:50:53,63.43,63.99,60.81,13455160
2022-02-28T00:55:53,63.43,63.99,60.81,13455160
2022-02-28T01:00:54,63.43,63.99,60.81,13455160
2022-02-28T01:05:55,63.43,63.99,60.81,13455160
2022-02-28T01:10:56,63.43,63.99,60.81,13455160
2022-02-28T01:15:57,63.43,63.99,60.81,13455160
2022-02-28T01:20:58,63.43,63.99,60.81,13455160
2022-02-28T01:25:58,63.43,63.99,60.81,13455160
2022-02-28T01:30:59,63.43,63.99,60.81,13455160
2022-02-28T01:36:00,63.43,63.99,60.81,13455160
2022-02-28T01:41:01,63.43,63.99,60.81,13455160
2022-02-28T01:46:02,63.43,63.99,60.81,13455160
2022-02-28T01:51:03,63.43,63.99,60.81,13455160
2022-02-28T01:56:03,63.43,63.99,60.81,13455160
2022-02-28T02:01:04,63.43,63.99,60.81,13455160
2022-02-28T02:06:05,63.43,63.99,60.81,13455160
2022-02-28T02:11:06,63.43,63.99,60.81,13455160
2022-02-28T02:16:07,63.43,63.99,60.81,13455160
2022-02-28T02:21:08,63.43,63.99,60.81,13455160
