Date-Time,Price,High,Low,Volume
2022-02-28T00:04:53,6.68,6.7056,6.45,669685
2022-02-28T00:09:54,6.68,6.7056,6.45,669685
2022-02-28T00:14:55,6.68,6.7056,6.45,669685
2022-02-28T00:19:56,6.68,6.7056,6.45,669685
2022-02-28T00:24:57,6.68,6.7056,6.45,669685
2022-02-28T00:29:58,6.68,6.7056,6.45,669685
2022-02-28T00:34:59,6.68,6.7056,6.45,669685
2022-02-28T00:39:59,6.68,6.7056,6.45,669685
2022-02-28T00:45:00,6.68,6.7056,6.45,669685
2022-02-28T00:50:01,6.68,6.7056,6.45,669685
2022-02-28T00:55:02,6.68,6.7056,6.45,669685
2022-02-28T01:00:03,6.68,6.7056,6.45,669685
2022-02-28T01:05:04,6.68,6.7056,6.45,669685
2022-02-28T01:10:04,6.68,6.7056,6.45,669685
2022-02-28T01:15:05,6.68,6.7056,6.45,669685
2022-02-28T01:20:06,6.68,6.7056,6.45,669685
