Date-Time,Price,High,Low,Volume
2022-02-28T00:04:32,809.87,819.50,782.4005,25355921
2022-02-28T00:09:33,809.87,819.50,782.4005,25355921
2022-02-28T00:14:34,809.87,819.50,782.4005,25355921
2022-02-28T00:19:34,809.87,819.50,782.4005,25355921
2022-02-28T00:24:35,809.87,819.50,782.4005,25355921
2022-02-28T00:29:36,809.87,819.50,782.4005,25355921
2022-02-28T00:34:37,809.87,819.50,782.4005,25355921
2022-02-28T00:39:38,809.87,819.50,782.4005,25355921
2022-02-28T00:44:39,809.87,819.50,782.4005,25355921
2022-02-28T00:49:40,809.87,819.50,782.4005,25355921
2022-02-28T00:54:40,809.87,819.50,782.4005,25355921
2022-02-28T00:59:41,809.87,819.50,782.4005,25355921
2022-02-28T01:04:42,809.87,819.50,782.4005,25355921
2022-02-28T01:09:43,809.87,819.50,782.4005,25355921
2022-02-28T01:14:44,809.87,819.50,782.4005,25355921
2022-02-28T01:19:45,809.87,819.50,782.4005,25355921
2022-02-28T01:24:46,809.87,819.50,782.4005,25355921
2022-02-28T01:29:47,809.87,819.50,782.4005,25355921
2022-02-28T01:34:47,809.87,819.50,782.4005,25355921
2022-02-28T01:39:48,809.87,819.50,782.4005,25355921
2022-02-28T01:44:49,809.87,819.50,782.4005,25355921
2022-02-28T01:49:50,809.87,819.50,782.4005,25355921
2022-02-28T01:54:51,809.87,819.50,782.4005,25355921
2022-02-28T01:59:52,809.87,819.50,782.4005,25355921
2022-02-28T02:04:53,809.87,819.50,782.4005,25355921
2022-02-28T02:09:53,809.87,819.50,782.4005,25355921
2022-02-28T02:14:54,809.87,819.50,782.4005,25355921
2022-02-28T02:19:55,809.87,819.50,782.4005,25355921
2022-02-28T02:24:56,809.87,819.50,782.4005,25355921
2022-02-28T02:29:57,809.87,819.50,782.4005,25355921
2022-02-28T02:34:58,809.87,819.50,782.4005,25355921
2022-02-28T02:39:59,809.87,819.50,782.4005,25355921
2022-02-28T02:45:00,809.87,819.50,782.4005,25355921
2022-02-28T02:50:01,809.87,819.50,782.4005,25355921
2022-02-28T02:55:02,809.87,819.50,782.4005,25355921
2022-02-28T03:00:03,809.87,819.50,782.4005,25355921
2022-02-28T03:05:04,809.87,819.50,782.4005,25355921
2022-02-28T03:10:05,809.87,819.50,782.4005,25355921
2022-02-28T03:15:05,809.87,819.50,782.4005,25355921
2022-02-28T03:20:06,809.87,819.50,782.4005,25355921
2022-02-28T03:25:07,809.87,819.50,782.4005,25355921
2022-02-28T03:30:08,809.87,819.50,782.4005,25355921
2022-02-28T03:35:09,809.87,819.50,782.4005,25355921
2022-02-28T03:40:10,809.87,819.50,782.4005,25355921
2022-02-28T03:45:11,809.87,819.50,782.4005,25355921
2022-02-28T03:50:12,809.87,819.50,782.4005,25355921
2022-02-28T03:55:13,809.87,819.50,782.4005,25355921
2022-02-28T04:00:13,809.87,819.50,782.4005,25355921
2022-02-28T04:05:14,809.87,819.50,782.4005,25355921
2022-02-28T04:10:15,809.87,819.50,782.4005,25355921
2022-02-28T04:15:16,809.87,819.50,782.4005,25355921
2022-02-28T04:20:17,809.87,819.50,782.4005,25355921
2022-02-28T04:25:18,809.87,819.50,782.4005,25355921
2022-02-28T04:30:19,809.87,819.50,782.4005,25355921
2022-02-28T04:35:19,809.87,819.50,782.4005,25355921
2022-02-28T04:40:20,809.87,819.50,782.4005,25355921
2022-02-28T04:45:21,809.87,819.50,782.4005,25355921
2022-02-28T04:50:22,809.87,819.50,782.4005,25355921
2022-02-28T04:55:23,809.87,819.50,782.4005,25355921
2022-02-28T05:00:24,809.87,819.50,782.4005,25355921
2022-02-28T05:05:25,809.87,819.50,782.4005,25355921
2022-02-28T05:10:26,809.87,819.50,782.4005,25355921
2022-02-28T05:15:27,809.87,819.50,782.4005,25355921
2022-02-28T05:20:28,809.87,819.50,782.4005,25355921
2022-02-28T05:25:29,809.87,819.50,782.4005,25355921
2022-02-28T05:30:30,809.87,819.50,782.4005,25355921
2022-02-28T05:35:31,809.87,819.50,782.4005,25355921
2022-02-28T05:40:32,809.87,819.50,782.4005,25355921
2022-02-28T05:45:32,809.87,819.50,782.4005,25355921
2022-02-28T05:50:33,809.87,819.50,782.4005,25355921
2022-02-28T05:55:34,809.87,819.50,782.4005,25355921
2022-02-28T06:00:35,809.87,819.50,782.4005,25355921
2022-02-28T06:05:36,809.87,819.50,782.4005,25355921
2022-02-28T06:10:37,809.87,819.50,782.4005,25355921
2022-02-28T06:15:38,809.87,819.50,782.4005,25355921
2022-02-28T06:20:38,809.87,819.50,782.4005,25355921
2022-02-28T06:25:39,809.87,819.50,782.4005,25355921
2022-02-28T06:30:40,809.87,819.50,782.4005,25355921
2022-02-28T06:35:41,809.87,819.50,782.4005,25355921
2022-02-28T06:40:42,809.87,819.50,782.4005,25355921
2022-02-28T06:45:43,819.20,821.9999,814.7075,1054180
2022-02-28T06:50:44,826.305,831.9999,814.7075,2050359
2022-02-28T06:55:45,817.00,831.9999,814.7075,2741828
2022-02-28T07:00:45,820.00,831.9999,814.7075,3364854
2022-02-28T07:05:46,826.49,831.9999,814.7075,4005833
2022-02-28T07:10:47,836.79,838.50,814.7075,4841108
2022-02-28T07:15:48,842.4192,845.8211,814.7075,5650798
2022-02-28T07:20:49,839.61,845.8211,814.7075,6212698
2022-02-28T07:25:53,839.31,845.8211,814.7075,6701713
2022-02-28T07:30:54,840.29,845.8211,814.7075,7113752
2022-02-28T07:35:55,842.68,845.8211,814.7075,7521198
2022-02-28T07:40:56,847.00,848.80,814.7075,8122107
2022-02-28T07:45:57,854.07,854.3699,814.7075,8767890
2022-02-28T07:50:57,858.2901,858.80,814.7075,9476704
2022-02-28T07:55:58,861.00,861.78,814.7075,10145348
2022-02-28T08:00:59,860.73,863.86,814.7075,10706322
2022-02-28T08:06:00,859.765,863.86,814.7075,11161973
2022-02-28T08:11:01,865.26,868.74,814.7075,11883268
2022-02-28T08:16:02,864.66,868.74,814.7075,12297241
2022-02-28T08:21:03,863.66,868.74,814.7075,12745548
2022-02-28T08:26:04,862.97,868.74,814.7075,13059978
2022-02-28T08:31:05,861.4685,868.74,814.7075,13434238
2022-02-28T08:36:06,866.0136,868.74,814.7075,13872540
2022-02-28T08:41:07,868.75,870.6143,814.7075,14434359
2022-02-28T08:46:07,869.9993,871.20,814.7075,14754058
2022-02-28T08:51:08,873.2999,873.75,814.7075,15154254
2022-02-28T08:56:09,873.575,873.90,814.7075,15455669
2022-02-28T09:01:10,874.44,876.25,814.7075,15896165
2022-02-28T09:06:11,872.095,876.25,814.7075,16465424
2022-02-28T09:11:12,873.03,876.25,814.7075,16654721
2022-02-28T09:16:12,873.8221,876.86,814.7075,16974935
2022-02-28T09:21:13,870.595,876.86,814.7075,17283050
2022-02-28T09:26:14,865.42,876.86,814.7075,17781247
2022-02-28T09:31:15,864.29,876.86,814.7075,18249390
2022-02-28T09:36:16,866.50,876.86,814.7075,18566169
2022-02-28T09:41:17,862.40,876.86,814.7075,18888835
2022-02-28T09:46:18,865.78,876.86,814.7075,19109080
2022-02-28T09:51:19,865.5301,876.86,814.7075,19294821
2022-02-28T09:56:20,858.3551,876.86,814.7075,19663355
2022-02-28T10:01:20,854.725,876.86,814.7075,20050453
2022-02-28T10:06:21,857.76,876.86,814.7075,20511323
2022-02-28T10:11:22,857.98,876.86,814.7075,20908887
2022-02-28T10:16:23,864.76,876.86,814.7075,21281137
2022-02-28T10:21:24,865.09,876.86,814.7075,21585795
2022-02-28T10:26:25,869.51,876.86,814.7075,21991331
2022-02-28T10:31:26,865.8117,876.86,814.7075,22322478
2022-02-28T10:36:27,863.25,876.86,814.7075,22569588
2022-02-28T10:41:28,863.57,876.86,814.7075,22809008
2022-02-28T10:46:29,866.73,876.86,814.7075,23060156
2022-02-28T10:51:30,866.51,876.86,814.7075,23278716
2022-02-28T10:56:31,869.1117,876.86,814.7075,23454205
2022-02-28T11:01:31,865.95,876.86,814.7075,23656759
2022-02-28T11:06:32,869.3219,876.86,814.7075,23882725
2022-02-28T11:11:33,868.9999,876.86,814.7075,24061692
2022-02-28T11:16:34,866.6973,876.86,814.7075,24217771
2022-02-28T11:21:35,862.145,876.86,814.7075,24512079
