Date-Time,Price,High,Low,Volume
2022-05-06T00:04:41,30.71,33.27,30.08,15878256
2022-05-06T00:09:42,30.71,33.27,30.08,15878256
2022-05-06T00:14:42,30.71,33.27,30.08,15878256
2022-05-06T00:19:43,30.71,33.27,30.08,15878256
2022-05-06T00:24:44,30.71,33.27,30.08,15878256
2022-05-06T00:29:45,30.71,33.27,30.08,15878256
2022-05-06T00:34:46,30.71,33.27,30.08,15878256
2022-05-06T00:39:46,30.71,33.27,30.08,15878256
2022-05-06T00:44:47,30.71,33.27,30.08,15878256
2022-05-06T00:49:48,30.71,33.27,30.08,15878256
2022-05-06T00:54:49,30.71,33.27,30.08,15878256
2022-05-06T00:59:50,30.71,33.27,30.08,15878256
2022-05-06T01:04:51,30.71,33.27,30.08,15878256
2022-05-06T01:09:52,30.71,33.27,30.08,15878256
2022-05-06T01:14:52,30.71,33.27,30.08,15878256
2022-05-06T01:19:53,30.71,33.27,30.08,15878256
2022-05-06T01:24:54,30.71,33.27,30.08,15878256
2022-05-06T01:29:55,30.71,33.27,30.08,15878256
2022-05-06T01:34:56,30.71,33.27,30.08,15878256
2022-05-06T01:39:56,30.71,33.27,30.08,15878256
2022-05-06T01:44:57,30.71,33.27,30.08,15878256
2022-05-06T01:49:58,30.71,33.27,30.08,15878256
2022-05-06T01:54:59,30.71,33.27,30.08,15878256
2022-05-06T02:00:00,30.71,33.27,30.08,15878256
2022-05-06T02:05:00,30.71,33.27,30.08,15878256
2022-05-06T02:10:01,30.71,33.27,30.08,15878256
2022-05-06T02:15:02,30.71,33.27,30.08,15878256
2022-05-06T02:20:03,30.71,33.27,30.08,15878256
2022-05-06T02:25:04,30.71,33.27,30.08,15878256
2022-05-06T02:30:05,30.71,33.27,30.08,15878256
2022-05-06T02:35:06,30.71,33.27,30.08,15878256
2022-05-06T02:40:07,30.71,33.27,30.08,15878256
2022-05-06T02:45:08,30.71,33.27,30.08,15878256
2022-05-06T02:50:09,30.71,33.27,30.08,15878256
2022-05-06T02:55:10,30.71,33.27,30.08,15878256
2022-05-06T03:00:11,30.71,33.27,30.08,15878256
2022-05-06T03:05:11,30.71,33.27,30.08,15878256
2022-05-06T03:10:12,30.71,33.27,30.08,15878256
2022-05-06T03:15:13,30.71,33.27,30.08,15878256
2022-05-06T03:20:14,30.71,33.27,30.08,15878256
2022-05-06T03:25:15,30.71,33.27,30.08,15878256
2022-05-06T03:30:15,30.71,33.27,30.08,15878256
2022-05-06T03:35:16,30.71,33.27,30.08,15878256
2022-05-06T03:40:17,30.71,33.27,30.08,15878256
2022-05-06T03:45:18,30.71,33.27,30.08,15878256
2022-05-06T03:50:18,30.71,33.27,30.08,15878256
2022-05-06T03:55:20,30.71,33.27,30.08,15878256
2022-05-06T04:00:20,30.71,33.27,30.08,15878256
2022-05-06T04:05:21,30.71,33.27,30.08,15878256
2022-05-06T04:10:22,30.71,33.27,30.08,15878256
2022-05-06T04:15:23,30.71,33.27,30.08,15878256
2022-05-06T04:20:24,30.71,33.27,30.08,15878256
2022-05-06T04:25:25,30.71,33.27,30.08,15878256
2022-05-06T04:30:25,30.71,33.27,30.08,15878256
2022-05-06T04:35:26,30.71,33.27,30.08,15878256
