Date-Time,Price,High,Low,Volume
2022-05-06T00:04:41,873.28,945.60,857.70,30839731
2022-05-06T00:09:41,873.28,945.60,857.70,30839731
2022-05-06T00:14:42,873.28,945.60,857.70,30839731
2022-05-06T00:19:43,873.28,945.60,857.70,30839731
2022-05-06T00:24:44,873.28,945.60,857.70,30839731
2022-05-06T00:29:45,873.28,945.60,857.70,30839731
2022-05-06T00:34:46,873.28,945.60,857.70,30839731
2022-05-06T00:39:47,873.28,945.60,857.70,30839731
2022-05-06T00:44:48,873.28,945.60,857.70,30839731
2022-05-06T00:49:49,873.28,945.60,857.70,30839731
2022-05-06T00:54:49,873.28,945.60,857.70,30839731
2022-05-06T00:59:50,873.28,945.60,857.70,30839731
2022-05-06T01:04:51,873.28,945.60,857.70,30839731
2022-05-06T01:09:52,873.28,945.60,857.70,30839731
2022-05-06T01:14:53,873.28,945.60,857.70,30839731
2022-05-06T01:19:54,873.28,945.60,857.70,30839731
2022-05-06T01:24:54,873.28,945.60,857.70,30839731
2022-05-06T01:29:55,873.28,945.60,857.70,30839731
2022-05-06T01:34:56,873.28,945.60,857.70,30839731
