Date-Time,Price,High,Low,Volume
2022-05-06T00:04:41,15.38,17.52,14.87,95761704
2022-05-06T00:09:42,15.38,17.52,14.87,95761704
2022-05-06T00:14:43,15.38,17.52,14.87,95761704
2022-05-06T00:19:44,15.38,17.52,14.87,95761704
2022-05-06T00:24:44,15.38,17.52,14.87,95761704
2022-05-06T00:29:45,15.38,17.52,14.87,95761704
2022-05-06T00:34:46,15.38,17.52,14.87,95761704
2022-05-06T00:39:47,15.38,17.52,14.87,95761704
2022-05-06T00:44:48,15.38,17.52,14.87,95761704
2022-05-06T00:49:49,15.38,17.52,14.87,95761704
2022-05-06T00:54:50,15.38,17.52,14.87,95761704
2022-05-06T00:59:50,15.38,17.52,14.87,95761704
2022-05-06T01:04:51,15.38,17.52,14.87,95761704
2022-05-06T01:09:52,15.38,17.52,14.87,95761704
2022-05-06T01:14:53,15.38,17.52,14.87,95761704
2022-05-06T01:19:54,15.38,17.52,14.87,95761704
2022-05-06T01:24:54,15.38,17.52,14.87,95761704
2022-05-06T01:29:55,15.38,17.52,14.87,95761704
2022-05-06T01:34:56,15.38,17.52,14.87,95761704
