Date-Time,Price,High,Low,Volume
2022-05-06T00:04:41,208.28,220.17,206.16,41129192
2022-05-06T00:09:42,208.28,220.17,206.16,41129192
2022-05-06T00:14:43,208.28,220.17,206.16,41129192
2022-05-06T00:19:43,208.28,220.17,206.16,41129192
2022-05-06T00:24:44,208.28,220.17,206.16,41129192
2022-05-06T00:29:45,208.28,220.17,206.16,41129192
2022-05-06T00:34:46,208.28,220.17,206.16,41129192
2022-05-06T00:39:47,208.28,220.17,206.16,41129192
2022-05-06T00:44:48,208.28,220.17,206.16,41129192
2022-05-06T00:49:48,208.28,220.17,206.16,41129192
2022-05-06T00:54:49,208.28,220.17,206.16,41129192
2022-05-06T00:59:50,208.28,220.17,206.16,41129192
2022-05-06T01:04:51,208.28,220.17,206.16,41129192
2022-05-06T01:09:52,208.28,220.17,206.16,41129192
2022-05-06T01:14:52,208.28,220.17,206.16,41129192
2022-05-06T01:19:53,208.28,220.17,206.16,41129192
2022-05-06T01:24:54,208.28,220.17,206.16,41129192
2022-05-06T01:29:55,208.28,220.17,206.16,41129192
2022-05-06T01:34:56,208.28,220.17,206.16,41129192
