Date-Time,Price,High,Low,Volume
2022-05-06T00:04:40,4.94,5.26,4.81,562982
2022-05-06T00:09:41,4.94,5.26,4.81,562982
2022-05-06T00:14:42,4.94,5.26,4.81,562982
2022-05-06T00:19:43,4.94,5.26,4.81,562982
2022-05-06T00:24:44,4.94,5.26,4.81,562982
2022-05-06T00:29:45,4.94,5.26,4.81,562982
2022-05-06T00:34:46,4.94,5.26,4.81,562982
2022-05-06T00:39:46,4.94,5.26,4.81,562982
2022-05-06T00:44:47,4.94,5.26,4.81,562982
2022-05-06T00:49:48,4.94,5.26,4.81,562982
2022-05-06T00:54:49,4.94,5.26,4.81,562982
2022-05-06T00:59:50,4.94,5.26,4.81,562982
2022-05-06T01:04:51,4.94,5.26,4.81,562982
2022-05-06T01:09:52,4.94,5.26,4.81,562982
2022-05-06T01:14:52,4.94,5.26,4.81,562982
2022-05-06T01:19:53,4.94,5.26,4.81,562982
2022-05-06T01:24:54,4.94,5.26,4.81,562982
2022-05-06T01:29:55,4.94,5.26,4.81,562982
2022-05-06T01:34:55,4.94,5.26,4.81,562982
