Date-Time,Price,High,Low,Volume
2022-01-15T00:03:50,5.13,5.26,4.84,1033844
2022-01-15T00:08:51,5.13,5.26,4.84,1033844
2022-01-15T00:13:52,5.13,5.26,4.84,1033844
2022-01-15T00:18:53,5.13,5.26,4.84,1033844
2022-01-15T00:23:56,5.13,5.26,4.84,1033844
2022-01-15T00:28:56,5.13,5.26,4.84,1033844
2022-01-15T00:33:57,5.13,5.26,4.84,1033844
2022-01-15T00:38:58,5.13,5.26,4.84,1033844
2022-01-15T00:43:59,5.13,5.26,4.84,1033844
2022-01-15T00:49:00,5.13,5.26,4.84,1033844
2022-01-15T00:54:01,5.13,5.26,4.84,1033844
2022-01-15T00:59:01,5.13,5.26,4.84,1033844
2022-01-15T01:04:02,5.13,5.26,4.84,1033844
2022-01-15T01:09:03,5.13,5.26,4.84,1033844
2022-01-15T01:14:04,5.13,5.26,4.84,1033844
2022-01-15T01:19:05,5.13,5.26,4.84,1033844
2022-01-15T01:24:06,5.13,5.26,4.84,1033844
2022-01-15T01:29:07,5.13,5.26,4.84,1033844
