Date-Time,Price,High,Low,Volume
2022-01-15T00:00:09,79.95,81.69,77.01,15837984
2022-01-15T00:05:09,79.95,81.69,77.01,15837984
2022-01-15T00:10:10,79.95,81.69,77.01,15837984
2022-01-15T00:15:11,79.95,81.69,77.01,15837984
2022-01-15T00:20:12,79.95,81.69,77.01,15837984
2022-01-15T00:25:13,79.95,81.69,77.01,15837984
2022-01-15T00:30:14,79.95,81.69,77.01,15837984
2022-01-15T00:35:15,79.95,81.69,77.01,15837984
2022-01-15T00:40:15,79.95,81.69,77.01,15837984
2022-01-15T00:45:16,79.95,81.69,77.01,15837984
2022-01-15T00:50:17,79.95,81.69,77.01,15837984
2022-01-15T00:55:18,79.95,81.69,77.01,15837984
2022-01-15T01:00:19,79.95,81.69,77.01,15837984
2022-01-15T01:05:20,79.95,81.69,77.01,15837984
2022-01-15T01:10:21,79.95,81.69,77.01,15837984
2022-01-15T01:15:21,79.95,81.69,77.01,15837984
2022-01-15T01:20:22,79.95,81.69,77.01,15837984
2022-01-15T01:25:23,79.95,81.69,77.01,15837984
2022-01-15T01:30:24,79.95,81.69,77.01,15837984
2022-01-15T01:35:25,79.95,81.69,77.01,15837984
2022-01-15T01:40:26,79.95,81.69,77.01,15837984
2022-01-15T01:45:27,79.95,81.69,77.01,15837984
2022-01-15T01:50:28,79.95,81.69,77.01,15837984
2022-01-15T01:55:28,79.95,81.69,77.01,15837984
2022-01-15T02:00:29,79.95,81.69,77.01,15837984
2022-01-15T02:05:30,79.95,81.69,77.01,15837984
2022-01-15T02:10:31,79.95,81.69,77.01,15837984
2022-01-15T02:15:31,79.95,81.69,77.01,15837984
2022-01-15T02:20:32,79.95,81.69,77.01,15837984
2022-01-15T02:25:33,79.95,81.69,77.01,15837984
