Date-Time,Price,High,Low,Volume
2022-01-15T00:00:10,331.90,332.73,321.21,16868497
2022-01-15T00:05:10,331.90,332.73,321.21,16868497
2022-01-15T00:10:11,331.90,332.73,321.21,16868497
2022-01-15T00:15:12,331.90,332.73,321.21,16868497
2022-01-15T00:20:13,331.90,332.73,321.21,16868497
2022-01-15T00:25:14,331.90,332.73,321.21,16868497
2022-01-15T00:30:14,331.90,332.73,321.21,16868497
2022-01-15T00:35:15,331.90,332.73,321.21,16868497
2022-01-15T00:40:16,331.90,332.73,321.21,16868497
2022-01-15T00:45:17,331.90,332.73,321.21,16868497
2022-01-15T00:50:18,331.90,332.73,321.21,16868497
2022-01-15T00:55:18,331.90,332.73,321.21,16868497
2022-01-15T01:00:19,331.90,332.73,321.21,16868497
2022-01-15T01:05:20,331.90,332.73,321.21,16868497
2022-01-15T01:10:21,331.90,332.73,321.21,16868497
2022-01-15T01:15:22,331.90,332.73,321.21,16868497
2022-01-15T01:20:22,331.90,332.73,321.21,16868497
2022-01-15T01:25:23,331.90,332.73,321.21,16868497
