Date-Time,Price,High,Low,Volume
2022-03-17T00:01:46,203.63,203.73,194.52,40640264
2022-03-17T00:06:47,203.63,203.73,194.52,40640264
2022-03-17T00:11:48,203.63,203.73,194.52,40640264
2022-03-17T00:16:49,203.63,203.73,194.52,40640264
2022-03-17T00:21:49,203.63,203.73,194.52,40640264
2022-03-17T00:26:50,203.63,203.73,194.52,40640264
2022-03-17T00:31:51,203.63,203.73,194.52,40640264
2022-03-17T00:36:52,203.63,203.73,194.52,40640264
2022-03-17T00:41:53,203.63,203.73,194.52,40640264
2022-03-17T00:46:54,203.63,203.73,194.52,40640264
2022-03-17T00:51:55,203.63,203.73,194.52,40640264
2022-03-17T00:56:55,203.63,203.73,194.52,40640264
2022-03-17T01:01:56,203.63,203.73,194.52,40640264
2022-03-17T01:06:57,203.63,203.73,194.52,40640264
2022-03-17T01:11:58,203.63,203.73,194.52,40640264
2022-03-17T01:16:59,203.63,203.73,194.52,40640264
2022-03-17T01:21:59,203.63,203.73,194.52,40640264
2022-03-17T01:27:00,203.63,203.73,194.52,40640264
2022-03-17T01:32:01,203.63,203.73,194.52,40640264
2022-03-17T01:37:02,203.63,203.73,194.52,40640264
2022-03-17T01:42:03,203.63,203.73,194.52,40640264
2022-03-17T01:47:04,203.63,203.73,194.52,40640264
2022-03-17T01:52:04,203.63,203.73,194.52,40640264
2022-03-17T01:57:05,203.63,203.73,194.52,40640264
2022-03-17T02:02:06,203.63,203.73,194.52,40640264
2022-03-17T02:07:07,203.63,203.73,194.52,40640264
2022-03-17T02:12:08,203.63,203.73,194.52,40640264
2022-03-17T02:17:09,203.63,203.73,194.52,40640264
2022-03-17T02:22:09,203.63,203.73,194.52,40640264
2022-03-17T02:27:10,203.63,203.73,194.52,40640264
2022-03-17T02:32:11,203.63,203.73,194.52,40640264
2022-03-17T02:37:12,203.63,203.73,194.52,40640264
2022-03-17T02:42:13,203.63,203.73,194.52,40640264
2022-03-17T02:47:14,203.63,203.73,194.52,40640264
2022-03-17T02:52:14,203.63,203.73,194.52,40640264
2022-03-17T02:57:15,203.63,203.73,194.52,40640264
2022-03-17T03:02:16,203.63,203.73,194.52,40640264
2022-03-17T03:07:17,203.63,203.73,194.52,40640264
2022-03-17T03:12:18,203.63,203.73,194.52,40640264
2022-03-17T03:17:19,203.63,203.73,194.52,40640264
2022-03-17T03:22:20,203.63,203.73,194.52,40640264
2022-03-17T03:27:20,203.63,203.73,194.52,40640264
2022-03-17T03:32:21,203.63,203.73,194.52,40640264
2022-03-17T03:37:22,203.63,203.73,194.52,40640264
2022-03-17T03:42:23,203.63,203.73,194.52,40640264
2022-03-17T03:47:24,203.63,203.73,194.52,40640264
