Date-Time,Price,High,Low,Volume
2022-03-17T00:01:57,840.23,842.00,802.2601,28009607
2022-03-17T00:06:58,840.23,842.00,802.2601,28009607
2022-03-17T00:11:59,840.23,842.00,802.2601,28009607
2022-03-17T00:17:00,840.23,842.00,802.2601,28009607
2022-03-17T00:22:01,840.23,842.00,802.2601,28009607
2022-03-17T00:27:02,840.23,842.00,802.2601,28009607
2022-03-17T00:32:03,840.23,842.00,802.2601,28009607
2022-03-17T00:37:04,840.23,842.00,802.2601,28009607
2022-03-17T00:42:04,840.23,842.00,802.2601,28009607
2022-03-17T00:47:05,840.23,842.00,802.2601,28009607
