Date-Time,Price,High,Low,Volume
2022-03-17T00:01:29,41.58,42.0998,37.65,23752157
2022-03-17T00:06:30,41.58,42.0998,37.65,23752157
2022-03-17T00:11:31,41.58,42.0998,37.65,23752157
2022-03-17T00:16:32,41.58,42.0998,37.65,23752157
2022-03-17T00:21:33,41.58,42.0998,37.65,23752157
2022-03-17T00:26:34,41.58,42.0998,37.65,23752157
2022-03-17T00:31:35,41.58,42.0998,37.65,23752157
2022-03-17T00:36:36,41.58,42.0998,37.65,23752157
2022-03-17T00:41:37,41.58,42.0998,37.65,23752157
2022-03-17T00:46:38,41.58,42.0998,37.65,23752157
