Date-Time,Price,High,Low,Volume
2022-03-17T00:02:12,7.29,7.97,7.23,1765160
2022-03-17T00:07:13,7.29,7.97,7.23,1765160
2022-03-17T00:12:13,7.29,7.97,7.23,1765160
2022-03-17T00:17:14,7.29,7.97,7.23,1765160
2022-03-17T00:22:15,7.29,7.97,7.23,1765160
2022-03-17T00:27:16,7.29,7.97,7.23,1765160
2022-03-17T00:32:17,7.29,7.97,7.23,1765160
2022-03-17T00:37:17,7.29,7.97,7.23,1765160
2022-03-17T00:42:18,7.29,7.97,7.23,1765160
2022-03-17T00:47:19,7.29,7.97,7.23,1765160
2022-03-17T00:52:20,7.29,7.97,7.23,1765160
2022-03-17T00:57:20,7.29,7.97,7.23,1765160
2022-03-17T01:02:21,7.29,7.97,7.23,1765160
2022-03-17T01:07:22,7.29,7.97,7.23,1765160
2022-03-17T01:12:23,7.29,7.97,7.23,1765160
2022-03-17T01:17:24,7.29,7.97,7.23,1765160
2022-03-17T01:22:25,7.29,7.97,7.23,1765160
2022-03-17T01:27:26,7.29,7.97,7.23,1765160
2022-03-17T01:32:26,7.29,7.97,7.23,1765160
2022-03-17T01:37:27,7.29,7.97,7.23,1765160
2022-03-17T01:42:28,7.29,7.97,7.23,1765160
2022-03-17T01:47:29,7.29,7.97,7.23,1765160
2022-03-17T01:52:30,7.29,7.97,7.23,1765160
2022-03-17T01:57:31,7.29,7.97,7.23,1765160
2022-03-17T02:02:32,7.29,7.97,7.23,1765160
2022-03-17T02:07:33,7.29,7.97,7.23,1765160
2022-03-17T02:12:33,7.29,7.97,7.23,1765160
2022-03-17T02:17:34,7.29,7.97,7.23,1765160
2022-03-17T02:22:35,7.29,7.97,7.23,1765160
2022-03-17T02:27:36,7.29,7.97,7.23,1765160
2022-03-17T02:32:37,7.29,7.97,7.23,1765160
2022-03-17T02:37:38,7.29,7.97,7.23,1765160
2022-03-17T02:42:39,7.29,7.97,7.23,1765160
2022-03-17T02:47:40,7.29,7.97,7.23,1765160
2022-03-17T02:52:40,7.29,7.97,7.23,1765160
2022-03-17T02:57:41,7.29,7.97,7.23,1765160
2022-03-17T03:02:42,7.29,7.97,7.23,1765160
2022-03-17T03:07:43,7.29,7.97,7.23,1765160
2022-03-17T03:12:44,7.29,7.97,7.23,1765160
2022-03-17T03:17:45,7.29,7.97,7.23,1765160
2022-03-17T03:22:46,7.29,7.97,7.23,1765160
2022-03-17T03:27:46,7.29,7.97,7.23,1765160
2022-03-17T03:32:48,7.29,7.97,7.23,1765160
2022-03-17T03:37:49,7.29,7.97,7.23,1765160
2022-03-17T03:42:49,7.29,7.97,7.23,1765160
