Date-Time,Price,High,Low,Volume
2022-03-18T00:00:45,42.13,42.75,38.52,17167200
2022-03-18T00:05:46,42.13,42.75,38.52,17167200
2022-03-18T00:10:47,42.13,42.75,38.52,17167200
2022-03-18T00:15:48,42.13,42.75,38.52,17167200
2022-03-18T00:20:49,42.13,42.75,38.52,17167200
2022-03-18T00:25:50,42.13,42.75,38.52,17167200
2022-03-18T00:30:51,42.13,42.75,38.52,17167200
2022-03-18T00:35:52,42.13,42.75,38.52,17167200
2022-03-18T00:40:53,42.13,42.75,38.52,17167200
2022-03-18T00:45:53,42.13,42.75,38.52,17167200
