Date-Time,Price,High,Low,Volume
2022-03-18T00:00:56,207.84,208.04,201.11,29499681
2022-03-18T00:05:56,207.84,208.04,201.11,29499681
2022-03-18T00:10:57,207.84,208.04,201.11,29499681
2022-03-18T00:15:58,207.84,208.04,201.11,29499681
2022-03-18T00:20:59,207.84,208.04,201.11,29499681
2022-03-18T00:26:00,207.84,208.04,201.11,29499681
2022-03-18T00:31:00,207.84,208.04,201.11,29499681
2022-03-18T00:36:01,207.84,208.04,201.11,29499681
2022-03-18T00:41:02,207.84,208.04,201.11,29499681
2022-03-18T00:46:03,207.84,208.04,201.11,29499681
