Date-Time,Price,High,Low,Volume
2022-05-10T00:04:09,13.55,14.525,13.48,63121038
2022-05-10T00:09:09,13.55,14.525,13.48,63121038
2022-05-10T00:14:10,13.55,14.525,13.48,63121038
2022-05-10T00:19:11,13.55,14.525,13.48,63121038
2022-05-10T00:24:12,13.55,14.525,13.48,63121038
2022-05-10T00:29:13,13.55,14.525,13.48,63121038
2022-05-10T00:34:13,13.55,14.525,13.48,63121038
2022-05-10T00:39:14,13.55,14.525,13.48,63121038
2022-05-10T00:44:15,13.55,14.525,13.48,63121038
2022-05-10T00:49:16,13.55,14.525,13.48,63121038
2022-05-10T00:54:17,13.55,14.525,13.48,63121038
2022-05-10T00:59:18,13.55,14.525,13.48,63121038
2022-05-10T01:04:18,13.55,14.525,13.48,63121038
2022-05-10T01:09:19,13.55,14.525,13.48,63121038
2022-05-10T01:14:20,13.55,14.525,13.48,63121038
2022-05-10T01:19:21,13.55,14.525,13.48,63121038
2022-05-10T01:24:22,13.55,14.525,13.48,63121038
2022-05-10T01:29:22,13.55,14.525,13.48,63121038
2022-05-10T01:34:23,13.55,14.525,13.48,63121038
2022-05-10T01:39:24,13.55,14.525,13.48,63121038
