Date-Time,Price,High,Low,Volume
2022-05-10T00:04:29,4.19,4.63,4.18,939153
2022-05-10T00:09:30,4.19,4.63,4.18,939153
2022-05-10T00:14:31,4.19,4.63,4.18,939153
2022-05-10T00:19:32,4.19,4.63,4.18,939153
2022-05-10T00:24:33,4.19,4.63,4.18,939153
2022-05-10T00:29:33,4.19,4.63,4.18,939153
2022-05-10T00:34:34,4.19,4.63,4.18,939153
2022-05-10T00:39:35,4.19,4.63,4.18,939153
2022-05-10T00:44:36,4.19,4.63,4.18,939153
2022-05-10T00:49:37,4.19,4.63,4.18,939153
2022-05-10T00:54:38,4.19,4.63,4.18,939153
2022-05-10T00:59:39,4.19,4.63,4.18,939153
2022-05-10T01:04:39,4.19,4.63,4.18,939153
2022-05-10T01:09:40,4.19,4.63,4.18,939153
2022-05-10T01:14:41,4.19,4.63,4.18,939153
2022-05-10T01:19:42,4.19,4.63,4.18,939153
2022-05-10T01:24:43,4.19,4.63,4.18,939153
2022-05-10T01:29:44,4.19,4.63,4.18,939153
2022-05-10T01:34:45,4.19,4.63,4.18,939153
2022-05-10T01:39:46,4.19,4.63,4.18,939153
