Date-Time,Price,High,Low,Volume
2022-05-10T00:04:44,22.78,25.829,22.45,84388353
2022-05-10T00:09:44,22.78,25.829,22.45,84388353
2022-05-10T00:14:45,22.78,25.829,22.45,84388353
2022-05-10T00:19:46,22.78,25.829,22.45,84388353
2022-05-10T00:24:47,22.78,25.829,22.45,84388353
2022-05-10T00:29:48,22.78,25.829,22.45,84388353
2022-05-10T00:34:49,22.78,25.829,22.45,84388353
2022-05-10T00:39:49,22.78,25.829,22.45,84388353
2022-05-10T00:44:50,22.78,25.829,22.45,84388353
2022-05-10T00:49:51,22.78,25.829,22.45,84388353
2022-05-10T00:54:52,22.78,25.829,22.45,84388353
2022-05-10T00:59:53,22.78,25.829,22.45,84388353
2022-05-10T01:04:53,22.78,25.829,22.45,84388353
2022-05-10T01:09:54,22.78,25.829,22.45,84388353
2022-05-10T01:14:55,22.78,25.829,22.45,84388353
2022-05-10T01:19:56,22.78,25.829,22.45,84388353
2022-05-10T01:24:57,22.78,25.829,22.45,84388353
2022-05-10T01:29:58,22.78,25.829,22.45,84388353
2022-05-10T01:34:59,22.78,25.829,22.45,84388353
2022-05-10T01:39:59,22.78,25.829,22.45,84388353
