Date-Time,Price,High,Low,Volume
2022-05-10T00:04:13,787.11,845.63,781.15,30270074
2022-05-10T00:09:13,787.11,845.63,781.15,30270074
2022-05-10T00:14:14,787.11,845.63,781.15,30270074
2022-05-10T00:19:15,787.11,845.63,781.15,30270074
2022-05-10T00:24:16,787.11,845.63,781.15,30270074
2022-05-10T00:29:17,787.11,845.63,781.15,30270074
2022-05-10T00:34:18,787.11,845.63,781.15,30270074
2022-05-10T00:39:18,787.11,845.63,781.15,30270074
2022-05-10T00:44:19,787.11,845.63,781.15,30270074
2022-05-10T00:49:20,787.11,845.63,781.15,30270074
2022-05-10T00:54:21,787.11,845.63,781.15,30270074
2022-05-10T00:59:22,787.11,845.63,781.15,30270074
2022-05-10T01:04:23,787.11,845.63,781.15,30270074
2022-05-10T01:09:23,787.11,845.63,781.15,30270074
2022-05-10T01:14:24,787.11,845.63,781.15,30270074
2022-05-10T01:19:25,787.11,845.63,781.15,30270074
2022-05-10T01:24:26,787.11,845.63,781.15,30270074
2022-05-10T01:29:27,787.11,845.63,781.15,30270074
2022-05-10T01:34:28,787.11,845.63,781.15,30270074
2022-05-10T01:39:29,787.11,845.63,781.15,30270074
