Date-Time,Price,High,Low,Volume
2022-06-01T00:04:55,17.39,17.92,16.76,96583292
2022-06-01T00:09:56,17.39,17.92,16.76,96583292
2022-06-01T00:14:57,17.39,17.92,16.76,96583292
2022-06-01T00:19:57,17.39,17.92,16.76,96583292
2022-06-01T00:24:58,17.39,17.92,16.76,96583292
2022-06-01T00:29:59,17.39,17.92,16.76,96583292
2022-06-01T00:35:00,17.39,17.92,16.76,96583292
2022-06-01T00:40:01,17.39,17.92,16.76,96583292
2022-06-01T00:45:01,17.39,17.92,16.76,96583292
2022-06-01T00:50:02,17.39,17.92,16.76,96583292
2022-06-01T00:55:03,17.39,17.92,16.76,96583292
2022-06-01T01:00:04,17.39,17.92,16.76,96583292
2022-06-01T01:05:05,17.39,17.92,16.76,96583292
