Date-Time,Price,High,Low,Volume
2022-06-01T00:02:56,5.00,5.14,4.735,1752235
2022-06-01T00:07:57,5.00,5.14,4.735,1752235
2022-06-01T00:12:58,5.00,5.14,4.735,1752235
2022-06-01T00:17:59,5.00,5.14,4.735,1752235
2022-06-01T00:23:00,5.00,5.14,4.735,1752235
2022-06-01T00:28:01,5.00,5.14,4.735,1752235
2022-06-01T00:33:01,5.00,5.14,4.735,1752235
2022-06-01T00:38:02,5.00,5.14,4.735,1752235
2022-06-01T00:43:03,5.00,5.14,4.735,1752235
2022-06-01T00:48:04,5.00,5.14,4.735,1752235
2022-06-01T00:53:05,5.00,5.14,4.735,1752235
2022-06-01T00:58:06,5.00,5.14,4.735,1752235
2022-06-01T01:03:07,5.00,5.14,4.735,1752235
