Date-Time,Price,High,Low,Volume
2022-06-01T00:04:42,758.26,778.80,734.23,33971457
2022-06-01T00:09:43,758.26,778.80,734.23,33971457
2022-06-01T00:14:43,758.26,778.80,734.23,33971457
2022-06-01T00:19:44,758.26,778.80,734.23,33971457
2022-06-01T00:24:45,758.26,778.80,734.23,33971457
2022-06-01T00:29:46,758.26,778.80,734.23,33971457
2022-06-01T00:34:47,758.26,778.80,734.23,33971457
2022-06-01T00:39:48,758.26,778.80,734.23,33971457
2022-06-01T00:44:49,758.26,778.80,734.23,33971457
2022-06-01T00:49:50,758.26,778.80,734.23,33971457
2022-06-01T00:54:50,758.26,778.80,734.23,33971457
2022-06-01T00:59:51,758.26,778.80,734.23,33971457
2022-06-01T01:04:52,758.26,778.80,734.23,33971457
