Date-Time,Price,High,Low,Volume
2022-06-01T00:04:55,193.64,197.60,192.01,26131103
2022-06-01T00:09:56,193.64,197.60,192.01,26131103
2022-06-01T00:14:57,193.64,197.60,192.01,26131103
2022-06-01T00:19:57,193.64,197.60,192.01,26131103
2022-06-01T00:24:58,193.64,197.60,192.01,26131103
2022-06-01T00:29:59,193.64,197.60,192.01,26131103
2022-06-01T00:35:00,193.64,197.60,192.01,26131103
2022-06-01T00:40:01,193.64,197.60,192.01,26131103
2022-06-01T00:45:01,193.64,197.60,192.01,26131103
2022-06-01T00:50:02,193.64,197.60,192.01,26131103
2022-06-01T00:55:03,193.64,197.60,192.01,26131103
2022-06-01T01:00:04,193.64,197.60,192.01,26131103
2022-06-01T01:05:05,193.64,197.60,192.01,26131103
