Date-Time,Price,High,Low,Volume
2022-06-01T00:02:56,31.40,32.60,30.09,21305702
2022-06-01T00:07:57,31.40,32.60,30.09,21305702
2022-06-01T00:12:58,31.40,32.60,30.09,21305702
2022-06-01T00:17:59,31.40,32.60,30.09,21305702
2022-06-01T00:23:00,31.40,32.60,30.09,21305702
2022-06-01T00:28:01,31.40,32.60,30.09,21305702
2022-06-01T00:33:02,31.40,32.60,30.09,21305702
2022-06-01T00:38:02,31.40,32.60,30.09,21305702
2022-06-01T00:43:03,31.40,32.60,30.09,21305702
2022-06-01T00:48:04,31.40,32.60,30.09,21305702
2022-06-01T00:53:05,31.40,32.60,30.09,21305702
2022-06-01T00:58:06,31.40,32.60,30.09,21305702
2022-06-01T01:03:07,31.40,32.60,30.09,21305702
