Date-Time,Price,High,Low,Volume
2021-11-22T00:04:38,1137.06,1138.7199,1092.70,21642258
2021-11-22T00:09:39,1137.06,1138.7199,1092.70,21642258
2021-11-22T00:14:40,1137.06,1138.7199,1092.70,21642258
2021-11-22T00:19:41,1137.06,1138.7199,1092.70,21642258
2021-11-22T00:24:42,1137.06,1138.7199,1092.70,21642258
2021-11-22T00:29:43,1137.06,1138.7199,1092.70,21642258
2021-11-22T00:34:44,1137.06,1138.7199,1092.70,21642258
2021-11-22T00:39:44,1137.06,1138.7199,1092.70,21642258
2021-11-22T00:44:45,1137.06,1138.7199,1092.70,21642258
2021-11-22T00:49:46,1137.06,1138.7199,1092.70,21642258
2021-11-22T00:54:47,1137.06,1138.7199,1092.70,21642258
2021-11-22T00:59:48,1137.06,1138.7199,1092.70,21642258
2021-11-22T01:04:49,1137.06,1138.7199,1092.70,21642258
2021-11-22T01:09:50,1137.06,1138.7199,1092.70,21642258
2021-11-22T01:14:50,1137.06,1138.7199,1092.70,21642258
2021-11-22T01:19:51,1137.06,1138.7199,1092.70,21642258
2021-11-22T01:24:52,1137.06,1138.7199,1092.70,21642258
2021-11-22T01:29:53,1137.06,1138.7199,1092.70,21642258
2021-11-22T01:34:54,1137.06,1138.7199,1092.70,21642258
2021-11-22T01:39:54,1137.06,1138.7199,1092.70,21642258
2021-11-22T01:44:55,1137.06,1138.7199,1092.70,21642258
2021-11-22T01:49:56,1137.06,1138.7199,1092.70,21642258
2021-11-22T01:54:57,1137.06,1138.7199,1092.70,21642258
2021-11-22T01:59:58,1137.06,1138.7199,1092.70,21642258
2021-11-22T02:04:59,1137.06,1138.7199,1092.70,21642258
2021-11-22T02:10:00,1137.06,1138.7199,1092.70,21642258
2021-11-22T02:15:01,1137.06,1138.7199,1092.70,21642258
2021-11-22T02:20:02,1137.06,1138.7199,1092.70,21642258
2021-11-22T02:25:02,1137.06,1138.7199,1092.70,21642258
2021-11-22T02:30:03,1137.06,1138.7199,1092.70,21642258
2021-11-22T02:35:04,1137.06,1138.7199,1092.70,21642258
2021-11-22T02:40:05,1137.06,1138.7199,1092.70,21642258
2021-11-22T02:45:06,1137.06,1138.7199,1092.70,21642258
2021-11-22T02:50:06,1137.06,1138.7199,1092.70,21642258
2021-11-22T02:55:07,1137.06,1138.7199,1092.70,21642258
2021-11-22T03:00:08,1137.06,1138.7199,1092.70,21642258
2021-11-22T03:05:09,1137.06,1138.7199,1092.70,21642258
2021-11-22T03:10:10,1137.06,1138.7199,1092.70,21642258
2021-11-22T03:15:10,1137.06,1138.7199,1092.70,21642258
2021-11-22T03:20:11,1137.06,1138.7199,1092.70,21642258
2021-11-22T03:25:12,1137.06,1138.7199,1092.70,21642258
2021-11-22T03:30:13,1137.06,1138.7199,1092.70,21642258
2021-11-22T03:35:14,1137.06,1138.7199,1092.70,21642258
2021-11-22T03:40:15,1137.06,1138.7199,1092.70,21642258
2021-11-22T03:45:16,1137.06,1138.7199,1092.70,21642258
2021-11-22T03:50:16,1137.06,1138.7199,1092.70,21642258
2021-11-22T03:55:17,1137.06,1138.7199,1092.70,21642258
2021-11-22T04:00:18,1137.06,1138.7199,1092.70,21642258
2021-11-22T04:05:19,1137.06,1138.7199,1092.70,21642258
2021-11-22T04:10:20,1137.06,1138.7199,1092.70,21642258
2021-11-22T04:15:21,1137.06,1138.7199,1092.70,21642258
2021-11-22T04:20:22,1137.06,1138.7199,1092.70,21642258
2021-11-22T04:25:23,1137.06,1138.7199,1092.70,21642258
2021-11-22T04:30:24,1137.06,1138.7199,1092.70,21642258
2021-11-22T04:35:24,1137.06,1138.7199,1092.70,21642258
2021-11-22T04:40:25,1137.06,1138.7199,1092.70,21642258
2021-11-22T04:45:26,1137.06,1138.7199,1092.70,21642258
2021-11-22T04:50:27,1137.06,1138.7199,1092.70,21642258
2021-11-22T04:55:28,1137.06,1138.7199,1092.70,21642258
2021-11-22T05:00:29,1137.06,1138.7199,1092.70,21642258
2021-11-22T05:05:30,1137.06,1138.7199,1092.70,21642258
2021-11-22T05:10:31,1137.06,1138.7199,1092.70,21642258
2021-11-22T05:15:33,1137.06,1138.7199,1092.70,21642258
2021-11-22T05:20:34,1137.06,1138.7199,1092.70,21642258
2021-11-22T05:25:35,1137.06,1138.7199,1092.70,21642258
2021-11-22T05:30:36,1137.06,1138.7199,1092.70,21642258
2021-11-22T05:35:37,1137.06,1138.7199,1092.70,21642258
2021-11-22T05:40:38,1137.06,1138.7199,1092.70,21642258
2021-11-22T05:45:39,1137.06,1138.7199,1092.70,21642258
2021-11-22T05:50:39,1137.06,1138.7199,1092.70,21642258
2021-11-22T05:55:40,1137.06,1138.7199,1092.70,21642258
2021-11-22T06:00:41,1137.06,1138.7199,1092.70,21642258
2021-11-22T06:05:42,1137.06,1138.7199,1092.70,21642258
2021-11-22T06:10:43,1137.06,1138.7199,1092.70,21642258
2021-11-22T06:15:44,1137.06,1138.7199,1092.70,21642258
2021-11-22T06:20:45,1137.06,1138.7199,1092.70,21642258
2021-11-22T06:25:46,1137.06,1138.7199,1092.70,21642258
2021-11-22T06:30:47,1137.06,1138.7199,1092.70,21642258
2021-11-22T06:35:48,1137.06,1138.7199,1092.70,21642258
2021-11-22T06:40:48,1137.06,1138.7199,1092.70,21642258
