Date-Time,Price,High,Low,Volume
2021-11-22T00:04:39,38.66,39.0999,38.00,30069135
2021-11-22T00:09:40,38.66,39.0999,38.00,30069135
2021-11-22T00:14:40,38.66,39.0999,38.00,30069135
2021-11-22T00:19:41,38.66,39.0999,38.00,30069135
2021-11-22T00:24:42,38.66,39.0999,38.00,30069135
2021-11-22T00:29:43,38.66,39.0999,38.00,30069135
2021-11-22T00:34:44,38.66,39.0999,38.00,30069135
2021-11-22T00:39:45,38.66,39.0999,38.00,30069135
2021-11-22T00:44:45,38.66,39.0999,38.00,30069135
2021-11-22T00:49:46,38.66,39.0999,38.00,30069135
2021-11-22T00:54:47,38.66,39.0999,38.00,30069135
2021-11-22T00:59:48,38.66,39.0999,38.00,30069135
2021-11-22T01:04:49,38.66,39.0999,38.00,30069135
2021-11-22T01:09:50,38.66,39.0999,38.00,30069135
2021-11-22T01:14:51,38.66,39.0999,38.00,30069135
2021-11-22T01:19:51,38.66,39.0999,38.00,30069135
2021-11-22T01:24:52,38.66,39.0999,38.00,30069135
2021-11-22T01:29:53,38.66,39.0999,38.00,30069135
2021-11-22T01:34:54,38.66,39.0999,38.00,30069135
2021-11-22T01:39:55,38.66,39.0999,38.00,30069135
2021-11-22T01:44:56,38.66,39.0999,38.00,30069135
2021-11-22T01:49:56,38.66,39.0999,38.00,30069135
2021-11-22T01:54:57,38.66,39.0999,38.00,30069135
2021-11-22T01:59:58,38.66,39.0999,38.00,30069135
2021-11-22T02:04:59,38.66,39.0999,38.00,30069135
2021-11-22T02:10:00,38.66,39.0999,38.00,30069135
2021-11-22T02:15:01,38.66,39.0999,38.00,30069135
2021-11-22T02:20:02,38.66,39.0999,38.00,30069135
2021-11-22T02:25:03,38.66,39.0999,38.00,30069135
2021-11-22T02:30:03,38.66,39.0999,38.00,30069135
2021-11-22T02:35:04,38.66,39.0999,38.00,30069135
2021-11-22T02:40:05,38.66,39.0999,38.00,30069135
2021-11-22T02:45:06,38.66,39.0999,38.00,30069135
2021-11-22T02:50:07,38.66,39.0999,38.00,30069135
2021-11-22T02:55:08,38.66,39.0999,38.00,30069135
2021-11-22T03:00:09,38.66,39.0999,38.00,30069135
2021-11-22T03:05:09,38.66,39.0999,38.00,30069135
2021-11-22T03:10:10,38.66,39.0999,38.00,30069135
2021-11-22T03:15:11,38.66,39.0999,38.00,30069135
2021-11-22T03:20:12,38.66,39.0999,38.00,30069135
2021-11-22T03:25:13,38.66,39.0999,38.00,30069135
2021-11-22T03:30:13,38.66,39.0999,38.00,30069135
2021-11-22T03:35:14,38.66,39.0999,38.00,30069135
2021-11-22T03:40:15,38.66,39.0999,38.00,30069135
2021-11-22T03:45:16,38.66,39.0999,38.00,30069135
2021-11-22T03:50:17,38.66,39.0999,38.00,30069135
2021-11-22T03:55:18,38.66,39.0999,38.00,30069135
2021-11-22T04:00:18,38.66,39.0999,38.00,30069135
2021-11-22T04:05:19,38.66,39.0999,38.00,30069135
2021-11-22T04:10:20,38.66,39.0999,38.00,30069135
2021-11-22T04:15:21,38.66,39.0999,38.00,30069135
2021-11-22T04:20:47,38.66,39.0999,38.00,30069135
2021-11-22T04:25:48,38.66,39.0999,38.00,30069135
2021-11-22T04:30:49,38.66,39.0999,38.00,30069135
2021-11-22T04:35:50,38.66,39.0999,38.00,30069135
2021-11-22T04:40:51,38.66,39.0999,38.00,30069135
2021-11-22T04:45:52,38.66,39.0999,38.00,30069135
2021-11-22T04:50:52,38.66,39.0999,38.00,30069135
2021-11-22T04:55:53,38.66,39.0999,38.00,30069135
2021-11-22T05:00:54,38.66,39.0999,38.00,30069135
2021-11-22T05:05:55,38.66,39.0999,38.00,30069135
2021-11-22T05:10:56,38.66,39.0999,38.00,30069135
2021-11-22T05:15:57,38.66,39.0999,38.00,30069135
2021-11-22T05:20:58,38.66,39.0999,38.00,30069135
2021-11-22T05:25:59,38.66,39.0999,38.00,30069135
2021-11-22T05:30:59,38.66,39.0999,38.00,30069135
2021-11-22T05:36:00,38.66,39.0999,38.00,30069135
2021-11-22T05:41:01,38.66,39.0999,38.00,30069135
