Date-Time,Price,High,Low,Volume
2021-11-22T00:04:39,345.30,352.10,339.90,26488541
2021-11-22T00:09:40,345.30,352.10,339.90,26488541
2021-11-22T00:14:40,345.30,352.10,339.90,26488541
2021-11-22T00:19:41,345.30,352.10,339.90,26488541
2021-11-22T00:24:42,345.30,352.10,339.90,26488541
2021-11-22T00:29:43,345.30,352.10,339.90,26488541
2021-11-22T00:34:44,345.30,352.10,339.90,26488541
2021-11-22T00:39:45,345.30,352.10,339.90,26488541
2021-11-22T00:44:46,345.30,352.10,339.90,26488541
2021-11-22T00:49:46,345.30,352.10,339.90,26488541
2021-11-22T00:54:47,345.30,352.10,339.90,26488541
2021-11-22T00:59:48,345.30,352.10,339.90,26488541
2021-11-22T01:04:49,345.30,352.10,339.90,26488541
2021-11-22T01:09:49,345.30,352.10,339.90,26488541
2021-11-22T01:14:50,345.30,352.10,339.90,26488541
2021-11-22T01:19:51,345.30,352.10,339.90,26488541
2021-11-22T01:24:52,345.30,352.10,339.90,26488541
2021-11-22T01:29:53,345.30,352.10,339.90,26488541
2021-11-22T01:34:54,345.30,352.10,339.90,26488541
2021-11-22T01:39:54,345.30,352.10,339.90,26488541
