Date-Time,Price,High,Low,Volume
2021-11-22T00:00:04,8.94,8.97,8.2483,1219955
2021-11-22T00:05:04,8.94,8.97,8.2483,1219955
2021-11-22T00:10:05,8.94,8.97,8.2483,1219955
2021-11-22T00:15:06,8.94,8.97,8.2483,1219955
2021-11-22T00:20:07,8.94,8.97,8.2483,1219955
2021-11-22T00:25:08,8.94,8.97,8.2483,1219955
2021-11-22T00:30:09,8.94,8.97,8.2483,1219955
2021-11-22T00:35:09,8.94,8.97,8.2483,1219955
2021-11-22T00:40:10,8.94,8.97,8.2483,1219955
2021-11-22T00:45:11,8.94,8.97,8.2483,1219955
2021-11-22T00:50:12,8.94,8.97,8.2483,1219955
2021-11-22T00:55:13,8.94,8.97,8.2483,1219955
2021-11-22T01:00:14,8.94,8.97,8.2483,1219955
2021-11-22T01:05:15,8.94,8.97,8.2483,1219955
2021-11-22T01:10:15,8.94,8.97,8.2483,1219955
2021-11-22T01:15:16,8.94,8.97,8.2483,1219955
2021-11-22T01:20:17,8.94,8.97,8.2483,1219955
2021-11-22T01:25:18,8.94,8.97,8.2483,1219955
2021-11-22T01:30:18,8.94,8.97,8.2483,1219955
2021-11-22T01:35:19,8.94,8.97,8.2483,1219955
2021-11-22T01:40:20,8.94,8.97,8.2483,1219955
