Date-Time,Price,High,Low,Volume
2021-11-22T00:04:38,128.60,139.90,125.60,49479449
2021-11-22T00:09:39,128.60,139.90,125.60,49479449
2021-11-22T00:14:40,128.60,139.90,125.60,49479449
2021-11-22T00:19:41,128.60,139.90,125.60,49479449
2021-11-22T00:24:42,128.60,139.90,125.60,49479449
2021-11-22T00:29:43,128.60,139.90,125.60,49479449
2021-11-22T00:34:44,128.60,139.90,125.60,49479449
2021-11-22T00:39:45,128.60,139.90,125.60,49479449
2021-11-22T00:44:45,128.60,139.90,125.60,49479449
2021-11-22T00:49:46,128.60,139.90,125.60,49479449
2021-11-22T00:54:47,128.60,139.90,125.60,49479449
2021-11-22T00:59:48,128.60,139.90,125.60,49479449
2021-11-22T01:04:49,128.60,139.90,125.60,49479449
2021-11-22T01:09:50,128.60,139.90,125.60,49479449
2021-11-22T01:14:51,128.60,139.90,125.60,49479449
2021-11-22T01:19:51,128.60,139.90,125.60,49479449
2021-11-22T01:24:52,128.60,139.90,125.60,49479449
2021-11-22T01:29:53,128.60,139.90,125.60,49479449
2021-11-22T01:34:54,128.60,139.90,125.60,49479449
2021-11-22T01:39:55,128.60,139.90,125.60,49479449
