Date-Time,Price,High,Low,Volume
2022-03-29T00:03:45,7.17,7.37,7.02,662141
2022-03-29T00:08:46,7.17,7.37,7.02,662141
2022-03-29T00:13:47,7.17,7.37,7.02,662141
2022-03-29T00:18:48,7.17,7.37,7.02,662141
2022-03-29T00:23:49,7.17,7.37,7.02,662141
2022-03-29T00:28:50,7.17,7.37,7.02,662141
2022-03-29T00:33:51,7.17,7.37,7.02,662141
2022-03-29T00:38:52,7.17,7.37,7.02,662141
2022-03-29T00:43:52,7.17,7.37,7.02,662141
2022-03-29T00:48:53,7.17,7.37,7.02,662141
2022-03-29T00:53:54,7.17,7.37,7.02,662141
2022-03-29T00:58:55,7.17,7.37,7.02,662141
