Date-Time,Price,High,Low,Volume
2022-03-29T00:03:46,1091.84,1097.8799,1053.60,34168693
2022-03-29T00:08:46,1091.84,1097.8799,1053.60,34168693
2022-03-29T00:13:47,1091.84,1097.8799,1053.60,34168693
2022-03-29T00:18:48,1091.84,1097.8799,1053.60,34168693
2022-03-29T00:23:49,1091.84,1097.8799,1053.60,34168693
2022-03-29T00:28:50,1091.84,1097.8799,1053.60,34168693
2022-03-29T00:33:50,1091.84,1097.8799,1053.60,34168693
2022-03-29T00:38:51,1091.84,1097.8799,1053.60,34168693
2022-03-29T00:43:52,1091.84,1097.8799,1053.60,34168693
2022-03-29T00:48:53,1091.84,1097.8799,1053.60,34168693
2022-03-29T00:53:54,1091.84,1097.8799,1053.60,34168693
2022-03-29T00:58:55,1091.84,1097.8799,1053.60,34168693
2022-03-29T01:03:55,1091.84,1097.8799,1053.60,34168693
2022-03-29T01:08:56,1091.84,1097.8799,1053.60,34168693
2022-03-29T01:13:57,1091.84,1097.8799,1053.60,34168693
2022-03-29T01:18:58,1091.84,1097.8799,1053.60,34168693
2022-03-29T01:23:59,1091.84,1097.8799,1053.60,34168693
2022-03-29T01:29:00,1091.84,1097.8799,1053.60,34168693
2022-03-29T01:34:00,1091.84,1097.8799,1053.60,34168693
2022-03-29T01:39:01,1091.84,1097.8799,1053.60,34168693
2022-03-29T01:44:02,1091.84,1097.8799,1053.60,34168693
2022-03-29T01:49:03,1091.84,1097.8799,1053.60,34168693
2022-03-29T01:54:04,1091.84,1097.8799,1053.60,34168693
2022-03-29T01:59:04,1091.84,1097.8799,1053.60,34168693
2022-03-29T02:04:05,1091.84,1097.8799,1053.60,34168693
2022-03-29T02:09:06,1091.84,1097.8799,1053.60,34168693
2022-03-29T02:14:07,1091.84,1097.8799,1053.60,34168693
2022-03-29T02:19:08,1091.84,1097.8799,1053.60,34168693
2022-03-29T02:24:08,1091.84,1097.8799,1053.60,34168693
2022-03-29T02:29:09,1091.84,1097.8799,1053.60,34168693
2022-03-29T02:34:10,1091.84,1097.8799,1053.60,34168693
2022-03-29T02:39:11,1091.84,1097.8799,1053.60,34168693
2022-03-29T02:44:12,1091.84,1097.8799,1053.60,34168693
2022-03-29T02:49:12,1091.84,1097.8799,1053.60,34168693
2022-03-29T02:54:13,1091.84,1097.8799,1053.60,34168693
2022-03-29T02:59:14,1091.84,1097.8799,1053.60,34168693
2022-03-29T03:04:15,1091.84,1097.8799,1053.60,34168693
2022-03-29T03:09:16,1091.84,1097.8799,1053.60,34168693
2022-03-29T03:14:16,1091.84,1097.8799,1053.60,34168693
2022-03-29T03:19:17,1091.84,1097.8799,1053.60,34168693
2022-03-29T03:24:18,1091.84,1097.8799,1053.60,34168693
2022-03-29T03:29:19,1091.84,1097.8799,1053.60,34168693
2022-03-29T03:34:20,1091.84,1097.8799,1053.60,34168693
2022-03-29T03:39:21,1091.84,1097.8799,1053.60,34168693
2022-03-29T03:44:21,1091.84,1097.8799,1053.60,34168693
2022-03-29T03:49:22,1091.84,1097.8799,1053.60,34168693
2022-03-29T03:54:23,1091.84,1097.8799,1053.60,34168693
2022-03-29T03:59:24,1091.84,1097.8799,1053.60,34168693
