Date-Time,Price,High,Low,Volume
2022-05-24T00:01:56,196.23,196.9924,191.24,25059161
2022-05-24T00:06:57,196.23,196.9924,191.24,25059161
2022-05-24T00:11:58,196.23,196.9924,191.24,25059161
2022-05-24T00:16:59,196.23,196.9924,191.24,25059161
2022-05-24T00:22:00,196.23,196.9924,191.24,25059161
2022-05-24T00:27:01,196.23,196.9924,191.24,25059161
2022-05-24T00:32:02,196.23,196.9924,191.24,25059161
2022-05-24T00:37:02,196.23,196.9924,191.24,25059161
2022-05-24T00:42:03,196.23,196.9924,191.24,25059161
2022-05-24T00:47:04,196.23,196.9924,191.24,25059161
2022-05-24T00:52:05,196.23,196.9924,191.24,25059161
2022-05-24T00:57:06,196.23,196.9924,191.24,25059161
