Date-Time,Price,High,Low,Volume
2022-05-24T00:04:15,27.99,28.61,26.70,21521781
2022-05-24T00:09:16,27.99,28.61,26.70,21521781
2022-05-24T00:14:17,27.99,28.61,26.70,21521781
2022-05-24T00:19:18,27.99,28.61,26.70,21521781
2022-05-24T00:24:18,27.99,28.61,26.70,21521781
2022-05-24T00:29:19,27.99,28.61,26.70,21521781
2022-05-24T00:34:20,27.99,28.61,26.70,21521781
2022-05-24T00:39:21,27.99,28.61,26.70,21521781
2022-05-24T00:44:22,27.99,28.61,26.70,21521781
2022-05-24T00:49:22,27.99,28.61,26.70,21521781
2022-05-24T00:54:23,27.99,28.61,26.70,21521781
