Date-Time,Price,High,Low,Volume
2022-05-24T00:01:59,674.90,679.9551,638.06,29634546
2022-05-24T00:07:00,674.90,679.9551,638.06,29634546
2022-05-24T00:12:01,674.90,679.9551,638.06,29634546
2022-05-24T00:17:02,674.90,679.9551,638.06,29634546
2022-05-24T00:22:03,674.90,679.9551,638.06,29634546
2022-05-24T00:27:03,674.90,679.9551,638.06,29634546
2022-05-24T00:32:04,674.90,679.9551,638.06,29634546
2022-05-24T00:37:05,674.90,679.9551,638.06,29634546
2022-05-24T00:42:06,674.90,679.9551,638.06,29634546
2022-05-24T00:47:07,674.90,679.9551,638.06,29634546
2022-05-24T00:52:08,674.90,679.9551,638.06,29634546
2022-05-24T00:57:09,674.90,679.9551,638.06,29634546
