Date-Time,Price,High,Low,Volume
2022-05-24T00:02:02,16.00,16.01,15.24,65594706
2022-05-24T00:07:02,16.00,16.01,15.24,65594706
2022-05-24T00:12:03,16.00,16.01,15.24,65594706
2022-05-24T00:17:04,16.00,16.01,15.24,65594706
2022-05-24T00:22:05,16.00,16.01,15.24,65594706
2022-05-24T00:27:06,16.00,16.01,15.24,65594706
2022-05-24T00:32:06,16.00,16.01,15.24,65594706
2022-05-24T00:37:07,16.00,16.01,15.24,65594706
2022-05-24T00:42:08,16.00,16.01,15.24,65594706
2022-05-24T00:47:09,16.00,16.01,15.24,65594706
2022-05-24T00:52:10,16.00,16.01,15.24,65594706
2022-05-24T00:57:11,16.00,16.01,15.24,65594706
2022-05-24T01:02:11,16.00,16.01,15.24,65594706
2022-05-24T01:07:12,16.00,16.01,15.24,65594706
2022-05-24T01:12:13,16.00,16.01,15.24,65594706
2022-05-24T01:17:14,16.00,16.01,15.24,65594706
2022-05-24T01:22:15,16.00,16.01,15.24,65594706
2022-05-24T01:27:16,16.00,16.01,15.24,65594706
2022-05-24T01:32:16,16.00,16.01,15.24,65594706
2022-05-24T01:37:17,16.00,16.01,15.24,65594706
2022-05-24T01:42:18,16.00,16.01,15.24,65594706
2022-05-24T01:47:19,16.00,16.01,15.24,65594706
2022-05-24T01:52:19,16.00,16.01,15.24,65594706
2022-05-24T01:57:20,16.00,16.01,15.24,65594706
