Date-Time,Price,High,Low,Volume
2021-12-22T00:01:44,938.53,939.50,886.12,23839305
2021-12-22T00:06:45,938.53,939.50,886.12,23839305
2021-12-22T00:11:46,938.53,939.50,886.12,23839305
2021-12-22T00:16:49,938.53,939.50,886.12,23839305
2021-12-22T00:21:50,938.53,939.50,886.12,23839305
2021-12-22T00:26:51,938.53,939.50,886.12,23839305
2021-12-22T00:31:52,938.53,939.50,886.12,23839305
2021-12-22T00:36:53,938.53,939.50,886.12,23839305
2021-12-22T00:41:53,938.53,939.50,886.12,23839305
2021-12-22T00:46:54,938.53,939.50,886.12,23839305
2021-12-22T00:51:55,938.53,939.50,886.12,23839305
2021-12-22T00:56:56,938.53,939.50,886.12,23839305
2021-12-22T01:01:56,938.53,939.50,886.12,23839305
2021-12-22T01:06:57,938.53,939.50,886.12,23839305
2021-12-22T01:11:58,938.53,939.50,886.12,23839305
2021-12-22T01:16:59,938.53,939.50,886.12,23839305
2021-12-22T01:22:00,938.53,939.50,886.12,23839305
2021-12-22T01:27:01,938.53,939.50,886.12,23839305
2021-12-22T01:32:02,938.53,939.50,886.12,23839305
2021-12-22T01:37:02,938.53,939.50,886.12,23839305
2021-12-22T01:42:03,938.53,939.50,886.12,23839305
2021-12-22T01:47:04,938.53,939.50,886.12,23839305
2021-12-22T01:52:05,938.53,939.50,886.12,23839305
2021-12-22T01:57:05,938.53,939.50,886.12,23839305
2021-12-22T02:02:06,938.53,939.50,886.12,23839305
2021-12-22T02:07:07,938.53,939.50,886.12,23839305
2021-12-22T02:12:08,938.53,939.50,886.12,23839305
2021-12-22T02:17:09,938.53,939.50,886.12,23839305
2021-12-22T02:22:09,938.53,939.50,886.12,23839305
2021-12-22T02:27:10,938.53,939.50,886.12,23839305
2021-12-22T02:32:11,938.53,939.50,886.12,23839305
2021-12-22T02:37:12,938.53,939.50,886.12,23839305
2021-12-22T02:42:13,938.53,939.50,886.12,23839305
2021-12-22T02:47:14,938.53,939.50,886.12,23839305
2021-12-22T02:52:15,938.53,939.50,886.12,23839305
2021-12-22T02:57:15,938.53,939.50,886.12,23839305
2021-12-22T03:02:16,938.53,939.50,886.12,23839305
2021-12-22T03:07:17,938.53,939.50,886.12,23839305
2021-12-22T03:12:18,938.53,939.50,886.12,23839305
2021-12-22T03:17:19,938.53,939.50,886.12,23839305
2021-12-22T03:22:19,938.53,939.50,886.12,23839305
2021-12-22T03:27:20,938.53,939.50,886.12,23839305
2021-12-22T03:32:21,938.53,939.50,886.12,23839305
2021-12-22T03:37:22,938.53,939.50,886.12,23839305
2021-12-22T03:42:22,938.53,939.50,886.12,23839305
2021-12-22T03:47:23,938.53,939.50,886.12,23839305
2021-12-22T03:52:24,938.53,939.50,886.12,23839305
2021-12-22T03:57:25,938.53,939.50,886.12,23839305
2021-12-22T04:02:26,938.53,939.50,886.12,23839305
2021-12-22T04:07:26,938.53,939.50,886.12,23839305
2021-12-22T04:12:27,938.53,939.50,886.12,23839305
2021-12-22T04:17:28,938.53,939.50,886.12,23839305
2021-12-22T04:22:29,938.53,939.50,886.12,23839305
2021-12-22T04:27:30,938.53,939.50,886.12,23839305
2021-12-22T04:32:31,938.53,939.50,886.12,23839305
2021-12-22T04:37:32,938.53,939.50,886.12,23839305
2021-12-22T04:42:32,938.53,939.50,886.12,23839305
2021-12-22T04:47:33,938.53,939.50,886.12,23839305
2021-12-22T04:52:34,938.53,939.50,886.12,23839305
2021-12-22T04:57:35,938.53,939.50,886.12,23839305
2021-12-22T05:02:36,938.53,939.50,886.12,23839305
2021-12-22T05:07:36,938.53,939.50,886.12,23839305
2021-12-22T05:12:37,938.53,939.50,886.12,23839305
2021-12-22T05:17:38,938.53,939.50,886.12,23839305
2021-12-22T05:22:39,938.53,939.50,886.12,23839305
2021-12-22T05:27:40,938.53,939.50,886.12,23839305
2021-12-22T05:32:40,938.53,939.50,886.12,23839305
2021-12-22T05:37:41,938.53,939.50,886.12,23839305
2021-12-22T05:42:42,938.53,939.50,886.12,23839305
2021-12-22T05:47:43,938.53,939.50,886.12,23839305
2021-12-22T05:52:44,938.53,939.50,886.12,23839305
2021-12-22T05:57:45,938.53,939.50,886.12,23839305
