Date-Time,Price,High,Low,Volume
2021-12-22T00:01:43,334.20,336.00,323.75,16116784
2021-12-22T00:06:44,334.20,336.00,323.75,16116784
2021-12-22T00:11:45,334.20,336.00,323.75,16116784
2021-12-22T00:16:46,334.20,336.00,323.75,16116784
2021-12-22T00:21:46,334.20,336.00,323.75,16116784
2021-12-22T00:26:47,334.20,336.00,323.75,16116784
2021-12-22T00:31:48,334.20,336.00,323.75,16116784
2021-12-22T00:36:49,334.20,336.00,323.75,16116784
2021-12-22T00:41:50,334.20,336.00,323.75,16116784
2021-12-22T00:46:50,334.20,336.00,323.75,16116784
2021-12-22T00:51:51,334.20,336.00,323.75,16116784
2021-12-22T00:56:52,334.20,336.00,323.75,16116784
2021-12-22T01:01:53,334.20,336.00,323.75,16116784
2021-12-22T01:06:54,334.20,336.00,323.75,16116784
2021-12-22T01:11:55,334.20,336.00,323.75,16116784
2021-12-22T01:16:55,334.20,336.00,323.75,16116784
2021-12-22T01:21:56,334.20,336.00,323.75,16116784
2021-12-22T01:26:57,334.20,336.00,323.75,16116784
2021-12-22T01:31:58,334.20,336.00,323.75,16116784
2021-12-22T01:36:59,334.20,336.00,323.75,16116784
2021-12-22T01:41:59,334.20,336.00,323.75,16116784
2021-12-22T01:47:00,334.20,336.00,323.75,16116784
2021-12-22T01:52:01,334.20,336.00,323.75,16116784
2021-12-22T01:57:02,334.20,336.00,323.75,16116784
