Date-Time,Price,High,Low,Volume
2021-12-22T00:02:37,96.82,98.42,92.05,12915065
2021-12-22T00:07:38,96.82,98.42,92.05,12915065
2021-12-22T00:12:39,96.82,98.42,92.05,12915065
2021-12-22T00:17:39,96.82,98.42,92.05,12915065
2021-12-22T00:22:40,96.82,98.42,92.05,12915065
2021-12-22T00:27:41,96.82,98.42,92.05,12915065
2021-12-22T00:32:42,96.82,98.42,92.05,12915065
2021-12-22T00:37:43,96.82,98.42,92.05,12915065
2021-12-22T00:42:44,96.82,98.42,92.05,12915065
2021-12-22T00:47:45,96.82,98.42,92.05,12915065
2021-12-22T00:52:45,96.82,98.42,92.05,12915065
2021-12-22T00:57:46,96.82,98.42,92.05,12915065
