Date-Time,Price,High,Low,Volume
2022-05-14T00:01:53,26.70,27.98,26.17,42674913
2022-05-14T00:06:54,26.70,27.98,26.17,42674913
2022-05-14T00:11:55,26.70,27.98,26.17,42674913
2022-05-14T00:16:56,26.70,27.98,26.17,42674913
2022-05-14T00:21:57,26.70,27.98,26.17,42674913
2022-05-14T00:26:57,26.70,27.98,26.17,42674913
2022-05-14T00:31:58,26.70,27.98,26.17,42674913
2022-05-14T00:36:59,26.70,27.98,26.17,42674913
2022-05-14T00:42:00,26.70,27.98,26.17,42674913
2022-05-14T00:47:01,26.70,27.98,26.17,42674913
2022-05-14T00:52:02,26.70,27.98,26.17,42674913
2022-05-14T00:57:03,26.70,27.98,26.17,42674913
2022-05-14T01:02:04,26.70,27.98,26.17,42674913
2022-05-14T01:07:05,26.70,27.98,26.17,42674913
2022-05-14T01:12:06,26.70,27.98,26.17,42674913
2022-05-14T01:17:06,26.70,27.98,26.17,42674913
2022-05-14T01:22:08,26.70,27.98,26.17,42674913
2022-05-14T01:27:08,26.70,27.98,26.17,42674913
2022-05-14T01:32:09,26.70,27.98,26.17,42674913
2022-05-14T01:37:10,26.70,27.98,26.17,42674913
2022-05-14T01:42:11,26.70,27.98,26.17,42674913
