Date-Time,Price,High,Low,Volume
2022-05-14T00:01:41,3.61,3.64,3.31,1022012
2022-05-14T00:06:42,3.61,3.64,3.31,1022012
2022-05-14T00:11:43,3.61,3.64,3.31,1022012
2022-05-14T00:16:43,3.61,3.64,3.31,1022012
2022-05-14T00:21:44,3.61,3.64,3.31,1022012
2022-05-14T00:26:46,3.61,3.64,3.31,1022012
2022-05-14T00:31:46,3.61,3.64,3.31,1022012
2022-05-14T00:36:47,3.61,3.64,3.31,1022012
2022-05-14T00:41:48,3.61,3.64,3.31,1022012
2022-05-14T00:46:49,3.61,3.64,3.31,1022012
2022-05-14T00:51:50,3.61,3.64,3.31,1022012
2022-05-14T00:56:51,3.61,3.64,3.31,1022012
2022-05-14T01:01:51,3.61,3.64,3.31,1022012
2022-05-14T01:06:52,3.61,3.64,3.31,1022012
2022-05-14T01:11:53,3.61,3.64,3.31,1022012
2022-05-14T01:16:54,3.61,3.64,3.31,1022012
2022-05-14T01:21:54,3.61,3.64,3.31,1022012
2022-05-14T01:26:55,3.61,3.64,3.31,1022012
2022-05-14T01:31:56,3.61,3.64,3.31,1022012
2022-05-14T01:36:57,3.61,3.64,3.31,1022012
2022-05-14T01:41:58,3.61,3.64,3.31,1022012
2022-05-14T01:46:59,3.61,3.64,3.31,1022012
2022-05-14T01:52:00,3.61,3.64,3.31,1022012
2022-05-14T01:57:01,3.61,3.64,3.31,1022012
2022-05-14T02:02:01,3.61,3.64,3.31,1022012
2022-05-14T02:07:03,3.61,3.64,3.31,1022012
2022-05-14T02:12:03,3.61,3.64,3.31,1022012
2022-05-14T02:17:04,3.61,3.64,3.31,1022012
2022-05-14T02:22:05,3.61,3.64,3.31,1022012
2022-05-14T02:27:06,3.61,3.64,3.31,1022012
2022-05-14T02:32:07,3.61,3.64,3.31,1022012
2022-05-14T02:37:08,3.61,3.64,3.31,1022012
2022-05-14T02:42:09,3.61,3.64,3.31,1022012
