Date-Time,Price,High,Low,Volume
2022-05-14T00:01:29,769.59,787.3499,751.565,30716908
2022-05-14T00:06:29,769.59,787.3499,751.565,30716908
2022-05-14T00:11:30,769.59,787.3499,751.565,30716908
2022-05-14T00:16:31,769.59,787.3499,751.565,30716908
2022-05-14T00:21:32,769.59,787.3499,751.565,30716908
2022-05-14T00:26:33,769.59,787.3499,751.565,30716908
2022-05-14T00:31:34,769.59,787.3499,751.565,30716908
2022-05-14T00:36:35,769.59,787.3499,751.565,30716908
2022-05-14T00:41:35,769.59,787.3499,751.565,30716908
2022-05-14T00:46:36,769.59,787.3499,751.565,30716908
2022-05-14T00:51:37,769.59,787.3499,751.565,30716908
2022-05-14T00:56:38,769.59,787.3499,751.565,30716908
2022-05-14T01:01:39,769.59,787.3499,751.565,30716908
2022-05-14T01:06:40,769.59,787.3499,751.565,30716908
2022-05-14T01:11:41,769.59,787.3499,751.565,30716908
2022-05-14T01:16:42,769.59,787.3499,751.565,30716908
2022-05-14T01:21:42,769.59,787.3499,751.565,30716908
2022-05-14T01:26:43,769.59,787.3499,751.565,30716908
2022-05-14T01:31:44,769.59,787.3499,751.565,30716908
2022-05-14T01:36:45,769.59,787.3499,751.565,30716908
2022-05-14T01:41:46,769.59,787.3499,751.565,30716908
