Date-Time,Price,High,Low,Volume
2022-05-26T00:00:02,14.64,15.00,14.09,44911059
2022-05-26T00:05:03,14.64,15.00,14.09,44911059
2022-05-26T00:10:04,14.64,15.00,14.09,44911059
2022-05-26T00:15:05,14.64,15.00,14.09,44911059
2022-05-26T00:20:06,14.64,15.00,14.09,44911059
2022-05-26T00:25:07,14.64,15.00,14.09,44911059
2022-05-26T00:30:08,14.64,15.00,14.09,44911059
2022-05-26T00:35:09,14.64,15.00,14.09,44911059
2022-05-26T00:40:09,14.64,15.00,14.09,44911059
2022-05-26T00:45:10,14.64,15.00,14.09,44911059
2022-05-26T00:50:11,14.64,15.00,14.09,44911059
2022-05-26T00:55:12,14.64,15.00,14.09,44911059
2022-05-26T01:00:13,14.64,15.00,14.09,44911059
2022-05-26T01:05:14,14.64,15.00,14.09,44911059
2022-05-26T01:10:14,14.64,15.00,14.09,44911059
2022-05-26T01:15:15,14.64,15.00,14.09,44911059
2022-05-26T01:20:16,14.64,15.00,14.09,44911059
2022-05-26T01:25:17,14.64,15.00,14.09,44911059
2022-05-26T01:30:18,14.64,15.00,14.09,44911059
2022-05-26T01:35:19,14.64,15.00,14.09,44911059
2022-05-26T01:40:19,14.64,15.00,14.09,44911059
2022-05-26T01:45:20,14.64,15.00,14.09,44911059
2022-05-26T01:50:21,14.64,15.00,14.09,44911059
2022-05-26T01:55:22,14.64,15.00,14.09,44911059
2022-05-26T02:00:23,14.64,15.00,14.09,44911059
2022-05-26T02:05:23,14.64,15.00,14.09,44911059
2022-05-26T02:10:24,14.64,15.00,14.09,44911059
2022-05-26T02:15:25,14.64,15.00,14.09,44911059
2022-05-26T02:20:26,14.64,15.00,14.09,44911059
2022-05-26T02:25:27,14.64,15.00,14.09,44911059
2022-05-26T02:30:27,14.64,15.00,14.09,44911059
2022-05-26T02:35:28,14.64,15.00,14.09,44911059
2022-05-26T02:40:29,14.64,15.00,14.09,44911059
2022-05-26T02:45:30,14.64,15.00,14.09,44911059
2022-05-26T02:50:31,14.64,15.00,14.09,44911059
2022-05-26T02:55:32,14.64,15.00,14.09,44911059
2022-05-26T03:00:32,14.64,15.00,14.09,44911059
2022-05-26T03:05:33,14.64,15.00,14.09,44911059
2022-05-26T03:10:34,14.64,15.00,14.09,44911059
2022-05-26T03:15:35,14.64,15.00,14.09,44911059
2022-05-26T03:20:36,14.64,15.00,14.09,44911059
2022-05-26T03:25:36,14.64,15.00,14.09,44911059
2022-05-26T03:30:37,14.64,15.00,14.09,44911059
2022-05-26T03:35:38,14.64,15.00,14.09,44911059
2022-05-26T03:40:39,14.64,15.00,14.09,44911059
2022-05-26T03:45:40,14.64,15.00,14.09,44911059
2022-05-26T03:50:40,14.64,15.00,14.09,44911059
2022-05-26T03:55:41,14.64,15.00,14.09,44911059
2022-05-26T04:00:42,14.64,15.00,14.09,44911059
2022-05-26T04:05:43,14.64,15.00,14.09,44911059
2022-05-26T04:10:44,14.64,15.00,14.09,44911059
2022-05-26T04:15:44,14.64,15.00,14.09,44911059
2022-05-26T04:20:45,14.64,15.00,14.09,44911059
2022-05-26T04:25:46,14.64,15.00,14.09,44911059
2022-05-26T04:30:47,14.64,15.00,14.09,44911059
2022-05-26T04:35:48,14.64,15.00,14.09,44911059
2022-05-26T04:40:49,14.64,15.00,14.09,44911059
2022-05-26T04:45:49,14.64,15.00,14.09,44911059
2022-05-26T04:50:50,14.64,15.00,14.09,44911059
2022-05-26T04:55:51,14.64,15.00,14.09,44911059
2022-05-26T05:00:52,14.64,15.00,14.09,44911059
2022-05-26T05:05:53,14.64,15.00,14.09,44911059
2022-05-26T05:10:54,14.64,15.00,14.09,44911059
2022-05-26T05:15:55,14.64,15.00,14.09,44911059
2022-05-26T05:20:56,14.64,15.00,14.09,44911059
2022-05-26T05:25:56,14.64,15.00,14.09,44911059
2022-05-26T05:30:58,14.64,15.00,14.09,44911059
2022-05-26T05:35:58,14.64,15.00,14.09,44911059
2022-05-26T05:40:59,14.64,15.00,14.09,44911059
2022-05-26T05:46:00,14.64,15.00,14.09,44911059
2022-05-26T05:51:01,14.64,15.00,14.09,44911059
2022-05-26T05:56:02,14.64,15.00,14.09,44911059
