Date-Time,Price,High,Low,Volume
2022-05-26T00:00:02,183.83,185.45,179.32,28030194
2022-05-26T00:05:03,183.83,185.45,179.32,28030194
2022-05-26T00:10:04,183.83,185.45,179.32,28030194
2022-05-26T00:15:05,183.83,185.45,179.32,28030194
2022-05-26T00:20:06,183.83,185.45,179.32,28030194
2022-05-26T00:25:07,183.83,185.45,179.32,28030194
2022-05-26T00:30:07,183.83,185.45,179.32,28030194
2022-05-26T00:35:08,183.83,185.45,179.32,28030194
2022-05-26T00:40:09,183.83,185.45,179.32,28030194
2022-05-26T00:45:10,183.83,185.45,179.32,28030194
2022-05-26T00:50:11,183.83,185.45,179.32,28030194
2022-05-26T00:55:11,183.83,185.45,179.32,28030194
2022-05-26T01:00:12,183.83,185.45,179.32,28030194
