Date-Time,Price,High,Low,Volume
2022-05-26T00:02:56,27.25,27.725,25.72,15742056
2022-05-26T00:07:57,27.25,27.725,25.72,15742056
2022-05-26T00:12:58,27.25,27.725,25.72,15742056
2022-05-26T00:17:58,27.25,27.725,25.72,15742056
2022-05-26T00:22:59,27.25,27.725,25.72,15742056
2022-05-26T00:28:01,27.25,27.725,25.72,15742056
2022-05-26T00:33:01,27.25,27.725,25.72,15742056
2022-05-26T00:38:02,27.25,27.725,25.72,15742056
2022-05-26T00:43:03,27.25,27.725,25.72,15742056
2022-05-26T00:48:04,27.25,27.725,25.72,15742056
2022-05-26T00:53:05,27.25,27.725,25.72,15742056
2022-05-26T00:58:05,27.25,27.725,25.72,15742056
