Date-Time,Price,High,Low,Volume
2022-06-03T00:03:08,198.86,200.935,187.73,31951582
2022-06-03T00:08:09,198.86,200.935,187.73,31951582
2022-06-03T00:13:10,198.86,200.935,187.73,31951582
2022-06-03T00:18:11,198.86,200.935,187.73,31951582
2022-06-03T00:23:12,198.86,200.935,187.73,31951582
2022-06-03T00:28:12,198.86,200.935,187.73,31951582
2022-06-03T00:33:13,198.86,200.935,187.73,31951582
2022-06-03T00:38:14,198.86,200.935,187.73,31951582
2022-06-03T00:43:15,198.86,200.935,187.73,31951582
2022-06-03T00:48:16,198.86,200.935,187.73,31951582
2022-06-03T00:53:17,198.86,200.935,187.73,31951582
2022-06-03T00:58:17,198.86,200.935,187.73,31951582
2022-06-03T01:03:18,198.86,200.935,187.73,31951582
2022-06-03T01:08:19,198.86,200.935,187.73,31951582
