Date-Time,Price,High,Low,Volume
2022-06-03T00:01:19,31.94,32.79,29.16,15175272
2022-06-03T00:06:20,31.94,32.79,29.16,15175272
2022-06-03T00:11:20,31.94,32.79,29.16,15175272
2022-06-03T00:16:21,31.94,32.79,29.16,15175272
2022-06-03T00:21:22,31.94,32.79,29.16,15175272
2022-06-03T00:26:23,31.94,32.79,29.16,15175272
2022-06-03T00:31:24,31.94,32.79,29.16,15175272
2022-06-03T00:36:25,31.94,32.79,29.16,15175272
2022-06-03T00:41:25,31.94,32.79,29.16,15175272
2022-06-03T00:46:26,31.94,32.79,29.16,15175272
2022-06-03T00:51:27,31.94,32.79,29.16,15175272
2022-06-03T00:56:28,31.94,32.79,29.16,15175272
2022-06-03T01:01:29,31.94,32.79,29.16,15175272
2022-06-03T01:06:30,31.94,32.79,29.16,15175272
2022-06-03T01:11:30,31.94,32.79,29.16,15175272
2022-06-03T01:16:31,31.94,32.79,29.16,15175272
2022-06-03T01:21:32,31.94,32.79,29.16,15175272
2022-06-03T01:26:33,31.94,32.79,29.16,15175272
2022-06-03T01:31:34,31.94,32.79,29.16,15175272
2022-06-03T01:36:35,31.94,32.79,29.16,15175272
2022-06-03T01:41:36,31.94,32.79,29.16,15175272
2022-06-03T01:46:36,31.94,32.79,29.16,15175272
2022-06-03T01:51:37,31.94,32.79,29.16,15175272
2022-06-03T01:56:38,31.94,32.79,29.16,15175272
2022-06-03T02:01:39,31.94,32.79,29.16,15175272
2022-06-03T02:06:40,31.94,32.79,29.16,15175272
2022-06-03T02:11:41,31.94,32.79,29.16,15175272
2022-06-03T02:16:41,31.94,32.79,29.16,15175272
2022-06-03T02:21:42,31.94,32.79,29.16,15175272
2022-06-03T02:26:43,31.94,32.79,29.16,15175272
2022-06-03T02:31:44,31.94,32.79,29.16,15175272
2022-06-03T02:36:45,31.94,32.79,29.16,15175272
2022-06-03T02:41:46,31.94,32.79,29.16,15175272
2022-06-03T02:46:46,31.94,32.79,29.16,15175272
2022-06-03T02:51:47,31.94,32.79,29.16,15175272
2022-06-03T02:56:48,31.94,32.79,29.16,15175272
2022-06-03T03:01:49,31.94,32.79,29.16,15175272
2022-06-03T03:06:50,31.94,32.79,29.16,15175272
2022-06-03T03:11:51,31.94,32.79,29.16,15175272
2022-06-03T03:16:52,31.94,32.79,29.16,15175272
2022-06-03T03:21:53,31.94,32.79,29.16,15175272
2022-06-03T03:26:53,31.94,32.79,29.16,15175272
2022-06-03T03:31:54,31.94,32.79,29.16,15175272
2022-06-03T03:36:55,31.94,32.79,29.16,15175272
2022-06-03T03:41:56,31.94,32.79,29.16,15175272
2022-06-03T03:46:56,31.94,32.79,29.16,15175272
2022-06-03T03:51:58,31.94,32.79,29.16,15175272
2022-06-03T03:56:58,31.94,32.79,29.16,15175272
2022-06-03T04:01:59,31.94,32.79,29.16,15175272
2022-06-03T04:07:00,31.94,32.79,29.16,15175272
2022-06-03T04:12:01,31.94,32.79,29.16,15175272
2022-06-03T04:17:02,31.94,32.79,29.16,15175272
2022-06-03T04:22:02,31.94,32.79,29.16,15175272
2022-06-03T04:27:03,31.94,32.79,29.16,15175272
2022-06-03T04:32:04,31.94,32.79,29.16,15175272
2022-06-03T04:37:05,31.94,32.79,29.16,15175272
2022-06-03T04:42:06,31.94,32.79,29.16,15175272
2022-06-03T04:47:07,31.94,32.79,29.16,15175272
2022-06-03T04:52:08,31.94,32.79,29.16,15175272
2022-06-03T04:57:09,31.94,32.79,29.16,15175272
2022-06-03T05:02:10,31.94,32.79,29.16,15175272
2022-06-03T05:07:10,31.94,32.79,29.16,15175272
2022-06-03T05:12:11,31.94,32.79,29.16,15175272
2022-06-03T05:17:12,31.94,32.79,29.16,15175272
2022-06-03T05:22:13,31.94,32.79,29.16,15175272
2022-06-03T05:27:14,31.94,32.79,29.16,15175272
2022-06-03T05:32:15,31.94,32.79,29.16,15175272
2022-06-03T05:37:15,31.94,32.79,29.16,15175272
2022-06-03T05:42:17,31.94,32.79,29.16,15175272
2022-06-03T05:47:17,31.94,32.79,29.16,15175272
2022-06-03T05:52:18,31.94,32.79,29.16,15175272
2022-06-03T05:57:19,31.94,32.79,29.16,15175272
2022-06-03T06:02:21,31.94,32.79,29.16,15175272
2022-06-03T06:07:22,31.94,32.79,29.16,15175272
2022-06-03T06:12:23,31.94,32.79,29.16,15175272
2022-06-03T06:17:23,31.94,32.79,29.16,15175272
2022-06-03T06:22:24,31.94,32.79,29.16,15175272
2022-06-03T06:27:25,31.94,32.79,29.16,15175272
2022-06-03T06:32:26,31.94,32.79,29.16,15175272
2022-06-03T06:37:27,31.94,32.79,29.16,15175272
2022-06-03T06:42:27,31.94,32.79,29.16,15175272
2022-06-03T06:47:28,30.74,30.89,30.50,799813
2022-06-03T06:52:29,30.2719,31.00,30.26,1237435
2022-06-03T06:57:30,30.75,31.08,30.21,1836306
2022-06-03T07:02:31,30.56,31.08,30.21,2071631
2022-06-03T07:07:32,30.8407,31.08,30.21,2360141
