Date-Time,Price,High,Low,Volume
2022-06-03T00:01:19,5.20,5.23,4.82,1340261
2022-06-03T00:06:19,5.20,5.23,4.82,1340261
2022-06-03T00:11:20,5.20,5.23,4.82,1340261
2022-06-03T00:16:21,5.20,5.23,4.82,1340261
2022-06-03T00:21:22,5.20,5.23,4.82,1340261
2022-06-03T00:26:23,5.20,5.23,4.82,1340261
2022-06-03T00:31:24,5.20,5.23,4.82,1340261
2022-06-03T00:36:25,5.20,5.23,4.82,1340261
2022-06-03T00:41:25,5.20,5.23,4.82,1340261
2022-06-03T00:46:26,5.20,5.23,4.82,1340261
2022-06-03T00:51:27,5.20,5.23,4.82,1340261
2022-06-03T00:56:28,5.20,5.23,4.82,1340261
2022-06-03T01:01:29,5.20,5.23,4.82,1340261
2022-06-03T01:06:30,5.20,5.23,4.82,1340261
