Date-Time,Price,High,Low,Volume
2022-06-03T00:03:03,775.00,792.63,726.20,31157706
2022-06-03T00:08:04,775.00,792.63,726.20,31157706
2022-06-03T00:13:05,775.00,792.63,726.20,31157706
2022-06-03T00:18:06,775.00,792.63,726.20,31157706
2022-06-03T00:23:07,775.00,792.63,726.20,31157706
2022-06-03T00:28:08,775.00,792.63,726.20,31157706
2022-06-03T00:33:08,775.00,792.63,726.20,31157706
2022-06-03T00:38:09,775.00,792.63,726.20,31157706
2022-06-03T00:43:10,775.00,792.63,726.20,31157706
2022-06-03T00:48:11,775.00,792.63,726.20,31157706
2022-06-03T00:53:12,775.00,792.63,726.20,31157706
2022-06-03T00:58:13,775.00,792.63,726.20,31157706
2022-06-03T01:03:14,775.00,792.63,726.20,31157706
2022-06-03T01:08:14,775.00,792.63,726.20,31157706
2022-06-03T01:13:15,775.00,792.63,726.20,31157706
2022-06-03T01:18:16,775.00,792.63,726.20,31157706
2022-06-03T01:23:17,775.00,792.63,726.20,31157706
2022-06-03T01:28:18,775.00,792.63,726.20,31157706
2022-06-03T01:33:18,775.00,792.63,726.20,31157706
2022-06-03T01:38:19,775.00,792.63,726.20,31157706
2022-06-03T01:43:20,775.00,792.63,726.20,31157706
2022-06-03T01:48:21,775.00,792.63,726.20,31157706
2022-06-03T01:53:22,775.00,792.63,726.20,31157706
2022-06-03T01:58:23,775.00,792.63,726.20,31157706
2022-06-03T02:03:24,775.00,792.63,726.20,31157706
2022-06-03T02:08:24,775.00,792.63,726.20,31157706
2022-06-03T02:13:25,775.00,792.63,726.20,31157706
2022-06-03T02:18:26,775.00,792.63,726.20,31157706
2022-06-03T02:23:27,775.00,792.63,726.20,31157706
2022-06-03T02:28:28,775.00,792.63,726.20,31157706
2022-06-03T02:33:29,775.00,792.63,726.20,31157706
2022-06-03T02:38:29,775.00,792.63,726.20,31157706
2022-06-03T02:43:31,775.00,792.63,726.20,31157706
2022-06-03T02:48:31,775.00,792.63,726.20,31157706
2022-06-03T02:53:32,775.00,792.63,726.20,31157706
2022-06-03T02:58:33,775.00,792.63,726.20,31157706
2022-06-03T03:03:34,775.00,792.63,726.20,31157706
2022-06-03T03:08:35,775.00,792.63,726.20,31157706
2022-06-03T03:13:36,775.00,792.63,726.20,31157706
2022-06-03T03:18:36,775.00,792.63,726.20,31157706
2022-06-03T03:23:37,775.00,792.63,726.20,31157706
2022-06-03T03:28:38,775.00,792.63,726.20,31157706
2022-06-03T03:33:39,775.00,792.63,726.20,31157706
2022-06-03T03:38:40,775.00,792.63,726.20,31157706
2022-06-03T03:43:40,775.00,792.63,726.20,31157706
2022-06-03T03:48:41,775.00,792.63,726.20,31157706
2022-06-03T03:53:42,775.00,792.63,726.20,31157706
2022-06-03T03:58:43,775.00,792.63,726.20,31157706
2022-06-03T04:03:44,775.00,792.63,726.20,31157706
2022-06-03T04:08:44,775.00,792.63,726.20,31157706
2022-06-03T04:13:45,775.00,792.63,726.20,31157706
2022-06-03T04:18:46,775.00,792.63,726.20,31157706
2022-06-03T04:23:47,775.00,792.63,726.20,31157706
2022-06-03T04:28:48,775.00,792.63,726.20,31157706
2022-06-03T04:33:48,775.00,792.63,726.20,31157706
2022-06-03T04:38:49,775.00,792.63,726.20,31157706
2022-06-03T04:43:50,775.00,792.63,726.20,31157706
2022-06-03T04:48:51,775.00,792.63,726.20,31157706
2022-06-03T04:53:52,775.00,792.63,726.20,31157706
2022-06-03T04:58:53,775.00,792.63,726.20,31157706
2022-06-03T05:03:53,775.00,792.63,726.20,31157706
2022-06-03T05:08:54,775.00,792.63,726.20,31157706
