Date-Time,Price,High,Low,Volume
2022-04-27T00:03:36,30.68,33.80,30.58,18829955
2022-04-27T00:08:37,30.68,33.80,30.58,18829955
2022-04-27T00:13:37,30.68,33.80,30.58,18829955
2022-04-27T00:18:38,30.68,33.80,30.58,18829955
2022-04-27T00:23:39,30.68,33.80,30.58,18829955
2022-04-27T00:28:40,30.68,33.80,30.58,18829955
2022-04-27T00:33:41,30.68,33.80,30.58,18829955
2022-04-27T00:38:42,30.68,33.80,30.58,18829955
2022-04-27T00:43:43,30.68,33.80,30.58,18829955
2022-04-27T00:48:43,30.68,33.80,30.58,18829955
2022-04-27T00:53:44,30.68,33.80,30.58,18829955
2022-04-27T00:58:45,30.68,33.80,30.58,18829955
2022-04-27T01:03:46,30.68,33.80,30.58,18829955
2022-04-27T01:08:47,30.68,33.80,30.58,18829955
2022-04-27T01:13:47,30.68,33.80,30.58,18829955
2022-04-27T01:18:48,30.68,33.80,30.58,18829955
2022-04-27T01:23:49,30.68,33.80,30.58,18829955
