Date-Time,Price,High,Low,Volume
2022-04-27T00:03:14,4.73,5.12,4.66,843750
2022-04-27T00:08:15,4.73,5.12,4.66,843750
2022-04-27T00:13:16,4.73,5.12,4.66,843750
2022-04-27T00:18:17,4.73,5.12,4.66,843750
2022-04-27T00:23:17,4.73,5.12,4.66,843750
2022-04-27T00:28:18,4.73,5.12,4.66,843750
2022-04-27T00:33:20,4.73,5.12,4.66,843750
2022-04-27T00:38:21,4.73,5.12,4.66,843750
2022-04-27T00:43:22,4.73,5.12,4.66,843750
2022-04-27T00:48:23,4.73,5.12,4.66,843750
2022-04-27T00:53:23,4.73,5.12,4.66,843750
2022-04-27T00:58:24,4.73,5.12,4.66,843750
2022-04-27T01:03:25,4.73,5.12,4.66,843750
2022-04-27T01:08:26,4.73,5.12,4.66,843750
2022-04-27T01:13:26,4.73,5.12,4.66,843750
2022-04-27T01:18:27,4.73,5.12,4.66,843750
2022-04-27T01:23:28,4.73,5.12,4.66,843750
