Date-Time,Price,High,Low,Volume
2022-04-27T00:03:14,16.36,17.41,16.16,52771605
2022-04-27T00:08:15,16.36,17.41,16.16,52771605
2022-04-27T00:13:15,16.36,17.41,16.16,52771605
2022-04-27T00:18:16,16.36,17.41,16.16,52771605
2022-04-27T00:23:17,16.36,17.41,16.16,52771605
2022-04-27T00:28:18,16.36,17.41,16.16,52771605
2022-04-27T00:33:19,16.36,17.41,16.16,52771605
2022-04-27T00:38:19,16.36,17.41,16.16,52771605
2022-04-27T00:43:20,16.36,17.41,16.16,52771605
2022-04-27T00:48:21,16.36,17.41,16.16,52771605
2022-04-27T00:53:22,16.36,17.41,16.16,52771605
2022-04-27T00:58:23,16.36,17.41,16.16,52771605
2022-04-27T01:03:24,16.36,17.41,16.16,52771605
2022-04-27T01:08:24,16.36,17.41,16.16,52771605
2022-04-27T01:13:25,16.36,17.41,16.16,52771605
2022-04-27T01:18:26,16.36,17.41,16.16,52771605
2022-04-27T01:23:27,16.36,17.41,16.16,52771605
2022-04-27T01:28:28,16.36,17.41,16.16,52771605
2022-04-27T01:33:28,16.36,17.41,16.16,52771605
2022-04-27T01:38:29,16.36,17.41,16.16,52771605
2022-04-27T01:43:30,16.36,17.41,16.16,52771605
2022-04-27T01:48:31,16.36,17.41,16.16,52771605
2022-04-27T01:53:31,16.36,17.41,16.16,52771605
2022-04-27T01:58:32,16.36,17.41,16.16,52771605
2022-04-27T02:03:33,16.36,17.41,16.16,52771605
2022-04-27T02:08:34,16.36,17.41,16.16,52771605
2022-04-27T02:13:35,16.36,17.41,16.16,52771605
2022-04-27T02:18:36,16.36,17.41,16.16,52771605
2022-04-27T02:23:36,16.36,17.41,16.16,52771605
