Date-Time,Price,High,Low,Volume
2022-04-27T00:03:14,180.95,187.185,179.50,31747434
2022-04-27T00:08:15,180.95,187.185,179.50,31747434
2022-04-27T00:13:15,180.95,187.185,179.50,31747434
2022-04-27T00:18:16,180.95,187.185,179.50,31747434
2022-04-27T00:23:17,180.95,187.185,179.50,31747434
2022-04-27T00:28:18,180.95,187.185,179.50,31747434
2022-04-27T00:33:19,180.95,187.185,179.50,31747434
2022-04-27T00:38:19,180.95,187.185,179.50,31747434
2022-04-27T00:43:20,180.95,187.185,179.50,31747434
2022-04-27T00:48:21,180.95,187.185,179.50,31747434
2022-04-27T00:53:22,180.95,187.185,179.50,31747434
2022-04-27T00:58:23,180.95,187.185,179.50,31747434
2022-04-27T01:03:23,180.95,187.185,179.50,31747434
2022-04-27T01:08:24,180.95,187.185,179.50,31747434
2022-04-27T01:13:25,180.95,187.185,179.50,31747434
2022-04-27T01:18:26,180.95,187.185,179.50,31747434
2022-04-27T01:23:27,180.95,187.185,179.50,31747434
