Date-Time,Price,High,Low,Volume
2022-04-30T00:00:21,16.70,18.19,16.658,62933918
2022-04-30T00:05:22,16.70,18.19,16.658,62933918
2022-04-30T00:10:23,16.70,18.19,16.658,62933918
2022-04-30T00:15:24,16.70,18.19,16.658,62933918
2022-04-30T00:20:25,16.70,18.19,16.658,62933918
2022-04-30T00:25:26,16.70,18.19,16.658,62933918
2022-04-30T00:30:27,16.70,18.19,16.658,62933918
2022-04-30T00:35:27,16.70,18.19,16.658,62933918
2022-04-30T00:40:28,16.70,18.19,16.658,62933918
2022-04-30T00:45:29,16.70,18.19,16.658,62933918
2022-04-30T00:50:30,16.70,18.19,16.658,62933918
2022-04-30T00:55:31,16.70,18.19,16.658,62933918
2022-04-30T01:00:31,16.70,18.19,16.658,62933918
2022-04-30T01:05:33,16.70,18.19,16.658,62933918
2022-04-30T01:10:33,16.70,18.19,16.658,62933918
2022-04-30T01:15:34,16.70,18.19,16.658,62933918
2022-04-30T01:20:35,16.70,18.19,16.658,62933918
2022-04-30T01:25:36,16.70,18.19,16.658,62933918
2022-04-30T01:30:37,16.70,18.19,16.658,62933918
2022-04-30T01:35:37,16.70,18.19,16.658,62933918
2022-04-30T01:40:38,16.70,18.19,16.658,62933918
2022-04-30T01:45:39,16.70,18.19,16.658,62933918
2022-04-30T01:50:40,16.70,18.19,16.658,62933918
2022-04-30T01:55:41,16.70,18.19,16.658,62933918
2022-04-30T02:00:42,16.70,18.19,16.658,62933918
2022-04-30T02:05:42,16.70,18.19,16.658,62933918
2022-04-30T02:10:43,16.70,18.19,16.658,62933918
2022-04-30T02:15:44,16.70,18.19,16.658,62933918
2022-04-30T02:20:45,16.70,18.19,16.658,62933918
2022-04-30T02:25:46,16.70,18.19,16.658,62933918
2022-04-30T02:30:46,16.70,18.19,16.658,62933918
2022-04-30T02:35:47,16.70,18.19,16.658,62933918
2022-04-30T02:40:48,16.70,18.19,16.658,62933918
2022-04-30T02:45:49,16.70,18.19,16.658,62933918
2022-04-30T02:50:49,16.70,18.19,16.658,62933918
2022-04-30T02:55:50,16.70,18.19,16.658,62933918
2022-04-30T03:00:51,16.70,18.19,16.658,62933918
2022-04-30T03:05:52,16.70,18.19,16.658,62933918
2022-04-30T03:10:53,16.70,18.19,16.658,62933918
2022-04-30T03:15:53,16.70,18.19,16.658,62933918
2022-04-30T03:20:54,16.70,18.19,16.658,62933918
2022-04-30T03:25:55,16.70,18.19,16.658,62933918
2022-04-30T03:30:56,16.70,18.19,16.658,62933918
2022-04-30T03:35:57,16.70,18.19,16.658,62933918
2022-04-30T03:40:58,16.70,18.19,16.658,62933918
2022-04-30T03:45:58,16.70,18.19,16.658,62933918
2022-04-30T03:50:59,16.70,18.19,16.658,62933918
2022-04-30T03:56:00,16.70,18.19,16.658,62933918
2022-04-30T04:01:01,16.70,18.19,16.658,62933918
2022-04-30T04:06:02,16.70,18.19,16.658,62933918
2022-04-30T04:11:02,16.70,18.19,16.658,62933918
2022-04-30T04:16:03,16.70,18.19,16.658,62933918
2022-04-30T04:21:04,16.70,18.19,16.658,62933918
2022-04-30T04:26:05,16.70,18.19,16.658,62933918
2022-04-30T04:31:06,16.70,18.19,16.658,62933918
2022-04-30T04:36:07,16.70,18.19,16.658,62933918
2022-04-30T04:41:07,16.70,18.19,16.658,62933918
2022-04-30T04:46:08,16.70,18.19,16.658,62933918
2022-04-30T04:51:09,16.70,18.19,16.658,62933918
2022-04-30T04:56:10,16.70,18.19,16.658,62933918
2022-04-30T05:01:11,16.70,18.19,16.658,62933918
2022-04-30T05:06:12,16.70,18.19,16.658,62933918
2022-04-30T05:11:12,16.70,18.19,16.658,62933918
2022-04-30T05:16:13,16.70,18.19,16.658,62933918
2022-04-30T05:21:14,16.70,18.19,16.658,62933918
2022-04-30T05:26:15,16.70,18.19,16.658,62933918
2022-04-30T05:31:16,16.70,18.19,16.658,62933918
2022-04-30T05:36:16,16.70,18.19,16.658,62933918
2022-04-30T05:41:17,16.70,18.19,16.658,62933918
2022-04-30T05:46:18,16.70,18.19,16.658,62933918
2022-04-30T05:51:19,16.70,18.19,16.658,62933918
2022-04-30T05:56:20,16.70,18.19,16.658,62933918
2022-04-30T06:01:21,16.70,18.19,16.658,62933918
2022-04-30T06:06:21,16.70,18.19,16.658,62933918
2022-04-30T06:11:22,16.70,18.19,16.658,62933918
2022-04-30T06:16:23,16.70,18.19,16.658,62933918
2022-04-30T06:21:24,16.70,18.19,16.658,62933918
2022-04-30T06:26:25,16.70,18.19,16.658,62933918
2022-04-30T06:31:25,16.70,18.19,16.658,62933918
2022-04-30T06:36:26,16.70,18.19,16.658,62933918
2022-04-30T06:41:27,16.70,18.19,16.658,62933918
2022-04-30T06:46:28,16.70,18.19,16.658,62933918
2022-04-30T06:51:29,16.70,18.19,16.658,62933918
2022-04-30T06:56:30,16.70,18.19,16.658,62933918
2022-04-30T07:01:30,16.70,18.19,16.658,62933918
2022-04-30T07:06:31,16.70,18.19,16.658,62933918
2022-04-30T07:11:32,16.70,18.19,16.658,62933918
2022-04-30T07:16:33,16.70,18.19,16.658,62933918
2022-04-30T07:21:34,16.70,18.19,16.658,62933918
2022-04-30T07:26:35,16.70,18.19,16.658,62933918
2022-04-30T07:31:35,16.70,18.19,16.658,62933918
2022-04-30T07:36:36,16.70,18.19,16.658,62933918
2022-04-30T07:41:37,16.70,18.19,16.658,62933918
2022-04-30T07:46:38,16.70,18.19,16.658,62933918
2022-04-30T07:51:39,16.70,18.19,16.658,62933918
2022-04-30T07:56:40,16.70,18.19,16.658,62933918
2022-04-30T08:01:41,16.70,18.19,16.658,62933918
2022-04-30T08:06:41,16.70,18.19,16.658,62933918
2022-04-30T08:11:42,16.70,18.19,16.658,62933918
2022-04-30T08:16:43,16.70,18.19,16.658,62933918
2022-04-30T08:21:44,16.70,18.19,16.658,62933918
2022-04-30T08:26:45,16.70,18.19,16.658,62933918
2022-04-30T08:31:46,16.70,18.19,16.658,62933918
2022-04-30T08:36:46,16.70,18.19,16.658,62933918
2022-04-30T08:41:47,16.70,18.19,16.658,62933918
2022-04-30T08:46:48,16.70,18.19,16.658,62933918
2022-04-30T08:51:49,16.70,18.19,16.658,62933918
2022-04-30T08:56:49,16.70,18.19,16.658,62933918
2022-04-30T09:01:50,16.70,18.19,16.658,62933918
2022-04-30T09:06:51,16.70,18.19,16.658,62933918
2022-04-30T09:11:52,16.70,18.19,16.658,62933918
2022-04-30T09:16:53,16.70,18.19,16.658,62933918
2022-04-30T09:21:54,16.70,18.19,16.658,62933918
2022-04-30T09:26:55,16.70,18.19,16.658,62933918
2022-04-30T09:31:56,16.70,18.19,16.658,62933918
2022-04-30T09:36:56,16.70,18.19,16.658,62933918
2022-04-30T09:41:57,16.70,18.19,16.658,62933918
2022-04-30T09:46:58,16.70,18.19,16.658,62933918
2022-04-30T09:51:59,16.70,18.19,16.658,62933918
2022-04-30T09:56:59,16.70,18.19,16.658,62933918
2022-04-30T10:02:00,16.70,18.19,16.658,62933918
2022-04-30T10:07:01,16.70,18.19,16.658,62933918
2022-04-30T10:12:02,16.70,18.19,16.658,62933918
2022-04-30T10:17:03,16.70,18.19,16.658,62933918
2022-04-30T10:22:04,16.70,18.19,16.658,62933918
2022-04-30T10:27:04,16.70,18.19,16.658,62933918
2022-04-30T10:32:05,16.70,18.19,16.658,62933918
2022-04-30T10:37:06,16.70,18.19,16.658,62933918
2022-04-30T10:42:07,16.70,18.19,16.658,62933918
2022-04-30T10:47:08,16.70,18.19,16.658,62933918
2022-04-30T10:52:09,16.70,18.19,16.658,62933918
2022-04-30T10:57:10,16.70,18.19,16.658,62933918
2022-04-30T11:02:11,16.70,18.19,16.658,62933918
2022-04-30T11:07:11,16.70,18.19,16.658,62933918
2022-04-30T11:12:12,16.70,18.19,16.658,62933918
2022-04-30T11:17:13,16.70,18.19,16.658,62933918
2022-04-30T11:22:14,16.70,18.19,16.658,62933918
2022-04-30T11:27:14,16.70,18.19,16.658,62933918
2022-04-30T11:32:16,16.70,18.19,16.658,62933918
2022-04-30T11:37:17,16.70,18.19,16.658,62933918
2022-04-30T11:42:18,16.70,18.19,16.658,62933918
2022-04-30T11:47:19,16.70,18.19,16.658,62933918
2022-04-30T11:52:19,16.70,18.19,16.658,62933918
2022-04-30T11:57:20,16.70,18.19,16.658,62933918
2022-04-30T12:02:21,16.70,18.19,16.658,62933918
2022-04-30T12:07:22,16.70,18.19,16.658,62933918
2022-04-30T12:12:23,16.70,18.19,16.658,62933918
2022-04-30T12:17:23,16.70,18.19,16.658,62933918
2022-04-30T12:22:24,16.70,18.19,16.658,62933918
2022-04-30T12:27:25,16.70,18.19,16.658,62933918
2022-04-30T12:32:26,16.70,18.19,16.658,62933918
2022-04-30T12:37:27,16.70,18.19,16.658,62933918
2022-04-30T12:42:28,16.70,18.19,16.658,62933918
2022-04-30T12:47:29,16.70,18.19,16.658,62933918
2022-04-30T12:52:30,16.70,18.19,16.658,62933918
2022-04-30T12:57:30,16.70,18.19,16.658,62933918
2022-04-30T13:02:31,16.70,18.19,16.658,62933918
2022-04-30T13:07:32,16.70,18.19,16.658,62933918
2022-04-30T13:12:35,16.70,18.19,16.658,62933918
2022-04-30T13:17:35,16.70,18.19,16.658,62933918
2022-04-30T13:22:36,16.70,18.19,16.658,62933918
2022-04-30T13:27:37,16.70,18.19,16.658,62933918
2022-04-30T13:32:38,16.70,18.19,16.658,62933918
2022-04-30T13:37:39,16.70,18.19,16.658,62933918
2022-04-30T13:42:39,16.70,18.19,16.658,62933918
2022-04-30T13:47:40,16.70,18.19,16.658,62933918
2022-04-30T13:52:41,16.70,18.19,16.658,62933918
2022-04-30T13:57:42,16.70,18.19,16.658,62933918
2022-04-30T14:02:43,16.70,18.19,16.658,62933918
2022-04-30T14:07:43,16.70,18.19,16.658,62933918
2022-04-30T14:12:44,16.70,18.19,16.658,62933918
2022-04-30T14:17:45,16.70,18.19,16.658,62933918
2022-04-30T14:22:46,16.70,18.19,16.658,62933918
2022-04-30T14:27:47,16.70,18.19,16.658,62933918
2022-04-30T14:32:48,16.70,18.19,16.658,62933918
2022-04-30T14:37:48,16.70,18.19,16.658,62933918
2022-04-30T14:42:49,16.70,18.19,16.658,62933918
2022-04-30T14:47:50,16.70,18.19,16.658,62933918
2022-04-30T14:52:51,16.70,18.19,16.658,62933918
2022-04-30T14:57:52,16.70,18.19,16.658,62933918
2022-04-30T15:02:52,16.70,18.19,16.658,62933918
2022-04-30T15:07:53,16.70,18.19,16.658,62933918
2022-04-30T15:12:54,16.70,18.19,16.658,62933918
2022-04-30T15:17:55,16.70,18.19,16.658,62933918
2022-04-30T15:22:56,16.70,18.19,16.658,62933918
2022-04-30T15:27:57,16.70,18.19,16.658,62933918
