Date-Time,Price,High,Low,Volume
2022-04-30T00:00:21,200.47,212.48,199.90,49193434
2022-04-30T00:05:22,200.47,212.48,199.90,49193434
2022-04-30T00:10:23,200.47,212.48,199.90,49193434
2022-04-30T00:15:24,200.47,212.48,199.90,49193434
2022-04-30T00:20:25,200.47,212.48,199.90,49193434
2022-04-30T00:25:26,200.47,212.48,199.90,49193434
2022-04-30T00:30:27,200.47,212.48,199.90,49193434
2022-04-30T00:35:27,200.47,212.48,199.90,49193434
2022-04-30T00:40:28,200.47,212.48,199.90,49193434
2022-04-30T00:45:29,200.47,212.48,199.90,49193434
2022-04-30T00:50:30,200.47,212.48,199.90,49193434
2022-04-30T00:55:31,200.47,212.48,199.90,49193434
2022-04-30T01:00:31,200.47,212.48,199.90,49193434
2022-04-30T01:05:32,200.47,212.48,199.90,49193434
2022-04-30T01:10:33,200.47,212.48,199.90,49193434
2022-04-30T01:15:34,200.47,212.48,199.90,49193434
2022-04-30T01:20:35,200.47,212.48,199.90,49193434
2022-04-30T01:25:36,200.47,212.48,199.90,49193434
