Date-Time,Price,High,Low,Volume
2022-04-30T00:00:37,30.24,33.7799,30.10,12877355
2022-04-30T00:05:38,30.24,33.7799,30.10,12877355
2022-04-30T00:10:39,30.24,33.7799,30.10,12877355
2022-04-30T00:15:40,30.24,33.7799,30.10,12877355
2022-04-30T00:20:41,30.24,33.7799,30.10,12877355
2022-04-30T00:25:42,30.24,33.7799,30.10,12877355
2022-04-30T00:30:42,30.24,33.7799,30.10,12877355
2022-04-30T00:35:43,30.24,33.7799,30.10,12877355
2022-04-30T00:40:44,30.24,33.7799,30.10,12877355
2022-04-30T00:45:45,30.24,33.7799,30.10,12877355
2022-04-30T00:50:46,30.24,33.7799,30.10,12877355
2022-04-30T00:55:47,30.24,33.7799,30.10,12877355
2022-04-30T01:00:47,30.24,33.7799,30.10,12877355
2022-04-30T01:05:48,30.24,33.7799,30.10,12877355
2022-04-30T01:10:49,30.24,33.7799,30.10,12877355
2022-04-30T01:15:50,30.24,33.7799,30.10,12877355
2022-04-30T01:20:50,30.24,33.7799,30.10,12877355
2022-04-30T01:25:51,30.24,33.7799,30.10,12877355
