Date-Time,Price,High,Low,Volume
2022-04-30T00:00:38,870.76,934.3999,870.00,29377665
2022-04-30T00:05:39,870.76,934.3999,870.00,29377665
2022-04-30T00:10:40,870.76,934.3999,870.00,29377665
2022-04-30T00:15:41,870.76,934.3999,870.00,29377665
2022-04-30T00:20:42,870.76,934.3999,870.00,29377665
2022-04-30T00:25:42,870.76,934.3999,870.00,29377665
2022-04-30T00:30:43,870.76,934.3999,870.00,29377665
2022-04-30T00:35:44,870.76,934.3999,870.00,29377665
2022-04-30T00:40:45,870.76,934.3999,870.00,29377665
2022-04-30T00:45:46,870.76,934.3999,870.00,29377665
2022-04-30T00:50:46,870.76,934.3999,870.00,29377665
2022-04-30T00:55:47,870.76,934.3999,870.00,29377665
2022-04-30T01:00:48,870.76,934.3999,870.00,29377665
2022-04-30T01:05:49,870.76,934.3999,870.00,29377665
2022-04-30T01:10:49,870.76,934.3999,870.00,29377665
2022-04-30T01:15:50,870.76,934.3999,870.00,29377665
2022-04-30T01:20:51,870.76,934.3999,870.00,29377665
2022-04-30T01:25:52,870.76,934.3999,870.00,29377665
2022-04-30T01:30:53,870.76,934.3999,870.00,29377665
2022-04-30T01:35:53,870.76,934.3999,870.00,29377665
2022-04-30T01:40:54,870.76,934.3999,870.00,29377665
2022-04-30T01:45:55,870.76,934.3999,870.00,29377665
2022-04-30T01:50:56,870.76,934.3999,870.00,29377665
2022-04-30T01:55:57,870.76,934.3999,870.00,29377665
2022-04-30T02:00:58,870.76,934.3999,870.00,29377665
2022-04-30T02:05:58,870.76,934.3999,870.00,29377665
2022-04-30T02:10:59,870.76,934.3999,870.00,29377665
2022-04-30T02:16:00,870.76,934.3999,870.00,29377665
2022-04-30T02:21:01,870.76,934.3999,870.00,29377665
2022-04-30T02:26:02,870.76,934.3999,870.00,29377665
2022-04-30T02:31:03,870.76,934.3999,870.00,29377665
2022-04-30T02:36:03,870.76,934.3999,870.00,29377665
2022-04-30T02:41:04,870.76,934.3999,870.00,29377665
2022-04-30T02:46:05,870.76,934.3999,870.00,29377665
2022-04-30T02:51:06,870.76,934.3999,870.00,29377665
2022-04-30T02:56:07,870.76,934.3999,870.00,29377665
2022-04-30T03:01:08,870.76,934.3999,870.00,29377665
2022-04-30T03:06:08,870.76,934.3999,870.00,29377665
2022-04-30T03:11:09,870.76,934.3999,870.00,29377665
2022-04-30T03:16:10,870.76,934.3999,870.00,29377665
2022-04-30T03:21:11,870.76,934.3999,870.00,29377665
2022-04-30T03:26:12,870.76,934.3999,870.00,29377665
2022-04-30T03:31:13,870.76,934.3999,870.00,29377665
2022-04-30T03:36:13,870.76,934.3999,870.00,29377665
2022-04-30T03:41:14,870.76,934.3999,870.00,29377665
2022-04-30T03:46:15,870.76,934.3999,870.00,29377665
2022-04-30T03:51:16,870.76,934.3999,870.00,29377665
2022-04-30T03:56:17,870.76,934.3999,870.00,29377665
2022-04-30T04:01:17,870.76,934.3999,870.00,29377665
2022-04-30T04:06:18,870.76,934.3999,870.00,29377665
2022-04-30T04:11:19,870.76,934.3999,870.00,29377665
2022-04-30T04:16:20,870.76,934.3999,870.00,29377665
2022-04-30T04:21:21,870.76,934.3999,870.00,29377665
2022-04-30T04:26:22,870.76,934.3999,870.00,29377665
