Date-Time,Price,High,Low,Volume
2022-01-11T00:01:43,28.91,29.155,27.78,44833597
2022-01-11T00:06:44,28.91,29.155,27.78,44833597
2022-01-11T00:11:45,28.91,29.155,27.78,44833597
2022-01-11T00:16:46,28.91,29.155,27.78,44833597
2022-01-11T00:21:47,28.91,29.155,27.78,44833597
2022-01-11T00:26:47,28.91,29.155,27.78,44833597
2022-01-11T00:31:48,28.91,29.155,27.78,44833597
2022-01-11T00:36:49,28.91,29.155,27.78,44833597
2022-01-11T00:41:50,28.91,29.155,27.78,44833597
2022-01-11T00:46:51,28.91,29.155,27.78,44833597
2022-01-11T00:51:51,28.91,29.155,27.78,44833597
2022-01-11T00:56:52,28.91,29.155,27.78,44833597
2022-01-11T01:01:53,28.91,29.155,27.78,44833597
2022-01-11T01:06:54,28.91,29.155,27.78,44833597
2022-01-11T01:11:54,28.91,29.155,27.78,44833597
2022-01-11T01:16:55,28.91,29.155,27.78,44833597
2022-01-11T01:21:56,28.91,29.155,27.78,44833597
2022-01-11T01:26:57,28.91,29.155,27.78,44833597
2022-01-11T01:31:58,28.91,29.155,27.78,44833597
2022-01-11T01:36:58,28.91,29.155,27.78,44833597
2022-01-11T01:41:59,28.91,29.155,27.78,44833597
2022-01-11T01:47:00,28.91,29.155,27.78,44833597
2022-01-11T01:52:01,28.91,29.155,27.78,44833597
2022-01-11T01:57:02,28.91,29.155,27.78,44833597
2022-01-11T02:02:02,28.91,29.155,27.78,44833597
2022-01-11T02:07:04,28.91,29.155,27.78,44833597
2022-01-11T02:12:05,28.91,29.155,27.78,44833597
2022-01-11T02:17:06,28.91,29.155,27.78,44833597
2022-01-11T02:22:07,28.91,29.155,27.78,44833597
