Date-Time,Price,High,Low,Volume
2022-01-11T00:01:46,81.44,83.75,77.65,17289838
2022-01-11T00:06:47,81.44,83.75,77.65,17289838
2022-01-11T00:11:47,81.44,83.75,77.65,17289838
2022-01-11T00:16:49,81.44,83.75,77.65,17289838
2022-01-11T00:21:50,81.44,83.75,77.65,17289838
2022-01-11T00:26:51,81.44,83.75,77.65,17289838
2022-01-11T00:31:52,81.44,83.75,77.65,17289838
2022-01-11T00:36:53,81.44,83.75,77.65,17289838
2022-01-11T00:41:54,81.44,83.75,77.65,17289838
2022-01-11T00:46:55,81.44,83.75,77.65,17289838
2022-01-11T00:51:56,81.44,83.75,77.65,17289838
2022-01-11T00:56:56,81.44,83.75,77.65,17289838
2022-01-11T01:01:57,81.44,83.75,77.65,17289838
2022-01-11T01:06:58,81.44,83.75,77.65,17289838
2022-01-11T01:11:59,81.44,83.75,77.65,17289838
2022-01-11T01:17:00,81.44,83.75,77.65,17289838
2022-01-11T01:22:01,81.44,83.75,77.65,17289838
2022-01-11T01:27:02,81.44,83.75,77.65,17289838
2022-01-11T01:32:02,81.44,83.75,77.65,17289838
2022-01-11T01:37:03,81.44,83.75,77.65,17289838
2022-01-11T01:42:04,81.44,83.75,77.65,17289838
2022-01-11T01:47:05,81.44,83.75,77.65,17289838
2022-01-11T01:52:06,81.44,83.75,77.65,17289838
2022-01-11T01:57:06,81.44,83.75,77.65,17289838
2022-01-11T02:02:07,81.44,83.75,77.65,17289838
2022-01-11T02:07:08,81.44,83.75,77.65,17289838
2022-01-11T02:12:09,81.44,83.75,77.65,17289838
2022-01-11T02:17:09,81.44,83.75,77.65,17289838
2022-01-11T02:22:10,81.44,83.75,77.65,17289838
2022-01-11T02:27:11,81.44,83.75,77.65,17289838
2022-01-11T02:32:12,81.44,83.75,77.65,17289838
2022-01-11T02:37:13,81.44,83.75,77.65,17289838
2022-01-11T02:42:13,81.44,83.75,77.65,17289838
2022-01-11T02:47:14,81.44,83.75,77.65,17289838
2022-01-11T02:52:15,81.44,83.75,77.65,17289838
2022-01-11T02:57:16,81.44,83.75,77.65,17289838
2022-01-11T03:02:17,81.44,83.75,77.65,17289838
2022-01-11T03:07:18,81.44,83.75,77.65,17289838
2022-01-11T03:12:18,81.44,83.75,77.65,17289838
2022-01-11T03:17:19,81.44,83.75,77.65,17289838
2022-01-11T03:22:20,81.44,83.75,77.65,17289838
