Date-Time,Price,High,Low,Volume
2022-01-11T00:02:46,328.07,328.34,315.43,24942383
2022-01-11T00:07:47,328.07,328.34,315.43,24942383
2022-01-11T00:12:48,328.07,328.34,315.43,24942383
2022-01-11T00:17:49,328.07,328.34,315.43,24942383
2022-01-11T00:22:50,328.07,328.34,315.43,24942383
2022-01-11T00:27:51,328.07,328.34,315.43,24942383
2022-01-11T00:32:51,328.07,328.34,315.43,24942383
2022-01-11T00:37:52,328.07,328.34,315.43,24942383
2022-01-11T00:42:53,328.07,328.34,315.43,24942383
2022-01-11T00:47:54,328.07,328.34,315.43,24942383
2022-01-11T00:52:55,328.07,328.34,315.43,24942383
2022-01-11T00:57:56,328.07,328.34,315.43,24942383
2022-01-11T01:02:56,328.07,328.34,315.43,24942383
2022-01-11T01:07:57,328.07,328.34,315.43,24942383
2022-01-11T01:12:58,328.07,328.34,315.43,24942383
2022-01-11T01:17:59,328.07,328.34,315.43,24942383
2022-01-11T01:23:00,328.07,328.34,315.43,24942383
