Date-Time,Price,High,Low,Volume
2022-01-12T00:00:16,1064.40,1075.85,1038.82,22021070
2022-01-12T00:05:17,1064.40,1075.85,1038.82,22021070
2022-01-12T00:10:18,1064.40,1075.85,1038.82,22021070
2022-01-12T00:15:19,1064.40,1075.85,1038.82,22021070
2022-01-12T00:20:19,1064.40,1075.85,1038.82,22021070
2022-01-12T00:25:20,1064.40,1075.85,1038.82,22021070
2022-01-12T00:30:21,1064.40,1075.85,1038.82,22021070
2022-01-12T00:35:22,1064.40,1075.85,1038.82,22021070
2022-01-12T00:40:23,1064.40,1075.85,1038.82,22021070
2022-01-12T00:45:27,1064.40,1075.85,1038.82,22021070
2022-01-12T00:50:27,1064.40,1075.85,1038.82,22021070
2022-01-12T00:55:28,1064.40,1075.85,1038.82,22021070
2022-01-12T01:00:29,1064.40,1075.85,1038.82,22021070
2022-01-12T01:05:30,1064.40,1075.85,1038.82,22021070
2022-01-12T01:10:31,1064.40,1075.85,1038.82,22021070
2022-01-12T01:15:32,1064.40,1075.85,1038.82,22021070
2022-01-12T01:20:32,1064.40,1075.85,1038.82,22021070
2022-01-12T01:25:33,1064.40,1075.85,1038.82,22021070
2022-01-12T01:30:34,1064.40,1075.85,1038.82,22021070
2022-01-12T01:35:35,1064.40,1075.85,1038.82,22021070
2022-01-12T01:40:36,1064.40,1075.85,1038.82,22021070
2022-01-12T01:45:37,1064.40,1075.85,1038.82,22021070
2022-01-12T01:50:37,1064.40,1075.85,1038.82,22021070
2022-01-12T01:55:38,1064.40,1075.85,1038.82,22021070
2022-01-12T02:00:39,1064.40,1075.85,1038.82,22021070
2022-01-12T02:05:40,1064.40,1075.85,1038.82,22021070
2022-01-12T02:10:40,1064.40,1075.85,1038.82,22021070
2022-01-12T02:15:48,1064.40,1075.85,1038.82,22021070
2022-01-12T02:20:48,1064.40,1075.85,1038.82,22021070
2022-01-12T02:25:50,1064.40,1075.85,1038.82,22021070
2022-01-12T02:30:50,1064.40,1075.85,1038.82,22021070
2022-01-12T02:35:51,1064.40,1075.85,1038.82,22021070
2022-01-12T02:40:52,1064.40,1075.85,1038.82,22021070
2022-01-12T02:45:53,1064.40,1075.85,1038.82,22021070
2022-01-12T02:50:55,1064.40,1075.85,1038.82,22021070
2022-01-12T02:55:55,1064.40,1075.85,1038.82,22021070
2022-01-12T03:00:56,1064.40,1075.85,1038.82,22021070
2022-01-12T03:05:57,1064.40,1075.85,1038.82,22021070
2022-01-12T03:10:58,1064.40,1075.85,1038.82,22021070
2022-01-12T03:15:58,1064.40,1075.85,1038.82,22021070
2022-01-12T03:20:59,1064.40,1075.85,1038.82,22021070
2022-01-12T03:26:00,1064.40,1075.85,1038.82,22021070
2022-01-12T03:31:01,1064.40,1075.85,1038.82,22021070
2022-01-12T03:36:02,1064.40,1075.85,1038.82,22021070
2022-01-12T03:41:02,1064.40,1075.85,1038.82,22021070
2022-01-12T03:46:03,1064.40,1075.85,1038.82,22021070
2022-01-12T03:51:04,1064.40,1075.85,1038.82,22021070
2022-01-12T03:56:05,1064.40,1075.85,1038.82,22021070
2022-01-12T04:01:06,1064.40,1075.85,1038.82,22021070
2022-01-12T04:06:07,1064.40,1075.85,1038.82,22021070
2022-01-12T04:11:09,1064.40,1075.85,1038.82,22021070
2022-01-12T04:16:10,1064.40,1075.85,1038.82,22021070
2022-01-12T04:21:11,1064.40,1075.85,1038.82,22021070
2022-01-12T04:26:12,1064.40,1075.85,1038.82,22021070
2022-01-12T04:31:12,1064.40,1075.85,1038.82,22021070
2022-01-12T04:36:13,1064.40,1075.85,1038.82,22021070
2022-01-12T04:41:14,1064.40,1075.85,1038.82,22021070
2022-01-12T04:46:15,1064.40,1075.85,1038.82,22021070
2022-01-12T04:51:16,1064.40,1075.85,1038.82,22021070
2022-01-12T04:56:17,1064.40,1075.85,1038.82,22021070
2022-01-12T05:01:18,1064.40,1075.85,1038.82,22021070
2022-01-12T05:06:19,1064.40,1075.85,1038.82,22021070
2022-01-12T05:11:20,1064.40,1075.85,1038.82,22021070
2022-01-12T05:16:20,1064.40,1075.85,1038.82,22021070
2022-01-12T05:21:21,1064.40,1075.85,1038.82,22021070
2022-01-12T05:26:22,1064.40,1075.85,1038.82,22021070
2022-01-12T05:31:23,1064.40,1075.85,1038.82,22021070
2022-01-12T05:36:24,1064.40,1075.85,1038.82,22021070
2022-01-12T05:41:25,1064.40,1075.85,1038.82,22021070
2022-01-12T05:46:26,1064.40,1075.85,1038.82,22021070
2022-01-12T05:51:26,1064.40,1075.85,1038.82,22021070
2022-01-12T05:56:27,1064.40,1075.85,1038.82,22021070
2022-01-12T06:01:28,1064.40,1075.85,1038.82,22021070
2022-01-12T06:06:29,1064.40,1075.85,1038.82,22021070
2022-01-12T06:11:30,1064.40,1075.85,1038.82,22021070
2022-01-12T06:16:31,1064.40,1075.85,1038.82,22021070
2022-01-12T06:21:31,1064.40,1075.85,1038.82,22021070
2022-01-12T06:26:32,1064.40,1075.85,1038.82,22021070
2022-01-12T06:31:33,1064.40,1075.85,1038.82,22021070
2022-01-12T06:36:34,1064.40,1075.85,1038.82,22021070
2022-01-12T06:41:34,1064.40,1075.85,1038.82,761863
2022-01-12T06:46:35,1084.1366,1084.16,1077.27,1293170
2022-01-12T06:51:36,1078.7657,1088.88,1073.75,2403813
2022-01-12T06:56:37,1074.1169,1088.88,1073.2001,3014252
2022-01-12T07:01:38,1076.70,1088.88,1072.5901,3514532
2022-01-12T07:06:39,1081.97,1088.88,1072.5901,4041535
2022-01-12T07:11:39,1085.9008,1088.88,1072.5901,4621694
2022-01-12T07:16:40,1084.2945,1088.88,1072.5901,5017747
2022-01-12T07:21:41,1083.87,1088.88,1072.5901,5378974
2022-01-12T07:26:42,1095.32,1096.04,1072.5901,6309252
2022-01-12T07:31:43,1092.2797,1096.66,1072.5901,6860560
2022-01-12T07:36:43,1096.01,1098.8799,1072.5901,7423676
2022-01-12T07:41:44,1099.1676,1100.94,1072.5901,8035471
2022-01-12T07:46:45,1095.63,1102.9648,1072.5901,8689454
2022-01-12T07:51:46,1098.65,1102.9648,1072.5901,9129220
2022-01-12T07:56:46,1092.01,1102.9648,1072.5901,9566359
2022-01-12T08:01:47,1094.60,1102.9648,1072.5901,10042619
2022-01-12T08:06:48,1090.00,1102.9648,1072.5901,10632794
2022-01-12T08:11:49,1084.515,1102.9648,1072.5901,11049629
2022-01-12T08:16:50,1093.66,1102.9648,1072.5901,11535557
2022-01-12T08:21:51,1085.1597,1102.9648,1072.5901,11891471
2022-01-12T08:26:52,1087.6931,1102.9648,1072.5901,12232653
