Date-Time,Price,High,Low,Volume
2022-01-12T00:00:23,5.20,5.3299,4.94,661207
2022-01-12T00:05:24,5.20,5.3299,4.94,661207
2022-01-12T00:10:24,5.20,5.3299,4.94,661207
2022-01-12T00:15:25,5.20,5.3299,4.94,661207
2022-01-12T00:20:26,5.20,5.3299,4.94,661207
2022-01-12T00:25:27,5.20,5.3299,4.94,661207
2022-01-12T00:30:28,5.20,5.3299,4.94,661207
2022-01-12T00:35:28,5.20,5.3299,4.94,661207
2022-01-12T00:40:29,5.20,5.3299,4.94,661207
2022-01-12T00:45:30,5.20,5.3299,4.94,661207
2022-01-12T00:50:31,5.20,5.3299,4.94,661207
2022-01-12T00:55:35,5.20,5.3299,4.94,661207
2022-01-12T01:00:35,5.20,5.3299,4.94,661207
2022-01-12T01:05:36,5.20,5.3299,4.94,661207
2022-01-12T01:10:37,5.20,5.3299,4.94,661207
2022-01-12T01:15:38,5.20,5.3299,4.94,661207
2022-01-12T01:20:39,5.20,5.3299,4.94,661207
2022-01-12T01:25:39,5.20,5.3299,4.94,661207
