Date-Time,Price,High,Low,Volume
2022-01-12T00:02:07,334.37,334.63,325.28,16226847
2022-01-12T00:07:07,334.37,334.63,325.28,16226847
2022-01-12T00:12:08,334.37,334.63,325.28,16226847
2022-01-12T00:17:09,334.37,334.63,325.28,16226847
2022-01-12T00:22:10,334.37,334.63,325.28,16226847
2022-01-12T00:27:10,334.37,334.63,325.28,16226847
2022-01-12T00:32:14,334.37,334.63,325.28,16226847
2022-01-12T00:37:16,334.37,334.63,325.28,16226847
2022-01-12T00:42:17,334.37,334.63,325.28,16226847
2022-01-12T00:47:18,334.37,334.63,325.28,16226847
2022-01-12T00:52:19,334.37,334.63,325.28,16226847
2022-01-12T00:57:19,334.37,334.63,325.28,16226847
2022-01-12T01:02:22,334.37,334.63,325.28,16226847
2022-01-12T01:07:23,334.37,334.63,325.28,16226847
2022-01-12T01:12:23,334.37,334.63,325.28,16226847
2022-01-12T01:17:24,334.37,334.63,325.28,16226847
2022-01-12T01:22:25,334.37,334.63,325.28,16226847
2022-01-12T01:27:26,334.37,334.63,325.28,16226847
2022-01-12T01:32:26,334.37,334.63,325.28,16226847
2022-01-12T01:37:28,334.37,334.63,325.28,16226847
2022-01-12T01:42:28,334.37,334.63,325.28,16226847
2022-01-12T01:47:29,334.37,334.63,325.28,16226847
2022-01-12T01:52:30,334.37,334.63,325.28,16226847
2022-01-12T01:57:31,334.37,334.63,325.28,16226847
2022-01-12T02:02:32,334.37,334.63,325.28,16226847
2022-01-12T02:07:33,334.37,334.63,325.28,16226847
2022-01-12T02:12:33,334.37,334.63,325.28,16226847
2022-01-12T02:17:34,334.37,334.63,325.28,16226847
2022-01-12T02:22:35,334.37,334.63,325.28,16226847
2022-01-12T02:27:36,334.37,334.63,325.28,16226847
2022-01-12T02:32:37,334.37,334.63,325.28,16226847
2022-01-12T02:37:38,334.37,334.63,325.28,16226847
2022-01-12T02:42:38,334.37,334.63,325.28,16226847
2022-01-12T02:47:39,334.37,334.63,325.28,16226847
2022-01-12T02:52:40,334.37,334.63,325.28,16226847
2022-01-12T02:57:41,334.37,334.63,325.28,16226847
2022-01-12T03:02:42,334.37,334.63,325.28,16226847
2022-01-12T03:07:42,334.37,334.63,325.28,16226847
2022-01-12T03:12:43,334.37,334.63,325.28,16226847
2022-01-12T03:17:44,334.37,334.63,325.28,16226847
2022-01-12T03:22:45,334.37,334.63,325.28,16226847
2022-01-12T03:27:46,334.37,334.63,325.28,16226847
2022-01-12T03:32:47,334.37,334.63,325.28,16226847
2022-01-12T03:37:49,334.37,334.63,325.28,16226847
2022-01-12T03:42:49,334.37,334.63,325.28,16226847
2022-01-12T03:47:50,334.37,334.63,325.28,16226847
2022-01-12T03:52:51,334.37,334.63,325.28,16226847
2022-01-12T03:57:52,334.37,334.63,325.28,16226847
2022-01-12T04:02:53,334.37,334.63,325.28,16226847
2022-01-12T04:07:54,334.37,334.63,325.28,16226847
2022-01-12T04:12:55,334.37,334.63,325.28,16226847
2022-01-12T04:17:56,334.37,334.63,325.28,16226847
2022-01-12T04:22:57,334.37,334.63,325.28,16226847
2022-01-12T04:27:57,334.37,334.63,325.28,16226847
2022-01-12T04:32:59,334.37,334.63,325.28,16226847
2022-01-12T04:37:59,334.37,334.63,325.28,16226847
2022-01-12T04:43:00,334.37,334.63,325.28,16226847
2022-01-12T04:48:01,334.37,334.63,325.28,16226847
2022-01-12T04:53:02,334.37,334.63,325.28,16226847
2022-01-12T04:58:03,334.37,334.63,325.28,16226847
2022-01-12T05:03:04,334.37,334.63,325.28,16226847
2022-01-12T05:08:06,334.37,334.63,325.28,16226847
2022-01-12T05:13:07,334.37,334.63,325.28,16226847
2022-01-12T05:18:08,334.37,334.63,325.28,16226847
2022-01-12T05:23:09,334.37,334.63,325.28,16226847
