Date-Time,Price,High,Low,Volume
2022-01-12T00:01:46,83.55,86.5799,78.12,19970628
2022-01-12T00:06:47,83.55,86.5799,78.12,19970628
2022-01-12T00:11:48,83.55,86.5799,78.12,19970628
2022-01-12T00:16:48,83.55,86.5799,78.12,19970628
2022-01-12T00:21:49,83.55,86.5799,78.12,19970628
2022-01-12T00:26:50,83.55,86.5799,78.12,19970628
2022-01-12T00:31:54,83.55,86.5799,78.12,19970628
2022-01-12T00:36:55,83.55,86.5799,78.12,19970628
2022-01-12T00:41:55,83.55,86.5799,78.12,19970628
2022-01-12T00:46:56,83.55,86.5799,78.12,19970628
2022-01-12T00:51:57,83.55,86.5799,78.12,19970628
2022-01-12T00:56:58,83.55,86.5799,78.12,19970628
2022-01-12T01:01:59,83.55,86.5799,78.12,19970628
2022-01-12T01:07:01,83.55,86.5799,78.12,19970628
2022-01-12T01:12:02,83.55,86.5799,78.12,19970628
2022-01-12T01:17:03,83.55,86.5799,78.12,19970628
2022-01-12T01:22:03,83.55,86.5799,78.12,19970628
