Date-Time,Price,High,Low,Volume
2022-01-12T00:01:01,30.02,30.4383,28.47,41475695
2022-01-12T00:06:02,30.02,30.4383,28.47,41475695
2022-01-12T00:11:03,30.02,30.4383,28.47,41475695
2022-01-12T00:16:03,30.02,30.4383,28.47,41475695
2022-01-12T00:21:04,30.02,30.4383,28.47,41475695
2022-01-12T00:26:05,30.02,30.4383,28.47,41475695
2022-01-12T00:31:06,30.02,30.4383,28.47,41475695
2022-01-12T00:36:07,30.02,30.4383,28.47,41475695
2022-01-12T00:41:08,30.02,30.4383,28.47,41475695
2022-01-12T00:46:08,30.02,30.4383,28.47,41475695
2022-01-12T00:51:10,30.02,30.4383,28.47,41475695
2022-01-12T00:56:11,30.02,30.4383,28.47,41475695
2022-01-12T01:01:12,30.02,30.4383,28.47,41475695
2022-01-12T01:06:13,30.02,30.4383,28.47,41475695
2022-01-12T01:11:13,30.02,30.4383,28.47,41475695
2022-01-12T01:16:15,30.02,30.4383,28.47,41475695
2022-01-12T01:21:15,30.02,30.4383,28.47,41475695
2022-01-12T01:26:16,30.02,30.4383,28.47,41475695
