Date-Time,Price,High,Low,Volume
2022-02-15T00:01:54,217.70,221.00,214.78,38184035
2022-02-15T00:06:55,217.70,221.00,214.78,38184035
2022-02-15T00:11:56,217.70,221.00,214.78,38184035
2022-02-15T00:16:57,217.70,221.00,214.78,38184035
2022-02-15T00:21:58,217.70,221.00,214.78,38184035
2022-02-15T00:26:58,217.70,221.00,214.78,38184035
2022-02-15T00:31:59,217.70,221.00,214.78,38184035
2022-02-15T00:37:00,217.70,221.00,214.78,38184035
2022-02-15T00:42:01,217.70,221.00,214.78,38184035
2022-02-15T00:47:02,217.70,221.00,214.78,38184035
2022-02-15T00:52:03,217.70,221.00,214.78,38184035
2022-02-15T00:57:04,217.70,221.00,214.78,38184035
2022-02-15T01:02:05,217.70,221.00,214.78,38184035
2022-02-15T01:07:06,217.70,221.00,214.78,38184035
