Date-Time,Price,High,Low,Volume
2022-02-15T00:03:45,62.65,66.3999,59.90,26874502
2022-02-15T00:08:45,62.65,66.3999,59.90,26874502
2022-02-15T00:13:46,62.65,66.3999,59.90,26874502
2022-02-15T00:18:47,62.65,66.3999,59.90,26874502
2022-02-15T00:23:48,62.65,66.3999,59.90,26874502
2022-02-15T00:28:49,62.65,66.3999,59.90,26874502
2022-02-15T00:33:50,62.65,66.3999,59.90,26874502
2022-02-15T00:38:50,62.65,66.3999,59.90,26874502
2022-02-15T00:43:51,62.65,66.3999,59.90,26874502
2022-02-15T00:48:52,62.65,66.3999,59.90,26874502
2022-02-15T00:53:53,62.65,66.3999,59.90,26874502
2022-02-15T00:58:54,62.65,66.3999,59.90,26874502
2022-02-15T01:03:54,62.65,66.3999,59.90,26874502
2022-02-15T01:08:55,62.65,66.3999,59.90,26874502
2022-02-15T01:13:56,62.65,66.3999,59.90,26874502
2022-02-15T01:18:57,62.65,66.3999,59.90,26874502
2022-02-15T01:23:58,62.65,66.3999,59.90,26874502
2022-02-15T01:28:59,62.65,66.3999,59.90,26874502
2022-02-15T01:33:59,62.65,66.3999,59.90,26874502
2022-02-15T01:39:00,62.65,66.3999,59.90,26874502
2022-02-15T01:44:01,62.65,66.3999,59.90,26874502
2022-02-15T01:49:02,62.65,66.3999,59.90,26874502
2022-02-15T01:54:03,62.65,66.3999,59.90,26874502
2022-02-15T01:59:04,62.65,66.3999,59.90,26874502
2022-02-15T02:04:05,62.65,66.3999,59.90,26874502
