Date-Time,Price,High,Low,Volume
2022-02-15T00:03:44,875.76,898.8799,853.15,22585472
2022-02-15T00:08:45,875.76,898.8799,853.15,22585472
2022-02-15T00:13:46,875.76,898.8799,853.15,22585472
2022-02-15T00:18:47,875.76,898.8799,853.15,22585472
2022-02-15T00:23:48,875.76,898.8799,853.15,22585472
2022-02-15T00:28:49,875.76,898.8799,853.15,22585472
2022-02-15T00:33:50,875.76,898.8799,853.15,22585472
2022-02-15T00:38:50,875.76,898.8799,853.15,22585472
2022-02-15T00:43:51,875.76,898.8799,853.15,22585472
2022-02-15T00:48:52,875.76,898.8799,853.15,22585472
2022-02-15T00:53:53,875.76,898.8799,853.15,22585472
2022-02-15T00:58:54,875.76,898.8799,853.15,22585472
2022-02-15T01:03:54,875.76,898.8799,853.15,22585472
