Date-Time,Price,High,Low,Volume
2022-02-15T00:02:03,6.40,6.79,6.33,652961
2022-02-15T00:07:03,6.40,6.79,6.33,652961
2022-02-15T00:12:04,6.40,6.79,6.33,652961
2022-02-15T00:17:05,6.40,6.79,6.33,652961
2022-02-15T00:22:06,6.40,6.79,6.33,652961
2022-02-15T00:27:07,6.40,6.79,6.33,652961
2022-02-15T00:32:07,6.40,6.79,6.33,652961
2022-02-15T00:37:08,6.40,6.79,6.33,652961
2022-02-15T00:42:09,6.40,6.79,6.33,652961
2022-02-15T00:47:10,6.40,6.79,6.33,652961
2022-02-15T00:52:11,6.40,6.79,6.33,652961
2022-02-15T00:57:12,6.40,6.79,6.33,652961
2022-02-15T01:02:13,6.40,6.79,6.33,652961
2022-02-15T01:07:13,6.40,6.79,6.33,652961
2022-02-15T01:12:14,6.40,6.79,6.33,652961
2022-02-15T01:17:16,6.40,6.79,6.33,652961
2022-02-15T01:22:16,6.40,6.79,6.33,652961
2022-02-15T01:27:17,6.40,6.79,6.33,652961
2022-02-15T01:32:18,6.40,6.79,6.33,652961
2022-02-15T01:37:19,6.40,6.79,6.33,652961
2022-02-15T01:42:20,6.40,6.79,6.33,652961
2022-02-15T01:47:21,6.40,6.79,6.33,652961
2022-02-15T01:52:21,6.40,6.79,6.33,652961
2022-02-15T01:57:22,6.40,6.79,6.33,652961
2022-02-15T02:02:23,6.40,6.79,6.33,652961
2022-02-15T02:07:24,6.40,6.79,6.33,652961
