Date-Time,Price,High,Low,Volume
2021-12-08T00:04:10,322.81,326.54,321.00,18794047
2021-12-08T00:09:10,322.81,326.54,321.00,18794047
2021-12-08T00:14:11,322.81,326.54,321.00,18794047
2021-12-08T00:19:12,322.81,326.54,321.00,18794047
2021-12-08T00:24:13,322.81,326.54,321.00,18794047
2021-12-08T00:29:14,322.81,326.54,321.00,18794047
2021-12-08T00:34:15,322.81,326.54,321.00,18794047
2021-12-08T00:39:15,322.81,326.54,321.00,18794047
2021-12-08T00:44:16,322.81,326.54,321.00,18794047
2021-12-08T00:49:17,322.81,326.54,321.00,18794047
2021-12-08T00:54:18,322.81,326.54,321.00,18794047
2021-12-08T00:59:19,322.81,326.54,321.00,18794047
2021-12-08T01:04:19,322.81,326.54,321.00,18794047
2021-12-08T01:09:20,322.81,326.54,321.00,18794047
2021-12-08T01:14:21,322.81,326.54,321.00,18794047
2021-12-08T01:19:21,322.81,326.54,321.00,18794047
2021-12-08T01:24:22,322.81,326.54,321.00,18794047
2021-12-08T01:29:23,322.81,326.54,321.00,18794047
2021-12-08T01:34:24,322.81,326.54,321.00,18794047
2021-12-08T01:39:24,322.81,326.54,321.00,18794047
