Date-Time,Price,High,Low,Volume
2021-12-08T00:04:07,33.12,34.52,32.68,51769738
2021-12-08T00:09:07,33.12,34.52,32.68,51769738
2021-12-08T00:14:08,33.12,34.52,32.68,51769738
2021-12-08T00:19:09,33.12,34.52,32.68,51769738
2021-12-08T00:24:10,33.12,34.52,32.68,51769738
2021-12-08T00:29:11,33.12,34.52,32.68,51769738
2021-12-08T00:34:12,33.12,34.52,32.68,51769738
2021-12-08T00:39:13,33.12,34.52,32.68,51769738
2021-12-08T00:44:13,33.12,34.52,32.68,51769738
2021-12-08T00:49:14,33.12,34.52,32.68,51769738
2021-12-08T00:54:15,33.12,34.52,32.68,51769738
2021-12-08T00:59:16,33.12,34.52,32.68,51769738
2021-12-08T01:04:17,33.12,34.52,32.68,51769738
2021-12-08T01:09:17,33.12,34.52,32.68,51769738
2021-12-08T01:14:19,33.12,34.52,32.68,51769738
2021-12-08T01:19:19,33.12,34.52,32.68,51769738
2021-12-08T01:24:20,33.12,34.52,32.68,51769738
2021-12-08T01:29:21,33.12,34.52,32.68,51769738
2021-12-08T01:34:22,33.12,34.52,32.68,51769738
2021-12-08T01:39:23,33.12,34.52,32.68,51769738
