Date-Time,Price,High,Low,Volume
2021-12-08T00:04:23,7.15,7.3619,7.06,958672
2021-12-08T00:09:24,7.15,7.3619,7.06,958672
2021-12-08T00:14:25,7.15,7.3619,7.06,958672
2021-12-08T00:19:26,7.15,7.3619,7.06,958672
2021-12-08T00:24:27,7.15,7.3619,7.06,958672
2021-12-08T00:29:28,7.15,7.3619,7.06,958672
2021-12-08T00:34:28,7.15,7.3619,7.06,958672
2021-12-08T00:39:29,7.15,7.3619,7.06,958672
2021-12-08T00:44:30,7.15,7.3619,7.06,958672
2021-12-08T00:49:31,7.15,7.3619,7.06,958672
2021-12-08T00:54:32,7.15,7.3619,7.06,958672
2021-12-08T00:59:32,7.15,7.3619,7.06,958672
2021-12-08T01:04:33,7.15,7.3619,7.06,958672
2021-12-08T01:09:34,7.15,7.3619,7.06,958672
2021-12-08T01:14:35,7.15,7.3619,7.06,958672
2021-12-08T01:19:35,7.15,7.3619,7.06,958672
2021-12-08T01:24:36,7.15,7.3619,7.06,958672
2021-12-08T01:29:37,7.15,7.3619,7.06,958672
2021-12-08T01:34:38,7.15,7.3619,7.06,958672
2021-12-08T01:39:38,7.15,7.3619,7.06,958672
