Date-Time,Price,High,Low,Volume
2021-12-08T00:04:07,116.18,120.21,112.40,12173265
2021-12-08T00:09:08,116.18,120.21,112.40,12173265
2021-12-08T00:14:09,116.18,120.21,112.40,12173265
2021-12-08T00:19:10,116.18,120.21,112.40,12173265
2021-12-08T00:24:11,116.18,120.21,112.40,12173265
2021-12-08T00:29:11,116.18,120.21,112.40,12173265
2021-12-08T00:34:12,116.18,120.21,112.40,12173265
2021-12-08T00:39:13,116.18,120.21,112.40,12173265
2021-12-08T00:44:14,116.18,120.21,112.40,12173265
2021-12-08T00:49:14,116.18,120.21,112.40,12173265
2021-12-08T00:54:15,116.18,120.21,112.40,12173265
2021-12-08T00:59:16,116.18,120.21,112.40,12173265
2021-12-08T01:04:17,116.18,120.21,112.40,12173265
2021-12-08T01:09:18,116.18,120.21,112.40,12173265
2021-12-08T01:14:19,116.18,120.21,112.40,12173265
2021-12-08T01:19:19,116.18,120.21,112.40,12173265
2021-12-08T01:24:20,116.18,120.21,112.40,12173265
2021-12-08T01:29:21,116.18,120.21,112.40,12173265
2021-12-08T01:34:22,116.18,120.21,112.40,12173265
2021-12-08T01:39:23,116.18,120.21,112.40,12173265
