Date-Time,Price,High,Low,Volume
2022-03-19T00:00:05,45.60,45.70,42.3317,19770637
2022-03-19T00:05:06,45.60,45.70,42.3317,19770637
2022-03-19T00:10:06,45.60,45.70,42.3317,19770637
2022-03-19T00:15:07,45.60,45.70,42.3317,19770637
2022-03-19T00:20:08,45.60,45.70,42.3317,19770637
2022-03-19T00:25:09,45.60,45.70,42.3317,19770637
2022-03-19T00:30:10,45.60,45.70,42.3317,19770637
2022-03-19T00:35:10,45.60,45.70,42.3317,19770637
2022-03-19T00:40:11,45.60,45.70,42.3317,19770637
2022-03-19T00:45:12,45.60,45.70,42.3317,19770637
2022-03-19T00:50:13,45.60,45.70,42.3317,19770637
