Date-Time,Price,High,Low,Volume
2022-03-19T00:00:35,7.16,7.46,6.91,4649720
2022-03-19T00:05:35,7.16,7.46,6.91,4649720
2022-03-19T00:10:36,7.16,7.46,6.91,4649720
2022-03-19T00:15:37,7.16,7.46,6.91,4649720
2022-03-19T00:20:38,7.16,7.46,6.91,4649720
2022-03-19T00:25:38,7.16,7.46,6.91,4649720
2022-03-19T00:30:39,7.16,7.46,6.91,4649720
2022-03-19T00:35:40,7.16,7.46,6.91,4649720
2022-03-19T00:40:41,7.16,7.46,6.91,4649720
2022-03-19T00:45:42,7.16,7.46,6.91,4649720
2022-03-19T00:50:42,7.16,7.46,6.91,4649720
2022-03-19T00:55:43,7.16,7.46,6.91,4649720
2022-03-19T01:00:44,7.16,7.46,6.91,4649720
2022-03-19T01:05:45,7.16,7.46,6.91,4649720
2022-03-19T01:10:46,7.16,7.46,6.91,4649720
2022-03-19T01:15:46,7.16,7.46,6.91,4649720
2022-03-19T01:20:47,7.16,7.46,6.91,4649720
2022-03-19T01:25:48,7.16,7.46,6.91,4649720
2022-03-19T01:30:49,7.16,7.46,6.91,4649720
2022-03-19T01:35:50,7.16,7.46,6.91,4649720
2022-03-19T01:40:51,7.16,7.46,6.91,4649720
2022-03-19T01:45:52,7.16,7.46,6.91,4649720
