Date-Time,Price,High,Low,Volume
2022-03-19T00:00:34,905.39,907.85,867.39,33471397
2022-03-19T00:05:35,905.39,907.85,867.39,33471397
2022-03-19T00:10:36,905.39,907.85,867.39,33471397
2022-03-19T00:15:37,905.39,907.85,867.39,33471397
2022-03-19T00:20:37,905.39,907.85,867.39,33471397
2022-03-19T00:25:38,905.39,907.85,867.39,33471397
2022-03-19T00:30:39,905.39,907.85,867.39,33471397
2022-03-19T00:35:40,905.39,907.85,867.39,33471397
2022-03-19T00:40:41,905.39,907.85,867.39,33471397
2022-03-19T00:45:41,905.39,907.85,867.39,33471397
2022-03-19T00:50:42,905.39,907.85,867.39,33471397
2022-03-19T00:55:43,905.39,907.85,867.39,33471397
2022-03-19T01:00:44,905.39,907.85,867.39,33471397
2022-03-19T01:05:45,905.39,907.85,867.39,33471397
2022-03-19T01:10:45,905.39,907.85,867.39,33471397
2022-03-19T01:15:46,905.39,907.85,867.39,33471397
2022-03-19T01:20:47,905.39,907.85,867.39,33471397
2022-03-19T01:25:48,905.39,907.85,867.39,33471397
2022-03-19T01:30:49,905.39,907.85,867.39,33471397
2022-03-19T01:35:50,905.39,907.85,867.39,33471397
2022-03-19T01:40:51,905.39,907.85,867.39,33471397
2022-03-19T01:45:52,905.39,907.85,867.39,33471397
2022-03-19T01:50:53,905.39,907.85,867.39,33471397
2022-03-19T01:55:54,905.39,907.85,867.39,33471397
2022-03-19T02:00:54,905.39,907.85,867.39,33471397
2022-03-19T02:05:55,905.39,907.85,867.39,33471397
2022-03-19T02:10:56,905.39,907.85,867.39,33471397
2022-03-19T02:15:57,905.39,907.85,867.39,33471397
2022-03-19T02:20:58,905.39,907.85,867.39,33471397
2022-03-19T02:25:58,905.39,907.85,867.39,33471397
2022-03-19T02:30:59,905.39,907.85,867.39,33471397
2022-03-19T02:36:00,905.39,907.85,867.39,33471397
2022-03-19T02:41:01,905.39,907.85,867.39,33471397
2022-03-19T02:46:01,905.39,907.85,867.39,33471397
2022-03-19T02:51:02,905.39,907.85,867.39,33471397
2022-03-19T02:56:03,905.39,907.85,867.39,33471397
2022-03-19T03:01:04,905.39,907.85,867.39,33471397
2022-03-19T03:06:05,905.39,907.85,867.39,33471397
2022-03-19T03:11:06,905.39,907.85,867.39,33471397
2022-03-19T03:16:06,905.39,907.85,867.39,33471397
2022-03-19T03:21:07,905.39,907.85,867.39,33471397
2022-03-19T03:26:08,905.39,907.85,867.39,33471397
2022-03-19T03:31:09,905.39,907.85,867.39,33471397
2022-03-19T03:36:10,905.39,907.85,867.39,33471397
2022-03-19T03:41:10,905.39,907.85,867.39,33471397
2022-03-19T03:46:11,905.39,907.85,867.39,33471397
2022-03-19T03:51:12,905.39,907.85,867.39,33471397
2022-03-19T03:56:13,905.39,907.85,867.39,33471397
2022-03-19T04:01:14,905.39,907.85,867.39,33471397
2022-03-19T04:06:15,905.39,907.85,867.39,33471397
2022-03-19T04:11:15,905.39,907.85,867.39,33471397
2022-03-19T04:16:16,905.39,907.85,867.39,33471397
2022-03-19T04:21:17,905.39,907.85,867.39,33471397
2022-03-19T04:26:18,905.39,907.85,867.39,33471397
2022-03-19T04:31:19,905.39,907.85,867.39,33471397
2022-03-19T04:36:20,905.39,907.85,867.39,33471397
2022-03-19T04:41:21,905.39,907.85,867.39,33471397
2022-03-19T04:46:22,905.39,907.85,867.39,33471397
