Date-Time,Price,High,Low,Volume
2022-04-13T00:01:45,986.95,1021.1921,976.6001,21992032
2022-04-13T00:06:46,986.95,1021.1921,976.6001,21992032
2022-04-13T00:11:47,986.95,1021.1921,976.6001,21992032
2022-04-13T00:16:48,986.95,1021.1921,976.6001,21992032
2022-04-13T00:21:49,986.95,1021.1921,976.6001,21992032
2022-04-13T00:26:50,986.95,1021.1921,976.6001,21992032
2022-04-13T00:31:51,986.95,1021.1921,976.6001,21992032
2022-04-13T00:36:51,986.95,1021.1921,976.6001,21992032
2022-04-13T00:41:52,986.95,1021.1921,976.6001,21992032
2022-04-13T00:46:53,986.95,1021.1921,976.6001,21992032
2022-04-13T00:51:54,986.95,1021.1921,976.6001,21992032
2022-04-13T00:56:55,986.95,1021.1921,976.6001,21992032
2022-04-13T01:01:56,986.95,1021.1921,976.6001,21992032
2022-04-13T01:06:57,986.95,1021.1921,976.6001,21992032
2022-04-13T01:11:58,986.95,1021.1921,976.6001,21992032
2022-04-13T01:16:58,986.95,1021.1921,976.6001,21992032
