Date-Time,Price,High,Low,Volume
2022-04-13T00:03:24,5.39,5.64,5.37,882641
2022-04-13T00:08:25,5.39,5.64,5.37,882641
2022-04-13T00:13:26,5.39,5.64,5.37,882641
2022-04-13T00:18:27,5.39,5.64,5.37,882641
2022-04-13T00:23:28,5.39,5.64,5.37,882641
2022-04-13T00:28:29,5.39,5.64,5.37,882641
2022-04-13T00:33:30,5.39,5.64,5.37,882641
2022-04-13T00:38:31,5.39,5.64,5.37,882641
2022-04-13T00:43:32,5.39,5.64,5.37,882641
2022-04-13T00:48:32,5.39,5.64,5.37,882641
2022-04-13T00:53:33,5.39,5.64,5.37,882641
2022-04-13T00:58:34,5.39,5.64,5.37,882641
2022-04-13T01:03:35,5.39,5.64,5.37,882641
2022-04-13T01:08:36,5.39,5.64,5.37,882641
2022-04-13T01:13:37,5.39,5.64,5.37,882641
2022-04-13T01:18:38,5.39,5.64,5.37,882641
2022-04-13T01:23:39,5.39,5.64,5.37,882641
2022-04-13T01:28:40,5.39,5.64,5.37,882641
2022-04-13T01:33:41,5.39,5.64,5.37,882641
2022-04-13T01:38:41,5.39,5.64,5.37,882641
2022-04-13T01:43:42,5.39,5.64,5.37,882641
2022-04-13T01:48:43,5.39,5.64,5.37,882641
2022-04-13T01:53:44,5.39,5.64,5.37,882641
2022-04-13T01:58:45,5.39,5.64,5.37,882641
2022-04-13T02:03:46,5.39,5.64,5.37,882641
2022-04-13T02:08:46,5.39,5.64,5.37,882641
2022-04-13T02:13:47,5.39,5.64,5.37,882641
2022-04-13T02:18:48,5.39,5.64,5.37,882641
2022-04-13T02:23:49,5.39,5.64,5.37,882641
2022-04-13T02:28:50,5.39,5.64,5.37,882641
2022-04-13T02:33:50,5.39,5.64,5.37,882641
2022-04-13T02:38:51,5.39,5.64,5.37,882641
2022-04-13T02:43:52,5.39,5.64,5.37,882641
2022-04-13T02:48:53,5.39,5.64,5.37,882641
2022-04-13T02:53:54,5.39,5.64,5.37,882641
2022-04-13T02:58:55,5.39,5.64,5.37,882641
2022-04-13T03:03:56,5.39,5.64,5.37,882641
2022-04-13T03:08:57,5.39,5.64,5.37,882641
2022-04-13T03:13:57,5.39,5.64,5.37,882641
2022-04-13T03:18:58,5.39,5.64,5.37,882641
2022-04-13T03:23:59,5.39,5.64,5.37,882641
2022-04-13T03:29:00,5.39,5.64,5.37,882641
2022-04-13T03:34:01,5.39,5.64,5.37,882641
2022-04-13T03:39:02,5.39,5.64,5.37,882641
2022-04-13T03:44:03,5.39,5.64,5.37,882641
2022-04-13T03:49:04,5.39,5.64,5.37,882641
2022-04-13T03:54:05,5.39,5.64,5.37,882641
2022-04-13T03:59:05,5.39,5.64,5.37,882641
2022-04-13T04:04:06,5.39,5.64,5.37,882641
2022-04-13T04:09:07,5.39,5.64,5.37,882641
2022-04-13T04:14:08,5.39,5.64,5.37,882641
2022-04-13T04:19:09,5.39,5.64,5.37,882641
2022-04-13T04:24:10,5.39,5.64,5.37,882641
2022-04-13T04:29:11,5.39,5.64,5.37,882641
2022-04-13T04:34:12,5.39,5.64,5.37,882641
2022-04-13T04:39:12,5.39,5.64,5.37,882641
2022-04-13T04:44:14,5.39,5.64,5.37,882641
2022-04-13T04:49:14,5.39,5.64,5.37,882641
2022-04-13T04:54:15,5.39,5.64,5.37,882641
2022-04-13T04:59:16,5.39,5.64,5.37,882641
2022-04-13T05:04:17,5.39,5.64,5.37,882641
2022-04-13T05:09:18,5.39,5.64,5.37,882641
2022-04-13T05:14:19,5.39,5.64,5.37,882641
2022-04-13T05:19:20,5.39,5.64,5.37,882641
2022-04-13T05:24:21,5.39,5.64,5.37,882641
2022-04-13T05:29:22,5.39,5.64,5.37,882641
2022-04-13T05:34:23,5.39,5.64,5.37,882641
2022-04-13T05:39:24,5.39,5.64,5.37,882641
2022-04-13T05:44:25,5.39,5.64,5.37,882641
2022-04-13T05:49:26,5.39,5.64,5.37,882641
2022-04-13T05:54:27,5.39,5.64,5.37,882641
2022-04-13T05:59:28,5.39,5.64,5.37,882641
2022-04-13T06:04:28,5.39,5.64,5.37,882641
2022-04-13T06:09:29,5.39,5.64,5.37,882641
2022-04-13T06:14:30,5.39,5.64,5.37,882641
2022-04-13T06:19:31,5.39,5.64,5.37,882641
