Date-Time,Price,High,Low,Volume
2021-12-30T00:04:49,1086.19,1104.00,1064.14,18718015
2021-12-30T00:09:50,1086.19,1104.00,1064.14,18718015
2021-12-30T00:14:50,1086.19,1104.00,1064.14,18718015
2021-12-30T00:19:51,1086.19,1104.00,1064.14,18718015
2021-12-30T00:24:52,1086.19,1104.00,1064.14,18718015
2021-12-30T00:29:53,1086.19,1104.00,1064.14,18718015
2021-12-30T00:34:54,1086.19,1104.00,1064.14,18718015
2021-12-30T00:39:55,1086.19,1104.00,1064.14,18718015
2021-12-30T00:44:55,1086.19,1104.00,1064.14,18718015
2021-12-30T00:49:56,1086.19,1104.00,1064.14,18718015
2021-12-30T00:54:57,1086.19,1104.00,1064.14,18718015
2021-12-30T00:59:58,1086.19,1104.00,1064.14,18718015
2021-12-30T01:04:59,1086.19,1104.00,1064.14,18718015
2021-12-30T01:09:59,1086.19,1104.00,1064.14,18718015
2021-12-30T01:15:00,1086.19,1104.00,1064.14,18718015
2021-12-30T01:20:01,1086.19,1104.00,1064.14,18718015
2021-12-30T01:25:02,1086.19,1104.00,1064.14,18718015
2021-12-30T01:30:03,1086.19,1104.00,1064.14,18718015
2021-12-30T01:35:04,1086.19,1104.00,1064.14,18718015
2021-12-30T01:40:05,1086.19,1104.00,1064.14,18718015
2021-12-30T01:45:05,1086.19,1104.00,1064.14,18718015
2021-12-30T01:50:06,1086.19,1104.00,1064.14,18718015
2021-12-30T01:55:07,1086.19,1104.00,1064.14,18718015
2021-12-30T02:00:08,1086.19,1104.00,1064.14,18718015
2021-12-30T02:05:09,1086.19,1104.00,1064.14,18718015
2021-12-30T02:10:10,1086.19,1104.00,1064.14,18718015
2021-12-30T02:15:10,1086.19,1104.00,1064.14,18718015
2021-12-30T02:20:11,1086.19,1104.00,1064.14,18718015
2021-12-30T02:25:12,1086.19,1104.00,1064.14,18718015
2021-12-30T02:30:13,1086.19,1104.00,1064.14,18718015
2021-12-30T02:35:14,1086.19,1104.00,1064.14,18718015
2021-12-30T02:40:15,1086.19,1104.00,1064.14,18718015
2021-12-30T02:45:15,1086.19,1104.00,1064.14,18718015
2021-12-30T02:50:16,1086.19,1104.00,1064.14,18718015
2021-12-30T02:55:17,1086.19,1104.00,1064.14,18718015
2021-12-30T03:00:18,1086.19,1104.00,1064.14,18718015
2021-12-30T03:05:19,1086.19,1104.00,1064.14,18718015
2021-12-30T03:10:19,1086.19,1104.00,1064.14,18718015
2021-12-30T03:15:20,1086.19,1104.00,1064.14,18718015
2021-12-30T03:20:21,1086.19,1104.00,1064.14,18718015
2021-12-30T03:25:22,1086.19,1104.00,1064.14,18718015
2021-12-30T03:30:23,1086.19,1104.00,1064.14,18718015
2021-12-30T03:35:24,1086.19,1104.00,1064.14,18718015
2021-12-30T03:40:25,1086.19,1104.00,1064.14,18718015
2021-12-30T03:45:25,1086.19,1104.00,1064.14,18718015
2021-12-30T03:50:26,1086.19,1104.00,1064.14,18718015
2021-12-30T03:55:27,1086.19,1104.00,1064.14,18718015
2021-12-30T04:00:28,1086.19,1104.00,1064.14,18718015
2021-12-30T04:05:29,1086.19,1104.00,1064.14,18718015
2021-12-30T04:10:29,1086.19,1104.00,1064.14,18718015
2021-12-30T04:15:30,1086.19,1104.00,1064.14,18718015
2021-12-30T04:20:31,1086.19,1104.00,1064.14,18718015
2021-12-30T04:25:32,1086.19,1104.00,1064.14,18718015
2021-12-30T04:30:33,1086.19,1104.00,1064.14,18718015
2021-12-30T04:35:33,1086.19,1104.00,1064.14,18718015
2021-12-30T04:40:34,1086.19,1104.00,1064.14,18718015
2021-12-30T04:45:35,1086.19,1104.00,1064.14,18718015
2021-12-30T04:50:36,1086.19,1104.00,1064.14,18718015
2021-12-30T04:55:37,1086.19,1104.00,1064.14,18718015
2021-12-30T05:00:37,1086.19,1104.00,1064.14,18718015
2021-12-30T05:05:38,1086.19,1104.00,1064.14,18718015
2021-12-30T05:10:39,1086.19,1104.00,1064.14,18718015
2021-12-30T05:15:40,1086.19,1104.00,1064.14,18718015
2021-12-30T05:20:41,1086.19,1104.00,1064.14,18718015
2021-12-30T05:25:42,1086.19,1104.00,1064.14,18718015
2021-12-30T05:30:43,1086.19,1104.00,1064.14,18718015
2021-12-30T05:35:44,1086.19,1104.00,1064.14,18718015
2021-12-30T05:40:45,1086.19,1104.00,1064.14,18718015
2021-12-30T05:45:45,1086.19,1104.00,1064.14,18718015
2021-12-30T05:50:46,1086.19,1104.00,1064.14,18718015
2021-12-30T05:55:47,1086.19,1104.00,1064.14,18718015
2021-12-30T06:00:48,1086.19,1104.00,1064.14,18718015
2021-12-30T06:05:48,1086.19,1104.00,1064.14,18718015
2021-12-30T06:10:49,1086.19,1104.00,1064.14,18718015
2021-12-30T06:15:50,1086.19,1104.00,1064.14,18718015
2021-12-30T06:20:51,1086.19,1104.00,1064.14,18718015
2021-12-30T06:25:52,1086.19,1104.00,1064.14,18718015
2021-12-30T06:30:53,1086.19,1104.00,1064.14,18718015
2021-12-30T06:35:53,1086.19,1104.00,1064.14,18718015
2021-12-30T06:40:54,1086.19,1104.00,1064.14,18718015
2021-12-30T06:45:55,1065.86,1066.39,1060.00,1041423
2021-12-30T06:50:56,1068.9499,1073.78,1060.00,1661142
2021-12-30T06:55:57,1058.99,1073.78,1053.15,2395903
2021-12-30T07:00:57,1066.90,1073.78,1053.15,2971188
2021-12-30T07:05:58,1064.13,1073.78,1053.15,3289028
2021-12-30T07:10:59,1069.7333,1073.78,1053.15,3661667
2021-12-30T07:16:00,1076.34,1076.60,1053.15,4121226
2021-12-30T07:21:00,1076.6638,1078.55,1053.15,4485323
2021-12-30T07:26:01,1074.77,1078.55,1053.15,4755053
2021-12-30T07:31:02,1078.3141,1079.87,1053.15,5024170
2021-12-30T07:36:03,1077.4299,1081.40,1053.15,5300198
2021-12-30T07:41:04,1077.50,1081.40,1053.15,5424677
2021-12-30T07:46:04,1081.11,1083.9899,1053.15,5769940
2021-12-30T07:51:05,1079.425,1083.9899,1053.15,5975212
2021-12-30T07:56:06,1078.76,1083.9899,1053.15,6131911
2021-12-30T08:01:07,1081.3299,1083.9899,1053.15,6287885
2021-12-30T08:06:07,1077.5812,1083.9899,1053.15,6453245
2021-12-30T08:11:08,1078.2599,1083.9899,1053.15,6556869
