Date-Time,Price,High,Low,Volume
2021-12-30T00:02:05,99.34,102.58,96.62,8754919
2021-12-30T00:07:05,99.34,102.58,96.62,8754919
2021-12-30T00:12:06,99.34,102.58,96.62,8754919
2021-12-30T00:17:07,99.34,102.58,96.62,8754919
2021-12-30T00:22:08,99.34,102.58,96.62,8754919
2021-12-30T00:27:09,99.34,102.58,96.62,8754919
2021-12-30T00:32:09,99.34,102.58,96.62,8754919
2021-12-30T00:37:10,99.34,102.58,96.62,8754919
2021-12-30T00:42:11,99.34,102.58,96.62,8754919
2021-12-30T00:47:12,99.34,102.58,96.62,8754919
2021-12-30T00:52:13,99.34,102.58,96.62,8754919
2021-12-30T00:57:14,99.34,102.58,96.62,8754919
2021-12-30T01:02:15,99.34,102.58,96.62,8754919
2021-12-30T01:07:16,99.34,102.58,96.62,8754919
2021-12-30T01:12:16,99.34,102.58,96.62,8754919
2021-12-30T01:17:17,99.34,102.58,96.62,8754919
2021-12-30T01:22:18,99.34,102.58,96.62,8754919
2021-12-30T01:27:19,99.34,102.58,96.62,8754919
2021-12-30T01:32:20,99.34,102.58,96.62,8754919
2021-12-30T01:37:21,99.34,102.58,96.62,8754919
2021-12-30T01:42:21,99.34,102.58,96.62,8754919
2021-12-30T01:47:22,99.34,102.58,96.62,8754919
2021-12-30T01:52:23,99.34,102.58,96.62,8754919
2021-12-30T01:57:24,99.34,102.58,96.62,8754919
2021-12-30T02:02:25,99.34,102.58,96.62,8754919
2021-12-30T02:07:26,99.34,102.58,96.62,8754919
