Date-Time,Price,High,Low,Volume
2021-12-30T00:04:49,342.94,349.6899,341.6401,10747009
2021-12-30T00:09:50,342.94,349.6899,341.6401,10747009
2021-12-30T00:14:51,342.94,349.6899,341.6401,10747009
2021-12-30T00:19:52,342.94,349.6899,341.6401,10747009
2021-12-30T00:24:52,342.94,349.6899,341.6401,10747009
2021-12-30T00:29:53,342.94,349.6899,341.6401,10747009
2021-12-30T00:34:54,342.94,349.6899,341.6401,10747009
2021-12-30T00:39:55,342.94,349.6899,341.6401,10747009
2021-12-30T00:44:55,342.94,349.6899,341.6401,10747009
2021-12-30T00:49:56,342.94,349.6899,341.6401,10747009
2021-12-30T00:54:57,342.94,349.6899,341.6401,10747009
2021-12-30T00:59:58,342.94,349.6899,341.6401,10747009
2021-12-30T01:04:58,342.94,349.6899,341.6401,10747009
2021-12-30T01:09:59,342.94,349.6899,341.6401,10747009
