Date-Time,Price,High,Low,Volume
2021-12-30T00:00:16,5.53,5.98,5.505,2192377
2021-12-30T00:05:16,5.53,5.98,5.505,2192377
2021-12-30T00:10:17,5.53,5.98,5.505,2192377
2021-12-30T00:15:18,5.53,5.98,5.505,2192377
2021-12-30T00:20:19,5.53,5.98,5.505,2192377
2021-12-30T00:25:20,5.53,5.98,5.505,2192377
2021-12-30T00:30:21,5.53,5.98,5.505,2192377
2021-12-30T00:35:22,5.53,5.98,5.505,2192377
2021-12-30T00:40:22,5.53,5.98,5.505,2192377
2021-12-30T00:45:24,5.53,5.98,5.505,2192377
2021-12-30T00:50:25,5.53,5.98,5.505,2192377
2021-12-30T00:55:25,5.53,5.98,5.505,2192377
2021-12-30T01:00:26,5.53,5.98,5.505,2192377
2021-12-30T01:05:27,5.53,5.98,5.505,2192377
2021-12-30T01:10:28,5.53,5.98,5.505,2192377
2021-12-30T01:15:29,5.53,5.98,5.505,2192377
2021-12-30T01:20:29,5.53,5.98,5.505,2192377
2021-12-30T01:25:30,5.53,5.98,5.505,2192377
2021-12-30T01:30:31,5.53,5.98,5.505,2192377
2021-12-30T01:35:32,5.53,5.98,5.505,2192377
2021-12-30T01:40:32,5.53,5.98,5.505,2192377
2021-12-30T01:45:33,5.53,5.98,5.505,2192377
2021-12-30T01:50:34,5.53,5.98,5.505,2192377
2021-12-30T01:55:35,5.53,5.98,5.505,2192377
2021-12-30T02:00:35,5.53,5.98,5.505,2192377
2021-12-30T02:05:36,5.53,5.98,5.505,2192377
2021-12-30T02:10:37,5.53,5.98,5.505,2192377
