Date-Time,Price,High,Low,Volume
2022-04-26T00:04:10,998.02,1008.62,975.30,22780445
2022-04-26T00:09:11,998.02,1008.62,975.30,22780445
2022-04-26T00:14:12,998.02,1008.62,975.30,22780445
2022-04-26T00:19:13,998.02,1008.62,975.30,22780445
2022-04-26T00:24:14,998.02,1008.62,975.30,22780445
2022-04-26T00:29:15,998.02,1008.62,975.30,22780445
2022-04-26T00:34:16,998.02,1008.62,975.30,22780445
2022-04-26T00:39:16,998.02,1008.62,975.30,22780445
2022-04-26T00:44:17,998.02,1008.62,975.30,22780445
2022-04-26T00:49:18,998.02,1008.62,975.30,22780445
2022-04-26T00:54:19,998.02,1008.62,975.30,22780445
2022-04-26T00:59:20,998.02,1008.62,975.30,22780445
2022-04-26T01:04:20,998.02,1008.62,975.30,22780445
2022-04-26T01:09:21,998.02,1008.62,975.30,22780445
2022-04-26T01:14:22,998.02,1008.62,975.30,22780445
2022-04-26T01:19:23,998.02,1008.62,975.30,22780445
