Date-Time,Price,High,Low,Volume
2022-04-26T00:04:11,186.99,187.18,181.655,29281060
2022-04-26T00:09:11,186.99,187.18,181.655,29281060
2022-04-26T00:14:12,186.99,187.18,181.655,29281060
2022-04-26T00:19:13,186.99,187.18,181.655,29281060
2022-04-26T00:24:14,186.99,187.18,181.655,29281060
2022-04-26T00:29:15,186.99,187.18,181.655,29281060
2022-04-26T00:34:16,186.99,187.18,181.655,29281060
2022-04-26T00:39:17,186.99,187.18,181.655,29281060
2022-04-26T00:44:17,186.99,187.18,181.655,29281060
2022-04-26T00:49:18,186.99,187.18,181.655,29281060
2022-04-26T00:54:19,186.99,187.18,181.655,29281060
2022-04-26T00:59:20,186.99,187.18,181.655,29281060
2022-04-26T01:04:21,186.99,187.18,181.655,29281060
2022-04-26T01:09:22,186.99,187.18,181.655,29281060
2022-04-26T01:14:22,186.99,187.18,181.655,29281060
2022-04-26T01:19:23,186.99,187.18,181.655,29281060
2022-04-26T01:24:24,186.99,187.18,181.655,29281060
2022-04-26T01:29:25,186.99,187.18,181.655,29281060
2022-04-26T01:34:26,186.99,187.18,181.655,29281060
2022-04-26T01:39:27,186.99,187.18,181.655,29281060
2022-04-26T01:44:27,186.99,187.18,181.655,29281060
2022-04-26T01:49:28,186.99,187.18,181.655,29281060
2022-04-26T01:54:29,186.99,187.18,181.655,29281060
2022-04-26T01:59:30,186.99,187.18,181.655,29281060
2022-04-26T02:04:31,186.99,187.18,181.655,29281060
2022-04-26T02:09:32,186.99,187.18,181.655,29281060
2022-04-26T02:14:33,186.99,187.18,181.655,29281060
2022-04-26T02:19:33,186.99,187.18,181.655,29281060
2022-04-26T02:24:34,186.99,187.18,181.655,29281060
2022-04-26T02:29:35,186.99,187.18,181.655,29281060
2022-04-26T02:34:36,186.99,187.18,181.655,29281060
2022-04-26T02:39:37,186.99,187.18,181.655,29281060
2022-04-26T02:44:38,186.99,187.18,181.655,29281060
2022-04-26T02:49:39,186.99,187.18,181.655,29281060
2022-04-26T02:54:40,186.99,187.18,181.655,29281060
2022-04-26T02:59:40,186.99,187.18,181.655,29281060
2022-04-26T03:04:41,186.99,187.18,181.655,29281060
2022-04-26T03:09:42,186.99,187.18,181.655,29281060
2022-04-26T03:14:43,186.99,187.18,181.655,29281060
2022-04-26T03:19:44,186.99,187.18,181.655,29281060
2022-04-26T03:24:44,186.99,187.18,181.655,29281060
2022-04-26T03:29:45,186.99,187.18,181.655,29281060
2022-04-26T03:34:46,186.99,187.18,181.655,29281060
2022-04-26T03:39:47,186.99,187.18,181.655,29281060
2022-04-26T03:44:48,186.99,187.18,181.655,29281060
2022-04-26T03:49:48,186.99,187.18,181.655,29281060
2022-04-26T03:54:49,186.99,187.18,181.655,29281060
2022-04-26T03:59:50,186.99,187.18,181.655,29281060
2022-04-26T04:04:51,186.99,187.18,181.655,29281060
2022-04-26T04:09:52,186.99,187.18,181.655,29281060
2022-04-26T04:14:53,186.99,187.18,181.655,29281060
2022-04-26T04:19:54,186.99,187.18,181.655,29281060
2022-04-26T04:24:54,186.99,187.18,181.655,29281060
2022-04-26T04:29:55,186.99,187.18,181.655,29281060
2022-04-26T04:34:56,186.99,187.18,181.655,29281060
2022-04-26T04:39:57,186.99,187.18,181.655,29281060
2022-04-26T04:44:58,186.99,187.18,181.655,29281060
2022-04-26T04:49:58,186.99,187.18,181.655,29281060
2022-04-26T04:54:59,186.99,187.18,181.655,29281060
2022-04-26T05:00:00,186.99,187.18,181.655,29281060
2022-04-26T05:05:01,186.99,187.18,181.655,29281060
2022-04-26T05:10:02,186.99,187.18,181.655,29281060
2022-04-26T05:15:03,186.99,187.18,181.655,29281060
2022-04-26T05:20:03,186.99,187.18,181.655,29281060
2022-04-26T05:25:04,186.99,187.18,181.655,29281060
2022-04-26T05:30:05,186.99,187.18,181.655,29281060
2022-04-26T05:35:06,186.99,187.18,181.655,29281060
2022-04-26T05:40:07,186.99,187.18,181.655,29281060
2022-04-26T05:45:08,186.99,187.18,181.655,29281060
2022-04-26T05:50:08,186.99,187.18,181.655,29281060
2022-04-26T05:55:09,186.99,187.18,181.655,29281060
2022-04-26T06:00:10,186.99,187.18,181.655,29281060
2022-04-26T06:05:11,186.99,187.18,181.655,29281060
2022-04-26T06:10:12,186.99,187.18,181.655,29281060
2022-04-26T06:15:13,186.99,187.18,181.655,29281060
2022-04-26T06:20:13,186.99,187.18,181.655,29281060
2022-04-26T06:25:14,186.99,187.18,181.655,29281060
2022-04-26T06:30:16,186.99,187.18,181.655,29281060
2022-04-26T06:35:16,186.99,187.18,181.655,29281060
2022-04-26T06:40:17,186.99,187.18,181.655,29281060
2022-04-26T06:45:20,185.92,186.71,185.92,555481
2022-04-26T06:50:20,183.685,187.185,183.39,1538803
2022-04-26T06:55:21,182.92,187.185,182.51,2156737
2022-04-26T07:00:22,182.66,187.185,181.78,2867556
2022-04-26T07:05:23,182.53,187.185,181.78,3344260
2022-04-26T07:10:23,182.4799,187.185,181.78,3757729
2022-04-26T07:15:24,182.41,187.185,181.78,4019721
2022-04-26T07:20:25,181.02,187.185,180.5595,4672941
2022-04-26T07:25:26,181.07,187.185,180.5595,5147864
2022-04-26T07:30:26,180.495,187.185,180.30,5608071
2022-04-26T07:35:27,180.905,187.185,180.17,6056445
2022-04-26T07:40:28,180.5016,187.185,180.17,6406101
2022-04-26T07:45:29,180.42,187.185,180.17,6847026
2022-04-26T07:50:30,180.56,187.185,180.17,7177659
2022-04-26T07:55:30,180.73,187.185,180.05,7498752
2022-04-26T08:00:31,181.21,187.185,180.05,7858338
2022-04-26T08:05:32,181.30,187.185,180.05,8218732
2022-04-26T08:10:33,180.69,187.185,180.05,8690927
2022-04-26T08:15:33,180.29,187.185,180.05,8982850
2022-04-26T08:20:34,179.665,187.185,179.57,9709843
2022-04-26T08:25:35,180.17,187.185,179.57,10077944
2022-04-26T08:30:36,180.06,187.185,179.57,10383341
2022-04-26T08:35:37,179.89,187.185,179.50,10720537
2022-04-26T08:40:38,180.28,187.185,179.50,11034049
2022-04-26T08:45:38,180.2201,187.185,179.50,11374506
2022-04-26T08:50:39,180.3035,187.185,179.50,11631164
2022-04-26T08:55:40,180.19,187.185,179.50,11938732
2022-04-26T09:00:41,180.36,187.185,179.50,12161976
2022-04-26T09:05:42,180.1002,187.185,179.50,12318822
2022-04-26T09:10:43,179.98,187.185,179.50,12529262
2022-04-26T09:15:43,180.36,187.185,179.50,12803883
2022-04-26T09:20:44,180.465,187.185,179.50,13051598
2022-04-26T09:25:45,181.355,187.185,179.50,13418804
2022-04-26T09:30:46,182.14,187.185,179.50,13903636
2022-04-26T09:35:47,181.865,187.185,179.50,14336312
2022-04-26T09:40:47,182.09,187.185,179.50,14651902
2022-04-26T09:45:48,182.0251,187.185,179.50,14993326
2022-04-26T09:50:49,181.95,187.185,179.50,15204979
2022-04-26T09:55:50,181.62,187.185,179.50,15452560
2022-04-26T10:00:51,181.635,187.185,179.50,15674282
2022-04-26T10:05:51,181.9728,187.185,179.50,15869924
2022-04-26T10:10:52,181.8617,187.185,179.50,16081866
2022-04-26T10:15:53,182.06,187.185,179.50,16423972
2022-04-26T10:20:54,181.38,187.185,179.50,16711379
2022-04-26T10:25:54,181.3659,187.185,179.50,16878525
2022-04-26T10:30:55,181.31,187.185,179.50,17054982
2022-04-26T10:35:56,181.30,187.185,179.50,17186339
2022-04-26T10:40:57,181.01,187.185,179.50,17341698
2022-04-26T10:45:58,181.16,187.185,179.50,17523975
2022-04-26T10:50:59,181.03,187.185,179.50,17708820
2022-04-26T10:55:59,181.1427,187.185,179.50,17905910
2022-04-26T11:01:00,181.661,187.185,179.50,18114151
2022-04-26T11:06:01,181.235,187.185,179.50,18293006
2022-04-26T11:11:02,181.50,187.185,179.50,18456458
2022-04-26T11:16:02,181.64,187.185,179.50,18642653
2022-04-26T11:21:04,181.97,187.185,179.50,18948044
