Date-Time,Price,High,Low,Volume
2022-04-26T00:04:30,33.90,34.85,33.05,12433746
2022-04-26T00:09:31,33.90,34.85,33.05,12433746
2022-04-26T00:14:32,33.90,34.85,33.05,12433746
2022-04-26T00:19:33,33.90,34.85,33.05,12433746
2022-04-26T00:24:34,33.90,34.85,33.05,12433746
2022-04-26T00:29:35,33.90,34.85,33.05,12433746
2022-04-26T00:34:36,33.90,34.85,33.05,12433746
2022-04-26T00:39:36,33.90,34.85,33.05,12433746
2022-04-26T00:44:37,33.90,34.85,33.05,12433746
2022-04-26T00:49:38,33.90,34.85,33.05,12433746
2022-04-26T00:54:39,33.90,34.85,33.05,12433746
2022-04-26T00:59:40,33.90,34.85,33.05,12433746
2022-04-26T01:04:41,33.90,34.85,33.05,12433746
2022-04-26T01:09:42,33.90,34.85,33.05,12433746
2022-04-26T01:14:42,33.90,34.85,33.05,12433746
2022-04-26T01:19:43,33.90,34.85,33.05,12433746
