Date-Time,Price,High,Low,Volume
2022-04-26T00:04:10,4.91,5.08,4.76,830494
2022-04-26T00:09:11,4.91,5.08,4.76,830494
2022-04-26T00:14:12,4.91,5.08,4.76,830494
2022-04-26T00:19:13,4.91,5.08,4.76,830494
2022-04-26T00:24:14,4.91,5.08,4.76,830494
2022-04-26T00:29:14,4.91,5.08,4.76,830494
2022-04-26T00:34:15,4.91,5.08,4.76,830494
2022-04-26T00:39:16,4.91,5.08,4.76,830494
2022-04-26T00:44:17,4.91,5.08,4.76,830494
2022-04-26T00:49:18,4.91,5.08,4.76,830494
2022-04-26T00:54:19,4.91,5.08,4.76,830494
2022-04-26T00:59:20,4.91,5.08,4.76,830494
2022-04-26T01:04:20,4.91,5.08,4.76,830494
2022-04-26T01:09:22,4.91,5.08,4.76,830494
2022-04-26T01:14:22,4.91,5.08,4.76,830494
2022-04-26T01:19:23,4.91,5.08,4.76,830494
2022-04-26T01:24:24,4.91,5.08,4.76,830494
2022-04-26T01:29:25,4.91,5.08,4.76,830494
2022-04-26T01:34:25,4.91,5.08,4.76,830494
2022-04-26T01:39:26,4.91,5.08,4.76,830494
2022-04-26T01:44:27,4.91,5.08,4.76,830494
2022-04-26T01:49:28,4.91,5.08,4.76,830494
2022-04-26T01:54:29,4.91,5.08,4.76,830494
2022-04-26T01:59:30,4.91,5.08,4.76,830494
2022-04-26T02:04:30,4.91,5.08,4.76,830494
2022-04-26T02:09:31,4.91,5.08,4.76,830494
2022-04-26T02:14:32,4.91,5.08,4.76,830494
2022-04-26T02:19:33,4.91,5.08,4.76,830494
