Date-Time,Price,High,Low,Volume
2022-04-26T00:04:11,17.31,17.4186,16.18,54990872
2022-04-26T00:09:12,17.31,17.4186,16.18,54990872
2022-04-26T00:14:12,17.31,17.4186,16.18,54990872
2022-04-26T00:19:13,17.31,17.4186,16.18,54990872
2022-04-26T00:24:14,17.31,17.4186,16.18,54990872
2022-04-26T00:29:15,17.31,17.4186,16.18,54990872
2022-04-26T00:34:16,17.31,17.4186,16.18,54990872
2022-04-26T00:39:16,17.31,17.4186,16.18,54990872
2022-04-26T00:44:17,17.31,17.4186,16.18,54990872
2022-04-26T00:49:18,17.31,17.4186,16.18,54990872
2022-04-26T00:54:19,17.31,17.4186,16.18,54990872
2022-04-26T00:59:20,17.31,17.4186,16.18,54990872
2022-04-26T01:04:21,17.31,17.4186,16.18,54990872
2022-04-26T01:09:21,17.31,17.4186,16.18,54990872
2022-04-26T01:14:22,17.31,17.4186,16.18,54990872
2022-04-26T01:19:23,17.31,17.4186,16.18,54990872
