Date-Time,Price,High,Low,Volume
2022-01-29T00:02:31,5.14,5.18,4.8896,862392
2022-01-29T00:07:32,5.14,5.18,4.8896,862392
2022-01-29T00:12:33,5.14,5.18,4.8896,862392
2022-01-29T00:17:34,5.14,5.18,4.8896,862392
2022-01-29T00:22:35,5.14,5.18,4.8896,862392
2022-01-29T00:27:35,5.14,5.18,4.8896,862392
2022-01-29T00:32:36,5.14,5.18,4.8896,862392
2022-01-29T00:37:37,5.14,5.18,4.8896,862392
2022-01-29T00:42:38,5.14,5.18,4.8896,862392
2022-01-29T00:47:39,5.14,5.18,4.8896,862392
2022-01-29T00:52:40,5.14,5.18,4.8896,862392
2022-01-29T00:57:41,5.14,5.18,4.8896,862392
2022-01-29T01:02:42,5.14,5.18,4.8896,862392
2022-01-29T01:07:43,5.14,5.18,4.8896,862392
2022-01-29T01:12:43,5.14,5.18,4.8896,862392
2022-01-29T01:17:44,5.14,5.18,4.8896,862392
2022-01-29T01:22:45,5.14,5.18,4.8896,862392
2022-01-29T01:27:46,5.14,5.18,4.8896,862392
2022-01-29T01:32:47,5.14,5.18,4.8896,862392
2022-01-29T01:37:48,5.14,5.18,4.8896,862392
2022-01-29T01:42:49,5.14,5.18,4.8896,862392
2022-01-29T01:47:49,5.14,5.18,4.8896,862392
2022-01-29T01:52:50,5.14,5.18,4.8896,862392
2022-01-29T01:57:51,5.14,5.18,4.8896,862392
2022-01-29T02:02:52,5.14,5.18,4.8896,862392
2022-01-29T02:07:53,5.14,5.18,4.8896,862392
2022-01-29T02:12:54,5.14,5.18,4.8896,862392
2022-01-29T02:17:54,5.14,5.18,4.8896,862392
2022-01-29T02:22:55,5.14,5.18,4.8896,862392
2022-01-29T02:27:56,5.14,5.18,4.8896,862392
2022-01-29T02:32:57,5.14,5.18,4.8896,862392
2022-01-29T02:37:58,5.14,5.18,4.8896,862392
2022-01-29T02:42:59,5.14,5.18,4.8896,862392
2022-01-29T02:48:00,5.14,5.18,4.8896,862392
2022-01-29T02:53:00,5.14,5.18,4.8896,862392
2022-01-29T02:58:01,5.14,5.18,4.8896,862392
2022-01-29T03:03:02,5.14,5.18,4.8896,862392
2022-01-29T03:08:03,5.14,5.18,4.8896,862392
2022-01-29T03:13:04,5.14,5.18,4.8896,862392
2022-01-29T03:18:05,5.14,5.18,4.8896,862392
2022-01-29T03:23:06,5.14,5.18,4.8896,862392
2022-01-29T03:28:06,5.14,5.18,4.8896,862392
2022-01-29T03:33:07,5.14,5.18,4.8896,862392
2022-01-29T03:38:08,5.14,5.18,4.8896,862392
2022-01-29T03:43:09,5.14,5.18,4.8896,862392
2022-01-29T03:48:10,5.14,5.18,4.8896,862392
2022-01-29T03:53:11,5.14,5.18,4.8896,862392
2022-01-29T03:58:12,5.14,5.18,4.8896,862392
2022-01-29T04:03:13,5.14,5.18,4.8896,862392
2022-01-29T04:08:14,5.14,5.18,4.8896,862392
2022-01-29T04:13:15,5.14,5.18,4.8896,862392
2022-01-29T04:18:16,5.14,5.18,4.8896,862392
2022-01-29T04:23:17,5.14,5.18,4.8896,862392
2022-01-29T04:28:18,5.14,5.18,4.8896,862392
2022-01-29T04:33:19,5.14,5.18,4.8896,862392
2022-01-29T04:38:19,5.14,5.18,4.8896,862392
2022-01-29T04:43:20,5.14,5.18,4.8896,862392
2022-01-29T04:48:21,5.14,5.18,4.8896,862392
2022-01-29T04:53:22,5.14,5.18,4.8896,862392
2022-01-29T04:58:23,5.14,5.18,4.8896,862392
2022-01-29T05:03:24,5.14,5.18,4.8896,862392
2022-01-29T05:08:24,5.14,5.18,4.8896,862392
2022-01-29T05:13:25,5.14,5.18,4.8896,862392
2022-01-29T05:18:26,5.14,5.18,4.8896,862392
2022-01-29T05:23:27,5.14,5.18,4.8896,862392
2022-01-29T05:28:28,5.14,5.18,4.8896,862392
2022-01-29T05:33:29,5.14,5.18,4.8896,862392
2022-01-29T05:38:30,5.14,5.18,4.8896,862392
2022-01-29T05:43:30,5.14,5.18,4.8896,862392
