Date-Time,Price,High,Low,Volume
2022-01-29T00:01:21,846.35,857.50,792.01,44929650
2022-01-29T00:06:22,846.35,857.50,792.01,44929650
2022-01-29T00:11:23,846.35,857.50,792.01,44929650
2022-01-29T00:16:23,846.35,857.50,792.01,44929650
2022-01-29T00:21:24,846.35,857.50,792.01,44929650
2022-01-29T00:26:25,846.35,857.50,792.01,44929650
2022-01-29T00:31:26,846.35,857.50,792.01,44929650
2022-01-29T00:36:27,846.35,857.50,792.01,44929650
2022-01-29T00:41:28,846.35,857.50,792.01,44929650
2022-01-29T00:46:29,846.35,857.50,792.01,44929650
