Date-Time,Price,High,Low,Volume
2022-01-29T00:04:29,301.71,301.90,293.0333,21871620
2022-01-29T00:09:30,301.71,301.90,293.0333,21871620
2022-01-29T00:14:31,301.71,301.90,293.0333,21871620
2022-01-29T00:19:32,301.71,301.90,293.0333,21871620
2022-01-29T00:24:33,301.71,301.90,293.0333,21871620
2022-01-29T00:29:33,301.71,301.90,293.0333,21871620
2022-01-29T00:34:35,301.71,301.90,293.0333,21871620
2022-01-29T00:39:36,301.71,301.90,293.0333,21871620
2022-01-29T00:44:37,301.71,301.90,293.0333,21871620
2022-01-29T00:49:38,301.71,301.90,293.0333,21871620
2022-01-29T00:54:39,301.71,301.90,293.0333,21871620
2022-01-29T00:59:39,301.71,301.90,293.0333,21871620
2022-01-29T01:04:40,301.71,301.90,293.0333,21871620
2022-01-29T01:09:41,301.71,301.90,293.0333,21871620
2022-01-29T01:14:42,301.71,301.90,293.0333,21871620
2022-01-29T01:19:43,301.71,301.90,293.0333,21871620
2022-01-29T01:24:44,301.71,301.90,293.0333,21871620
2022-01-29T01:29:45,301.71,301.90,293.0333,21871620
2022-01-29T01:34:45,301.71,301.90,293.0333,21871620
2022-01-29T01:39:46,301.71,301.90,293.0333,21871620
2022-01-29T01:44:47,301.71,301.90,293.0333,21871620
