Date-Time,Price,High,Low,Volume
2022-01-29T00:01:43,20.90,21.32,19.31,96701088
2022-01-29T00:06:44,20.90,21.32,19.31,96701088
2022-01-29T00:11:45,20.90,21.32,19.31,96701088
2022-01-29T00:16:46,20.90,21.32,19.31,96701088
2022-01-29T00:21:46,20.90,21.32,19.31,96701088
2022-01-29T00:26:47,20.90,21.32,19.31,96701088
2022-01-29T00:31:48,20.90,21.32,19.31,96701088
2022-01-29T00:36:49,20.90,21.32,19.31,96701088
2022-01-29T00:41:50,20.90,21.32,19.31,96701088
2022-01-29T00:46:51,20.90,21.32,19.31,96701088
2022-01-29T00:51:52,20.90,21.32,19.31,96701088
2022-01-29T00:56:52,20.90,21.32,19.31,96701088
2022-01-29T01:01:53,20.90,21.32,19.31,96701088
2022-01-29T01:06:54,20.90,21.32,19.31,96701088
2022-01-29T01:11:55,20.90,21.32,19.31,96701088
2022-01-29T01:16:56,20.90,21.32,19.31,96701088
2022-01-29T01:21:57,20.90,21.32,19.31,96701088
2022-01-29T01:26:58,20.90,21.32,19.31,96701088
2022-01-29T01:31:58,20.90,21.32,19.31,96701088
2022-01-29T01:36:59,20.90,21.32,19.31,96701088
2022-01-29T01:42:00,20.90,21.32,19.31,96701088
2022-01-29T01:47:01,20.90,21.32,19.31,96701088
2022-01-29T01:52:02,20.90,21.32,19.31,96701088
2022-01-29T01:57:02,20.90,21.32,19.31,96701088
2022-01-29T02:02:03,20.90,21.32,19.31,96701088
2022-01-29T02:07:04,20.90,21.32,19.31,96701088
2022-01-29T02:12:05,20.90,21.32,19.31,96701088
2022-01-29T02:17:06,20.90,21.32,19.31,96701088
2022-01-29T02:22:07,20.90,21.32,19.31,96701088
2022-01-29T02:27:08,20.90,21.32,19.31,96701088
2022-01-29T02:32:09,20.90,21.32,19.31,96701088
2022-01-29T02:37:10,20.90,21.32,19.31,96701088
2022-01-29T02:42:11,20.90,21.32,19.31,96701088
2022-01-29T02:47:12,20.90,21.32,19.31,96701088
