Date-Time,Price,High,Low,Volume
2022-01-29T00:01:24,57.12,57.30,50.00,23965079
2022-01-29T00:06:25,57.12,57.30,50.00,23965079
2022-01-29T00:11:26,57.12,57.30,50.00,23965079
2022-01-29T00:16:27,57.12,57.30,50.00,23965079
2022-01-29T00:21:28,57.12,57.30,50.00,23965079
2022-01-29T00:26:29,57.12,57.30,50.00,23965079
2022-01-29T00:31:29,57.12,57.30,50.00,23965079
2022-01-29T00:36:30,57.12,57.30,50.00,23965079
2022-01-29T00:41:31,57.12,57.30,50.00,23965079
2022-01-29T00:46:32,57.12,57.30,50.00,23965079
