Date-Time,Price,High,Low,Volume
2021-12-19T00:04:22,30.00,30.51,28.02,54537345
2021-12-19T00:09:23,30.00,30.51,28.02,54537345
2021-12-19T00:14:24,30.00,30.51,28.02,54537345
2021-12-19T00:19:25,30.00,30.51,28.02,54537345
2021-12-19T00:24:25,30.00,30.51,28.02,54537345
2021-12-19T00:29:26,30.00,30.51,28.02,54537345
2021-12-19T00:34:27,30.00,30.51,28.02,54537345
2021-12-19T00:39:28,30.00,30.51,28.02,54537345
2021-12-19T00:44:29,30.00,30.51,28.02,54537345
2021-12-19T00:49:29,30.00,30.51,28.02,54537345
2021-12-19T00:54:30,30.00,30.51,28.02,54537345
