Date-Time,Price,High,Low,Volume
2021-12-19T00:04:35,6.97,7.38,6.86,4209119
2021-12-19T00:09:36,6.97,7.38,6.86,4209119
2021-12-19T00:14:36,6.97,7.38,6.86,4209119
2021-12-19T00:19:37,6.97,7.38,6.86,4209119
2021-12-19T00:24:38,6.97,7.38,6.86,4209119
2021-12-19T00:29:39,6.97,7.38,6.86,4209119
2021-12-19T00:34:40,6.97,7.38,6.86,4209119
2021-12-19T00:39:40,6.97,7.38,6.86,4209119
2021-12-19T00:44:41,6.97,7.38,6.86,4209119
2021-12-19T00:49:42,6.97,7.38,6.86,4209119
2021-12-19T00:54:43,6.97,7.38,6.86,4209119
