Date-Time,Price,High,Low,Volume
2021-12-19T00:04:21,333.79,337.11,330.75,40012637
2021-12-19T00:09:22,333.79,337.11,330.75,40012637
2021-12-19T00:14:23,333.79,337.11,330.75,40012637
2021-12-19T00:19:23,333.79,337.11,330.75,40012637
2021-12-19T00:24:24,333.79,337.11,330.75,40012637
2021-12-19T00:29:25,333.79,337.11,330.75,40012637
2021-12-19T00:34:25,333.79,337.11,330.75,40012637
2021-12-19T00:39:26,333.79,337.11,330.75,40012637
2021-12-19T00:44:27,333.79,337.11,330.75,40012637
2021-12-19T00:49:28,333.79,337.11,330.75,40012637
2021-12-19T00:54:29,333.79,337.11,330.75,40012637
