Date-Time,Price,High,Low,Volume
2021-12-19T00:04:22,932.57,960.6599,909.0401,33626754
2021-12-19T00:09:23,932.57,960.6599,909.0401,33626754
2021-12-19T00:14:23,932.57,960.6599,909.0401,33626754
2021-12-19T00:19:24,932.57,960.6599,909.0401,33626754
2021-12-19T00:24:25,932.57,960.6599,909.0401,33626754
2021-12-19T00:29:26,932.57,960.6599,909.0401,33626754
2021-12-19T00:34:27,932.57,960.6599,909.0401,33626754
2021-12-19T00:39:27,932.57,960.6599,909.0401,33626754
2021-12-19T00:44:28,932.57,960.6599,909.0401,33626754
2021-12-19T00:49:29,932.57,960.6599,909.0401,33626754
2021-12-19T00:54:30,932.57,960.6599,909.0401,33626754
