Date-Time,Price,High,Low,Volume
2022-05-13T00:02:10,728.00,759.66,680.00,46770954
2022-05-13T00:07:11,728.00,759.66,680.00,46770954
2022-05-13T00:12:12,728.00,759.66,680.00,46770954
2022-05-13T00:17:13,728.00,759.66,680.00,46770954
2022-05-13T00:22:14,728.00,759.66,680.00,46770954
2022-05-13T00:27:15,728.00,759.66,680.00,46770954
2022-05-13T00:32:15,728.00,759.66,680.00,46770954
2022-05-13T00:37:16,728.00,759.66,680.00,46770954
2022-05-13T00:42:17,728.00,759.66,680.00,46770954
2022-05-13T00:47:18,728.00,759.66,680.00,46770954
2022-05-13T00:52:19,728.00,759.66,680.00,46770954
2022-05-13T00:57:19,728.00,759.66,680.00,46770954
2022-05-13T01:02:20,728.00,759.66,680.00,46770954
2022-05-13T01:07:21,728.00,759.66,680.00,46770954
2022-05-13T01:12:22,728.00,759.66,680.00,46770954
2022-05-13T01:17:23,728.00,759.66,680.00,46770954
2022-05-13T01:22:24,728.00,759.66,680.00,46770954
2022-05-13T01:27:24,728.00,759.66,680.00,46770954
2022-05-13T01:32:25,728.00,759.66,680.00,46770954
2022-05-13T01:37:26,728.00,759.66,680.00,46770954
2022-05-13T01:42:27,728.00,759.66,680.00,46770954
2022-05-13T01:47:28,728.00,759.66,680.00,46770954
2022-05-13T01:52:28,728.00,759.66,680.00,46770954
2022-05-13T01:57:29,728.00,759.66,680.00,46770954
2022-05-13T02:02:30,728.00,759.66,680.00,46770954
2022-05-13T02:07:31,728.00,759.66,680.00,46770954
2022-05-13T02:12:31,728.00,759.66,680.00,46770954
2022-05-13T02:17:32,728.00,759.66,680.00,46770954
2022-05-13T02:22:33,728.00,759.66,680.00,46770954
2022-05-13T02:27:34,728.00,759.66,680.00,46770954
2022-05-13T02:32:35,728.00,759.66,680.00,46770954
2022-05-13T02:37:36,728.00,759.66,680.00,46770954
2022-05-13T02:42:37,728.00,759.66,680.00,46770954
2022-05-13T02:47:38,728.00,759.66,680.00,46770954
2022-05-13T02:52:38,728.00,759.66,680.00,46770954
2022-05-13T02:57:39,728.00,759.66,680.00,46770954
2022-05-13T03:02:40,728.00,759.66,680.00,46770954
2022-05-13T03:07:41,728.00,759.66,680.00,46770954
2022-05-13T03:12:42,728.00,759.66,680.00,46770954
2022-05-13T03:17:43,728.00,759.66,680.00,46770954
2022-05-13T03:22:43,728.00,759.66,680.00,46770954
2022-05-13T03:27:44,728.00,759.66,680.00,46770954
2022-05-13T03:32:45,728.00,759.66,680.00,46770954
2022-05-13T03:37:46,728.00,759.66,680.00,46770954
2022-05-13T03:42:47,728.00,759.66,680.00,46770954
