Date-Time,Price,High,Low,Volume
2022-05-13T00:02:10,191.24,198.05,184.78,38262226
2022-05-13T00:07:11,191.24,198.05,184.78,38262226
2022-05-13T00:12:11,191.24,198.05,184.78,38262226
2022-05-13T00:17:12,191.24,198.05,184.78,38262226
2022-05-13T00:22:13,191.24,198.05,184.78,38262226
2022-05-13T00:27:14,191.24,198.05,184.78,38262226
2022-05-13T00:32:15,191.24,198.05,184.78,38262226
2022-05-13T00:37:16,191.24,198.05,184.78,38262226
2022-05-13T00:42:16,191.24,198.05,184.78,38262226
2022-05-13T00:47:17,191.24,198.05,184.78,38262226
2022-05-13T00:52:18,191.24,198.05,184.78,38262226
2022-05-13T00:57:19,191.24,198.05,184.78,38262226
2022-05-13T01:02:20,191.24,198.05,184.78,38262226
2022-05-13T01:07:21,191.24,198.05,184.78,38262226
2022-05-13T01:12:22,191.24,198.05,184.78,38262226
2022-05-13T01:17:22,191.24,198.05,184.78,38262226
2022-05-13T01:22:23,191.24,198.05,184.78,38262226
2022-05-13T01:27:24,191.24,198.05,184.78,38262226
2022-05-13T01:32:25,191.24,198.05,184.78,38262226
2022-05-13T01:37:26,191.24,198.05,184.78,38262226
2022-05-13T01:42:27,191.24,198.05,184.78,38262226
