Date-Time,Price,High,Low,Volume
2022-05-13T00:02:10,13.10,13.7499,11.67,83180607
2022-05-13T00:07:11,13.10,13.7499,11.67,83180607
2022-05-13T00:12:12,13.10,13.7499,11.67,83180607
2022-05-13T00:17:12,13.10,13.7499,11.67,83180607
2022-05-13T00:22:13,13.10,13.7499,11.67,83180607
2022-05-13T00:27:14,13.10,13.7499,11.67,83180607
2022-05-13T00:32:15,13.10,13.7499,11.67,83180607
2022-05-13T00:37:16,13.10,13.7499,11.67,83180607
2022-05-13T00:42:17,13.10,13.7499,11.67,83180607
2022-05-13T00:47:17,13.10,13.7499,11.67,83180607
2022-05-13T00:52:18,13.10,13.7499,11.67,83180607
2022-05-13T00:57:19,13.10,13.7499,11.67,83180607
2022-05-13T01:02:20,13.10,13.7499,11.67,83180607
2022-05-13T01:07:21,13.10,13.7499,11.67,83180607
2022-05-13T01:12:22,13.10,13.7499,11.67,83180607
2022-05-13T01:17:22,13.10,13.7499,11.67,83180607
2022-05-13T01:22:23,13.10,13.7499,11.67,83180607
2022-05-13T01:27:24,13.10,13.7499,11.67,83180607
2022-05-13T01:32:25,13.10,13.7499,11.67,83180607
2022-05-13T01:37:26,13.10,13.7499,11.67,83180607
2022-05-13T01:42:27,13.10,13.7499,11.67,83180607
