Date-Time,Price,High,Low,Volume
2022-05-27T00:04:07,707.73,718.6699,653.66,35334448
2022-05-27T00:09:08,707.73,718.6699,653.66,35334448
2022-05-27T00:14:09,707.73,718.6699,653.66,35334448
2022-05-27T00:19:10,707.73,718.6699,653.66,35334448
2022-05-27T00:24:11,707.73,718.6699,653.66,35334448
2022-05-27T00:29:11,707.73,718.6699,653.66,35334448
2022-05-27T00:34:12,707.73,718.6699,653.66,35334448
2022-05-27T00:39:13,707.73,718.6699,653.66,35334448
2022-05-27T00:44:14,707.73,718.6699,653.66,35334448
2022-05-27T00:49:15,707.73,718.6699,653.66,35334448
2022-05-27T00:54:16,707.73,718.6699,653.66,35334448
2022-05-27T00:59:17,707.73,718.6699,653.66,35334448
2022-05-27T01:04:17,707.73,718.6699,653.66,35334448
2022-05-27T01:09:18,707.73,718.6699,653.66,35334448
2022-05-27T01:14:19,707.73,718.6699,653.66,35334448
2022-05-27T01:19:20,707.73,718.6699,653.66,35334448
2022-05-27T01:24:21,707.73,718.6699,653.66,35334448
2022-05-27T01:29:22,707.73,718.6699,653.66,35334448
2022-05-27T01:34:23,707.73,718.6699,653.66,35334448
2022-05-27T01:39:23,707.73,718.6699,653.66,35334448
2022-05-27T01:44:24,707.73,718.6699,653.66,35334448
2022-05-27T01:49:25,707.73,718.6699,653.66,35334448
2022-05-27T01:54:26,707.73,718.6699,653.66,35334448
2022-05-27T01:59:27,707.73,718.6699,653.66,35334448
