Date-Time,Price,High,Low,Volume
2022-05-27T00:04:07,16.03,16.13,14.33,64243804
2022-05-27T00:09:08,16.03,16.13,14.33,64243804
2022-05-27T00:14:09,16.03,16.13,14.33,64243804
2022-05-27T00:19:10,16.03,16.13,14.33,64243804
2022-05-27T00:24:11,16.03,16.13,14.33,64243804
2022-05-27T00:29:11,16.03,16.13,14.33,64243804
2022-05-27T00:34:12,16.03,16.13,14.33,64243804
2022-05-27T00:39:13,16.03,16.13,14.33,64243804
2022-05-27T00:44:14,16.03,16.13,14.33,64243804
2022-05-27T00:49:15,16.03,16.13,14.33,64243804
2022-05-27T00:54:16,16.03,16.13,14.33,64243804
2022-05-27T00:59:17,16.03,16.13,14.33,64243804
