Date-Time,Price,High,Low,Volume
2022-05-27T00:02:05,29.23,29.92,27.081,14536348
2022-05-27T00:07:05,29.23,29.92,27.081,14536348
2022-05-27T00:12:06,29.23,29.92,27.081,14536348
2022-05-27T00:17:07,29.23,29.92,27.081,14536348
2022-05-27T00:22:08,29.23,29.92,27.081,14536348
2022-05-27T00:27:09,29.23,29.92,27.081,14536348
2022-05-27T00:32:10,29.23,29.92,27.081,14536348
2022-05-27T00:37:11,29.23,29.92,27.081,14536348
2022-05-27T00:42:11,29.23,29.92,27.081,14536348
2022-05-27T00:47:13,29.23,29.92,27.081,14536348
2022-05-27T00:52:14,29.23,29.92,27.081,14536348
2022-05-27T00:57:15,29.23,29.92,27.081,14536348
