Date-Time,Price,High,Low,Volume
2022-05-27T00:02:05,4.57,4.61,4.27,583789
2022-05-27T00:07:06,4.57,4.61,4.27,583789
2022-05-27T00:12:06,4.57,4.61,4.27,583789
2022-05-27T00:17:07,4.57,4.61,4.27,583789
2022-05-27T00:22:08,4.57,4.61,4.27,583789
2022-05-27T00:27:09,4.57,4.61,4.27,583789
2022-05-27T00:32:10,4.57,4.61,4.27,583789
2022-05-27T00:37:11,4.57,4.61,4.27,583789
2022-05-27T00:42:11,4.57,4.61,4.27,583789
2022-05-27T00:47:12,4.57,4.61,4.27,583789
2022-05-27T00:52:13,4.57,4.61,4.27,583789
2022-05-27T00:57:14,4.57,4.61,4.27,583789
