Date-Time,Price,High,Low,Volume
2022-01-31T00:02:44,301.71,301.90,293.0333,21871620
2022-01-31T00:07:45,301.71,301.90,293.0333,21871620
2022-01-31T00:12:47,301.71,301.90,293.0333,21871620
2022-01-31T00:17:47,301.71,301.90,293.0333,21871620
2022-01-31T00:22:48,301.71,301.90,293.0333,21871620
2022-01-31T00:27:49,301.71,301.90,293.0333,21871620
2022-01-31T00:32:50,301.71,301.90,293.0333,21871620
2022-01-31T00:37:51,301.71,301.90,293.0333,21871620
2022-01-31T00:42:52,301.71,301.90,293.0333,21871620
2022-01-31T00:47:52,301.71,301.90,293.0333,21871620
