Date-Time,Price,High,Low,Volume
2022-01-31T00:04:31,846.35,857.50,792.01,44929650
2022-01-31T00:09:32,846.35,857.50,792.01,44929650
2022-01-31T00:14:33,846.35,857.50,792.01,44929650
2022-01-31T00:19:34,846.35,857.50,792.01,44929650
2022-01-31T00:24:35,846.35,857.50,792.01,44929650
2022-01-31T00:29:36,846.35,857.50,792.01,44929650
2022-01-31T00:34:36,846.35,857.50,792.01,44929650
2022-01-31T00:39:37,846.35,857.50,792.01,44929650
2022-01-31T00:44:38,846.35,857.50,792.01,44929650
2022-01-31T00:49:39,846.35,857.50,792.01,44929650
2022-01-31T00:54:40,846.35,857.50,792.01,44929650
2022-01-31T00:59:40,846.35,857.50,792.01,44929650
2022-01-31T01:04:41,846.35,857.50,792.01,44929650
2022-01-31T01:09:42,846.35,857.50,792.01,44929650
2022-01-31T01:14:43,846.35,857.50,792.01,44929650
2022-01-31T01:19:44,846.35,857.50,792.01,44929650
2022-01-31T01:24:45,846.35,857.50,792.01,44929650
2022-01-31T01:29:45,846.35,857.50,792.01,44929650
2022-01-31T01:34:46,846.35,857.50,792.01,44929650
2022-01-31T01:39:47,846.35,857.50,792.01,44929650
2022-01-31T01:44:48,846.35,857.50,792.01,44929650
2022-01-31T01:49:49,846.35,857.50,792.01,44929650
