Date-Time,Price,High,Low,Volume
2022-01-31T00:04:31,57.12,57.30,50.00,23965079
2022-01-31T00:09:32,57.12,57.30,50.00,23965079
2022-01-31T00:14:33,57.12,57.30,50.00,23965079
2022-01-31T00:19:34,57.12,57.30,50.00,23965079
2022-01-31T00:24:35,57.12,57.30,50.00,23965079
2022-01-31T00:29:35,57.12,57.30,50.00,23965079
2022-01-31T00:34:36,57.12,57.30,50.00,23965079
2022-01-31T00:39:37,57.12,57.30,50.00,23965079
2022-01-31T00:44:38,57.12,57.30,50.00,23965079
2022-01-31T00:49:39,57.12,57.30,50.00,23965079
2022-01-31T00:54:40,57.12,57.30,50.00,23965079
2022-01-31T00:59:40,57.12,57.30,50.00,23965079
2022-01-31T01:04:41,57.12,57.30,50.00,23965079
2022-01-31T01:09:42,57.12,57.30,50.00,23965079
2022-01-31T01:14:43,57.12,57.30,50.00,23965079
2022-01-31T01:19:44,57.12,57.30,50.00,23965079
2022-01-31T01:24:45,57.12,57.30,50.00,23965079
2022-01-31T01:29:45,57.12,57.30,50.00,23965079
2022-01-31T01:34:46,57.12,57.30,50.00,23965079
2022-01-31T01:39:47,57.12,57.30,50.00,23965079
2022-01-31T01:44:48,57.12,57.30,50.00,23965079
2022-01-31T01:49:49,57.12,57.30,50.00,23965079
2022-01-31T01:54:49,57.12,57.30,50.00,23965079
2022-01-31T01:59:50,57.12,57.30,50.00,23965079
2022-01-31T02:04:51,57.12,57.30,50.00,23965079
2022-01-31T02:09:52,57.12,57.30,50.00,23965079
2022-01-31T02:14:53,57.12,57.30,50.00,23965079
2022-01-31T02:19:53,57.12,57.30,50.00,23965079
2022-01-31T02:24:55,57.12,57.30,50.00,23965079
2022-01-31T02:29:55,57.12,57.30,50.00,23965079
2022-01-31T02:34:56,57.12,57.30,50.00,23965079
2022-01-31T02:39:57,57.12,57.30,50.00,23965079
2022-01-31T02:44:58,57.12,57.30,50.00,23965079
2022-01-31T02:49:59,57.12,57.30,50.00,23965079
2022-01-31T02:55:00,57.12,57.30,50.00,23965079
2022-01-31T03:00:00,57.12,57.30,50.00,23965079
2022-01-31T03:05:01,57.12,57.30,50.00,23965079
2022-01-31T03:10:02,57.12,57.30,50.00,23965079
2022-01-31T03:15:03,57.12,57.30,50.00,23965079
2022-01-31T03:20:04,57.12,57.30,50.00,23965079
2022-01-31T03:25:04,57.12,57.30,50.00,23965079
2022-01-31T03:30:05,57.12,57.30,50.00,23965079
2022-01-31T03:35:06,57.12,57.30,50.00,23965079
2022-01-31T03:40:07,57.12,57.30,50.00,23965079
2022-01-31T03:45:08,57.12,57.30,50.00,23965079
2022-01-31T03:50:09,57.12,57.30,50.00,23965079
2022-01-31T03:55:10,57.12,57.30,50.00,23965079
2022-01-31T04:00:10,57.12,57.30,50.00,23965079
2022-01-31T04:05:11,57.12,57.30,50.00,23965079
2022-01-31T04:10:12,57.12,57.30,50.00,23965079
2022-01-31T04:15:13,57.12,57.30,50.00,23965079
2022-01-31T04:20:14,57.12,57.30,50.00,23965079
2022-01-31T04:25:15,57.12,57.30,50.00,23965079
2022-01-31T04:30:16,57.12,57.30,50.00,23965079
2022-01-31T04:35:16,57.12,57.30,50.00,23965079
2022-01-31T04:40:17,57.12,57.30,50.00,23965079
2022-01-31T04:45:18,57.12,57.30,50.00,23965079
2022-01-31T04:50:19,57.12,57.30,50.00,23965079
2022-01-31T04:55:20,57.12,57.30,50.00,23965079
2022-01-31T05:00:21,57.12,57.30,50.00,23965079
2022-01-31T05:05:21,57.12,57.30,50.00,23965079
2022-01-31T05:10:22,57.12,57.30,50.00,23965079
2022-01-31T05:15:23,57.12,57.30,50.00,23965079
2022-01-31T05:20:24,57.12,57.30,50.00,23965079
2022-01-31T05:25:25,57.12,57.30,50.00,23965079
2022-01-31T05:30:26,57.12,57.30,50.00,23965079
2022-01-31T05:35:26,57.12,57.30,50.00,23965079
2022-01-31T05:40:27,57.12,57.30,50.00,23965079
2022-01-31T05:45:28,57.12,57.30,50.00,23965079
2022-01-31T05:50:29,57.12,57.30,50.00,23965079
2022-01-31T05:55:30,57.12,57.30,50.00,23965079
2022-01-31T06:00:30,57.12,57.30,50.00,23965079
2022-01-31T06:05:31,57.12,57.30,50.00,23965079
2022-01-31T06:10:32,57.12,57.30,50.00,23965079
2022-01-31T06:15:33,57.12,57.30,50.00,23965079
2022-01-31T06:20:33,57.12,57.30,50.00,23965079
2022-01-31T06:25:34,57.12,57.30,50.00,23965079
2022-01-31T06:30:35,57.12,57.30,50.00,23965079
2022-01-31T06:35:36,57.12,57.30,50.00,23965079
2022-01-31T06:40:37,57.12,57.30,50.00,23965079
2022-01-31T06:45:38,58.27,58.8999,58.0315,465185
2022-01-31T06:50:38,59.09,59.15,57.92,902024
2022-01-31T06:55:39,59.89,60.0889,57.92,1558052
2022-01-31T07:00:40,59.81,60.10,57.92,1999756
2022-01-31T07:05:41,60.165,60.43,57.92,2401471
2022-01-31T07:10:42,60.50,60.65,57.92,2741369
2022-01-31T07:15:42,60.0389,60.75,57.92,3076316
2022-01-31T07:20:43,60.13,60.75,57.92,3273006
2022-01-31T07:25:44,60.935,61.10,57.92,3601252
2022-01-31T07:30:45,61.4273,61.52,57.92,3911891
2022-01-31T07:35:45,61.40,62.20,57.92,4443914
2022-01-31T07:40:46,62.30,62.44,57.92,4730829
2022-01-31T07:45:47,61.52,62.44,57.92,5110889
