Date-Time,Price,High,Low,Volume
2022-02-22T00:01:53,6.68,6.88,6.58,699634
2022-02-22T00:06:54,6.68,6.88,6.58,699634
2022-02-22T00:11:55,6.68,6.88,6.58,699634
2022-02-22T00:16:56,6.68,6.88,6.58,699634
2022-02-22T00:21:57,6.68,6.88,6.58,699634
2022-02-22T00:26:57,6.68,6.88,6.58,699634
2022-02-22T00:31:58,6.68,6.88,6.58,699634
2022-02-22T00:36:59,6.68,6.88,6.58,699634
2022-02-22T00:42:00,6.68,6.88,6.58,699634
2022-02-22T00:47:01,6.68,6.88,6.58,699634
2022-02-22T00:52:02,6.68,6.88,6.58,699634
2022-02-22T00:57:03,6.68,6.88,6.58,699634
2022-02-22T01:02:04,6.68,6.88,6.58,699634
2022-02-22T01:07:05,6.68,6.88,6.58,699634
2022-02-22T01:12:06,6.68,6.88,6.58,699634
2022-02-22T01:17:07,6.68,6.88,6.58,699634
2022-02-22T01:22:08,6.68,6.88,6.58,300
2022-02-22T01:27:08,6.68,6.88,6.58,300
2022-02-22T01:32:09,6.68,6.88,6.58,300
2022-02-22T01:37:10,6.68,6.88,6.58,300
2022-02-22T01:42:11,6.68,6.88,6.58,300
2022-02-22T01:47:12,6.68,6.88,6.58,300
2022-02-22T01:52:13,6.68,6.88,6.58,300
2022-02-22T01:57:14,6.68,6.88,6.58,300
2022-02-22T02:02:14,6.68,6.88,6.58,300
2022-02-22T02:07:15,6.68,6.88,6.58,300
2022-02-22T02:12:16,6.68,6.88,6.58,300
2022-02-22T02:17:17,6.68,6.88,6.58,300
2022-02-22T02:22:18,6.68,6.88,6.58,300
2022-02-22T02:27:19,6.68,6.88,6.58,300
2022-02-22T02:32:20,6.68,6.88,6.58,300
2022-02-22T02:37:21,6.68,6.88,6.58,300
2022-02-22T02:42:21,6.68,6.88,6.58,300
2022-02-22T02:47:22,6.68,6.88,6.58,300
2022-02-22T02:52:23,6.68,6.88,6.58,300
2022-02-22T02:57:24,6.68,6.88,6.58,300
2022-02-22T03:02:25,6.68,6.88,6.58,300
2022-02-22T03:07:26,6.68,6.88,6.58,300
2022-02-22T03:12:27,6.68,6.88,6.58,300
2022-02-22T03:17:28,6.68,6.88,6.58,300
2022-02-22T03:22:29,6.68,6.88,6.58,300
2022-02-22T03:27:29,6.68,6.88,6.58,300
2022-02-22T03:32:30,6.68,6.88,6.58,300
2022-02-22T03:37:31,6.68,6.88,6.58,300
2022-02-22T03:42:32,6.68,6.88,6.58,300
2022-02-22T03:47:33,6.68,6.88,6.58,300
2022-02-22T03:52:34,6.68,6.88,6.58,300
2022-02-22T03:57:35,6.68,6.88,6.58,300
2022-02-22T04:02:35,6.68,6.88,6.58,300
2022-02-22T04:07:37,6.68,6.88,6.58,300
2022-02-22T04:12:37,6.68,6.88,6.58,300
2022-02-22T04:17:38,6.68,6.88,6.58,300
2022-02-22T04:22:39,6.68,6.88,6.58,300
2022-02-22T04:27:40,6.68,6.88,6.58,300
2022-02-22T04:32:41,6.68,6.88,6.58,300
2022-02-22T04:37:42,6.68,6.88,6.58,300
2022-02-22T04:42:43,6.68,6.88,6.58,300
2022-02-22T04:47:44,6.68,6.88,6.58,300
2022-02-22T04:52:45,6.68,6.88,6.58,300
2022-02-22T04:57:45,6.68,6.88,6.58,300
2022-02-22T05:02:46,6.68,6.88,6.58,300
2022-02-22T05:07:47,6.68,6.88,6.58,300
2022-02-22T05:12:48,6.68,6.88,6.58,300
2022-02-22T05:17:49,6.68,6.88,6.58,300
2022-02-22T05:22:50,6.68,6.88,6.58,300
2022-02-22T05:27:51,6.68,6.88,6.58,300
2022-02-22T05:32:52,6.68,6.88,6.58,300
2022-02-22T05:37:53,6.68,6.88,6.58,300
2022-02-22T05:42:54,6.68,6.88,6.58,300
2022-02-22T05:47:54,6.68,6.88,6.58,300
2022-02-22T05:52:55,6.68,6.88,6.58,300
2022-02-22T05:57:56,6.68,6.88,6.58,300
2022-02-22T06:02:57,6.68,6.88,6.58,300
2022-02-22T06:07:58,6.68,6.88,6.58,300
2022-02-22T06:12:58,6.68,6.88,6.58,300
2022-02-22T06:17:59,6.68,6.88,6.58,300
2022-02-22T06:23:00,6.68,6.88,6.58,300
2022-02-22T06:28:01,6.68,6.88,6.58,300
2022-02-22T06:33:03,6.68,6.88,6.58,300
2022-02-22T06:38:04,6.68,6.88,6.58,300
2022-02-22T06:43:05,6.68,6.88,6.58,300
2022-02-22T06:48:06,6.57,6.57,6.42,50884
2022-02-22T06:53:07,6.66,6.68,6.42,62155
2022-02-22T06:58:08,6.67,6.69,6.42,84189
2022-02-22T07:03:08,6.66,6.69,6.42,92473
2022-02-22T07:08:09,6.65,6.69,6.42,100463
2022-02-22T07:13:10,6.71,6.71,6.42,105035
2022-02-22T07:18:11,6.615,6.71,6.42,111966
2022-02-22T07:23:12,6.63,6.71,6.42,117817
2022-02-22T07:28:13,6.66,6.71,6.42,122412
2022-02-22T07:33:13,6.67,6.71,6.42,131964
2022-02-22T07:38:14,6.65,6.71,6.42,137157
2022-02-22T07:43:15,6.645,6.71,6.42,141536
2022-02-22T07:48:16,6.59,6.71,6.42,149758
2022-02-22T07:53:17,6.59,6.71,6.42,151357
2022-02-22T07:58:17,6.57,6.71,6.42,155739
2022-02-22T08:03:18,6.5915,6.71,6.42,166143
2022-02-22T08:08:19,6.605,6.71,6.42,170409
2022-02-22T08:13:20,6.59,6.71,6.42,171226
2022-02-22T08:18:21,6.59,6.71,6.42,175125
2022-02-22T08:23:23,6.59,6.71,6.42,181104
2022-02-22T08:28:23,6.58,6.71,6.42,183148
2022-02-22T08:33:24,6.56,6.71,6.42,185248
2022-02-22T08:38:25,6.54,6.71,6.42,188387
2022-02-22T08:43:26,6.56,6.71,6.42,192334
2022-02-22T08:48:27,6.58,6.71,6.42,198950
2022-02-22T08:53:28,6.5224,6.71,6.42,207139
2022-02-22T08:58:28,6.46,6.71,6.42,225698
2022-02-22T09:03:29,6.44,6.71,6.42,231138
2022-02-22T09:08:30,6.40,6.71,6.40,237592
2022-02-22T09:13:31,6.41,6.71,6.3901,247594
