Date-Time,Price,High,Low,Volume
2022-02-22T00:02:48,66.37,66.8999,63.0101,14965890
2022-02-22T00:07:48,66.37,66.8999,63.0101,14965890
2022-02-22T00:12:49,66.37,66.8999,63.0101,14965890
2022-02-22T00:17:50,66.37,66.8999,63.0101,14965890
2022-02-22T00:22:51,66.37,66.8999,63.0101,14965890
2022-02-22T00:27:52,66.37,66.8999,63.0101,14965890
2022-02-22T00:32:53,66.37,66.8999,63.0101,14965890
2022-02-22T00:37:53,66.37,66.8999,63.0101,14965890
2022-02-22T00:42:54,66.37,66.8999,63.0101,14965890
2022-02-22T00:47:55,66.37,66.8999,63.0101,14965890
2022-02-22T00:52:56,66.37,66.8999,63.0101,14965890
2022-02-22T00:57:57,66.37,66.8999,63.0101,14965890
2022-02-22T01:02:58,66.37,66.8999,63.0101,14965890
2022-02-22T01:07:58,66.37,66.8999,63.0101,14965890
2022-02-22T01:12:59,66.37,66.8999,63.0101,14965890
