Date-Time,Price,High,Low,Volume
2022-02-22T00:02:28,206.16,210.75,205.18,37128438
2022-02-22T00:07:28,206.16,210.75,205.18,37128438
2022-02-22T00:12:29,206.16,210.75,205.18,37128438
2022-02-22T00:17:30,206.16,210.75,205.18,37128438
2022-02-22T00:22:31,206.16,210.75,205.18,37128438
2022-02-22T00:27:32,206.16,210.75,205.18,37128438
2022-02-22T00:32:32,206.16,210.75,205.18,37128438
2022-02-22T00:37:33,206.16,210.75,205.18,37128438
2022-02-22T00:42:34,206.16,210.75,205.18,37128438
2022-02-22T00:47:35,206.16,210.75,205.18,37128438
2022-02-22T00:52:36,206.16,210.75,205.18,37128438
2022-02-22T00:57:37,206.16,210.75,205.18,37128438
2022-02-22T01:02:38,206.16,210.75,205.18,37128438
2022-02-22T01:07:38,206.16,210.75,205.18,37128438
2022-02-22T01:12:39,206.16,210.75,205.18,37128438
