Date-Time,Price,High,Low,Volume
2022-02-22T00:02:48,856.98,886.87,837.61,22833947
2022-02-22T00:07:48,856.98,886.87,837.61,22833947
2022-02-22T00:12:49,856.98,886.87,837.61,22833947
2022-02-22T00:17:50,856.98,886.87,837.61,22833947
2022-02-22T00:22:51,856.98,886.87,837.61,22833947
2022-02-22T00:27:52,856.98,886.87,837.61,22833947
2022-02-22T00:32:52,856.98,886.87,837.61,22833947
2022-02-22T00:37:53,856.98,886.87,837.61,22833947
2022-02-22T00:42:54,856.98,886.87,837.61,22833947
2022-02-22T00:47:55,856.98,886.87,837.61,22833947
2022-02-22T00:52:56,856.98,886.87,837.61,22833947
2022-02-22T00:57:57,856.98,886.87,837.61,22833947
2022-02-22T01:02:58,856.98,886.87,837.61,22833947
2022-02-22T01:07:59,856.98,886.87,837.61,22833947
2022-02-22T01:12:59,856.98,886.87,837.61,22833947
2022-02-22T01:18:00,856.98,886.87,837.61,22833947
2022-02-22T01:23:01,856.98,886.87,837.61,32681
2022-02-22T01:28:02,856.98,886.87,837.61,32681
2022-02-22T01:33:03,856.98,886.87,837.61,32681
2022-02-22T01:38:03,856.98,886.87,837.61,32681
2022-02-22T01:43:04,856.98,886.87,837.61,32681
2022-02-22T01:48:05,856.98,886.87,837.61,32681
2022-02-22T01:53:06,856.98,886.87,837.61,32681
2022-02-22T01:58:07,856.98,886.87,837.61,32681
2022-02-22T02:03:07,856.98,886.87,837.61,32681
2022-02-22T02:08:09,856.98,886.87,837.61,32681
2022-02-22T02:13:09,856.98,886.87,837.61,32681
