Date-Time,Price,High,Low,Volume
2022-01-27T00:00:31,294.63,307.51,290.85,28348801
2022-01-27T00:10:42,294.63,307.51,290.85,28348801
2022-01-27T00:15:43,294.63,307.51,290.85,28348801
2022-01-27T00:20:44,294.63,307.51,290.85,28348801
2022-01-27T00:25:45,294.63,307.51,290.85,28348801
2022-01-27T00:30:45,294.63,307.51,290.85,28348801
2022-01-27T00:35:46,294.63,307.51,290.85,28348801
2022-01-27T00:40:47,294.63,307.51,290.85,28348801
2022-01-27T00:45:48,294.63,307.51,290.85,28348801
2022-01-27T00:50:49,294.63,307.51,290.85,28348801
2022-01-27T00:55:50,294.63,307.51,290.85,28348801
2022-01-27T01:00:50,294.63,307.51,290.85,28348801
2022-01-27T01:05:51,294.63,307.51,290.85,28348801
2022-01-27T01:10:52,294.63,307.51,290.85,28348801
2022-01-27T01:15:53,294.63,307.51,290.85,28348801
2022-01-27T01:20:54,294.63,307.51,290.85,28348801
2022-01-27T01:25:54,294.63,307.51,290.85,28348801
2022-01-27T01:30:55,294.63,307.51,290.85,28348801
2022-01-27T01:35:56,294.63,307.51,290.85,28348801
2022-01-27T01:40:57,294.63,307.51,290.85,28348801
2022-01-27T01:45:58,294.63,307.51,290.85,28348801
2022-01-27T01:50:58,294.63,307.51,290.85,28348801
2022-01-27T01:55:59,294.63,307.51,290.85,28348801
2022-01-27T02:01:00,294.63,307.51,290.85,28348801
2022-01-27T02:06:01,294.63,307.51,290.85,28348801
2022-01-27T02:11:02,294.63,307.51,290.85,28348801
2022-01-27T02:16:03,294.63,307.51,290.85,28348801
2022-01-27T02:21:04,294.63,307.51,290.85,28348801
2022-01-27T02:26:05,294.63,307.51,290.85,28348801
2022-01-27T02:31:05,294.63,307.51,290.85,28348801
2022-01-27T02:36:06,294.63,307.51,290.85,28348801
2022-01-27T02:41:07,294.63,307.51,290.85,28348801
2022-01-27T02:46:08,294.63,307.51,290.85,28348801
2022-01-27T02:51:09,294.63,307.51,290.85,28348801
2022-01-27T02:56:10,294.63,307.51,290.85,28348801
2022-01-27T03:01:11,294.63,307.51,290.85,28348801
2022-01-27T03:06:12,294.63,307.51,290.85,28348801
2022-01-27T03:11:13,294.63,307.51,290.85,28348801
2022-01-27T03:16:13,294.63,307.51,290.85,28348801
2022-01-27T03:21:14,294.63,307.51,290.85,28348801
2022-01-27T03:26:15,294.63,307.51,290.85,28348801
2022-01-27T03:31:16,294.63,307.51,290.85,28348801
2022-01-27T03:36:17,294.63,307.51,290.85,28348801
2022-01-27T03:41:18,294.63,307.51,290.85,28348801
2022-01-27T03:46:19,294.63,307.51,290.85,28348801
2022-01-27T03:51:19,294.63,307.51,290.85,28348801
2022-01-27T03:56:20,294.63,307.51,290.85,28348801
2022-01-27T04:01:21,294.63,307.51,290.85,28348801
2022-01-27T04:06:22,294.63,307.51,290.85,28348801
2022-01-27T04:11:23,294.63,307.51,290.85,28348801
2022-01-27T04:16:24,294.63,307.51,290.85,28348801
2022-01-27T04:21:25,294.63,307.51,290.85,28348801
2022-01-27T04:26:25,294.63,307.51,290.85,28348801
2022-01-27T04:31:26,294.63,307.51,290.85,28348801
2022-01-27T04:36:27,294.63,307.51,290.85,28348801
2022-01-27T04:41:28,294.63,307.51,290.85,28348801
