Date-Time,Price,High,Low,Volume
2022-01-27T00:03:11,22.66,24.78,22.53,72125662
2022-01-27T00:13:12,22.66,24.78,22.53,72125662
2022-01-27T00:18:13,22.66,24.78,22.53,72125662
2022-01-27T00:23:13,22.66,24.78,22.53,72125662
2022-01-27T00:28:14,22.66,24.78,22.53,72125662
2022-01-27T00:33:15,22.66,24.78,22.53,72125662
2022-01-27T00:38:16,22.66,24.78,22.53,72125662
2022-01-27T00:43:16,22.66,24.78,22.53,72125662
2022-01-27T00:48:18,22.66,24.78,22.53,72125662
2022-01-27T00:53:18,22.66,24.78,22.53,72125662
2022-01-27T00:58:19,22.66,24.78,22.53,72125662
2022-01-27T01:03:20,22.66,24.78,22.53,72125662
2022-01-27T01:08:21,22.66,24.78,22.53,72125662
2022-01-27T01:13:22,22.66,24.78,22.53,72125662
2022-01-27T01:18:22,22.66,24.78,22.53,72125662
2022-01-27T01:23:23,22.66,24.78,22.53,72125662
2022-01-27T01:28:24,22.66,24.78,22.53,72125662
2022-01-27T01:33:25,22.66,24.78,22.53,72125662
2022-01-27T01:38:26,22.66,24.78,22.53,72125662
2022-01-27T01:43:27,22.66,24.78,22.53,72125662
2022-01-27T01:48:28,22.66,24.78,22.53,72125662
2022-01-27T01:53:29,22.66,24.78,22.53,72125662
2022-01-27T01:58:29,22.66,24.78,22.53,72125662
2022-01-27T02:03:30,22.66,24.78,22.53,72125662
2022-01-27T02:08:31,22.66,24.78,22.53,72125662
2022-01-27T02:13:32,22.66,24.78,22.53,72125662
2022-01-27T02:18:33,22.66,24.78,22.53,72125662
2022-01-27T02:23:33,22.66,24.78,22.53,72125662
2022-01-27T02:28:34,22.66,24.78,22.53,72125662
2022-01-27T02:33:35,22.66,24.78,22.53,72125662
2022-01-27T02:38:36,22.66,24.78,22.53,72125662
2022-01-27T02:43:36,22.66,24.78,22.53,72125662
2022-01-27T02:48:37,22.66,24.78,22.53,72125662
2022-01-27T02:53:38,22.66,24.78,22.53,72125662
2022-01-27T02:58:39,22.66,24.78,22.53,72125662
2022-01-27T03:03:39,22.66,24.78,22.53,72125662
2022-01-27T03:08:40,22.66,24.78,22.53,72125662
2022-01-27T03:13:41,22.66,24.78,22.53,72125662
2022-01-27T03:18:42,22.66,24.78,22.53,72125662
2022-01-27T03:23:43,22.66,24.78,22.53,72125662
2022-01-27T03:28:43,22.66,24.78,22.53,72125662
2022-01-27T03:33:44,22.66,24.78,22.53,72125662
2022-01-27T03:38:45,22.66,24.78,22.53,72125662
2022-01-27T03:43:46,22.66,24.78,22.53,72125662
2022-01-27T03:48:46,22.66,24.78,22.53,72125662
2022-01-27T03:53:47,22.66,24.78,22.53,72125662
2022-01-27T03:58:48,22.66,24.78,22.53,72125662
2022-01-27T04:03:49,22.66,24.78,22.53,72125662
2022-01-27T04:08:50,22.66,24.78,22.53,72125662
2022-01-27T04:13:50,22.66,24.78,22.53,72125662
2022-01-27T04:18:51,22.66,24.78,22.53,72125662
2022-01-27T04:23:52,22.66,24.78,22.53,72125662
2022-01-27T04:28:52,22.66,24.78,22.53,72125662
2022-01-27T04:33:53,22.66,24.78,22.53,72125662
2022-01-27T04:38:54,22.66,24.78,22.53,72125662
2022-01-27T04:43:55,22.66,24.78,22.53,72125662
2022-01-27T04:48:56,22.66,24.78,22.53,72125662
2022-01-27T04:53:56,22.66,24.78,22.53,72125662
2022-01-27T04:58:57,22.66,24.78,22.53,72125662
2022-01-27T05:03:58,22.66,24.78,22.53,72125662
2022-01-27T05:08:59,22.66,24.78,22.53,72125662
2022-01-27T05:13:59,22.66,24.78,22.53,72125662
2022-01-27T05:19:00,22.66,24.78,22.53,72125662
2022-01-27T05:24:01,22.66,24.78,22.53,72125662
2022-01-27T05:29:02,22.66,24.78,22.53,72125662
2022-01-27T05:34:03,22.66,24.78,22.53,72125662
2022-01-27T05:39:04,22.66,24.78,22.53,72125662
2022-01-27T05:44:05,22.66,24.78,22.53,72125662
2022-01-27T05:49:06,22.66,24.78,22.53,72125662
2022-01-27T05:54:07,22.66,24.78,22.53,72125662
2022-01-27T05:59:07,22.66,24.78,22.53,72125662
2022-01-27T06:04:08,22.66,24.78,22.53,72125662
2022-01-27T06:09:09,22.66,24.78,22.53,72125662
2022-01-27T06:14:10,22.66,24.78,22.53,72125662
2022-01-27T06:19:11,22.66,24.78,22.53,72125662
2022-01-27T06:24:12,22.66,24.78,22.53,72125662
2022-01-27T06:29:13,22.66,24.78,22.53,72125662
2022-01-27T06:34:14,22.66,24.78,22.53,72125662
2022-01-27T06:39:14,22.66,24.78,22.53,72125662
2022-01-27T06:44:15,22.66,24.78,22.53,72125662
2022-01-27T06:49:16,21.9524,22.8092,21.82,4494934
2022-01-27T06:54:17,21.71,22.8092,21.581,7607810
2022-01-27T06:59:17,21.915,22.8092,21.581,9623173
2022-01-27T07:04:18,22.0811,22.8092,21.581,11453383
2022-01-27T07:09:19,22.25,22.8092,21.581,13204281
2022-01-27T07:14:20,22.21,22.8092,21.581,15096659
2022-01-27T07:19:20,22.34,22.8092,21.581,16394070
2022-01-27T07:24:21,22.4511,22.8092,21.581,17428185
2022-01-27T07:29:22,22.4893,22.8092,21.581,18332743
2022-01-27T07:34:23,22.23,22.8092,21.581,19593948
2022-01-27T07:39:24,22.15,22.8092,21.581,20819752
2022-01-27T07:44:25,22.045,22.8092,21.581,21917423
