Date-Time,Price,High,Low,Volume
2022-01-27T00:02:54,937.41,987.69,906.00,34955761
2022-01-27T00:13:00,937.41,987.69,906.00,34955761
2022-01-27T00:18:01,937.41,987.69,906.00,34955761
2022-01-27T00:23:02,937.41,987.69,906.00,34955761
2022-01-27T00:28:03,937.41,987.69,906.00,34955761
2022-01-27T00:33:04,937.41,987.69,906.00,34955761
2022-01-27T00:38:05,937.41,987.69,906.00,34955761
2022-01-27T00:43:05,937.41,987.69,906.00,34955761
2022-01-27T00:48:06,937.41,987.69,906.00,34955761
2022-01-27T00:53:07,937.41,987.69,906.00,34955761
2022-01-27T00:58:08,937.41,987.69,906.00,34955761
2022-01-27T01:03:09,937.41,987.69,906.00,34955761
2022-01-27T01:08:10,937.41,987.69,906.00,34955761
2022-01-27T01:13:11,937.41,987.69,906.00,34955761
2022-01-27T01:18:11,937.41,987.69,906.00,34955761
2022-01-27T01:23:12,937.41,987.69,906.00,34955761
2022-01-27T01:28:13,937.41,987.69,906.00,34955761
2022-01-27T01:33:14,937.41,987.69,906.00,34955761
2022-01-27T01:38:15,937.41,987.69,906.00,34955761
2022-01-27T01:43:16,937.41,987.69,906.00,34955761
