Date-Time,Price,High,Low,Volume
2022-01-06T00:00:14,1088.12,1170.34,1081.0101,26706599
2022-01-06T00:05:15,1088.12,1170.34,1081.0101,26706599
2022-01-06T00:10:16,1088.12,1170.34,1081.0101,26706599
2022-01-06T00:15:16,1088.12,1170.34,1081.0101,26706599
2022-01-06T00:20:17,1088.12,1170.34,1081.0101,26706599
2022-01-06T00:25:18,1088.12,1170.34,1081.0101,26706599
2022-01-06T00:30:19,1088.12,1170.34,1081.0101,26706599
2022-01-06T00:35:19,1088.12,1170.34,1081.0101,26706599
2022-01-06T00:40:20,1088.12,1170.34,1081.0101,26706599
2022-01-06T00:45:21,1088.12,1170.34,1081.0101,26706599
2022-01-06T00:50:22,1088.12,1170.34,1081.0101,26706599
2022-01-06T00:55:23,1088.12,1170.34,1081.0101,26706599
2022-01-06T01:00:23,1088.12,1170.34,1081.0101,26706599
2022-01-06T01:05:24,1088.12,1170.34,1081.0101,26706599
2022-01-06T01:10:28,1088.12,1170.34,1081.0101,26706599
2022-01-06T01:15:29,1088.12,1170.34,1081.0101,26706599
