Date-Time,Price,High,Low,Volume
2022-01-06T00:00:16,324.17,335.76,323.84,20564521
2022-01-06T00:05:17,324.17,335.76,323.84,20564521
2022-01-06T00:10:18,324.17,335.76,323.84,20564521
2022-01-06T00:15:20,324.17,335.76,323.84,20564521
2022-01-06T00:20:21,324.17,335.76,323.84,20564521
2022-01-06T00:25:22,324.17,335.76,323.84,20564521
2022-01-06T00:30:23,324.17,335.76,323.84,20564521
2022-01-06T00:35:23,324.17,335.76,323.84,20564521
2022-01-06T00:40:24,324.17,335.76,323.84,20564521
2022-01-06T00:45:25,324.17,335.76,323.84,20564521
2022-01-06T00:50:26,324.17,335.76,323.84,20564521
2022-01-06T00:55:27,324.17,335.76,323.84,20564521
2022-01-06T01:00:27,324.17,335.76,323.84,20564521
2022-01-06T01:05:28,324.17,335.76,323.84,20564521
2022-01-06T01:10:29,324.17,335.76,323.84,20564521
2022-01-06T01:15:30,324.17,335.76,323.84,20564521
