Date-Time,Price,High,Low,Volume
2022-01-06T00:00:32,90.01,99.215,89.28,18645144
2022-01-06T00:05:33,90.01,99.215,89.28,18645144
2022-01-06T00:10:34,90.01,99.215,89.28,18645144
2022-01-06T00:15:35,90.01,99.215,89.28,18645144
2022-01-06T00:20:35,90.01,99.215,89.28,18645144
2022-01-06T00:25:36,90.01,99.215,89.28,18645144
2022-01-06T00:30:37,90.01,99.215,89.28,18645144
2022-01-06T00:35:38,90.01,99.215,89.28,18645144
2022-01-06T00:40:39,90.01,99.215,89.28,18645144
2022-01-06T00:45:39,90.01,99.215,89.28,18645144
2022-01-06T00:50:40,90.01,99.215,89.28,18645144
2022-01-06T00:55:41,90.01,99.215,89.28,18645144
2022-01-06T01:00:42,90.01,99.215,89.28,18645144
2022-01-06T01:05:43,90.01,99.215,89.28,18645144
2022-01-06T01:10:43,90.01,99.215,89.28,18645144
2022-01-06T01:15:44,90.01,99.215,89.28,18645144
