Date-Time,Price,High,Low,Volume
2022-01-06T00:00:16,5.49,6.06,5.455,789976
2022-01-06T00:05:17,5.49,6.06,5.455,789976
2022-01-06T00:10:18,5.49,6.06,5.455,789976
2022-01-06T00:15:18,5.49,6.06,5.455,789976
2022-01-06T00:20:19,5.49,6.06,5.455,789976
2022-01-06T00:25:20,5.49,6.06,5.455,789976
2022-01-06T00:30:21,5.49,6.06,5.455,789976
2022-01-06T00:35:22,5.49,6.06,5.455,789976
2022-01-06T00:40:22,5.49,6.06,5.455,789976
2022-01-06T00:45:23,5.49,6.06,5.455,789976
2022-01-06T00:50:24,5.49,6.06,5.455,789976
2022-01-06T00:55:25,5.49,6.06,5.455,789976
2022-01-06T01:00:26,5.49,6.06,5.455,789976
2022-01-06T01:05:26,5.49,6.06,5.455,789976
2022-01-06T01:10:28,5.49,6.06,5.455,789976
2022-01-06T01:15:29,5.49,6.06,5.455,789976
