Date-Time,Price,High,Low,Volume
2022-05-31T00:00:35,195.13,195.3329,189.80,22562727
2022-05-31T00:05:36,195.13,195.3329,189.80,22562727
2022-05-31T00:10:37,195.13,195.3329,189.80,22562727
2022-05-31T00:15:37,195.13,195.3329,189.80,22562727
2022-05-31T00:20:38,195.13,195.3329,189.80,22562727
2022-05-31T00:25:39,195.13,195.3329,189.80,22562727
2022-05-31T00:30:40,195.13,195.3329,189.80,22562727
2022-05-31T00:35:41,195.13,195.3329,189.80,22562727
2022-05-31T00:40:42,195.13,195.3329,189.80,22562727
2022-05-31T00:45:43,195.13,195.3329,189.80,22562727
2022-05-31T00:50:44,195.13,195.3329,189.80,22562727
2022-05-31T00:55:45,195.13,195.3329,189.80,22562727
2022-05-31T01:00:46,195.13,195.3329,189.80,22562727
2022-05-31T01:05:46,195.13,195.3329,189.80,22562727
2022-05-31T01:10:47,195.13,195.3329,189.80,22562727
2022-05-31T01:15:48,195.13,195.3329,189.80,22562727
2022-05-31T01:20:49,195.13,195.3329,189.80,22562727
2022-05-31T01:25:50,195.13,195.3329,189.80,22562727
2022-05-31T01:30:51,195.13,195.3329,189.80,22562727
2022-05-31T01:35:52,195.13,195.3329,189.80,22562727
2022-05-31T01:40:53,195.13,195.3329,189.80,22562727
2022-05-31T01:45:53,195.13,195.3329,189.80,22562727
2022-05-31T01:50:54,195.13,195.3329,189.80,22562727
2022-05-31T01:55:55,195.13,195.3329,189.80,22562727
2022-05-31T02:00:56,195.13,195.3329,189.80,22562727
2022-05-31T02:05:57,195.13,195.3329,189.80,22562727
2022-05-31T02:10:58,195.13,195.3329,189.80,22562727
2022-05-31T02:15:58,195.13,195.3329,189.80,22562727
2022-05-31T02:21:00,195.13,195.3329,189.80,22562727
2022-05-31T02:26:00,195.13,195.3329,189.80,22562727
2022-05-31T02:31:01,195.13,195.3329,189.80,22562727
2022-05-31T02:36:02,195.13,195.3329,189.80,22562727
2022-05-31T02:41:03,195.13,195.3329,189.80,22562727
2022-05-31T02:46:04,195.13,195.3329,189.80,22562727
2022-05-31T02:51:05,195.13,195.3329,189.80,22562727
2022-05-31T02:56:05,195.13,195.3329,189.80,22562727
2022-05-31T03:01:06,195.13,195.3329,189.80,22562727
2022-05-31T03:06:07,195.13,195.3329,189.80,22562727
2022-05-31T03:11:08,195.13,195.3329,189.80,22562727
2022-05-31T03:16:10,195.13,195.3329,189.80,22562727
2022-05-31T03:21:10,195.13,195.3329,189.80,22562727
2022-05-31T03:26:11,195.13,195.3329,189.80,22562727
2022-05-31T03:31:12,195.13,195.3329,189.80,22562727
2022-05-31T03:36:13,195.13,195.3329,189.80,22562727
2022-05-31T03:41:14,195.13,195.3329,189.80,22562727
2022-05-31T03:46:15,195.13,195.3329,189.80,22562727
2022-05-31T03:51:15,195.13,195.3329,189.80,22562727
2022-05-31T03:56:16,195.13,195.3329,189.80,22562727
2022-05-31T04:01:17,195.13,195.3329,189.80,22562727
2022-05-31T04:06:18,195.13,195.3329,189.80,22562727
2022-05-31T04:11:19,195.13,195.3329,189.80,22562727
2022-05-31T04:16:19,195.13,195.3329,189.80,22562727
2022-05-31T04:21:20,195.13,195.3329,189.80,22562727
2022-05-31T04:26:21,195.13,195.3329,189.80,22562727
2022-05-31T04:31:22,195.13,195.3329,189.80,22562727
2022-05-31T04:36:23,195.13,195.3329,189.80,22562727
2022-05-31T04:41:24,195.13,195.3329,189.80,22562727
2022-05-31T04:46:24,195.13,195.3329,189.80,22562727
2022-05-31T04:51:25,195.13,195.3329,189.80,22562727
2022-05-31T04:56:26,195.13,195.3329,189.80,22562727
2022-05-31T05:01:27,195.13,195.3329,189.80,22562727
2022-05-31T05:06:28,195.13,195.3329,189.80,22562727
