Date-Time,Price,High,Low,Volume
2022-05-31T00:00:36,16.57,16.69,15.67,51414780
2022-05-31T00:05:37,16.57,16.69,15.67,51414780
2022-05-31T00:10:38,16.57,16.69,15.67,51414780
2022-05-31T00:15:38,16.57,16.69,15.67,51414780
2022-05-31T00:20:39,16.57,16.69,15.67,51414780
2022-05-31T00:25:40,16.57,16.69,15.67,51414780
2022-05-31T00:30:41,16.57,16.69,15.67,51414780
2022-05-31T00:35:42,16.57,16.69,15.67,51414780
2022-05-31T00:40:42,16.57,16.69,15.67,51414780
2022-05-31T00:45:43,16.57,16.69,15.67,51414780
2022-05-31T00:50:44,16.57,16.69,15.67,51414780
2022-05-31T00:55:45,16.57,16.69,15.67,51414780
2022-05-31T01:00:46,16.57,16.69,15.67,51414780
2022-05-31T01:05:47,16.57,16.69,15.67,51414780
