Date-Time,Price,High,Low,Volume
2022-05-31T00:00:35,759.63,759.80,720.5311,29764994
2022-05-31T00:05:36,759.63,759.80,720.5311,29764994
2022-05-31T00:10:37,759.63,759.80,720.5311,29764994
2022-05-31T00:15:37,759.63,759.80,720.5311,29764994
2022-05-31T00:20:38,759.63,759.80,720.5311,29764994
2022-05-31T00:25:39,759.63,759.80,720.5311,29764994
2022-05-31T00:30:40,759.63,759.80,720.5311,29764994
2022-05-31T00:35:41,759.63,759.80,720.5311,29764994
2022-05-31T00:40:42,759.63,759.80,720.5311,29764994
2022-05-31T00:45:43,759.63,759.80,720.5311,29764994
2022-05-31T00:50:44,759.63,759.80,720.5311,29764994
2022-05-31T00:55:45,759.63,759.80,720.5311,29764994
2022-05-31T01:00:46,759.63,759.80,720.5311,29764994
2022-05-31T01:05:47,759.63,759.80,720.5311,29764994
2022-05-31T01:10:47,759.63,759.80,720.5311,29764994
2022-05-31T01:15:48,759.63,759.80,720.5311,29764994
2022-05-31T01:20:49,759.63,759.80,720.5311,29764994
2022-05-31T01:25:50,759.63,759.80,720.5311,29764994
2022-05-31T01:30:51,759.63,759.80,720.5311,29764994
2022-05-31T01:35:52,759.63,759.80,720.5311,29764994
2022-05-31T01:40:53,759.63,759.80,720.5311,29764994
2022-05-31T01:45:53,759.63,759.80,720.5311,29764994
2022-05-31T01:50:54,759.63,759.80,720.5311,29764994
2022-05-31T01:55:55,759.63,759.80,720.5311,29764994
2022-05-31T02:00:56,759.63,759.80,720.5311,29764994
2022-05-31T02:05:57,759.63,759.80,720.5311,29764994
2022-05-31T02:10:58,759.63,759.80,720.5311,29764994
2022-05-31T02:15:59,759.63,759.80,720.5311,29764994
2022-05-31T02:21:00,759.63,759.80,720.5311,29764994
2022-05-31T02:26:01,759.63,759.80,720.5311,29764994
2022-05-31T02:31:01,759.63,759.80,720.5311,29764994
2022-05-31T02:36:02,759.63,759.80,720.5311,29764994
2022-05-31T02:41:03,759.63,759.80,720.5311,29764994
2022-05-31T02:46:04,759.63,759.80,720.5311,29764994
2022-05-31T02:51:05,759.63,759.80,720.5311,29764994
2022-05-31T02:56:05,759.63,759.80,720.5311,29764994
2022-05-31T03:01:06,759.63,759.80,720.5311,29764994
2022-05-31T03:06:07,759.63,759.80,720.5311,29764994
2022-05-31T03:11:08,759.63,759.80,720.5311,29764994
2022-05-31T03:16:09,759.63,759.80,720.5311,29764994
2022-05-31T03:21:10,759.63,759.80,720.5311,29764994
2022-05-31T03:26:11,759.63,759.80,720.5311,29764994
2022-05-31T03:31:11,759.63,759.80,720.5311,29764994
2022-05-31T03:36:12,759.63,759.80,720.5311,29764994
2022-05-31T03:41:13,759.63,759.80,720.5311,29764994
2022-05-31T03:46:14,759.63,759.80,720.5311,29764994
2022-05-31T03:51:14,759.63,759.80,720.5311,29764994
2022-05-31T03:56:15,759.63,759.80,720.5311,29764994
2022-05-31T04:01:16,759.63,759.80,720.5311,29764994
2022-05-31T04:06:17,759.63,759.80,720.5311,29764994
2022-05-31T04:11:18,759.63,759.80,720.5311,29764994
2022-05-31T04:16:18,759.63,759.80,720.5311,29764994
2022-05-31T04:21:19,759.63,759.80,720.5311,29764994
2022-05-31T04:26:20,759.63,759.80,720.5311,29764994
2022-05-31T04:31:21,759.63,759.80,720.5311,29764994
2022-05-31T04:36:22,759.63,759.80,720.5311,29764994
2022-05-31T04:41:22,759.63,759.80,720.5311,29764994
2022-05-31T04:46:23,759.63,759.80,720.5311,29764994
2022-05-31T04:51:24,759.63,759.80,720.5311,29764994
2022-05-31T04:56:25,759.63,759.80,720.5311,29764994
2022-05-31T05:01:26,759.63,759.80,720.5311,29764994
2022-05-31T05:06:27,759.63,759.80,720.5311,29764994
2022-05-31T05:11:27,759.63,759.80,720.5311,29764994
2022-05-31T05:16:28,759.63,759.80,720.5311,29764994
2022-05-31T05:21:29,759.63,759.80,720.5311,29764994
2022-05-31T05:26:30,759.63,759.80,720.5311,29764994
2022-05-31T05:31:31,759.63,759.80,720.5311,29764994
2022-05-31T05:36:32,759.63,759.80,720.5311,29764994
2022-05-31T05:41:33,759.63,759.80,720.5311,29764994
2022-05-31T05:46:34,759.63,759.80,720.5311,29764994
2022-05-31T05:51:34,759.63,759.80,720.5311,29764994
2022-05-31T05:56:35,759.63,759.80,720.5311,29764994
2022-05-31T06:01:36,759.63,759.80,720.5311,29764994
2022-05-31T06:06:37,759.63,759.80,720.5311,29764994
