Date-Time,Price,High,Low,Volume
2022-05-31T00:03:45,4.76,4.85,4.57,740491
2022-05-31T00:08:46,4.76,4.85,4.57,740491
2022-05-31T00:13:47,4.76,4.85,4.57,740491
2022-05-31T00:18:48,4.76,4.85,4.57,740491
2022-05-31T00:23:49,4.76,4.85,4.57,740491
2022-05-31T00:28:50,4.76,4.85,4.57,740491
2022-05-31T00:33:51,4.76,4.85,4.57,740491
2022-05-31T00:38:52,4.76,4.85,4.57,740491
2022-05-31T00:43:52,4.76,4.85,4.57,740491
2022-05-31T00:48:53,4.76,4.85,4.57,740491
2022-05-31T00:53:54,4.76,4.85,4.57,740491
2022-05-31T00:58:55,4.76,4.85,4.57,740491
2022-05-31T01:03:56,4.76,4.85,4.57,740491
2022-05-31T01:08:57,4.76,4.85,4.57,740491
2022-05-31T01:13:58,4.76,4.85,4.57,740491
2022-05-31T01:18:59,4.76,4.85,4.57,740491
2022-05-31T01:24:00,4.76,4.85,4.57,740491
2022-05-31T01:29:01,4.76,4.85,4.57,740491
2022-05-31T01:34:02,4.76,4.85,4.57,740491
2022-05-31T01:39:03,4.76,4.85,4.57,740491
2022-05-31T01:44:04,4.76,4.85,4.57,740491
2022-05-31T01:49:05,4.76,4.85,4.57,740491
2022-05-31T01:54:06,4.76,4.85,4.57,740491
2022-05-31T01:59:07,4.76,4.85,4.57,740491
2022-05-31T02:04:07,4.76,4.85,4.57,740491
2022-05-31T02:09:08,4.76,4.85,4.57,740491
2022-05-31T02:14:09,4.76,4.85,4.57,740491
2022-05-31T02:19:10,4.76,4.85,4.57,740491
2022-05-31T02:24:11,4.76,4.85,4.57,740491
2022-05-31T02:29:12,4.76,4.85,4.57,740491
2022-05-31T02:34:13,4.76,4.85,4.57,740491
2022-05-31T02:39:14,4.76,4.85,4.57,740491
2022-05-31T02:44:15,4.76,4.85,4.57,740491
2022-05-31T02:49:15,4.76,4.85,4.57,740491
2022-05-31T02:54:16,4.76,4.85,4.57,740491
2022-05-31T02:59:17,4.76,4.85,4.57,740491
2022-05-31T03:04:18,4.76,4.85,4.57,740491
2022-05-31T03:09:19,4.76,4.85,4.57,740491
2022-05-31T03:14:20,4.76,4.85,4.57,740491
2022-05-31T03:19:21,4.76,4.85,4.57,740491
2022-05-31T03:24:22,4.76,4.85,4.57,740491
2022-05-31T03:29:23,4.76,4.85,4.57,740491
2022-05-31T03:34:23,4.76,4.85,4.57,740491
2022-05-31T03:39:24,4.76,4.85,4.57,740491
2022-05-31T03:44:25,4.76,4.85,4.57,740491
2022-05-31T03:49:26,4.76,4.85,4.57,740491
2022-05-31T03:54:27,4.76,4.85,4.57,740491
2022-05-31T03:59:28,4.76,4.85,4.57,740491
2022-05-31T04:04:29,4.76,4.85,4.57,740491
2022-05-31T04:09:30,4.76,4.85,4.57,740491
2022-05-31T04:14:30,4.76,4.85,4.57,740491
2022-05-31T04:19:31,4.76,4.85,4.57,740491
2022-05-31T04:24:32,4.76,4.85,4.57,740491
2022-05-31T04:29:33,4.76,4.85,4.57,740491
2022-05-31T04:34:34,4.76,4.85,4.57,740491
2022-05-31T04:39:35,4.76,4.85,4.57,740491
2022-05-31T04:44:36,4.76,4.85,4.57,740491
2022-05-31T04:49:37,4.76,4.85,4.57,740491
2022-05-31T04:54:37,4.76,4.85,4.57,740491
2022-05-31T04:59:38,4.76,4.85,4.57,740491
2022-05-31T05:04:39,4.76,4.85,4.57,740491
2022-05-31T05:09:40,4.76,4.85,4.57,740491
2022-05-31T05:14:41,4.76,4.85,4.57,740491
2022-05-31T05:19:41,4.76,4.85,4.57,740491
2022-05-31T05:24:42,4.76,4.85,4.57,740491
2022-05-31T05:29:43,4.76,4.85,4.57,740491
2022-05-31T05:34:44,4.76,4.85,4.57,740491
2022-05-31T05:39:45,4.76,4.85,4.57,740491
2022-05-31T05:44:45,4.76,4.85,4.57,740491
2022-05-31T05:49:46,4.76,4.85,4.57,740491
2022-05-31T05:54:47,4.76,4.85,4.57,740491
2022-05-31T05:59:48,4.76,4.85,4.57,740491
2022-05-31T06:04:49,4.76,4.85,4.57,740491
2022-05-31T06:09:50,4.76,4.85,4.57,740491
2022-05-31T06:14:51,4.76,4.85,4.57,740491
2022-05-31T06:19:51,4.76,4.85,4.57,740491
2022-05-31T06:24:52,4.76,4.85,4.57,740491
2022-05-31T06:29:54,4.76,4.85,4.57,740491
2022-05-31T06:34:55,4.76,4.85,4.57,740491
2022-05-31T06:39:56,4.76,4.85,4.57,740491
2022-05-31T06:44:57,4.76,4.85,4.57,740491
2022-05-31T06:49:58,4.7589,4.92,4.7589,45319
2022-05-31T06:54:58,4.81,4.92,4.7589,49773
2022-05-31T06:59:59,4.83,4.92,4.7589,61113
2022-05-31T07:05:00,4.79,4.92,4.7589,73262
2022-05-31T07:10:01,4.77,4.92,4.755,79764
2022-05-31T07:15:02,4.78,4.92,4.755,84137
2022-05-31T07:20:02,4.74,4.92,4.74,87729
2022-05-31T07:25:03,4.75,4.92,4.735,96869
2022-05-31T07:30:04,4.83,4.92,4.735,102883
2022-05-31T07:35:05,4.92,4.92,4.735,114310
2022-05-31T07:40:06,4.93,4.93,4.735,122549
2022-05-31T07:45:07,4.925,4.94,4.735,132031
2022-05-31T07:50:07,4.92,4.945,4.735,140021
2022-05-31T07:55:08,4.96,4.98,4.735,162570
2022-05-31T08:00:09,4.975,4.99,4.735,173664
2022-05-31T08:05:10,4.9872,4.99,4.735,184511
2022-05-31T08:10:11,5.0291,5.0369,4.735,224704
2022-05-31T08:15:12,5.09,5.09,4.735,231703
2022-05-31T08:20:13,5.12,5.14,4.735,255050
2022-05-31T08:25:14,5.125,5.14,4.735,264844
2022-05-31T08:30:14,5.10,5.14,4.735,273647
2022-05-31T08:35:15,5.12,5.14,4.735,283642
2022-05-31T08:40:16,5.105,5.14,4.735,297438
2022-05-31T08:45:17,5.10,5.14,4.735,306941
2022-05-31T08:50:18,5.10,5.14,4.735,321524
2022-05-31T08:55:19,5.071,5.14,4.735,330775
2022-05-31T09:00:20,5.06,5.14,4.735,334962
2022-05-31T09:05:20,5.065,5.14,4.735,342530
2022-05-31T09:10:21,5.06,5.14,4.735,345226
2022-05-31T09:15:22,5.025,5.14,4.735,350995
2022-05-31T09:20:23,5.02,5.14,4.735,370511
2022-05-31T09:25:24,5.03,5.14,4.735,372418
2022-05-31T09:30:25,5.065,5.14,4.735,375860
2022-05-31T09:35:25,5.035,5.14,4.735,383237
2022-05-31T09:40:26,5.025,5.14,4.735,385522
2022-05-31T09:45:27,5.08,5.14,4.735,390153
2022-05-31T09:50:28,5.095,5.14,4.735,393101
2022-05-31T09:55:29,5.10,5.14,4.735,395389
2022-05-31T10:00:30,5.08,5.14,4.735,411676
2022-05-31T10:05:30,5.06,5.14,4.735,418620
2022-05-31T10:10:31,5.025,5.14,4.735,423026
2022-05-31T10:15:32,4.985,5.14,4.735,429850
2022-05-31T10:20:33,5.00,5.14,4.735,453711
2022-05-31T10:25:34,4.995,5.14,4.735,471292
2022-05-31T10:30:35,4.995,5.14,4.735,487474
2022-05-31T10:35:36,5.00,5.14,4.735,490748
2022-05-31T10:40:37,4.995,5.14,4.735,536787
2022-05-31T10:45:38,4.995,5.14,4.735,552149
2022-05-31T10:50:38,5.00,5.14,4.735,554951
2022-05-31T10:55:39,4.995,5.14,4.735,571829
2022-05-31T11:00:40,4.985,5.14,4.735,579645
2022-05-31T11:05:41,4.9878,5.14,4.735,590353
2022-05-31T11:10:42,5.00,5.14,4.735,596710
2022-05-31T11:15:42,4.99,5.14,4.735,605943
2022-05-31T11:20:43,4.98,5.14,4.735,615805
2022-05-31T11:25:44,4.985,5.14,4.735,619653
2022-05-31T11:30:45,4.94,5.14,4.735,637305
2022-05-31T11:35:46,4.94,5.14,4.735,640822
2022-05-31T11:40:47,4.94,5.14,4.735,646886
2022-05-31T11:45:48,4.9201,5.14,4.735,652919
2022-05-31T11:50:48,4.92,5.14,4.735,660528
2022-05-31T11:55:49,4.92,5.14,4.735,672575
2022-05-31T12:00:50,4.89,5.14,4.735,679305
2022-05-31T12:05:51,4.865,5.14,4.735,683196
