Date-Time,Price,High,Low,Volume
2022-05-31T00:03:45,30.96,31.8214,29.58,17473183
2022-05-31T00:08:46,30.96,31.8214,29.58,17473183
2022-05-31T00:13:47,30.96,31.8214,29.58,17473183
2022-05-31T00:18:48,30.96,31.8214,29.58,17473183
2022-05-31T00:23:49,30.96,31.8214,29.58,17473183
2022-05-31T00:28:50,30.96,31.8214,29.58,17473183
2022-05-31T00:33:51,30.96,31.8214,29.58,17473183
2022-05-31T00:38:51,30.96,31.8214,29.58,17473183
2022-05-31T00:43:53,30.96,31.8214,29.58,17473183
2022-05-31T00:48:54,30.96,31.8214,29.58,17473183
2022-05-31T00:53:54,30.96,31.8214,29.58,17473183
2022-05-31T00:58:55,30.96,31.8214,29.58,17473183
2022-05-31T01:03:57,30.96,31.8214,29.58,17473183
2022-05-31T01:08:59,30.96,31.8214,29.58,17473183
2022-05-31T01:14:00,30.96,31.8214,29.58,17473183
2022-05-31T01:19:01,30.96,31.8214,29.58,17473183
2022-05-31T01:24:02,30.96,31.8214,29.58,17473183
2022-05-31T01:29:03,30.96,31.8214,29.58,17473183
2022-05-31T01:34:04,30.96,31.8214,29.58,17473183
2022-05-31T01:39:04,30.96,31.8214,29.58,17473183
2022-05-31T01:44:05,30.96,31.8214,29.58,17473183
2022-05-31T01:49:06,30.96,31.8214,29.58,17473183
2022-05-31T01:54:07,30.96,31.8214,29.58,17473183
2022-05-31T01:59:08,30.96,31.8214,29.58,17473183
2022-05-31T02:04:09,30.96,31.8214,29.58,17473183
2022-05-31T02:09:09,30.96,31.8214,29.58,17473183
2022-05-31T02:14:10,30.96,31.8214,29.58,17473183
2022-05-31T02:19:11,30.96,31.8214,29.58,17473183
2022-05-31T02:24:12,30.96,31.8214,29.58,17473183
2022-05-31T02:29:13,30.96,31.8214,29.58,17473183
2022-05-31T02:34:14,30.96,31.8214,29.58,17473183
2022-05-31T02:39:15,30.96,31.8214,29.58,17473183
2022-05-31T02:44:15,30.96,31.8214,29.58,17473183
2022-05-31T02:49:16,30.96,31.8214,29.58,17473183
2022-05-31T02:54:17,30.96,31.8214,29.58,17473183
2022-05-31T02:59:18,30.96,31.8214,29.58,17473183
2022-05-31T03:04:19,30.96,31.8214,29.58,17473183
2022-05-31T03:09:20,30.96,31.8214,29.58,17473183
2022-05-31T03:14:21,30.96,31.8214,29.58,17473183
2022-05-31T03:19:22,30.96,31.8214,29.58,17473183
2022-05-31T03:24:22,30.96,31.8214,29.58,17473183
2022-05-31T03:29:23,30.96,31.8214,29.58,17473183
2022-05-31T03:34:24,30.96,31.8214,29.58,17473183
2022-05-31T03:39:25,30.96,31.8214,29.58,17473183
2022-05-31T03:44:26,30.96,31.8214,29.58,17473183
2022-05-31T03:49:26,30.96,31.8214,29.58,17473183
2022-05-31T03:54:27,30.96,31.8214,29.58,17473183
2022-05-31T03:59:28,30.96,31.8214,29.58,17473183
2022-05-31T04:04:29,30.96,31.8214,29.58,17473183
2022-05-31T04:09:30,30.96,31.8214,29.58,17473183
2022-05-31T04:14:31,30.96,31.8214,29.58,17473183
2022-05-31T04:19:31,30.96,31.8214,29.58,17473183
2022-05-31T04:24:32,30.96,31.8214,29.58,17473183
2022-05-31T04:29:33,30.96,31.8214,29.58,17473183
2022-05-31T04:34:34,30.96,31.8214,29.58,17473183
2022-05-31T04:39:35,30.96,31.8214,29.58,17473183
2022-05-31T04:44:36,30.96,31.8214,29.58,17473183
2022-05-31T04:49:37,30.96,31.8214,29.58,17473183
2022-05-31T04:54:37,30.96,31.8214,29.58,17473183
2022-05-31T04:59:38,30.96,31.8214,29.58,17473183
2022-05-31T05:04:39,30.96,31.8214,29.58,17473183
2022-05-31T05:09:40,30.96,31.8214,29.58,17473183
2022-05-31T05:14:41,30.96,31.8214,29.58,17473183
2022-05-31T05:19:41,30.96,31.8214,29.58,17473183
2022-05-31T05:24:42,30.96,31.8214,29.58,17473183
2022-05-31T05:29:43,30.96,31.8214,29.58,17473183
2022-05-31T05:34:44,30.96,31.8214,29.58,17473183
2022-05-31T05:39:45,30.96,31.8214,29.58,17473183
2022-05-31T05:44:45,30.96,31.8214,29.58,17473183
2022-05-31T05:49:46,30.96,31.8214,29.58,17473183
2022-05-31T05:54:47,30.96,31.8214,29.58,17473183
2022-05-31T05:59:48,30.96,31.8214,29.58,17473183
2022-05-31T06:04:49,30.96,31.8214,29.58,17473183
2022-05-31T06:09:50,30.96,31.8214,29.58,17473183
2022-05-31T06:14:51,30.96,31.8214,29.58,17473183
2022-05-31T06:19:51,30.96,31.8214,29.58,17473183
2022-05-31T06:24:52,30.96,31.8214,29.58,17473183
2022-05-31T06:29:53,30.96,31.8214,29.58,17473183
2022-05-31T06:34:54,30.96,31.8214,29.58,17473183
2022-05-31T06:39:55,30.96,31.8214,29.58,17473183
2022-05-31T06:44:56,30.96,31.8214,29.58,17473183
2022-05-31T06:49:57,31.37,32.60,31.35,1913727
2022-05-31T06:54:58,30.76,32.60,30.76,2687753
2022-05-31T06:59:59,31.19,32.60,30.661,3121979
2022-05-31T07:04:59,31.035,32.60,30.661,3756744
2022-05-31T07:10:00,30.85,32.60,30.661,4117927
2022-05-31T07:15:01,30.89,32.60,30.661,4872031
2022-05-31T07:20:02,30.27,32.60,30.17,5543079
2022-05-31T07:25:03,30.22,32.60,30.09,5964890
2022-05-31T07:30:03,30.71,32.60,30.09,6272354
2022-05-31T07:35:04,30.98,32.60,30.09,6601938
2022-05-31T07:40:05,31.13,32.60,30.09,6869011
2022-05-31T07:45:06,31.09,32.60,30.09,7146508
2022-05-31T07:50:07,31.32,32.60,30.09,7547519
2022-05-31T07:55:08,31.499,32.60,30.09,7869045
2022-05-31T08:00:09,31.70,32.60,30.09,8236734
2022-05-31T08:05:10,31.76,32.60,30.09,8858499
2022-05-31T08:10:11,31.90,32.60,30.09,9049849
2022-05-31T08:15:12,31.915,32.60,30.09,9305422
2022-05-31T08:20:13,32.03,32.60,30.09,9500471
2022-05-31T08:25:14,31.56,32.60,30.09,9724526
2022-05-31T08:30:15,31.42,32.60,30.09,9893492
2022-05-31T08:35:16,31.515,32.60,30.09,9988498
2022-05-31T08:40:16,31.56,32.60,30.09,10113092
2022-05-31T08:45:17,31.48,32.60,30.09,10237845
2022-05-31T08:50:18,31.43,32.60,30.09,10410578
2022-05-31T08:55:19,31.63,32.60,30.09,10534589
2022-05-31T09:00:20,31.63,32.60,30.09,10640691
2022-05-31T09:05:20,31.81,32.60,30.09,10756043
2022-05-31T09:10:21,32.12,32.60,30.09,10947870
2022-05-31T09:15:22,31.9799,32.60,30.09,11213027
2022-05-31T09:20:23,32.11,32.60,30.09,11424133
2022-05-31T09:25:24,32.1308,32.60,30.09,11527843
2022-05-31T09:30:25,31.98,32.60,30.09,11697945
2022-05-31T09:35:25,31.82,32.60,30.09,11918887
2022-05-31T09:40:26,31.885,32.60,30.09,12056552
2022-05-31T09:45:27,32.042,32.60,30.09,12200137
2022-05-31T09:50:28,31.98,32.60,30.09,12335814
2022-05-31T09:55:29,31.98,32.60,30.09,12512898
2022-05-31T10:00:30,31.992,32.60,30.09,12659549
2022-05-31T10:05:30,31.9116,32.60,30.09,12777426
2022-05-31T10:10:31,32.025,32.60,30.09,12881305
2022-05-31T10:15:32,31.8406,32.60,30.09,13023504
2022-05-31T10:20:33,31.82,32.60,30.09,13152023
2022-05-31T10:25:34,31.92,32.60,30.09,13283691
2022-05-31T10:30:35,31.7505,32.60,30.09,13416747
2022-05-31T10:35:36,31.75,32.60,30.09,13566905
2022-05-31T10:40:37,31.80,32.60,30.09,13657091
2022-05-31T10:45:38,31.6008,32.60,30.09,13778111
2022-05-31T10:50:38,31.73,32.60,30.09,14038338
2022-05-31T10:55:39,31.62,32.60,30.09,14132431
2022-05-31T11:00:40,31.55,32.60,30.09,14238813
2022-05-31T11:05:41,31.71,32.60,30.09,14316606
