Date-Time,Price,High,Low,Volume
2022-03-15T00:02:56,766.37,800.70,756.04,23717421
2022-03-15T00:07:57,766.37,800.70,756.04,23717421
2022-03-15T00:12:58,766.37,800.70,756.04,23717421
2022-03-15T00:17:59,766.37,800.70,756.04,23717421
2022-03-15T00:23:00,766.37,800.70,756.04,23717421
2022-03-15T00:28:00,766.37,800.70,756.04,23717421
2022-03-15T00:33:01,766.37,800.70,756.04,23717421
2022-03-15T00:38:02,766.37,800.70,756.04,23717421
2022-03-15T00:43:03,766.37,800.70,756.04,23717421
2022-03-15T00:48:04,766.37,800.70,756.04,23717421
2022-03-15T00:53:05,766.37,800.70,756.04,23717421
2022-03-15T00:58:06,766.37,800.70,756.04,23717421
2022-03-15T01:03:06,766.37,800.70,756.04,23717421
2022-03-15T01:08:07,766.37,800.70,756.04,23717421
2022-03-15T01:13:08,766.37,800.70,756.04,23717421
2022-03-15T01:18:09,766.37,800.70,756.04,23717421
2022-03-15T01:23:10,766.37,800.70,756.04,23717421
2022-03-15T01:28:11,766.37,800.70,756.04,23717421
2022-03-15T01:33:12,766.37,800.70,756.04,23717421
2022-03-15T01:38:12,766.37,800.70,756.04,23717421
2022-03-15T01:43:13,766.37,800.70,756.04,23717421
