Date-Time,Price,High,Low,Volume
2022-03-15T00:00:25,35.83,37.74,34.90,20756413
2022-03-15T00:05:26,35.83,37.74,34.90,20756413
2022-03-15T00:10:27,35.83,37.74,34.90,20756413
2022-03-15T00:15:28,35.83,37.74,34.90,20756413
2022-03-15T00:20:29,35.83,37.74,34.90,20756413
2022-03-15T00:25:30,35.83,37.74,34.90,20756413
2022-03-15T00:30:31,35.83,37.74,34.90,20756413
2022-03-15T00:35:32,35.83,37.74,34.90,20756413
2022-03-15T00:40:33,35.83,37.74,34.90,20756413
2022-03-15T00:45:33,35.83,37.74,34.90,20756413
2022-03-15T00:50:34,35.83,37.74,34.90,20756413
2022-03-15T00:55:35,35.83,37.74,34.90,20756413
2022-03-15T01:00:37,35.83,37.74,34.90,20756413
2022-03-15T01:05:37,35.83,37.74,34.90,20756413
2022-03-15T01:10:38,35.83,37.74,34.90,20756413
2022-03-15T01:15:39,35.83,37.74,34.90,20756413
2022-03-15T01:20:40,35.83,37.74,34.90,20756413
2022-03-15T01:25:41,35.83,37.74,34.90,20756413
2022-03-15T01:30:42,35.83,37.74,34.90,20756413
2022-03-15T01:35:43,35.83,37.74,34.90,20756413
2022-03-15T01:40:44,35.83,37.74,34.90,20756413
