Date-Time,Price,High,Low,Volume
2022-03-15T00:02:52,7.54,8.08,7.34,1898949
2022-03-15T00:07:53,7.54,8.08,7.34,1898949
2022-03-15T00:12:53,7.54,8.08,7.34,1898949
2022-03-15T00:17:54,7.54,8.08,7.34,1898949
2022-03-15T00:22:55,7.54,8.08,7.34,1898949
2022-03-15T00:27:56,7.54,8.08,7.34,1898949
2022-03-15T00:32:57,7.54,8.08,7.34,1898949
2022-03-15T00:37:58,7.54,8.08,7.34,1898949
2022-03-15T00:42:58,7.54,8.08,7.34,1898949
2022-03-15T00:47:59,7.54,8.08,7.34,1898949
2022-03-15T00:53:00,7.54,8.08,7.34,1898949
2022-03-15T00:58:01,7.54,8.08,7.34,1898949
2022-03-15T01:03:02,7.54,8.08,7.34,1898949
2022-03-15T01:08:03,7.54,8.08,7.34,1898949
2022-03-15T01:13:04,7.54,8.08,7.34,1898949
2022-03-15T01:18:04,7.54,8.08,7.34,1898949
2022-03-15T01:23:05,7.54,8.08,7.34,1898949
2022-03-15T01:28:06,7.54,8.08,7.34,1898949
2022-03-15T01:33:07,7.54,8.08,7.34,1898949
2022-03-15T01:38:08,7.54,8.08,7.34,1898949
2022-03-15T01:43:09,7.54,8.08,7.34,1898949
