Date-Time,Price,High,Low,Volume
2022-03-15T00:02:52,186.63,192.29,185.82,31010462
2022-03-15T00:07:53,186.63,192.29,185.82,31010462
2022-03-15T00:12:54,186.63,192.29,185.82,31010462
2022-03-15T00:17:54,186.63,192.29,185.82,31010462
2022-03-15T00:22:55,186.63,192.29,185.82,31010462
2022-03-15T00:27:56,186.63,192.29,185.82,31010462
2022-03-15T00:32:57,186.63,192.29,185.82,31010462
2022-03-15T00:37:58,186.63,192.29,185.82,31010462
2022-03-15T00:42:59,186.63,192.29,185.82,31010462
2022-03-15T00:48:00,186.63,192.29,185.82,31010462
2022-03-15T00:53:01,186.63,192.29,185.82,31010462
2022-03-15T00:58:02,186.63,192.29,185.82,31010462
2022-03-15T01:03:02,186.63,192.29,185.82,31010462
2022-03-15T01:08:03,186.63,192.29,185.82,31010462
2022-03-15T01:13:04,186.63,192.29,185.82,31010462
2022-03-15T01:18:05,186.63,192.29,185.82,31010462
2022-03-15T01:23:06,186.63,192.29,185.82,31010462
2022-03-15T01:28:07,186.63,192.29,185.82,31010462
2022-03-15T01:33:08,186.63,192.29,185.82,31010462
2022-03-15T01:38:08,186.63,192.29,185.82,31010462
2022-03-15T01:43:09,186.63,192.29,185.82,31010462
2022-03-15T01:48:10,186.63,192.29,185.82,31010462
2022-03-15T01:53:11,186.63,192.29,185.82,31010462
2022-03-15T01:58:12,186.63,192.29,185.82,31010462
2022-03-15T02:03:12,186.63,192.29,185.82,31010462
2022-03-15T02:08:13,186.63,192.29,185.82,31010462
2022-03-15T02:13:14,186.63,192.29,185.82,31010462
2022-03-15T02:18:15,186.63,192.29,185.82,31010462
2022-03-15T02:23:16,186.63,192.29,185.82,31010462
2022-03-15T02:28:17,186.63,192.29,185.82,31010462
2022-03-15T02:33:17,186.63,192.29,185.82,31010462
2022-03-15T02:38:18,186.63,192.29,185.82,31010462
2022-03-15T02:43:19,186.63,192.29,185.82,31010462
