Date-Time,Price,High,Low,Volume
2021-12-04T00:04:50,306.84,313.75,299.50,27471010
2021-12-04T00:09:51,306.84,313.75,299.50,27471010
2021-12-04T00:14:52,306.84,313.75,299.50,27471010
2021-12-04T00:19:53,306.84,313.75,299.50,27471010
2021-12-04T00:24:54,306.84,313.75,299.50,27471010
2021-12-04T00:29:56,306.84,313.75,299.50,27471010
2021-12-04T00:34:57,306.84,313.75,299.50,27471010
2021-12-04T00:39:58,306.84,313.75,299.50,27471010
2021-12-04T00:44:58,306.84,313.75,299.50,27471010
2021-12-04T00:49:59,306.84,313.75,299.50,27471010
2021-12-04T00:55:00,306.84,313.75,299.50,27471010
2021-12-04T01:00:01,306.84,313.75,299.50,27471010
