Date-Time,Price,High,Low,Volume
2021-12-25T00:04:15,335.24,336.67,328.36,13987698
2021-12-25T00:09:25,335.24,336.67,328.36,13987698
2021-12-25T00:14:26,335.24,336.67,328.36,13987698
2021-12-25T00:19:27,335.24,336.67,328.36,13987698
2021-12-25T00:24:28,335.24,336.67,328.36,13987698
2021-12-25T00:29:28,335.24,336.67,328.36,13987698
2021-12-25T00:34:29,335.24,336.67,328.36,13987698
2021-12-25T00:39:30,335.24,336.67,328.36,13987698
2021-12-25T00:44:31,335.24,336.67,328.36,13987698
2021-12-25T00:49:31,335.24,336.67,328.36,13987698
2021-12-25T00:54:32,335.24,336.67,328.36,13987698
2021-12-25T00:59:33,335.24,336.67,328.36,13987698
2021-12-25T01:04:34,335.24,336.67,328.36,13987698
2021-12-25T01:09:34,335.24,336.67,328.36,13987698
2021-12-25T01:14:35,335.24,336.67,328.36,13987698
2021-12-25T01:19:36,335.24,336.67,328.36,13987698
2021-12-25T01:24:37,335.24,336.67,328.36,13987698
2021-12-25T01:29:38,335.24,336.67,328.36,13987698
2021-12-25T01:34:39,335.24,336.67,328.36,13987698
2021-12-25T01:39:39,335.24,336.67,328.36,13987698
2021-12-25T01:44:40,335.24,336.67,328.36,13987698
2021-12-25T01:49:41,335.24,336.67,328.36,13987698
2021-12-25T01:54:42,335.24,336.67,328.36,13987698
2021-12-25T01:59:42,335.24,336.67,328.36,13987698
2021-12-25T02:04:43,335.24,336.67,328.36,13987698
