Date-Time,Price,High,Low,Volume
2021-12-25T00:04:56,6.29,6.39,6.15,1030093
2021-12-25T00:09:58,6.29,6.39,6.15,1030093
2021-12-25T00:14:59,6.29,6.39,6.15,1030093
2021-12-25T00:20:00,6.29,6.39,6.15,1030093
2021-12-25T00:25:01,6.29,6.39,6.15,1030093
2021-12-25T00:30:01,6.29,6.39,6.15,1030093
2021-12-25T00:35:02,6.29,6.39,6.15,1030093
2021-12-25T00:40:03,6.29,6.39,6.15,1030093
2021-12-25T00:45:04,6.29,6.39,6.15,1030093
2021-12-25T00:50:05,6.29,6.39,6.15,1030093
2021-12-25T00:55:06,6.29,6.39,6.15,1030093
2021-12-25T01:00:06,6.29,6.39,6.15,1030093
2021-12-25T01:05:07,6.29,6.39,6.15,1030093
