Date-Time,Price,High,Low,Volume
2021-12-25T00:04:15,1067.00,1072.9767,997.56,30904429
2021-12-25T00:09:25,1067.00,1072.9767,997.56,30904429
2021-12-25T00:14:28,1067.00,1072.9767,997.56,30904429
2021-12-25T00:19:29,1067.00,1072.9767,997.56,30904429
2021-12-25T00:24:30,1067.00,1072.9767,997.56,30904429
2021-12-25T00:29:31,1067.00,1072.9767,997.56,30904429
2021-12-25T00:34:31,1067.00,1072.9767,997.56,30904429
2021-12-25T00:39:32,1067.00,1072.9767,997.56,30904429
2021-12-25T00:44:33,1067.00,1072.9767,997.56,30904429
2021-12-25T00:49:34,1067.00,1072.9767,997.56,30904429
2021-12-25T00:54:35,1067.00,1072.9767,997.56,30904429
2021-12-25T00:59:35,1067.00,1072.9767,997.56,30904429
2021-12-25T01:04:36,1067.00,1072.9767,997.56,30904429
