Date-Time,Price,High,Low,Volume
2022-03-23T00:01:46,216.65,219.46,210.18,31998799
2022-03-23T00:06:47,216.65,219.46,210.18,31998799
2022-03-23T00:11:48,216.65,219.46,210.18,31998799
2022-03-23T00:16:48,216.65,219.46,210.18,31998799
2022-03-23T00:21:49,216.65,219.46,210.18,31998799
2022-03-23T00:26:50,216.65,219.46,210.18,31998799
2022-03-23T00:31:51,216.65,219.46,210.18,31998799
2022-03-23T00:36:52,216.65,219.46,210.18,31998799
2022-03-23T00:41:52,216.65,219.46,210.18,31998799
2022-03-23T00:46:53,216.65,219.46,210.18,31998799
2022-03-23T00:51:54,216.65,219.46,210.18,31998799
