Date-Time,Price,High,Low,Volume
2022-05-28T00:03:12,759.63,759.80,720.5311,29764994
2022-05-28T00:08:13,759.63,759.80,720.5311,29764994
2022-05-28T00:13:13,759.63,759.80,720.5311,29764994
2022-05-28T00:18:14,759.63,759.80,720.5311,29764994
2022-05-28T00:23:15,759.63,759.80,720.5311,29764994
2022-05-28T00:28:16,759.63,759.80,720.5311,29764994
2022-05-28T00:33:17,759.63,759.80,720.5311,29764994
2022-05-28T00:38:18,759.63,759.80,720.5311,29764994
2022-05-28T00:43:19,759.63,759.80,720.5311,29764994
2022-05-28T00:48:20,759.63,759.80,720.5311,29764994
2022-05-28T00:53:21,759.63,759.80,720.5311,29764994
2022-05-28T00:58:22,759.63,759.80,720.5311,29764994
2022-05-28T01:03:23,759.63,759.80,720.5311,29764994
2022-05-28T01:08:24,759.63,759.80,720.5311,29764994
2022-05-28T01:13:24,759.63,759.80,720.5311,29764994
2022-05-28T01:18:25,759.63,759.80,720.5311,29764994
2022-05-28T01:23:26,759.63,759.80,720.5311,29764994
2022-05-28T01:28:27,759.63,759.80,720.5311,29764994
2022-05-28T01:33:28,759.63,759.80,720.5311,29764994
2022-05-28T01:38:29,759.63,759.80,720.5311,29764994
2022-05-28T01:43:29,759.63,759.80,720.5311,29764994
2022-05-28T01:48:30,759.63,759.80,720.5311,29764994
2022-05-28T01:53:31,759.63,759.80,720.5311,29764994
2022-05-28T01:58:32,759.63,759.80,720.5311,29764994
2022-05-28T02:03:33,759.63,759.80,720.5311,29764994
2022-05-28T02:08:33,759.63,759.80,720.5311,29764994
2022-05-28T02:13:34,759.63,759.80,720.5311,29764994
2022-05-28T02:18:35,759.63,759.80,720.5311,29764994
2022-05-28T02:23:36,759.63,759.80,720.5311,29764994
2022-05-28T02:28:37,759.63,759.80,720.5311,29764994
2022-05-28T02:33:38,759.63,759.80,720.5311,29764994
2022-05-28T02:38:38,759.63,759.80,720.5311,29764994
2022-05-28T02:43:39,759.63,759.80,720.5311,29764994
2022-05-28T02:48:40,759.63,759.80,720.5311,29764994
2022-05-28T02:53:41,759.63,759.80,720.5311,29764994
2022-05-28T02:58:41,759.63,759.80,720.5311,29764994
2022-05-28T03:03:42,759.63,759.80,720.5311,29764994
2022-05-28T03:08:43,759.63,759.80,720.5311,29764994
2022-05-28T03:13:44,759.63,759.80,720.5311,29764994
2022-05-28T03:18:45,759.63,759.80,720.5311,29764994
2022-05-28T03:23:46,759.63,759.80,720.5311,29764994
2022-05-28T03:28:46,759.63,759.80,720.5311,29764994
2022-05-28T03:33:47,759.63,759.80,720.5311,29764994
2022-05-28T03:38:48,759.63,759.80,720.5311,29764994
2022-05-28T03:43:49,759.63,759.80,720.5311,29764994
2022-05-28T03:48:50,759.63,759.80,720.5311,29764994
2022-05-28T03:53:51,759.63,759.80,720.5311,29764994
2022-05-28T03:58:51,759.63,759.80,720.5311,29764994
