Date-Time,Price,High,Low,Volume
2022-05-28T00:03:12,16.57,16.69,15.67,51414780
2022-05-28T00:08:13,16.57,16.69,15.67,51414780
2022-05-28T00:13:13,16.57,16.69,15.67,51414780
2022-05-28T00:18:14,16.57,16.69,15.67,51414780
2022-05-28T00:23:15,16.57,16.69,15.67,51414780
2022-05-28T00:28:16,16.57,16.69,15.67,51414780
2022-05-28T00:33:17,16.57,16.69,15.67,51414780
2022-05-28T00:38:18,16.57,16.69,15.67,51414780
2022-05-28T00:43:19,16.57,16.69,15.67,51414780
2022-05-28T00:48:20,16.57,16.69,15.67,51414780
2022-05-28T00:53:21,16.57,16.69,15.67,51414780
2022-05-28T00:58:21,16.57,16.69,15.67,51414780
