Date-Time,Price,High,Low,Volume
2022-05-28T00:01:15,30.96,31.8214,29.58,17473183
2022-05-28T00:06:15,30.96,31.8214,29.58,17473183
2022-05-28T00:11:16,30.96,31.8214,29.58,17473183
2022-05-28T00:16:17,30.96,31.8214,29.58,17473183
2022-05-28T00:21:18,30.96,31.8214,29.58,17473183
2022-05-28T00:26:19,30.96,31.8214,29.58,17473183
2022-05-28T00:31:20,30.96,31.8214,29.58,17473183
2022-05-28T00:36:21,30.96,31.8214,29.58,17473183
2022-05-28T00:41:22,30.96,31.8214,29.58,17473183
2022-05-28T00:46:22,30.96,31.8214,29.58,17473183
2022-05-28T00:51:23,30.96,31.8214,29.58,17473183
2022-05-28T00:56:24,30.96,31.8214,29.58,17473183
2022-05-28T01:01:25,30.96,31.8214,29.58,17473183
