Date-Time,Price,High,Low,Volume
2022-05-28T00:01:14,4.76,4.85,4.57,740491
2022-05-28T00:06:15,4.76,4.85,4.57,740491
2022-05-28T00:11:16,4.76,4.85,4.57,740491
2022-05-28T00:16:17,4.76,4.85,4.57,740491
2022-05-28T00:21:18,4.76,4.85,4.57,740491
2022-05-28T00:26:19,4.76,4.85,4.57,740491
2022-05-28T00:31:20,4.76,4.85,4.57,740491
2022-05-28T00:36:21,4.76,4.85,4.57,740491
2022-05-28T00:41:21,4.76,4.85,4.57,740491
2022-05-28T00:46:22,4.76,4.85,4.57,740491
2022-05-28T00:51:23,4.76,4.85,4.57,740491
2022-05-28T00:56:24,4.76,4.85,4.57,740491
2022-05-28T01:01:25,4.76,4.85,4.57,740491
