Date-Time,Price,High,Low,Volume
2022-05-28T00:03:13,195.13,195.3329,189.80,22562727
2022-05-28T00:08:14,195.13,195.3329,189.80,22562727
2022-05-28T00:13:15,195.13,195.3329,189.80,22562727
2022-05-28T00:18:16,195.13,195.3329,189.80,22562727
2022-05-28T00:23:17,195.13,195.3329,189.80,22562727
2022-05-28T00:28:18,195.13,195.3329,189.80,22562727
2022-05-28T00:33:18,195.13,195.3329,189.80,22562727
2022-05-28T00:38:19,195.13,195.3329,189.80,22562727
2022-05-28T00:43:20,195.13,195.3329,189.80,22562727
2022-05-28T00:48:21,195.13,195.3329,189.80,22562727
2022-05-28T00:53:22,195.13,195.3329,189.80,22562727
2022-05-28T00:58:22,195.13,195.3329,189.80,22562727
