Date-Time,Price,High,Low,Volume
2022-05-03T00:02:36,211.13,211.88,200.99,49915289
2022-05-03T00:07:37,211.13,211.88,200.99,49915289
2022-05-03T00:12:38,211.13,211.88,200.99,49915289
2022-05-03T00:17:39,211.13,211.88,200.99,49915289
2022-05-03T00:22:40,211.13,211.88,200.99,49915289
2022-05-03T00:27:41,211.13,211.88,200.99,49915289
2022-05-03T00:32:41,211.13,211.88,200.99,49915289
2022-05-03T00:37:42,211.13,211.88,200.99,49915289
2022-05-03T00:42:43,211.13,211.88,200.99,49915289
2022-05-03T00:47:44,211.13,211.88,200.99,49915289
2022-05-03T00:52:45,211.13,211.88,200.99,49915289
2022-05-03T00:57:46,211.13,211.88,200.99,49915289
2022-05-03T01:02:48,211.13,211.88,200.99,49915289
2022-05-03T01:07:49,211.13,211.88,200.99,49915289
2022-05-03T01:12:50,211.13,211.88,200.99,49915289
2022-05-03T01:17:51,211.13,211.88,200.99,49915289
2022-05-03T01:22:52,211.13,211.88,200.99,49915289
2022-05-03T01:27:52,211.13,211.88,200.99,49915289
