Date-Time,Price,High,Low,Volume
2022-05-03T00:02:49,902.94,906.3599,848.03,25260457
2022-05-03T00:07:50,902.94,906.3599,848.03,25260457
2022-05-03T00:12:51,902.94,906.3599,848.03,25260457
2022-05-03T00:17:52,902.94,906.3599,848.03,25260457
2022-05-03T00:22:52,902.94,906.3599,848.03,25260457
2022-05-03T00:27:53,902.94,906.3599,848.03,25260457
2022-05-03T00:32:54,902.94,906.3599,848.03,25260457
2022-05-03T00:37:55,902.94,906.3599,848.03,25260457
2022-05-03T00:42:55,902.94,906.3599,848.03,25260457
2022-05-03T00:47:56,902.94,906.3599,848.03,25260457
2022-05-03T00:52:57,902.94,906.3599,848.03,25260457
2022-05-03T00:57:58,902.94,906.3599,848.03,25260457
2022-05-03T01:02:59,902.94,906.3599,848.03,25260457
2022-05-03T01:07:59,902.94,906.3599,848.03,25260457
2022-05-03T01:13:00,902.94,906.3599,848.03,25260457
2022-05-03T01:18:01,902.94,906.3599,848.03,25260457
2022-05-03T01:23:02,902.94,906.3599,848.03,25260457
2022-05-03T01:28:03,902.94,906.3599,848.03,25260457
2022-05-03T01:33:03,902.94,906.3599,848.03,25260457
2022-05-03T01:38:04,902.94,906.3599,848.03,25260457
2022-05-03T01:43:05,902.94,906.3599,848.03,25260457
2022-05-03T01:48:06,902.94,906.3599,848.03,25260457
2022-05-03T01:53:07,902.94,906.3599,848.03,25260457
2022-05-03T01:58:08,902.94,906.3599,848.03,25260457
2022-05-03T02:03:08,902.94,906.3599,848.03,25260457
2022-05-03T02:08:09,902.94,906.3599,848.03,25260457
2022-05-03T02:13:10,902.94,906.3599,848.03,25260457
2022-05-03T02:18:11,902.94,906.3599,848.03,25260457
2022-05-03T02:23:11,902.94,906.3599,848.03,25260457
2022-05-03T02:28:12,902.94,906.3599,848.03,25260457
2022-05-03T02:33:13,902.94,906.3599,848.03,25260457
2022-05-03T02:38:14,902.94,906.3599,848.03,25260457
2022-05-03T02:43:15,902.94,906.3599,848.03,25260457
2022-05-03T02:48:16,902.94,906.3599,848.03,25260457
2022-05-03T02:53:16,902.94,906.3599,848.03,25260457
2022-05-03T02:58:17,902.94,906.3599,848.03,25260457
2022-05-03T03:03:18,902.94,906.3599,848.03,25260457
2022-05-03T03:08:19,902.94,906.3599,848.03,25260457
2022-05-03T03:13:20,902.94,906.3599,848.03,25260457
2022-05-03T03:18:20,902.94,906.3599,848.03,25260457
2022-05-03T03:23:21,902.94,906.3599,848.03,25260457
2022-05-03T03:28:22,902.94,906.3599,848.03,25260457
2022-05-03T03:33:23,902.94,906.3599,848.03,25260457
2022-05-03T03:38:24,902.94,906.3599,848.03,25260457
2022-05-03T03:43:25,902.94,906.3599,848.03,25260457
2022-05-03T03:48:26,902.94,906.3599,848.03,25260457
2022-05-03T03:53:26,902.94,906.3599,848.03,25260457
2022-05-03T03:58:27,902.94,906.3599,848.03,25260457
2022-05-03T04:03:28,902.94,906.3599,848.03,25260457
2022-05-03T04:08:29,902.94,906.3599,848.03,25260457
2022-05-03T04:13:30,902.94,906.3599,848.03,25260457
2022-05-03T04:18:31,902.94,906.3599,848.03,25260457
2022-05-03T04:23:31,902.94,906.3599,848.03,25260457
2022-05-03T04:28:32,902.94,906.3599,848.03,25260457
2022-05-03T04:33:33,902.94,906.3599,848.03,25260457
2022-05-03T04:38:34,902.94,906.3599,848.03,25260457
2022-05-03T04:43:35,902.94,906.3599,848.03,25260457
2022-05-03T04:48:35,902.94,906.3599,848.03,25260457
2022-05-03T04:53:36,902.94,906.3599,848.03,25260457
2022-05-03T04:58:37,902.94,906.3599,848.03,25260457
2022-05-03T05:03:38,902.94,906.3599,848.03,25260457
2022-05-03T05:08:39,902.94,906.3599,848.03,25260457
2022-05-03T05:13:40,902.94,906.3599,848.03,25260457
2022-05-03T05:18:40,902.94,906.3599,848.03,25260457
2022-05-03T05:23:42,902.94,906.3599,848.03,25260457
2022-05-03T05:28:42,902.94,906.3599,848.03,25260457
