Date-Time,Price,High,Low,Volume
2022-05-03T00:02:36,17.50,17.50,16.40,56156154
2022-05-03T00:07:37,17.50,17.50,16.40,56156154
2022-05-03T00:12:38,17.50,17.50,16.40,56156154
2022-05-03T00:17:39,17.50,17.50,16.40,56156154
2022-05-03T00:22:40,17.50,17.50,16.40,56156154
2022-05-03T00:27:41,17.50,17.50,16.40,56156154
2022-05-03T00:32:41,17.50,17.50,16.40,56156154
2022-05-03T00:37:42,17.50,17.50,16.40,56156154
2022-05-03T00:42:43,17.50,17.50,16.40,56156154
2022-05-03T00:47:44,17.50,17.50,16.40,56156154
2022-05-03T00:52:45,17.50,17.50,16.40,56156154
2022-05-03T00:57:46,17.50,17.50,16.40,56156154
2022-05-03T01:02:48,17.50,17.50,16.40,56156154
2022-05-03T01:07:49,17.50,17.50,16.40,56156154
2022-05-03T01:12:50,17.50,17.50,16.40,56156154
2022-05-03T01:17:51,17.50,17.50,16.40,56156154
2022-05-03T01:22:52,17.50,17.50,16.40,56156154
2022-05-03T01:27:53,17.50,17.50,16.40,56156154
