Date-Time,Price,High,Low,Volume
2022-05-03T00:02:36,5.11,5.12,4.79,972499
2022-05-03T00:07:37,5.11,5.12,4.79,972499
2022-05-03T00:12:38,5.11,5.12,4.79,972499
2022-05-03T00:17:39,5.11,5.12,4.79,972499
2022-05-03T00:22:40,5.11,5.12,4.79,972499
2022-05-03T00:27:41,5.11,5.12,4.79,972499
2022-05-03T00:32:41,5.11,5.12,4.79,972499
2022-05-03T00:37:42,5.11,5.12,4.79,972499
2022-05-03T00:42:43,5.11,5.12,4.79,972499
2022-05-03T00:47:44,5.11,5.12,4.79,972499
2022-05-03T00:52:45,5.11,5.12,4.79,972499
2022-05-03T00:57:46,5.11,5.12,4.79,972499
2022-05-03T01:02:48,5.11,5.12,4.79,972499
2022-05-03T01:07:49,5.11,5.12,4.79,972499
2022-05-03T01:12:50,5.11,5.12,4.79,972499
2022-05-03T01:17:51,5.11,5.12,4.79,972499
2022-05-03T01:22:51,5.11,5.12,4.79,972499
2022-05-03T01:27:52,5.11,5.12,4.79,972499
2022-05-03T01:32:53,5.11,5.12,4.79,972499
2022-05-03T01:37:54,5.11,5.12,4.79,972499
2022-05-03T01:42:55,5.11,5.12,4.79,972499
2022-05-03T01:47:56,5.11,5.12,4.79,972499
2022-05-03T01:52:56,5.11,5.12,4.79,972499
2022-05-03T01:57:57,5.11,5.12,4.79,972499
2022-05-03T02:02:58,5.11,5.12,4.79,972499
2022-05-03T02:07:59,5.11,5.12,4.79,972499
2022-05-03T02:13:00,5.11,5.12,4.79,972499
2022-05-03T02:18:01,5.11,5.12,4.79,972499
2022-05-03T02:23:02,5.11,5.12,4.79,972499
2022-05-03T02:28:02,5.11,5.12,4.79,972499
