Date-Time,Price,High,Low,Volume
2022-04-23T00:01:52,1005.05,1034.85,994.0001,23232186
2022-04-23T00:06:52,1005.05,1034.85,994.0001,23232186
2022-04-23T00:11:53,1005.05,1034.85,994.0001,23232186
2022-04-23T00:16:54,1005.05,1034.85,994.0001,23232186
2022-04-23T00:21:55,1005.05,1034.85,994.0001,23232186
2022-04-23T00:26:56,1005.05,1034.85,994.0001,23232186
2022-04-23T00:31:57,1005.05,1034.85,994.0001,23232186
2022-04-23T00:36:57,1005.05,1034.85,994.0001,23232186
2022-04-23T00:41:58,1005.05,1034.85,994.0001,23232186
2022-04-23T00:46:59,1005.05,1034.85,994.0001,23232186
2022-04-23T00:52:00,1005.05,1034.85,994.0001,23232186
2022-04-23T00:57:01,1005.05,1034.85,994.0001,23232186
2022-04-23T01:02:02,1005.05,1034.85,994.0001,23232186
2022-04-23T01:07:03,1005.05,1034.85,994.0001,23232186
2022-04-23T01:12:04,1005.05,1034.85,994.0001,23232186
2022-04-23T01:17:04,1005.05,1034.85,994.0001,23232186
