Date-Time,Price,High,Low,Volume
2022-04-23T00:01:51,17.18,18.29,17.12,60727306
2022-04-23T00:06:52,17.18,18.29,17.12,60727306
2022-04-23T00:11:53,17.18,18.29,17.12,60727306
2022-04-23T00:16:54,17.18,18.29,17.12,60727306
2022-04-23T00:21:55,17.18,18.29,17.12,60727306
2022-04-23T00:26:56,17.18,18.29,17.12,60727306
2022-04-23T00:31:57,17.18,18.29,17.12,60727306
2022-04-23T00:36:57,17.18,18.29,17.12,60727306
2022-04-23T00:41:58,17.18,18.29,17.12,60727306
2022-04-23T00:46:59,17.18,18.29,17.12,60727306
2022-04-23T00:52:00,17.18,18.29,17.12,60727306
2022-04-23T00:57:01,17.18,18.29,17.12,60727306
2022-04-23T01:02:02,17.18,18.29,17.12,60727306
2022-04-23T01:07:03,17.18,18.29,17.12,60727306
2022-04-23T01:12:03,17.18,18.29,17.12,60727306
2022-04-23T01:17:04,17.18,18.29,17.12,60727306
