Date-Time,Price,High,Low,Volume
2022-04-23T00:01:51,184.11,192.72,183.27,36426769
2022-04-23T00:06:52,184.11,192.72,183.27,36426769
2022-04-23T00:11:53,184.11,192.72,183.27,36426769
2022-04-23T00:16:54,184.11,192.72,183.27,36426769
2022-04-23T00:21:55,184.11,192.72,183.27,36426769
2022-04-23T00:26:56,184.11,192.72,183.27,36426769
2022-04-23T00:31:57,184.11,192.72,183.27,36426769
2022-04-23T00:36:58,184.11,192.72,183.27,36426769
2022-04-23T00:41:58,184.11,192.72,183.27,36426769
2022-04-23T00:46:59,184.11,192.72,183.27,36426769
2022-04-23T00:52:00,184.11,192.72,183.27,36426769
2022-04-23T00:57:01,184.11,192.72,183.27,36426769
2022-04-23T01:02:02,184.11,192.72,183.27,36426769
2022-04-23T01:07:03,184.11,192.72,183.27,36426769
2022-04-23T01:12:03,184.11,192.72,183.27,36426769
2022-04-23T01:17:04,184.11,192.72,183.27,36426769
