Date-Time,Price,High,Low,Volume
2022-04-01T00:01:08,1077.60,1103.1399,1076.641,16330919
2022-04-01T00:06:09,1077.60,1103.1399,1076.641,16330919
2022-04-01T00:11:10,1077.60,1103.1399,1076.641,16330919
2022-04-01T00:16:11,1077.60,1103.1399,1076.641,16330919
2022-04-01T00:21:11,1077.60,1103.1399,1076.641,16330919
2022-04-01T00:26:12,1077.60,1103.1399,1076.641,16330919
2022-04-01T00:31:13,1077.60,1103.1399,1076.641,16330919
2022-04-01T00:36:14,1077.60,1103.1399,1076.641,16330919
2022-04-01T00:41:15,1077.60,1103.1399,1076.641,16330919
2022-04-01T00:46:16,1077.60,1103.1399,1076.641,16330919
2022-04-01T00:51:16,1077.60,1103.1399,1076.641,16330919
2022-04-01T00:56:17,1077.60,1103.1399,1076.641,16330919
2022-04-01T01:01:18,1077.60,1103.1399,1076.641,16330919
2022-04-01T01:06:19,1077.60,1103.1399,1076.641,16330919
2022-04-01T01:11:20,1077.60,1103.1399,1076.641,16330919
2022-04-01T01:16:21,1077.60,1103.1399,1076.641,16330919
2022-04-01T01:21:22,1077.60,1103.1399,1076.641,16330919
2022-04-01T01:26:22,1077.60,1103.1399,1076.641,16330919
2022-04-01T01:31:23,1077.60,1103.1399,1076.641,16330919
2022-04-01T01:36:24,1077.60,1103.1399,1076.641,16330919
2022-04-01T01:41:25,1077.60,1103.1399,1076.641,16330919
2022-04-01T01:46:26,1077.60,1103.1399,1076.641,16330919
2022-04-01T01:51:27,1077.60,1103.1399,1076.641,16330919
2022-04-01T01:56:28,1077.60,1103.1399,1076.641,16330919
2022-04-01T02:01:29,1077.60,1103.1399,1076.641,16330919
2022-04-01T02:06:29,1077.60,1103.1399,1076.641,16330919
