Date-Time,Price,High,Low,Volume
2022-04-01T00:01:33,6.70,6.865,6.505,1262796
2022-04-01T00:06:34,6.70,6.865,6.505,1262796
2022-04-01T00:11:34,6.70,6.865,6.505,1262796
2022-04-01T00:16:35,6.70,6.865,6.505,1262796
2022-04-01T00:21:36,6.70,6.865,6.505,1262796
2022-04-01T00:26:37,6.70,6.865,6.505,1262796
2022-04-01T00:31:38,6.70,6.865,6.505,1262796
2022-04-01T00:36:38,6.70,6.865,6.505,1262796
2022-04-01T00:41:39,6.70,6.865,6.505,1262796
2022-04-01T00:46:40,6.70,6.865,6.505,1262796
2022-04-01T00:51:41,6.70,6.865,6.505,1262796
2022-04-01T00:56:42,6.70,6.865,6.505,1262796
2022-04-01T01:01:42,6.70,6.865,6.505,1262796
2022-04-01T01:06:43,6.70,6.865,6.505,1262796
2022-04-01T01:11:44,6.70,6.865,6.505,1262796
2022-04-01T01:16:45,6.70,6.865,6.505,1262796
2022-04-01T01:21:46,6.70,6.865,6.505,1262796
2022-04-01T01:26:46,6.70,6.865,6.505,1262796
2022-04-01T01:31:48,6.70,6.865,6.505,1262796
2022-04-01T01:36:48,6.70,6.865,6.505,1262796
2022-04-01T01:41:49,6.70,6.865,6.505,1262796
2022-04-01T01:46:50,6.70,6.865,6.505,1262796
2022-04-01T01:51:51,6.70,6.865,6.505,1262796
2022-04-01T01:56:51,6.70,6.865,6.505,1262796
2022-04-01T02:01:52,6.70,6.865,6.505,1262796
2022-04-01T02:06:53,6.70,6.865,6.505,1262796
