Date-Time,Price,High,Low,Volume
2022-04-01T00:01:08,50.24,51.93,49.55,12740889
2022-04-01T00:06:09,50.24,51.93,49.55,12740889
2022-04-01T00:11:10,50.24,51.93,49.55,12740889
2022-04-01T00:16:11,50.24,51.93,49.55,12740889
2022-04-01T00:21:12,50.24,51.93,49.55,12740889
2022-04-01T00:26:12,50.24,51.93,49.55,12740889
2022-04-01T00:31:13,50.24,51.93,49.55,12740889
2022-04-01T00:36:14,50.24,51.93,49.55,12740889
2022-04-01T00:41:15,50.24,51.93,49.55,12740889
2022-04-01T00:46:16,50.24,51.93,49.55,12740889
2022-04-01T00:51:16,50.24,51.93,49.55,12740889
2022-04-01T00:56:17,50.24,51.93,49.55,12740889
2022-04-01T01:01:18,50.24,51.93,49.55,12740889
2022-04-01T01:06:19,50.24,51.93,49.55,12740889
