year,month,day,hour,minute,second,Price,Market Cap,Volume,Circulating Supply
2021,11,1,20,11,28,4308.16
2021,11,1,20,21,31,4314.69
2021,11,1,20,31,34,4309.85
2021,11,1,20,41,36,4310.44
2021,11,1,20,51,39,4316.69
2021,11,1,21,1,42,4319.08
2021,11,1,21,11,46,4320.75
2021,11,1,21,21,49,4324.07
2021,11,1,21,31,51,4334.73
2021,11,1,21,41,54,4346.01
2021,11,1,21,51,57,4353.77
2021,11,1,22,1,59,4351.28
2021,11,1,22,12,3,4354.15
2021,11,1,22,22,5,4345.88
2021,11,1,22,32,8,4340.21
2021,11,1,22,42,10,4352.30
2021,11,1,22,52,13,4353.19
2021,11,1,23,2,15,4365.43
2021,11,1,23,12,18,4362.57
2021,11,1,23,22,21,4360.33
2021,11,1,23,32,24,4353.38
2021,11,1,23,42,26,4357.58
2021,11,1,23,52,29,4382.95
2021,11,2,0,2,33,4374.28
2021,11,2,0,12,36,4373.22
2021,11,2,0,22,39,4361.93
2021,11,2,0,32,42,4358.86
2021,11,2,0,42,44,4354.69
2021,11,2,0,52,47,4359.65
2021,11,2,1,2,49,4345.70
2021,11,2,1,12,52,4350.09
2021,11,2,1,22,55,4348.20
2021,11,2,1,32,57,4355.60
2021,11,2,1,43,0,4356.46
2021,11,2,1,53,4,4352.04
2021,11,2,2,3,6,4362.74
2021,11,2,2,13,9,4349.11
2021,11,2,2,23,11,4344.27
2021,11,2,2,33,14,4364.49
2021,11,2,2,43,16,4370.61
2021,11,2,2,53,19,4408.90
2021,11,2,3,3,22,4431.04
2021,11,2,3,13,25,4429.46
2021,11,2,3,23,28,4448.42
2021,11,2,3,33,31,4453.42
2021,11,2,3,43,33,4471.93
2021,11,2,3,53,36,4445.71
2021,11,2,4,3,39,4449.01
2021,11,2,4,13,43,4442.56
2021,11,2,4,23,46,4452.22
2021,11,2,4,33,48,4445.25
2021,11,2,4,43,51,4444.96
2021,11,2,4,53,53,4431.07
2021,11,2,5,3,56,4431.36
2021,11,2,5,13,59,4443.42
2021,11,2,5,24,2,4446.16
2021,11,2,5,34,5,4441.06
2021,11,2,5,44,9,4442.10
2021,11,2,5,54,11,4441.11
2021,11,2,6,4,14,4444.59
2021,11,2,6,14,16,4449.08
2021,11,2,6,24,19,4459.83
2021,11,2,6,34,22,4472.91
2021,11,2,6,44,24,4462.27
2021,11,2,6,54,27,4466.93
2021,11,2,7,4,29,4482.08
2021,11,2,7,14,32,4492.69
2021,11,2,7,24,34,4463.37
2021,11,2,7,34,37,4478.03
2021,11,2,7,44,40,4479.75
2021,11,2,7,54,42,4472.19
2021,11,2,8,4,45,4477.37
2021,11,2,8,14,48,4496.68
2021,11,2,8,24,52,4489.73
2021,11,2,8,34,55,4503.69
2021,11,2,8,44,57,4492.52
2021,11,2,8,55,1,4511.52
2021,11,2,9,5,4,4517.82
2021,11,2,9,15,7,4501.00
2021,11,2,9,25,10,4495.10
2021,11,2,9,35,13,4500.64
2021,11,2,9,45,16,4492.54
2021,11,2,9,55,19,4501.88
2021,11,2,10,5,23,4507.49
2021,11,2,10,15,27,4495.67
2021,11,2,10,25,30,4498.51
2021,11,2,10,35,33,4489.58
2021,11,2,10,45,36,4484.75
2021,11,2,10,55,39,4483.13
2021,11,2,11,5,41,4476.57
2021,11,2,11,15,44,4482.44
2021,11,2,11,25,47,4484.17
2021,11,2,11,35,49,4493.64
2021,11,2,11,45,52,4498.96
2021,11,2,11,55,55,4498.25
2021,11,2,12,5,58,4503.43
2021,11,2,12,16,0,4503.29
2021,11,2,12,26,4,4495.47
2021,11,2,12,36,7,4511.62
2021,11,2,12,46,9,4515.22
2021,11,2,12,56,12,4515.07
2021,11,2,13,6,15,4504.55
2021,11,2,13,16,17,4507.25
2021,11,2,13,26,20,4527.62
2021,11,2,13,36,23,4521.37
2021,11,2,13,46,26,4495.42
2021,11,2,13,56,29,4511.66
2021,11,2,14,6,31,4502.10
2021,11,2,14,16,34,4488.90
2021,11,2,14,26,37,4491.61
2021,11,2,14,36,39,4517.02
2021,11,2,14,46,42,4516.59
2021,11,2,14,56,45,4519.84
2021,11,2,15,6,47,4520.53
2021,11,2,15,16,50,4540.30
2021,11,2,15,26,53,4534.32
2021,11,2,15,36,56,4558.33
2021,11,2,15,46,58,4558.33
2021,11,2,15,57,1,4547.81
2021,11,2,16,7,4,4542.57
2021,11,2,16,17,7,4557.15
2021,11,2,16,27,9,4569.34
2021,11,2,16,37,12,4557.23
2021,11,2,16,47,14,4594.49
2021,11,2,16,57,17,4598.32
2021,11,2,17,7,20,4594.35
2021,11,2,17,17,22,4597.51
2021,11,2,17,27,25,4573.91
2021,11,2,17,37,28,4559.11
2021,11,2,17,47,31,4564.65
2021,11,2,17,57,33,4592.90
2021,11,2,18,7,36,4620.60
2021,11,2,18,17,39,4624.75
2021,11,2,18,27,42,4621.30
2021,11,2,18,37,44,4618.12
2021,11,2,18,47,47,4609.24
2021,11,2,18,57,50,4602.41
2021,11,2,19,7,53,4585.72
2021,11,2,19,17,55,4583.91
2021,11,2,19,27,58,4582.05
2021,11,2,19,38,1,4583.05
2021,11,2,19,48,3,4589.64
2021,11,2,19,58,6,4601.07
2021,11,2,20,8,9,4601.11
2021,11,2,20,18,12,4587.32
2021,11,2,20,28,14,4585.53
2021,11,2,20,38,18,4587.51
2021,11,2,20,48,20,4585.30
2021,11,2,20,58,25,4583.71
2021,11,2,21,8,28,4591.86
2021,11,2,21,18,31,4586.76
2021,11,2,21,28,34,4574.96
2021,11,2,21,38,38,4569.63
2021,11,2,21,48,41,4572.47
2021,11,2,21,58,44,4553.55
2021,11,2,22,8,46,4547.26
2021,11,2,22,18,49,4565.31
2021,11,2,22,28,52,4557.93
2021,11,2,22,38,54,4565.83
2021,11,2,22,48,57,4571.47
2021,11,2,22,59,0,4571.28
2021,11,2,23,9,3,4568.63
2021,11,2,23,19,6,4559.42
2021,11,2,23,29,9,4564.36
2021,11,2,23,39,11,4565.51
2021,11,2,23,49,15,4569.68
2021,11,2,23,59,18,4561.73
2021,11,3,0,9,21,4559.35
2021,11,3,0,19,23,4561.92
2021,11,3,0,29,27,4582.23
2021,11,3,0,39,30,4585.61
2021,11,3,0,49,33,4585.32
2021,11,3,0,59,35,4598.82
2021,11,3,1,9,38,4611.34
2021,11,3,1,19,41,4602.09
2021,11,3,1,29,44,4588.96
2021,11,3,1,39,46,4588.45
2021,11,3,1,49,49,4591.84
2021,11,3,1,59,51,4594.94
2021,11,3,2,9,55,4582.50
2021,11,3,2,19,57,4584.25
2021,11,3,2,30,0,4594.55
2021,11,3,2,40,5,4605.73
2021,11,3,2,50,8,4602.99
2021,11,3,3,0,11,4593.62
2021,11,3,3,10,14,4600.93
2021,11,3,3,20,17,4604.62
2021,11,3,3,30,20,4600.38
2021,11,3,3,40,23,4600.93
2021,11,3,3,50,26,4587.07
2021,11,3,4,0,29,4584.09
2021,11,3,4,10,32,4581.71
2021,11,3,4,20,35,4562.78
2021,11,3,4,30,38,4564.82
2021,11,3,4,40,41,4569.20
2021,11,3,4,50,44,4584.08
2021,11,3,5,0,46,4583.59
2021,11,3,5,10,49,4583.39
2021,11,3,5,20,53,4567.51
2021,11,3,5,30,56,4562.90
2021,11,3,5,40,58,4548.39
2021,11,3,5,51,2,4555.20
2021,11,3,6,1,5,4510.85
2021,11,3,6,11,9,4529.40
2021,11,3,6,21,12,4540.56
2021,11,3,6,31,15,4529.05
2021,11,3,6,41,17,4525.43
2021,11,3,6,51,20,4502.36
2021,11,3,7,1,23,4501.99
2021,11,3,7,11,26,4486.86
2021,11,3,7,21,29,4496.92
2021,11,3,7,31,32,4507.04
2021,11,3,7,41,35,4504.29
2021,11,3,7,51,38,4497.18
2021,11,3,8,1,40,4514.83
2021,11,3,8,11,43,4507.86
2021,11,3,8,21,46,4507.20
2021,11,3,8,31,49,4533.02
2021,11,3,8,41,52,4537.59
2021,11,3,8,51,55,4522.68
2021,11,3,9,1,58,4544.70
2021,11,3,9,12,1,4553.82
2021,11,3,9,22,4,4559.94
2021,11,3,9,32,7,4552.27
2021,11,3,9,42,10,4531.11
2021,11,3,9,52,13,4524.52
2021,11,3,10,2,16,4517.58
2021,11,3,10,12,19,4523.43
2021,11,3,10,22,22,4531.13
2021,11,3,10,32,26,4551.02
2021,11,3,10,42,29,4559.57
2021,11,3,10,52,32,4554.95
2021,11,3,11,2,34,4542.69
2021,11,3,11,12,37,4525.09
2021,11,3,11,22,40,4581.67
2021,11,3,11,32,42,4594.35
2021,11,3,11,42,45,4588.51
2021,11,3,11,52,48,4625.33
2021,11,3,12,2,50,4649.64
2021,11,3,12,12,53,4655.32
2021,11,3,12,22,57,4637.32
2021,11,3,12,33,2,4638.07
2021,11,3,12,43,5,4626.22
2021,11,3,12,53,8,4631.60
2021,11,3,13,3,11,4629.19
2021,11,3,13,13,14,4630.76
2021,11,3,13,23,17,4635.65
2021,11,3,13,33,19,4628.52
2021,11,3,13,43,23,4615.59
2021,11,3,13,53,25,4624.35
2021,11,3,14,3,28,4622.38
2021,11,3,14,13,31,4621.43
2021,11,3,14,23,33,4626.81
2021,11,3,14,33,36,4613.27
2021,11,3,14,43,39,4616.73
2021,11,3,14,53,41,4619.37
2021,11,3,15,3,44,4610.38
2021,11,3,15,13,47,4605.14
2021,11,3,15,23,50,4591.69
2021,11,3,15,33,53,4593.43
2021,11,3,15,43,56,4587.90
2021,11,3,15,53,59,4593.19
2021,11,3,16,4,2,4599.01
2021,11,3,16,14,5,4599.11
2021,11,3,16,24,7,4581.92
2021,11,3,16,34,10,4589.17
2021,11,3,16,44,13,4593.67
2021,11,3,16,54,16,4598.53
2021,11,3,17,4,18,4609.24
2021,11,3,17,14,21,4589.03
2021,11,3,17,24,24,4602.91
2021,11,3,17,34,32,4596.97
2021,11,3,17,44,35,4586.06
2021,11,3,17,54,37,4572.98
2021,11,3,18,4,40,4573.94
2021,11,3,18,14,43,4564.70
2021,11,3,18,24,45,4567.53
2021,11,3,18,34,49,4571.41
2021,11,3,18,44,51,4567.22
2021,11,3,18,54,54,4567.95
2021,11,3,19,4,57,4561.34
2021,11,3,19,15,1,4574.12
2021,11,3,19,25,4,4576.73
2021,11,3,19,35,7,4574.11
2021,11,3,19,45,10,4568.60
2021,11,3,20,20,56,4562.52
2021,11,3,21,45,12,4587.06,2755024959644,20594301931,118199947.44 ETH
2021,11,3,21,48,7,4587.06,2755024959644,20594301931,118199947.44 ETH
2021,11,3,21,58,10,4582.71,2753238035310,20606348379,118199947.44 ETH
2021,11,3,22,8,12,4582.40,2750327641561,20597680831,118199947.44 ETH
2021,11,3,22,25,20,4572.93,2747646703359,20428928774,118199947.44 ETH
2021,11,3,22,29,8,4572.93,2747646703359,20428928774,118199947.44 ETH
2021,11,3,22,32,29,4572.93,2748274453696,20428928774,118199947.44 ETH
2021,11,3,22,33,18,4572.93,2748274453696,20428928774,118199947.44 ETH
2021,11,3,22,43,25,4558.72,2739157044754,20368058780,118199947.44 ETH
2021,11,3,22,53,32,4555.29,2736577584702,20355334536,118199947.44 ETH
2021,11,3,23,3,39,4550.02,2734192889238,20326220134,118199947.44 ETH
2021,11,3,23,10,32,4545.85,2734149091978,20313776790,118199947.44 ETH
2021,11,3,23,11,1,4545.85,2734149091978,20313776790,118199947.44 ETH
2021,11,3,23,21,7,4549.73,2736667465929,20315306930,118199947.44 ETH
2021,11,3,23,31,13,4559.98,2740627012650,20356192510,118201066.06 ETH
2021,11,3,23,41,20,4561.25,2745181654797,20332624633,118201066.06 ETH
2021,11,3,23,51,26,4568.51,2743056650789,20330719575,118201066.06 ETH
2021,11,4,0,1,33,4570.71,2744260778162,20345151236,118201066.06 ETH
2021,11,4,0,11,40,4573.76,2749389440336,20360605255,118201066.06 ETH
2021,11,4,0,17,23,4572.27,2748152397209,20343600816,118201066.06 ETH
2021,11,4,0,19,5,4572.27,2748152397209,20343600816,118201066.06 ETH
2021,11,4,0,29,12,4562.42,2741571256547,20313969553,118201066.06 ETH
2021,11,4,0,39,18,4552.47,2738650024412,20280885662,118201066.06 ETH
2021,11,4,0,49,24,4552.54,2734645618991,20271371496,118201066.06 ETH
2021,11,4,0,59,31,4533.84,2722362104224,20308157717,118201066.06 ETH
2021,11,4,1,9,37,4523.85,2716632644482,20284548977,118201066.06 ETH
2021,11,4,1,19,47,4533.04,2719785568615,20324704442,118202123.50 ETH
2021,11,4,1,29,53,4548.36,2728945597335,20386201977,118202123.50 ETH
2021,11,4,1,40,0,4555.30,2720648114218,20436374171,118202123.50 ETH
2021,11,4,1,50,6,4521.58,2714897031378,20398837311,118202123.50 ETH
2021,11,4,2,0,14,4507.94,2708563450132,20440678255,118202123.50 ETH
2021,11,4,2,10,20,4490.82,2699430425176,20548663310,118202123.50 ETH
2021,11,4,2,20,26,4513.37,2714225124180,20672851918,118202123.50 ETH
2021,11,4,2,30,33,4520.27,2710185439723,20738239953,118202123.50 ETH
2021,11,4,2,40,40,4515.31,2706421481516,20719003945,118202123.50 ETH
2021,11,4,2,50,47,4499.58,2704388268080,20538851851,118202123.50 ETH
2021,11,4,3,0,53,4522.31,2716094406071,20514830299,118202123.50 ETH
2021,11,4,3,10,59,4522.63,2717535265589,20424839799,118202123.50 ETH
2021,11,4,3,21,6,4520.28,2717142577402,20305929151,118202123.50 ETH
2021,11,4,3,31,13,4512.50,2714681184193,20212734129,118203242.94 ETH
2021,11,4,3,41,19,4513.37,2712757030841,20152329203,118203242.94 ETH
2021,11,4,3,51,25,4522.45,2717468710749,20138243189,118203242.94 ETH
2021,11,4,4,1,32,4535.71,2724562841384,20192717363,118203242.94 ETH
2021,11,4,4,11,40,4536.53,2721470561457,20218810399,118203242.94 ETH
2021,11,4,4,21,47,4544.05,2725944379616,20202704638,118203242.94 ETH
2021,11,4,4,31,53,4533.84,2720201603652,20185130961,118203242.94 ETH
2021,11,4,4,42,1,4513.05,2709580514046,20111476340,118203242.94 ETH
2021,11,4,4,52,7,4504.18,2700091323861,20162501702,118203242.94 ETH
2021,11,4,5,2,13,4509.78,2701865665528,20212539480,118203242.94 ETH
2021,11,4,5,12,20,4525.22,2712327934103,20191822721,118203242.94 ETH
2021,11,4,5,22,26,4536.13,2714033462999,20256921370,118204314.06 ETH
2021,11,4,5,32,33,4524.08,2713875699161,20247668317,118204314.06 ETH
2021,11,4,5,42,40,4528.55,2711077508987,20245162680,118204314.06 ETH
2021,11,4,5,52,48,4528.42,2716137089712,20164649560,118204314.06 ETH
2021,11,4,6,2,54,4528.41,2722529720596,20102400846,118204314.06 ETH
2021,11,4,6,13,2,4540.63,2724852277132,20007614640,118204314.06 ETH
2021,11,4,6,23,8,4543.32,2724320748138,19951257494,118204314.06 ETH
2021,11,4,6,33,17,4528.84,2716877001931,19907413641,118204314.06 ETH
2021,11,4,6,43,23,4526.64,2716730598393,19919535911,118204314.06 ETH
2021,11,4,6,53,30,4525.37,2712352838329,19910157706,118204314.06 ETH
2021,11,4,7,3,37,4552.44,2728388519990,19903944302,118204314.06 ETH
2021,11,4,7,13,44,4574.67,2737105551404,19881597640,118204314.06 ETH
2021,11,4,7,23,50,4575.07,2732740938363,19865239308,118205506.06 ETH
2021,11,4,7,33,56,4554.80,2725266681218,19838058306,118205506.06 ETH
2021,11,4,7,44,3,4557.57,2725906849325,19837399956,118205506.06 ETH
2021,11,4,7,54,10,4562.31,2725700907017,19874414143,118205506.06 ETH
2021,11,4,8,4,17,4534.40,2714153124329,19821487699,118205506.06 ETH
2021,11,4,8,14,23,4522.82,2699067603625,19738489600,118205506.06 ETH
2021,11,4,8,24,30,4494.61,2670711972932,19799909920,118205506.06 ETH
2021,11,4,8,34,37,4486.35,2687417859655,19998368336,118205506.06 ETH
2021,11,4,8,44,43,4498.12,2690157288858,20086616908,118205506.06 ETH
2021,11,4,8,54,49,4485.49,2676797078242,20019652689,118205506.06 ETH
2021,11,4,9,4,56,4483.00,2676357083134,20019552805,118205506.06 ETH
2021,11,4,9,15,4,4458.63,2680428617613,19941490233,118205506.06 ETH
2021,11,4,9,25,11,4495.12,2686717792687,20120428044,118206604.56 ETH
2021,11,4,9,35,19,4486.33,2682980145331,20169867069,118206604.56 ETH
2021,11,4,9,45,27,4466.47,2672599029624,20177254123,118206604.56 ETH
2021,11,4,9,55,34,4469.80,2681273970251,20251686214,118206604.56 ETH
2021,11,4,10,5,41,4476.82,2684453338378,20293589201,118206604.56 ETH
2021,11,4,10,15,47,4472.65,2687185138451,20261585003,118206604.56 ETH
2021,11,4,10,25,54,4473.22,2683876767997,20278900289,118206604.56 ETH
2021,11,4,10,36,1,4461.45,2677134502653,20270196313,118206604.56 ETH
2021,11,4,10,46,8,4460.87,2679942055031,20284310114,118206604.56 ETH
2021,11,4,10,56,15,4468.72,2677568506711,20367259407,118206604.56 ETH
2021,11,4,11,6,22,4450.38,2672702258938,20430603655,118206604.56 ETH
2021,11,4,11,16,29,4430.73,2670539397430,20062677934,118206604.56 ETH
2021,11,4,11,26,36,4459.74,2689438776560,20037289210,118207747.69 ETH
