year,month,day,hour,minute,second,2021,11,1,20,11,28,4308.16
2021,11,1,20,21,31,4314.69
2021,11,1,20,31,34,4309.85
2021,11,1,20,41,36,4310.44
2021,11,1,20,51,39,4316.69
2021,11,1,21,1,42,4319.08
2021,11,1,21,11,46,4320.75
2021,11,1,21,21,49,4324.07
2021,11,1,21,31,51,4334.73
2021,11,1,21,41,54,4346.01
2021,11,1,21,51,57,4353.77
2021,11,1,22,1,59,4351.28
2021,11,1,22,12,3,4354.15
2021,11,1,22,22,5,4345.88
2021,11,1,22,32,8,4340.21
2021,11,1,22,42,10,4352.30
2021,11,1,22,52,13,4353.19
2021,11,1,23,2,15,4365.43
2021,11,1,23,12,18,4362.57
2021,11,1,23,22,21,4360.33
2021,11,1,23,32,24,4353.38
2021,11,1,23,42,26,4357.58
2021,11,1,23,52,29,4382.95
2021,11,2,0,2,33,4374.28
2021,11,2,0,12,36,4373.22
2021,11,2,0,22,39,4361.93
2021,11,2,0,32,42,4358.86
2021,11,2,0,42,44,4354.69
2021,11,2,0,52,47,4359.65
2021,11,2,1,2,49,4345.70
2021,11,2,1,12,52,4350.09
2021,11,2,1,22,55,4348.20
2021,11,2,1,32,57,4355.60
2021,11,2,1,43,0,4356.46
2021,11,2,1,53,4,4352.04
2021,11,2,2,3,6,4362.74
2021,11,2,2,13,9,4349.11
2021,11,2,2,23,11,4344.27
2021,11,2,2,33,14,4364.49
2021,11,2,2,43,16,4370.61
2021,11,2,2,53,19,4408.90
2021,11,2,3,3,22,4431.04
2021,11,2,3,13,25,4429.46
2021,11,2,3,23,28,4448.42
2021,11,2,3,33,31,4453.42
2021,11,2,3,43,33,4471.93
