year,month,day,hour,minute,second,Price,Market Cap,Volume,Circulating Supply
2021,11,3,22,32,29,0.2685,2747481517510,1982261277,131.97B DOGE
2021,11,3,22,33,18,0.2685,2747481517510,1982261277,131.97B DOGE
2021,11,3,22,43,25,0.2676,2738725899499,1973984038,131.97B DOGE
2021,11,3,22,53,32,0.2671,2737444176239,1969696208,131.97B DOGE
2021,11,3,23,3,39,0.267,2732700518046,1950416168,131.97B DOGE
2021,11,3,23,10,32,0.2673,2734149091978,1950610568,131.97B DOGE
2021,11,3,23,11,1,0.2673,2734149091978,1950610568,131.97B DOGE
2021,11,3,23,21,7,0.2676,2736667465929,1943389181,131.97B DOGE
2021,11,3,23,31,13,0.2672,2740583673815,1940762969,131.97B DOGE
