year,month,day,hour,minute,second,2021,11,1,1,37,19,1.84
2021,11,1,1,47,22,1.83
2021,11,1,1,57,25,1.83
2021,11,1,2,7,27,1.83
2021,11,1,2,17,30,1.84
2021,11,1,2,27,33,1.85
2021,11,1,2,37,35,1.85
2021,11,1,2,47,38,1.85
2021,11,1,2,57,40,1.85
2021,11,1,3,7,43,1.85
2021,11,1,3,17,45,1.86
2021,11,1,3,27,48,1.86
2021,11,1,3,37,50,1.85
2021,11,1,3,47,53,1.85
2021,11,1,3,57,55,1.84
2021,11,1,4,7,58,1.84
2021,11,1,4,18,1,1.84
2021,11,1,4,28,4,1.84
2021,11,1,4,38,7,1.84
2021,11,1,4,48,9,1.83
2021,11,1,4,58,12,1.83
2021,11,1,5,8,14,1.83
2021,11,1,5,18,17,1.83
2021,11,1,5,28,19,1.84
2021,11,1,5,38,22,1.83
