Date-Time,Price,High,Low,Volume
2022-01-24T00:22:48,27.35,28.9902,27.22,60210526
2022-01-24T00:27:49,27.35,28.9902,27.22,60210526
2022-01-24T00:32:50,27.35,28.9902,27.22,60210526
2022-01-24T00:37:51,27.35,28.9902,27.22,60210526
2022-01-24T00:47:52,27.35,28.9902,27.22,60210526
2022-01-24T00:52:53,27.35,28.9902,27.22,60210526
2022-01-24T00:57:54,27.35,28.9902,27.22,60210526
2022-01-24T01:02:55,27.35,28.9902,27.22,60210526
2022-01-24T01:17:56,27.35,28.9902,27.22,60210526
2022-01-24T01:47:58,27.35,28.9902,27.22,60210526
2022-01-24T01:57:59,27.35,28.9902,27.22,60210526
2022-01-24T02:18:01,27.35,28.9902,27.22,60210526
2022-01-24T02:23:02,27.35,28.9902,27.22,60210526
2022-01-24T02:33:03,27.35,28.9902,27.22,60210526
2022-01-24T03:03:06,27.35,28.9902,27.22,60210526
2022-01-24T03:18:07,27.35,28.9902,27.22,60210526
2022-01-24T03:28:08,27.35,28.9902,27.22,60210526
2022-01-24T03:38:09,27.35,28.9902,27.22,60210526
