Date-Time,Price,High,Low,Volume
2022-01-24T00:01:07,64.51,67.16,60.51,19344685
2022-01-24T00:06:08,64.51,67.16,60.51,19344685
2022-01-24T00:31:30,64.51,67.16,60.51,19344685
2022-01-24T00:36:31,64.51,67.16,60.51,19344685
2022-01-24T00:46:32,64.51,67.16,60.51,19344685
2022-01-24T00:51:33,64.51,67.16,60.51,19344685
2022-01-24T01:06:34,64.51,67.16,60.51,19344685
2022-01-24T01:16:36,64.51,67.16,60.51,19344685
2022-01-24T01:31:37,64.51,67.16,60.51,19344685
2022-01-24T01:36:38,64.51,67.16,60.51,19344685
2022-01-24T02:01:40,64.51,67.16,60.51,19344685
2022-01-24T02:06:41,64.51,67.16,60.51,19344685
2022-01-24T02:11:42,64.51,67.16,60.51,19344685
2022-01-24T02:31:43,64.51,67.16,60.51,19344685
2022-01-24T02:41:45,64.51,67.16,60.51,19344685
2022-01-24T02:46:46,64.51,67.16,60.51,19344685
2022-01-24T02:56:47,64.51,67.16,60.51,19344685
2022-01-24T03:06:48,64.51,67.16,60.51,19344685
2022-01-24T03:11:49,64.51,67.16,60.51,19344685
2022-01-24T03:21:50,64.51,67.16,60.51,19344685
2022-01-24T03:26:51,64.51,67.16,60.51,19344685
