Date-Time,Price,High,Low,Volume
2022-01-24T00:02:29,5.51,5.66,5.2215,1145730
2022-01-24T00:22:50,5.51,5.66,5.2215,1145730
2022-01-24T00:32:51,5.51,5.66,5.2215,1145730
2022-01-24T00:47:52,5.51,5.66,5.2215,1145730
2022-01-24T00:52:53,5.51,5.66,5.2215,1145730
2022-01-24T01:07:54,5.51,5.66,5.2215,1145730
2022-01-24T01:12:55,5.51,5.66,5.2215,1145730
2022-01-24T02:02:59,5.51,5.66,5.2215,1145730
2022-01-24T02:07:59,5.51,5.66,5.2215,1145730
2022-01-24T02:13:00,5.51,5.66,5.2215,1145730
2022-01-24T02:18:01,5.51,5.66,5.2215,1145730
2022-01-24T02:23:02,5.51,5.66,5.2215,1145730
2022-01-24T02:43:04,5.51,5.66,5.2215,1145730
2022-01-24T03:08:06,5.51,5.66,5.2215,1145730
2022-01-24T03:43:09,5.51,5.66,5.2215,1145730
2022-01-24T04:08:11,5.51,5.66,5.2215,1145730
2022-01-24T04:13:12,5.51,5.66,5.2215,1145730
2022-01-24T04:18:13,5.51,5.66,5.2215,1145730
2022-01-24T04:23:14,5.51,5.66,5.2215,1145730
2022-01-24T04:28:15,5.51,5.66,5.2215,1145730
2022-01-24T04:33:15,5.51,5.66,5.2215,1145730
2022-01-24T04:38:16,5.51,5.66,5.2215,1145730
2022-01-24T04:53:18,5.51,5.66,5.2215,1145730
2022-01-24T04:58:18,5.51,5.66,5.2215,1145730
2022-01-24T05:08:21,5.51,5.66,5.2215,1145730
2022-01-24T05:23:23,5.51,5.66,5.2215,1145730
2022-01-24T05:28:24,5.51,5.66,5.2215,1145730
2022-01-24T05:33:24,5.51,5.66,5.2215,1145730
2022-01-24T05:38:25,5.51,5.66,5.2215,1145730
2022-01-24T05:48:26,5.51,5.66,5.2215,1145730
2022-01-24T05:53:27,5.51,5.66,5.2215,1145730
2022-01-24T06:08:28,5.51,5.66,5.2215,1145730
2022-01-24T06:33:30,5.51,5.66,5.2215,1145730
2022-01-24T06:43:32,5.51,5.66,5.2215,1145730
2022-01-24T06:48:32,5.295,5.31,5.17,58796
2022-01-24T06:58:34,5.31,5.41,5.17,101002
2022-01-24T07:03:34,5.23,5.41,5.17,120739
2022-01-24T07:08:36,5.18,5.41,5.1516,136106
2022-01-24T07:13:36,5.1701,5.41,5.1516,163503
2022-01-24T07:18:37,5.05,5.41,5.02,309446
2022-01-24T07:23:38,4.98,5.41,4.975,347110
2022-01-24T07:28:39,5.04,5.41,4.94,378835
2022-01-24T07:38:40,4.99,5.41,4.94,413786
2022-01-24T07:43:41,5.04,5.41,4.94,451925
2022-01-24T07:48:41,5.03,5.41,4.94,475666
2022-01-24T08:03:43,4.98,5.41,4.94,523602
2022-01-24T08:08:44,4.99,5.41,4.94,539953
2022-01-24T08:18:45,5.01,5.41,4.94,586042
2022-01-24T08:23:45,5.02,5.41,4.94,613579
2022-01-24T08:28:48,5.01,5.41,4.94,624630
