Date-Time,Price,High,Low,Volume
2022-01-24T00:06:26,943.90,1004.55,940.50,34472009
2022-01-24T00:21:58,943.90,1004.55,940.50,34472009
2022-01-24T00:31:59,943.90,1004.55,940.50,34472009
2022-01-24T00:52:01,943.90,1004.55,940.50,34472009
2022-01-24T01:12:03,943.90,1004.55,940.50,34472009
2022-01-24T01:22:04,943.90,1004.55,940.50,34472009
2022-01-24T01:27:05,943.90,1004.55,940.50,34472009
2022-01-24T01:37:06,943.90,1004.55,940.50,34472009
2022-01-24T01:42:07,943.90,1004.55,940.50,34472009
2022-01-24T01:52:08,943.90,1004.55,940.50,34472009
2022-01-24T01:57:09,943.90,1004.55,940.50,34472009
2022-01-24T02:12:10,943.90,1004.55,940.50,34472009
2022-01-24T02:17:11,943.90,1004.55,940.50,34472009
2022-01-24T02:22:12,943.90,1004.55,940.50,34472009
2022-01-24T02:27:13,943.90,1004.55,940.50,34472009
2022-01-24T02:32:14,943.90,1004.55,940.50,34472009
2022-01-24T02:52:16,943.90,1004.55,940.50,34472009
2022-01-24T03:07:17,943.90,1004.55,940.50,34472009
2022-01-24T03:12:18,943.90,1004.55,940.50,34472009
