Date-Time,Price,High,Low,Volume
2022-04-16T00:04:15,985.00,1012.7099,982.19,19474135
2022-04-16T00:09:16,985.00,1012.7099,982.19,19474135
2022-04-16T00:14:17,985.00,1012.7099,982.19,19474135
2022-04-16T00:19:18,985.00,1012.7099,982.19,19474135
2022-04-16T00:24:19,985.00,1012.7099,982.19,19474135
2022-04-16T00:29:20,985.00,1012.7099,982.19,19474135
2022-04-16T00:34:20,985.00,1012.7099,982.19,19474135
2022-04-16T00:39:21,985.00,1012.7099,982.19,19474135
2022-04-16T00:44:22,985.00,1012.7099,982.19,19474135
2022-04-16T00:49:23,985.00,1012.7099,982.19,19474135
2022-04-16T00:54:24,985.00,1012.7099,982.19,19474135
2022-04-16T00:59:25,985.00,1012.7099,982.19,19474135
2022-04-16T01:04:26,985.00,1012.7099,982.19,19474135
2022-04-16T01:09:26,985.00,1012.7099,982.19,19474135
2022-04-16T01:14:28,985.00,1012.7099,982.19,19474135
2022-04-16T01:19:29,985.00,1012.7099,982.19,19474135
2022-04-16T01:24:29,985.00,1012.7099,982.19,19474135
