Date-Time,Price,High,Low,Volume
2022-04-16T00:04:19,40.59,41.90,40.21,9206097
2022-04-16T00:09:20,40.59,41.90,40.21,9206097
2022-04-16T00:14:21,40.59,41.90,40.21,9206097
2022-04-16T00:19:22,40.59,41.90,40.21,9206097
2022-04-16T00:24:23,40.59,41.90,40.21,9206097
2022-04-16T00:29:24,40.59,41.90,40.21,9206097
2022-04-16T00:34:24,40.59,41.90,40.21,9206097
2022-04-16T00:39:25,40.59,41.90,40.21,9206097
2022-04-16T00:44:26,40.59,41.90,40.21,9206097
2022-04-16T00:49:27,40.59,41.90,40.21,9206097
2022-04-16T00:54:28,40.59,41.90,40.21,9206097
2022-04-16T00:59:28,40.59,41.90,40.21,9206097
2022-04-16T01:04:29,40.59,41.90,40.21,9206097
2022-04-16T01:09:30,40.59,41.90,40.21,9206097
2022-04-16T01:14:31,40.59,41.90,40.21,9206097
2022-04-16T01:19:32,40.59,41.90,40.21,9206097
2022-04-16T01:24:33,40.59,41.90,40.21,9206097
2022-04-16T01:29:34,40.59,41.90,40.21,9206097
2022-04-16T01:34:35,40.59,41.90,40.21,9206097
2022-04-16T01:39:36,40.59,41.90,40.21,9206097
2022-04-16T01:44:36,40.59,41.90,40.21,9206097
2022-04-16T01:49:37,40.59,41.90,40.21,9206097
2022-04-16T01:54:38,40.59,41.90,40.21,9206097
2022-04-16T01:59:39,40.59,41.90,40.21,9206097
2022-04-16T02:04:40,40.59,41.90,40.21,9206097
2022-04-16T02:09:40,40.59,41.90,40.21,9206097
2022-04-16T02:14:41,40.59,41.90,40.21,9206097
2022-04-16T02:19:42,40.59,41.90,40.21,9206097
2022-04-16T02:24:43,40.59,41.90,40.21,9206097
