Date-Time,Price,High,Low,Volume
2022-04-16T00:01:24,5.69,5.77,5.38,690244
2022-04-16T00:06:25,5.69,5.77,5.38,690244
2022-04-16T00:11:26,5.69,5.77,5.38,690244
2022-04-16T00:16:27,5.69,5.77,5.38,690244
2022-04-16T00:21:28,5.69,5.77,5.38,690244
2022-04-16T00:26:29,5.69,5.77,5.38,690244
2022-04-16T00:31:29,5.69,5.77,5.38,690244
2022-04-16T00:36:30,5.69,5.77,5.38,690244
2022-04-16T00:41:31,5.69,5.77,5.38,690244
2022-04-16T00:46:32,5.69,5.77,5.38,690244
2022-04-16T00:51:33,5.69,5.77,5.38,690244
2022-04-16T00:56:34,5.69,5.77,5.38,690244
2022-04-16T01:01:35,5.69,5.77,5.38,690244
2022-04-16T01:06:36,5.69,5.77,5.38,690244
2022-04-16T01:11:37,5.69,5.77,5.38,690244
2022-04-16T01:16:38,5.69,5.77,5.38,690244
2022-04-16T01:21:39,5.69,5.77,5.38,690244
2022-04-16T01:26:40,5.69,5.77,5.38,690244
2022-04-16T01:31:40,5.69,5.77,5.38,690244
2022-04-16T01:36:41,5.69,5.77,5.38,690244
2022-04-16T01:41:42,5.69,5.77,5.38,690244
2022-04-16T01:46:43,5.69,5.77,5.38,690244
2022-04-16T01:51:44,5.69,5.77,5.38,690244
2022-04-16T01:56:45,5.69,5.77,5.38,690244
2022-04-16T02:01:45,5.69,5.77,5.38,690244
2022-04-16T02:06:46,5.69,5.77,5.38,690244
2022-04-16T02:11:47,5.69,5.77,5.38,690244
2022-04-16T02:16:48,5.69,5.77,5.38,690244
2022-04-16T02:21:49,5.69,5.77,5.38,690244
2022-04-16T02:26:50,5.69,5.77,5.38,690244
2022-04-16T02:31:51,5.69,5.77,5.38,690244
2022-04-16T02:36:52,5.69,5.77,5.38,690244
2022-04-16T02:41:52,5.69,5.77,5.38,690244
2022-04-16T02:46:53,5.69,5.77,5.38,690244
2022-04-16T02:51:54,5.69,5.77,5.38,690244
2022-04-16T02:56:55,5.69,5.77,5.38,690244
2022-04-16T03:01:56,5.69,5.77,5.38,690244
2022-04-16T03:06:57,5.69,5.77,5.38,690244
2022-04-16T03:11:57,5.69,5.77,5.38,690244
2022-04-16T03:16:58,5.69,5.77,5.38,690244
2022-04-16T03:21:59,5.69,5.77,5.38,690244
