Date-Time,Price,High,Low,Volume
2021-12-24T00:04:51,335.24,336.67,328.36,13987698
2021-12-24T00:09:52,335.24,336.67,328.36,13987698
2021-12-24T00:14:56,335.24,336.67,328.36,13987698
2021-12-24T00:19:56,335.24,336.67,328.36,13987698
2021-12-24T00:24:57,335.24,336.67,328.36,13987698
2021-12-24T00:29:58,335.24,336.67,328.36,13987698
2021-12-24T00:34:59,335.24,336.67,328.36,13987698
2021-12-24T00:40:00,335.24,336.67,328.36,13987698
2021-12-24T00:45:01,335.24,336.67,328.36,13987698
2021-12-24T00:50:02,335.24,336.67,328.36,13987698
2021-12-24T00:55:03,335.24,336.67,328.36,13987698
2021-12-24T01:00:03,335.24,336.67,328.36,13987698
