Date-Time,Price,High,Low,Volume
2021-12-24T00:04:51,1067.00,1072.9767,997.56,30904429
2021-12-24T00:09:52,1067.00,1072.9767,997.56,30904429
2021-12-24T00:14:56,1067.00,1072.9767,997.56,30904429
2021-12-24T00:19:57,1067.00,1072.9767,997.56,30904429
2021-12-24T00:24:57,1067.00,1072.9767,997.56,30904429
2021-12-24T00:29:58,1067.00,1072.9767,997.56,30904429
2021-12-24T00:34:59,1067.00,1072.9767,997.56,30904429
2021-12-24T00:40:00,1067.00,1072.9767,997.56,30904429
2021-12-24T00:45:01,1067.00,1072.9767,997.56,30904429
2021-12-24T00:50:02,1067.00,1072.9767,997.56,30904429
2021-12-24T00:55:02,1067.00,1072.9767,997.56,30904429
2021-12-24T01:00:03,1067.00,1072.9767,997.56,30904429
