Date-Time,Price,High,Low,Volume
2021-12-24T00:00:27,6.29,6.39,6.15,1030093
2021-12-24T00:05:33,6.29,6.39,6.15,1030093
2021-12-24T00:10:33,6.29,6.39,6.15,1030093
2021-12-24T00:15:37,6.29,6.39,6.15,1030093
2021-12-24T00:20:37,6.29,6.39,6.15,1030093
2021-12-24T00:25:38,6.29,6.39,6.15,1030093
2021-12-24T00:30:39,6.29,6.39,6.15,1030093
2021-12-24T00:35:40,6.29,6.39,6.15,1030093
2021-12-24T00:40:40,6.29,6.39,6.15,1030093
2021-12-24T00:45:41,6.29,6.39,6.15,1030093
2021-12-24T00:50:42,6.29,6.39,6.15,1030093
2021-12-24T00:55:43,6.29,6.39,6.15,1030093
2021-12-24T01:00:44,6.29,6.39,6.15,1030093
