Date-Time,Price,High,Low,Volume
2022-04-05T00:02:54,1145.45,1149.91,1072.53,27392567
2022-04-05T00:07:56,1145.45,1149.91,1072.53,27392567
2022-04-05T00:12:57,1145.45,1149.91,1072.53,27392567
2022-04-05T00:17:58,1145.45,1149.91,1072.53,27392567
2022-04-05T00:22:59,1145.45,1149.91,1072.53,27392567
2022-04-05T00:28:00,1145.45,1149.91,1072.53,27392567
2022-04-05T00:33:00,1145.45,1149.91,1072.53,27392567
2022-04-05T00:38:01,1145.45,1149.91,1072.53,27392567
2022-04-05T00:43:02,1145.45,1149.91,1072.53,27392567
2022-04-05T00:48:03,1145.45,1149.91,1072.53,27392567
2022-04-05T00:53:04,1145.45,1149.91,1072.53,27392567
2022-04-05T00:58:04,1145.45,1149.91,1072.53,27392567
2022-04-05T01:03:05,1145.45,1149.91,1072.53,27392567
2022-04-05T01:08:06,1145.45,1149.91,1072.53,27392567
2022-04-05T01:13:07,1145.45,1149.91,1072.53,27392567
2022-04-05T01:18:08,1145.45,1149.91,1072.53,27392567
2022-04-05T01:23:09,1145.45,1149.91,1072.53,27392567
2022-04-05T01:28:09,1145.45,1149.91,1072.53,27392567
2022-04-05T01:33:10,1145.45,1149.91,1072.53,27392567
2022-04-05T01:38:11,1145.45,1149.91,1072.53,27392567
2022-04-05T01:43:12,1145.45,1149.91,1072.53,27392567
2022-04-05T01:48:13,1145.45,1149.91,1072.53,27392567
2022-04-05T01:53:14,1145.45,1149.91,1072.53,27392567
2022-04-05T01:58:15,1145.45,1149.91,1072.53,27392567
2022-04-05T02:03:15,1145.45,1149.91,1072.53,27392567
2022-04-05T02:08:16,1145.45,1149.91,1072.53,27392567
