Date-Time,Price,High,Low,Volume
2022-04-05T00:02:54,46.53,47.6954,45.65,15558146
2022-04-05T00:07:55,46.53,47.6954,45.65,15558146
2022-04-05T00:12:55,46.53,47.6954,45.65,15558146
2022-04-05T00:17:56,46.53,47.6954,45.65,15558146
2022-04-05T00:22:57,46.53,47.6954,45.65,15558146
2022-04-05T00:27:59,46.53,47.6954,45.65,15558146
2022-04-05T00:33:00,46.53,47.6954,45.65,15558146
2022-04-05T00:38:01,46.53,47.6954,45.65,15558146
2022-04-05T00:43:01,46.53,47.6954,45.65,15558146
2022-04-05T00:48:02,46.53,47.6954,45.65,15558146
2022-04-05T00:53:03,46.53,47.6954,45.65,15558146
2022-04-05T00:58:04,46.53,47.6954,45.65,15558146
2022-04-05T01:03:05,46.53,47.6954,45.65,15558146
2022-04-05T01:08:06,46.53,47.6954,45.65,15558146
2022-04-05T01:13:07,46.53,47.6954,45.65,15558146
2022-04-05T01:18:08,46.53,47.6954,45.65,15558146
2022-04-05T01:23:09,46.53,47.6954,45.65,15558146
2022-04-05T01:28:10,46.53,47.6954,45.65,15558146
2022-04-05T01:33:10,46.53,47.6954,45.65,15558146
2022-04-05T01:38:11,46.53,47.6954,45.65,15558146
2022-04-05T01:43:12,46.53,47.6954,45.65,15558146
2022-04-05T01:48:13,46.53,47.6954,45.65,15558146
2022-04-05T01:53:14,46.53,47.6954,45.65,15558146
2022-04-05T01:58:15,46.53,47.6954,45.65,15558146
2022-04-05T02:03:16,46.53,47.6954,45.65,15558146
2022-04-05T02:08:17,46.53,47.6954,45.65,15558146
