Date-Time,Price,High,Low,Volume
2022-03-04T00:01:37,839.29,886.439,832.6001,20541169
2022-03-04T00:06:38,839.29,886.439,832.6001,20541169
2022-03-04T00:11:38,839.29,886.439,832.6001,20541169
2022-03-04T00:16:39,839.29,886.439,832.6001,20541169
2022-03-04T00:21:40,839.29,886.439,832.6001,20541169
2022-03-04T00:26:41,839.29,886.439,832.6001,20541169
2022-03-04T00:31:42,839.29,886.439,832.6001,20541169
2022-03-04T00:36:43,839.29,886.439,832.6001,20541169
2022-03-04T00:41:44,839.29,886.439,832.6001,20541169
2022-03-04T00:46:45,839.29,886.439,832.6001,20541169
2022-03-04T00:51:45,839.29,886.439,832.6001,20541169
2022-03-04T00:56:46,839.29,886.439,832.6001,20541169
2022-03-04T01:01:47,839.29,886.439,832.6001,20541169
2022-03-04T01:06:48,839.29,886.439,832.6001,20541169
2022-03-04T01:11:49,839.29,886.439,832.6001,20541169
2022-03-04T01:16:49,839.29,886.439,832.6001,20541169
2022-03-04T01:21:50,839.29,886.439,832.6001,20541169
2022-03-04T01:26:51,839.29,886.439,832.6001,20541169
2022-03-04T01:31:52,839.29,886.439,832.6001,20541169
2022-03-04T01:36:53,839.29,886.439,832.6001,20541169
2022-03-04T01:41:53,839.29,886.439,832.6001,20541169
2022-03-04T01:46:54,839.29,886.439,832.6001,20541169
2022-03-04T01:51:55,839.29,886.439,832.6001,20541169
2022-03-04T01:56:56,839.29,886.439,832.6001,20541169
2022-03-04T02:01:57,839.29,886.439,832.6001,20541169
2022-03-04T02:06:58,839.29,886.439,832.6001,20541169
2022-03-04T02:11:59,839.29,886.439,832.6001,20541169
2022-03-04T02:16:59,839.29,886.439,832.6001,20541169
2022-03-04T02:22:00,839.29,886.439,832.6001,20541169
2022-03-04T02:27:01,839.29,886.439,832.6001,20541169
2022-03-04T02:32:02,839.29,886.439,832.6001,20541169
2022-03-04T02:37:03,839.29,886.439,832.6001,20541169
2022-03-04T02:42:04,839.29,886.439,832.6001,20541169
2022-03-04T02:47:04,839.29,886.439,832.6001,20541169
2022-03-04T02:52:05,839.29,886.439,832.6001,20541169
2022-03-04T02:57:06,839.29,886.439,832.6001,20541169
2022-03-04T03:02:07,839.29,886.439,832.6001,20541169
2022-03-04T03:07:08,839.29,886.439,832.6001,20541169
2022-03-04T03:12:09,839.29,886.439,832.6001,20541169
2022-03-04T03:17:09,839.29,886.439,832.6001,20541169
2022-03-04T03:22:10,839.29,886.439,832.6001,20541169
2022-03-04T03:27:11,839.29,886.439,832.6001,20541169
