Date-Time,Price,High,Low,Volume
2022-03-04T00:01:58,202.97,209.08,201.42,27263524
2022-03-04T00:06:58,202.97,209.08,201.42,27263524
2022-03-04T00:11:59,202.97,209.08,201.42,27263524
2022-03-04T00:17:00,202.97,209.08,201.42,27263524
2022-03-04T00:22:01,202.97,209.08,201.42,27263524
2022-03-04T00:27:02,202.97,209.08,201.42,27263524
2022-03-04T00:32:03,202.97,209.08,201.42,27263524
2022-03-04T00:37:04,202.97,209.08,201.42,27263524
2022-03-04T00:42:04,202.97,209.08,201.42,27263524
2022-03-04T00:47:05,202.97,209.08,201.42,27263524
2022-03-04T00:52:06,202.97,209.08,201.42,27263524
2022-03-04T00:57:07,202.97,209.08,201.42,27263524
2022-03-04T01:02:08,202.97,209.08,201.42,27263524
2022-03-04T01:07:09,202.97,209.08,201.42,27263524
2022-03-04T01:12:10,202.97,209.08,201.42,27263524
2022-03-04T01:17:11,202.97,209.08,201.42,27263524
2022-03-04T01:22:12,202.97,209.08,201.42,27263524
2022-03-04T01:27:13,202.97,209.08,201.42,27263524
