Date-Time,Price,High,Low,Volume
2022-03-04T00:01:37,7.31,7.36,7.1212,512066
2022-03-04T00:06:38,7.31,7.36,7.1212,512066
2022-03-04T00:11:38,7.31,7.36,7.1212,512066
2022-03-04T00:16:39,7.31,7.36,7.1212,512066
2022-03-04T00:21:40,7.31,7.36,7.1212,512066
2022-03-04T00:26:41,7.31,7.36,7.1212,512066
2022-03-04T00:31:42,7.31,7.36,7.1212,512066
2022-03-04T00:36:43,7.31,7.36,7.1212,512066
2022-03-04T00:41:44,7.31,7.36,7.1212,512066
2022-03-04T00:46:44,7.31,7.36,7.1212,512066
2022-03-04T00:51:45,7.31,7.36,7.1212,512066
2022-03-04T00:56:46,7.31,7.36,7.1212,512066
2022-03-04T01:01:47,7.31,7.36,7.1212,512066
2022-03-04T01:06:48,7.31,7.36,7.1212,512066
2022-03-04T01:11:49,7.31,7.36,7.1212,512066
2022-03-04T01:16:49,7.31,7.36,7.1212,512066
2022-03-04T01:21:50,7.31,7.36,7.1212,512066
2022-03-04T01:26:51,7.31,7.36,7.1212,512066
