Date-Time,Price,High,Low,Volume
2022-02-11T00:00:02,6.65,7.30,6.60,898315
2022-02-11T00:05:03,6.65,7.30,6.60,898315
2022-02-11T00:10:04,6.65,7.30,6.60,898315
2022-02-11T00:15:04,6.65,7.30,6.60,898315
2022-02-11T00:20:05,6.65,7.30,6.60,898315
2022-02-11T00:25:06,6.65,7.30,6.60,898315
2022-02-11T00:30:07,6.65,7.30,6.60,898315
2022-02-11T00:35:08,6.65,7.30,6.60,898315
2022-02-11T00:40:08,6.65,7.30,6.60,898315
2022-02-11T00:45:09,6.65,7.30,6.60,898315
2022-02-11T00:50:10,6.65,7.30,6.60,898315
2022-02-11T00:55:11,6.65,7.30,6.60,898315
2022-02-11T01:00:12,6.65,7.30,6.60,898315
2022-02-11T01:05:12,6.65,7.30,6.60,898315
2022-02-11T01:10:14,6.65,7.30,6.60,898315
2022-02-11T01:15:14,6.65,7.30,6.60,898315
2022-02-11T01:20:15,6.65,7.30,6.60,898315
2022-02-11T01:25:16,6.65,7.30,6.60,898315
2022-02-11T01:30:17,6.65,7.30,6.60,898315
2022-02-11T01:35:18,6.65,7.30,6.60,898315
2022-02-11T01:40:18,6.65,7.30,6.60,898315
2022-02-11T01:45:19,6.65,7.30,6.60,898315
2022-02-11T01:50:20,6.65,7.30,6.60,898315
2022-02-11T01:55:21,6.65,7.30,6.60,898315
2022-02-11T02:00:22,6.65,7.30,6.60,898315
