Date-Time,Price,High,Low,Volume
2022-02-11T00:00:02,228.07,235.00,226.70,49310356
2022-02-11T00:05:03,228.07,235.00,226.70,49310356
2022-02-11T00:10:04,228.07,235.00,226.70,49310356
2022-02-11T00:15:04,228.07,235.00,226.70,49310356
2022-02-11T00:20:05,228.07,235.00,226.70,49310356
2022-02-11T00:25:06,228.07,235.00,226.70,49310356
2022-02-11T00:30:07,228.07,235.00,226.70,49310356
2022-02-11T00:35:08,228.07,235.00,226.70,49310356
2022-02-11T00:40:08,228.07,235.00,226.70,49310356
2022-02-11T00:45:09,228.07,235.00,226.70,49310356
2022-02-11T00:50:10,228.07,235.00,226.70,49310356
2022-02-11T00:55:11,228.07,235.00,226.70,49310356
2022-02-11T01:00:12,228.07,235.00,226.70,49310356
