Date-Time,Price,High,Low,Volume
2022-02-11T00:01:31,904.55,943.81,896.70,22042277
2022-02-11T00:06:32,904.55,943.81,896.70,22042277
2022-02-11T00:11:33,904.55,943.81,896.70,22042277
2022-02-11T00:16:34,904.55,943.81,896.70,22042277
2022-02-11T00:21:34,904.55,943.81,896.70,22042277
2022-02-11T00:26:35,904.55,943.81,896.70,22042277
2022-02-11T00:31:36,904.55,943.81,896.70,22042277
2022-02-11T00:36:37,904.55,943.81,896.70,22042277
2022-02-11T00:41:38,904.55,943.81,896.70,22042277
2022-02-11T00:46:39,904.55,943.81,896.70,22042277
2022-02-11T00:51:40,904.55,943.81,896.70,22042277
2022-02-11T00:56:41,904.55,943.81,896.70,22042277
2022-02-11T01:01:42,904.55,943.81,896.70,22042277
2022-02-11T01:06:42,904.55,943.81,896.70,22042277
2022-02-11T01:11:43,904.55,943.81,896.70,22042277
2022-02-11T01:16:44,904.55,943.81,896.70,22042277
2022-02-11T01:21:45,904.55,943.81,896.70,22042277
2022-02-11T01:26:46,904.55,943.81,896.70,22042277
2022-02-11T01:31:46,904.55,943.81,896.70,22042277
2022-02-11T01:36:47,904.55,943.81,896.70,22042277
2022-02-11T01:41:48,904.55,943.81,896.70,22042277
2022-02-11T01:46:49,904.55,943.81,896.70,22042277
2022-02-11T01:51:50,904.55,943.81,896.70,22042277
2022-02-11T01:56:51,904.55,943.81,896.70,22042277
2022-02-11T02:01:52,904.55,943.81,896.70,22042277
2022-02-11T02:06:53,904.55,943.81,896.70,22042277
2022-02-11T02:11:54,904.55,943.81,896.70,22042277
2022-02-11T02:16:54,904.55,943.81,896.70,22042277
2022-02-11T02:21:55,904.55,943.81,896.70,22042277
2022-02-11T02:26:56,904.55,943.81,896.70,22042277
2022-02-11T02:31:57,904.55,943.81,896.70,22042277
2022-02-11T02:36:58,904.55,943.81,896.70,22042277
2022-02-11T02:41:59,904.55,943.81,896.70,22042277
2022-02-11T02:47:00,904.55,943.81,896.70,22042277
2022-02-11T02:52:01,904.55,943.81,896.70,22042277
2022-02-11T02:57:01,904.55,943.81,896.70,22042277
2022-02-11T03:02:02,904.55,943.81,896.70,22042277
2022-02-11T03:07:03,904.55,943.81,896.70,22042277
2022-02-11T03:12:04,904.55,943.81,896.70,22042277
2022-02-11T03:17:05,904.55,943.81,896.70,22042277
2022-02-11T03:22:06,904.55,943.81,896.70,22042277
2022-02-11T03:27:07,904.55,943.81,896.70,22042277
2022-02-11T03:32:08,904.55,943.81,896.70,22042277
2022-02-11T03:37:09,904.55,943.81,896.70,22042277
2022-02-11T03:42:09,904.55,943.81,896.70,22042277
2022-02-11T03:47:10,904.55,943.81,896.70,22042277
2022-02-11T03:52:11,904.55,943.81,896.70,22042277
2022-02-11T03:57:12,904.55,943.81,896.70,22042277
2022-02-11T04:02:14,904.55,943.81,896.70,22042277
