Date-Time,Price,High,Low,Volume
2022-03-26T00:04:08,1010.64,1021.7999,997.3201,20677182
2022-03-26T00:09:09,1010.64,1021.7999,997.3201,20677182
2022-03-26T00:14:10,1010.64,1021.7999,997.3201,20677182
2022-03-26T00:19:11,1010.64,1021.7999,997.3201,20677182
2022-03-26T00:24:12,1010.64,1021.7999,997.3201,20677182
2022-03-26T00:29:13,1010.64,1021.7999,997.3201,20677182
2022-03-26T00:34:14,1010.64,1021.7999,997.3201,20677182
2022-03-26T00:39:14,1010.64,1021.7999,997.3201,20677182
2022-03-26T00:44:15,1010.64,1021.7999,997.3201,20677182
2022-03-26T00:49:16,1010.64,1021.7999,997.3201,20677182
2022-03-26T00:54:17,1010.64,1021.7999,997.3201,20677182
2022-03-26T00:59:18,1010.64,1021.7999,997.3201,20677182
2022-03-26T01:04:19,1010.64,1021.7999,997.3201,20677182
2022-03-26T01:09:20,1010.64,1021.7999,997.3201,20677182
2022-03-26T01:14:21,1010.64,1021.7999,997.3201,20677182
2022-03-26T01:19:22,1010.64,1021.7999,997.3201,20677182
2022-03-26T01:24:22,1010.64,1021.7999,997.3201,20677182
2022-03-26T01:29:23,1010.64,1021.7999,997.3201,20677182
2022-03-26T01:34:24,1010.64,1021.7999,997.3201,20677182
2022-03-26T01:39:25,1010.64,1021.7999,997.3201,20677182
2022-03-26T01:44:28,1010.64,1021.7999,997.3201,20677182
2022-03-26T01:49:29,1010.64,1021.7999,997.3201,20677182
2022-03-26T01:54:30,1010.64,1021.7999,997.3201,20677182
