Date-Time,Price,High,Low,Volume
2022-03-26T00:04:14,46.16,49.10,45.23,10825092
2022-03-26T00:09:15,46.16,49.10,45.23,10825092
2022-03-26T00:14:16,46.16,49.10,45.23,10825092
2022-03-26T00:19:16,46.16,49.10,45.23,10825092
2022-03-26T00:24:17,46.16,49.10,45.23,10825092
2022-03-26T00:29:18,46.16,49.10,45.23,10825092
2022-03-26T00:34:19,46.16,49.10,45.23,10825092
2022-03-26T00:39:19,46.16,49.10,45.23,10825092
2022-03-26T00:44:20,46.16,49.10,45.23,10825092
2022-03-26T00:49:21,46.16,49.10,45.23,10825092
2022-03-26T00:54:22,46.16,49.10,45.23,10825092
