Date-Time,Price,High,Low,Volume
2022-03-26T00:04:43,221.82,225.50,218.8901,40039026
2022-03-26T00:09:44,221.82,225.50,218.8901,40039026
2022-03-26T00:14:45,221.82,225.50,218.8901,40039026
2022-03-26T00:19:46,221.82,225.50,218.8901,40039026
2022-03-26T00:24:47,221.82,225.50,218.8901,40039026
2022-03-26T00:29:47,221.82,225.50,218.8901,40039026
2022-03-26T00:34:48,221.82,225.50,218.8901,40039026
2022-03-26T00:39:49,221.82,225.50,218.8901,40039026
2022-03-26T00:44:50,221.82,225.50,218.8901,40039026
2022-03-26T00:49:51,221.82,225.50,218.8901,40039026
2022-03-26T00:54:52,221.82,225.50,218.8901,40039026
2022-03-26T00:59:53,221.82,225.50,218.8901,40039026
2022-03-26T01:04:54,221.82,225.50,218.8901,40039026
2022-03-26T01:09:54,221.82,225.50,218.8901,40039026
2022-03-26T01:14:55,221.82,225.50,218.8901,40039026
2022-03-26T01:19:56,221.82,225.50,218.8901,40039026
2022-03-26T01:24:57,221.82,225.50,218.8901,40039026
2022-03-26T01:29:57,221.82,225.50,218.8901,40039026
2022-03-26T01:34:58,221.82,225.50,218.8901,40039026
2022-03-26T01:39:59,221.82,225.50,218.8901,40039026
2022-03-26T01:45:00,221.82,225.50,218.8901,40039026
2022-03-26T01:50:01,221.82,225.50,218.8901,40039026
2022-03-26T01:55:01,221.82,225.50,218.8901,40039026
