Date-Time,Price,High,Low,Volume
2022-03-26T00:04:08,7.21,7.80,7.02,1041699
2022-03-26T00:09:09,7.21,7.80,7.02,1041699
2022-03-26T00:14:10,7.21,7.80,7.02,1041699
2022-03-26T00:19:11,7.21,7.80,7.02,1041699
2022-03-26T00:24:12,7.21,7.80,7.02,1041699
2022-03-26T00:29:13,7.21,7.80,7.02,1041699
2022-03-26T00:34:14,7.21,7.80,7.02,1041699
2022-03-26T00:39:15,7.21,7.80,7.02,1041699
2022-03-26T00:44:15,7.21,7.80,7.02,1041699
2022-03-26T00:49:16,7.21,7.80,7.02,1041699
2022-03-26T00:54:17,7.21,7.80,7.02,1041699
2022-03-26T00:59:18,7.21,7.80,7.02,1041699
2022-03-26T01:04:19,7.21,7.80,7.02,1041699
2022-03-26T01:09:20,7.21,7.80,7.02,1041699
2022-03-26T01:14:21,7.21,7.80,7.02,1041699
2022-03-26T01:19:22,7.21,7.80,7.02,1041699
2022-03-26T01:24:23,7.21,7.80,7.02,1041699
2022-03-26T01:29:23,7.21,7.80,7.02,1041699
2022-03-26T01:34:24,7.21,7.80,7.02,1041699
2022-03-26T01:39:25,7.21,7.80,7.02,1041699
2022-03-26T01:44:26,7.21,7.80,7.02,1041699
2022-03-26T01:49:27,7.21,7.80,7.02,1041699
2022-03-26T01:54:28,7.21,7.80,7.02,1041699
2022-03-26T01:59:29,7.21,7.80,7.02,1041699
2022-03-26T02:04:30,7.21,7.80,7.02,1041699
2022-03-26T02:09:31,7.21,7.80,7.02,1041699
2022-03-26T02:14:31,7.21,7.80,7.02,1041699
2022-03-26T02:19:32,7.21,7.80,7.02,1041699
2022-03-26T02:24:33,7.21,7.80,7.02,1041699
2022-03-26T02:29:34,7.21,7.80,7.02,1041699
2022-03-26T02:34:35,7.21,7.80,7.02,1041699
2022-03-26T02:39:36,7.21,7.80,7.02,1041699
2022-03-26T02:44:37,7.21,7.80,7.02,1041699
2022-03-26T02:49:37,7.21,7.80,7.02,1041699
2022-03-26T02:54:38,7.21,7.80,7.02,1041699
