Date-Time,Price,High,Low,Volume
2022-03-08T00:03:14,804.58,866.14,804.57,24164724
2022-03-08T00:08:15,804.58,866.14,804.57,24164724
2022-03-08T00:13:16,804.58,866.14,804.57,24164724
2022-03-08T00:18:17,804.58,866.14,804.57,24164724
2022-03-08T00:23:18,804.58,866.14,804.57,24164724
2022-03-08T00:28:19,804.58,866.14,804.57,24164724
2022-03-08T00:33:20,804.58,866.14,804.57,24164724
2022-03-08T00:38:20,804.58,866.14,804.57,24164724
2022-03-08T00:43:21,804.58,866.14,804.57,24164724
2022-03-08T00:48:22,804.58,866.14,804.57,24164724
2022-03-08T00:53:23,804.58,866.14,804.57,24164724
2022-03-08T00:58:24,804.58,866.14,804.57,24164724
2022-03-08T01:03:24,804.58,866.14,804.57,24164724
2022-03-08T01:08:25,804.58,866.14,804.57,24164724
2022-03-08T01:13:26,804.58,866.14,804.57,24164724
2022-03-08T01:18:27,804.58,866.14,804.57,24164724
2022-03-08T01:23:28,804.58,866.14,804.57,24164724
2022-03-08T01:28:28,804.58,866.14,804.57,24164724
2022-03-08T01:33:29,804.58,866.14,804.57,24164724
2022-03-08T01:38:30,804.58,866.14,804.57,24164724
2022-03-08T01:43:31,804.58,866.14,804.57,24164724
2022-03-08T01:48:32,804.58,866.14,804.57,24164724
2022-03-08T01:53:32,804.58,866.14,804.57,24164724
2022-03-08T01:58:33,804.58,866.14,804.57,24164724
2022-03-08T02:03:34,804.58,866.14,804.57,24164724
2022-03-08T02:08:35,804.58,866.14,804.57,24164724
2022-03-08T02:13:36,804.58,866.14,804.57,24164724
2022-03-08T02:18:37,804.58,866.14,804.57,24164724
2022-03-08T02:23:37,804.58,866.14,804.57,24164724
2022-03-08T02:28:38,804.58,866.14,804.57,24164724
2022-03-08T02:33:39,804.58,866.14,804.57,24164724
2022-03-08T02:38:40,804.58,866.14,804.57,24164724
2022-03-08T02:43:41,804.58,866.14,804.57,24164724
2022-03-08T02:48:42,804.58,866.14,804.57,24164724
2022-03-08T02:53:42,804.58,866.14,804.57,24164724
2022-03-08T02:58:43,804.58,866.14,804.57,24164724
2022-03-08T03:03:44,804.58,866.14,804.57,24164724
2022-03-08T03:08:45,804.58,866.14,804.57,24164724
2022-03-08T03:13:46,804.58,866.14,804.57,24164724
2022-03-08T03:18:47,804.58,866.14,804.57,24164724
2022-03-08T03:23:48,804.58,866.14,804.57,24164724
2022-03-08T03:28:49,804.58,866.14,804.57,24164724
2022-03-08T03:33:49,804.58,866.14,804.57,24164724
