Date-Time,Price,High,Low,Volume
2022-03-08T00:00:14,42.43,49.44,42.28,22985243
2022-03-08T00:05:15,42.43,49.44,42.28,22985243
2022-03-08T00:10:16,42.43,49.44,42.28,22985243
2022-03-08T00:15:17,42.43,49.44,42.28,22985243
2022-03-08T00:20:18,42.43,49.44,42.28,22985243
2022-03-08T00:25:19,42.43,49.44,42.28,22985243
2022-03-08T00:30:20,42.43,49.44,42.28,22985243
2022-03-08T00:35:21,42.43,49.44,42.28,22985243
2022-03-08T00:40:21,42.43,49.44,42.28,22985243
2022-03-08T00:45:22,42.43,49.44,42.28,22985243
2022-03-08T00:50:23,42.43,49.44,42.28,22985243
2022-03-08T00:55:24,42.43,49.44,42.28,22985243
2022-03-08T01:00:24,42.43,49.44,42.28,22985243
2022-03-08T01:05:25,42.43,49.44,42.28,22985243
2022-03-08T01:10:26,42.43,49.44,42.28,22985243
2022-03-08T01:15:27,42.43,49.44,42.28,22985243
2022-03-08T01:20:28,42.43,49.44,42.28,22985243
2022-03-08T01:25:29,42.43,49.44,42.28,22985243
2022-03-08T01:30:30,42.43,49.44,42.28,22985243
2022-03-08T01:35:31,42.43,49.44,42.28,22985243
2022-03-08T01:40:32,42.43,49.44,42.28,22985243
2022-03-08T01:45:33,42.43,49.44,42.28,22985243
2022-03-08T01:50:33,42.43,49.44,42.28,22985243
2022-03-08T01:55:34,42.43,49.44,42.28,22985243
2022-03-08T02:00:35,42.43,49.44,42.28,22985243
2022-03-08T02:05:36,42.43,49.44,42.28,22985243
2022-03-08T02:10:37,42.43,49.44,42.28,22985243
2022-03-08T02:15:37,42.43,49.44,42.28,22985243
2022-03-08T02:20:38,42.43,49.44,42.28,22985243
2022-03-08T02:25:39,42.43,49.44,42.28,22985243
2022-03-08T02:30:40,42.43,49.44,42.28,22985243
2022-03-08T02:35:40,42.43,49.44,42.28,22985243
2022-03-08T02:40:41,42.43,49.44,42.28,22985243
2022-03-08T02:45:42,42.43,49.44,42.28,22985243
2022-03-08T02:50:43,42.43,49.44,42.28,22985243
2022-03-08T02:55:44,42.43,49.44,42.28,22985243
2022-03-08T03:00:45,42.43,49.44,42.28,22985243
2022-03-08T03:05:46,42.43,49.44,42.28,22985243
2022-03-08T03:10:46,42.43,49.44,42.28,22985243
2022-03-08T03:15:47,42.43,49.44,42.28,22985243
2022-03-08T03:20:48,42.43,49.44,42.28,22985243
2022-03-08T03:25:49,42.43,49.44,42.28,22985243
2022-03-08T03:30:50,42.43,49.44,42.28,22985243
2022-03-08T03:35:51,42.43,49.44,42.28,22985243
2022-03-08T03:40:52,42.43,49.44,42.28,22985243
2022-03-08T03:45:53,42.43,49.44,42.28,22985243
2022-03-08T03:50:54,42.43,49.44,42.28,22985243
2022-03-08T03:55:54,42.43,49.44,42.28,22985243
2022-03-08T04:00:55,42.43,49.44,42.28,22985243
2022-03-08T04:05:56,42.43,49.44,42.28,22985243
2022-03-08T04:10:57,42.43,49.44,42.28,22985243
2022-03-08T04:15:58,42.43,49.44,42.28,22985243
2022-03-08T04:20:59,42.43,49.44,42.28,22985243
2022-03-08T04:26:00,42.43,49.44,42.28,22985243
2022-03-08T04:31:01,42.43,49.44,42.28,22985243
2022-03-08T04:36:02,42.43,49.44,42.28,22985243
2022-03-08T04:41:02,42.43,49.44,42.28,22985243
2022-03-08T04:46:03,42.43,49.44,42.28,22985243
2022-03-08T04:51:04,42.43,49.44,42.28,22985243
2022-03-08T04:56:05,42.43,49.44,42.28,22985243
2022-03-08T05:01:06,42.43,49.44,42.28,22985243
2022-03-08T05:06:07,42.43,49.44,42.28,22985243
2022-03-08T05:11:08,42.43,49.44,42.28,22985243
2022-03-08T05:16:09,42.43,49.44,42.28,22985243
2022-03-08T05:21:10,42.43,49.44,42.28,22985243
2022-03-08T05:26:10,42.43,49.44,42.28,22985243
2022-03-08T05:31:11,42.43,49.44,42.28,22985243
2022-03-08T05:36:12,42.43,49.44,42.28,22985243
2022-03-08T05:41:13,42.43,49.44,42.28,22985243
2022-03-08T05:46:14,42.43,49.44,42.28,22985243
2022-03-08T05:51:15,42.43,49.44,42.28,22985243
2022-03-08T05:56:16,42.43,49.44,42.28,22985243
2022-03-08T06:01:16,42.43,49.44,42.28,22985243
2022-03-08T06:06:17,42.43,49.44,42.28,22985243
2022-03-08T06:11:18,42.43,49.44,42.28,22985243
2022-03-08T06:16:19,42.43,49.44,42.28,22985243
2022-03-08T06:21:20,42.43,49.44,42.28,22985243
2022-03-08T06:26:21,42.43,49.44,42.28,22985243
2022-03-08T06:31:22,42.43,49.44,42.28,22985243
