Date-Time,Price,High,Low,Volume
2022-03-21T00:03:30,216.49,216.80,206.00,52127982
2022-03-21T00:08:30,216.49,216.80,206.00,52127982
2022-03-21T00:13:31,216.49,216.80,206.00,52127982
2022-03-21T00:18:32,216.49,216.80,206.00,52127982
2022-03-21T00:23:33,216.49,216.80,206.00,52127982
2022-03-21T00:28:34,216.49,216.80,206.00,52127982
2022-03-21T00:33:35,216.49,216.80,206.00,52127982
2022-03-21T00:38:35,216.49,216.80,206.00,52127982
2022-03-21T00:43:36,216.49,216.80,206.00,52127982
2022-03-21T00:48:37,216.49,216.80,206.00,52127982
2022-03-21T00:53:38,216.49,216.80,206.00,52127982
2022-03-21T00:58:39,216.49,216.80,206.00,52127982
2022-03-21T01:03:39,216.49,216.80,206.00,52127982
2022-03-21T01:08:40,216.49,216.80,206.00,52127982
2022-03-21T01:13:41,216.49,216.80,206.00,52127982
2022-03-21T01:18:42,216.49,216.80,206.00,52127982
2022-03-21T01:23:43,216.49,216.80,206.00,52127982
2022-03-21T01:28:44,216.49,216.80,206.00,52127982
2022-03-21T01:33:44,216.49,216.80,206.00,52127982
2022-03-21T01:38:45,216.49,216.80,206.00,52127982
2022-03-21T01:43:46,216.49,216.80,206.00,52127982
2022-03-21T01:48:47,216.49,216.80,206.00,52127982
