Date-Time,Price,High,Low,Volume
2022-03-21T00:03:38,7.16,7.46,6.91,4649720
2022-03-21T00:08:39,7.16,7.46,6.91,4649720
2022-03-21T00:13:40,7.16,7.46,6.91,4649720
2022-03-21T00:18:40,7.16,7.46,6.91,4649720
2022-03-21T00:23:41,7.16,7.46,6.91,4649720
2022-03-21T00:28:42,7.16,7.46,6.91,4649720
2022-03-21T00:33:43,7.16,7.46,6.91,4649720
2022-03-21T00:38:44,7.16,7.46,6.91,4649720
2022-03-21T00:43:44,7.16,7.46,6.91,4649720
2022-03-21T00:48:45,7.16,7.46,6.91,4649720
2022-03-21T00:53:46,7.16,7.46,6.91,4649720
2022-03-21T00:58:47,7.16,7.46,6.91,4649720
2022-03-21T01:03:48,7.16,7.46,6.91,4649720
2022-03-21T01:08:49,7.16,7.46,6.91,4649720
2022-03-21T01:13:49,7.16,7.46,6.91,4649720
2022-03-21T01:18:50,7.16,7.46,6.91,4649720
2022-03-21T01:23:51,7.16,7.46,6.91,4649720
2022-03-21T01:28:52,7.16,7.46,6.91,4649720
2022-03-21T01:33:52,7.16,7.46,6.91,4649720
2022-03-21T01:38:54,7.16,7.46,6.91,4649720
2022-03-21T01:43:54,7.16,7.46,6.91,4649720
2022-03-21T01:48:55,7.16,7.46,6.91,4649720
