Date-Time,Price,High,Low,Volume
2022-03-21T00:03:29,45.60,45.70,42.3317,19770637
2022-03-21T00:08:30,45.60,45.70,42.3317,19770637
2022-03-21T00:13:31,45.60,45.70,42.3317,19770637
2022-03-21T00:18:32,45.60,45.70,42.3317,19770637
2022-03-21T00:23:32,45.60,45.70,42.3317,19770637
2022-03-21T00:28:33,45.60,45.70,42.3317,19770637
2022-03-21T00:33:34,45.60,45.70,42.3317,19770637
2022-03-21T00:38:35,45.60,45.70,42.3317,19770637
2022-03-21T00:43:36,45.60,45.70,42.3317,19770637
2022-03-21T00:48:37,45.60,45.70,42.3317,19770637
2022-03-21T00:53:38,45.60,45.70,42.3317,19770637
2022-03-21T00:58:38,45.60,45.70,42.3317,19770637
2022-03-21T01:03:39,45.60,45.70,42.3317,19770637
2022-03-21T01:08:40,45.60,45.70,42.3317,19770637
2022-03-21T01:13:41,45.60,45.70,42.3317,19770637
2022-03-21T01:18:42,45.60,45.70,42.3317,19770637
2022-03-21T01:23:43,45.60,45.70,42.3317,19770637
2022-03-21T01:28:44,45.60,45.70,42.3317,19770637
2022-03-21T01:33:44,45.60,45.70,42.3317,19770637
2022-03-21T01:38:45,45.60,45.70,42.3317,19770637
2022-03-21T01:43:46,45.60,45.70,42.3317,19770637
2022-03-21T01:48:47,45.60,45.70,42.3317,19770637
