Date-Time,Price,High,Low,Volume
2022-03-21T00:03:38,905.39,907.85,867.39,33471397
2022-03-21T00:08:39,905.39,907.85,867.39,33471397
2022-03-21T00:13:40,905.39,907.85,867.39,33471397
2022-03-21T00:18:40,905.39,907.85,867.39,33471397
2022-03-21T00:23:41,905.39,907.85,867.39,33471397
2022-03-21T00:28:42,905.39,907.85,867.39,33471397
2022-03-21T00:33:43,905.39,907.85,867.39,33471397
2022-03-21T00:38:44,905.39,907.85,867.39,33471397
2022-03-21T00:43:45,905.39,907.85,867.39,33471397
2022-03-21T00:48:46,905.39,907.85,867.39,33471397
2022-03-21T00:53:46,905.39,907.85,867.39,33471397
2022-03-21T00:58:47,905.39,907.85,867.39,33471397
2022-03-21T01:03:48,905.39,907.85,867.39,33471397
2022-03-21T01:08:49,905.39,907.85,867.39,33471397
2022-03-21T01:13:50,905.39,907.85,867.39,33471397
2022-03-21T01:18:50,905.39,907.85,867.39,33471397
2022-03-21T01:23:51,905.39,907.85,867.39,33471397
2022-03-21T01:28:52,905.39,907.85,867.39,33471397
2022-03-21T01:33:53,905.39,907.85,867.39,33471397
2022-03-21T01:38:54,905.39,907.85,867.39,33471397
2022-03-21T01:43:54,905.39,907.85,867.39,33471397
2022-03-21T01:48:55,905.39,907.85,867.39,33471397
