Date-Time,Price,High,Low,Volume
2022-03-14T00:03:46,795.35,843.802,793.77,22345722
2022-03-14T00:08:47,795.35,843.802,793.77,22345722
2022-03-14T00:13:48,795.35,843.802,793.77,22345722
2022-03-14T00:18:49,795.35,843.802,793.77,22345722
2022-03-14T00:23:50,795.35,843.802,793.77,22345722
2022-03-14T00:28:51,795.35,843.802,793.77,22345722
2022-03-14T00:33:51,795.35,843.802,793.77,22345722
2022-03-14T00:38:52,795.35,843.802,793.77,22345722
2022-03-14T00:43:53,795.35,843.802,793.77,22345722
2022-03-14T00:48:54,795.35,843.802,793.77,22345722
2022-03-14T00:53:55,795.35,843.802,793.77,22345722
2022-03-14T00:58:56,795.35,843.802,793.77,22345722
2022-03-14T01:03:56,795.35,843.802,793.77,22345722
2022-03-14T01:08:57,795.35,843.802,793.77,22345722
2022-03-14T01:13:58,795.35,843.802,793.77,22345722
2022-03-14T01:18:59,795.35,843.802,793.77,22345722
2022-03-14T01:24:00,795.35,843.802,793.77,22345722
2022-03-14T01:29:00,795.35,843.802,793.77,22345722
2022-03-14T01:34:01,795.35,843.802,793.77,22345722
2022-03-14T01:39:02,795.35,843.802,793.77,22345722
