Date-Time,Price,High,Low,Volume
2022-03-14T00:01:08,38.05,41.00,37.50,42597909
2022-03-14T00:06:09,38.05,41.00,37.50,42597909
2022-03-14T00:11:10,38.05,41.00,37.50,42597909
2022-03-14T00:16:11,38.05,41.00,37.50,42597909
2022-03-14T00:21:12,38.05,41.00,37.50,42597909
2022-03-14T00:26:13,38.05,41.00,37.50,42597909
2022-03-14T00:31:13,38.05,41.00,37.50,42597909
2022-03-14T00:36:14,38.05,41.00,37.50,42597909
2022-03-14T00:41:15,38.05,41.00,37.50,42597909
2022-03-14T00:46:16,38.05,41.00,37.50,42597909
2022-03-14T00:51:17,38.05,41.00,37.50,42597909
2022-03-14T00:56:17,38.05,41.00,37.50,42597909
2022-03-14T01:01:18,38.05,41.00,37.50,42597909
2022-03-14T01:06:19,38.05,41.00,37.50,42597909
2022-03-14T01:11:20,38.05,41.00,37.50,42597909
2022-03-14T01:16:21,38.05,41.00,37.50,42597909
2022-03-14T01:21:22,38.05,41.00,37.50,42597909
2022-03-14T01:26:22,38.05,41.00,37.50,42597909
2022-03-14T01:31:23,38.05,41.00,37.50,42597909
2022-03-14T01:36:24,38.05,41.00,37.50,42597909
2022-03-14T01:41:25,38.05,41.00,37.50,42597909
2022-03-14T01:46:26,38.05,41.00,37.50,42597909
2022-03-14T01:51:26,38.05,41.00,37.50,42597909
2022-03-14T01:56:27,38.05,41.00,37.50,42597909
2022-03-14T02:01:28,38.05,41.00,37.50,42597909
2022-03-14T02:06:29,38.05,41.00,37.50,42597909
2022-03-14T02:11:30,38.05,41.00,37.50,42597909
2022-03-14T02:16:31,38.05,41.00,37.50,42597909
2022-03-14T02:21:31,38.05,41.00,37.50,42597909
2022-03-14T02:26:32,38.05,41.00,37.50,42597909
2022-03-14T02:31:33,38.05,41.00,37.50,42597909
2022-03-14T02:36:34,38.05,41.00,37.50,42597909
2022-03-14T02:41:35,38.05,41.00,37.50,42597909
2022-03-14T02:46:36,38.05,41.00,37.50,42597909
2022-03-14T02:51:37,38.05,41.00,37.50,42597909
2022-03-14T02:56:38,38.05,41.00,37.50,42597909
2022-03-14T03:01:38,38.05,41.00,37.50,42597909
2022-03-14T03:06:39,38.05,41.00,37.50,42597909
2022-03-14T03:11:40,38.05,41.00,37.50,42597909
2022-03-14T03:16:41,38.05,41.00,37.50,42597909
2022-03-14T03:21:42,38.05,41.00,37.50,42597909
2022-03-14T03:26:43,38.05,41.00,37.50,42597909
2022-03-14T03:31:43,38.05,41.00,37.50,42597909
2022-03-14T03:36:44,38.05,41.00,37.50,42597909
2022-03-14T03:41:45,38.05,41.00,37.50,42597909
2022-03-14T03:46:46,38.05,41.00,37.50,42597909
2022-03-14T03:51:47,38.05,41.00,37.50,42597909
2022-03-14T03:56:48,38.05,41.00,37.50,42597909
2022-03-14T04:01:48,38.05,41.00,37.50,42597909
2022-03-14T04:06:49,38.05,41.00,37.50,42597909
2022-03-14T04:11:50,38.05,41.00,37.50,42597909
2022-03-14T04:16:51,38.05,41.00,37.50,42597909
2022-03-14T04:21:52,38.05,41.00,37.50,42597909
2022-03-14T04:26:53,38.05,41.00,37.50,42597909
2022-03-14T04:31:54,38.05,41.00,37.50,42597909
2022-03-14T04:36:55,38.05,41.00,37.50,42597909
2022-03-14T04:41:56,38.05,41.00,37.50,42597909
2022-03-14T04:46:57,38.05,41.00,37.50,42597909
2022-03-14T04:51:58,38.05,41.00,37.50,42597909
2022-03-14T04:56:58,38.05,41.00,37.50,42597909
2022-03-14T05:01:59,38.05,41.00,37.50,42597909
2022-03-14T05:07:00,38.05,41.00,37.50,42597909
2022-03-14T05:12:01,38.05,41.00,37.50,42597909
2022-03-14T05:17:02,38.05,41.00,37.50,42597909
2022-03-14T05:22:03,38.05,41.00,37.50,42597909
2022-03-14T05:27:04,38.05,41.00,37.50,42597909
2022-03-14T05:32:05,38.05,41.00,37.50,42597909
2022-03-14T05:37:06,38.05,41.00,37.50,42597909
2022-03-14T05:42:07,38.05,41.00,37.50,42597909
