Date-Time,Price,High,Low,Volume
2022-03-14T00:03:46,7.70,9.49,7.3609,4218323
2022-03-14T00:08:47,7.70,9.49,7.3609,4218323
2022-03-14T00:13:48,7.70,9.49,7.3609,4218323
2022-03-14T00:18:49,7.70,9.49,7.3609,4218323
2022-03-14T00:23:50,7.70,9.49,7.3609,4218323
2022-03-14T00:28:51,7.70,9.49,7.3609,4218323
2022-03-14T00:33:52,7.70,9.49,7.3609,4218323
2022-03-14T00:38:53,7.70,9.49,7.3609,4218323
2022-03-14T00:43:54,7.70,9.49,7.3609,4218323
2022-03-14T00:48:54,7.70,9.49,7.3609,4218323
2022-03-14T00:53:55,7.70,9.49,7.3609,4218323
2022-03-14T00:58:56,7.70,9.49,7.3609,4218323
2022-03-14T01:03:57,7.70,9.49,7.3609,4218323
2022-03-14T01:08:58,7.70,9.49,7.3609,4218323
2022-03-14T01:13:58,7.70,9.49,7.3609,4218323
2022-03-14T01:18:59,7.70,9.49,7.3609,4218323
2022-03-14T01:24:00,7.70,9.49,7.3609,4218323
2022-03-14T01:29:01,7.70,9.49,7.3609,4218323
2022-03-14T01:34:02,7.70,9.49,7.3609,4218323
2022-03-14T01:39:03,7.70,9.49,7.3609,4218323
