Date-Time,Price,High,Low,Volume
2022-04-28T00:02:43,881.51,918.00,877.36,25652132
2022-04-28T00:07:44,881.51,918.00,877.36,25652132
2022-04-28T00:12:45,881.51,918.00,877.36,25652132
2022-04-28T00:17:45,881.51,918.00,877.36,25652132
2022-04-28T00:22:46,881.51,918.00,877.36,25652132
2022-04-28T00:27:47,881.51,918.00,877.36,25652132
2022-04-28T00:32:48,881.51,918.00,877.36,25652132
2022-04-28T00:37:49,881.51,918.00,877.36,25652132
2022-04-28T00:42:50,881.51,918.00,877.36,25652132
2022-04-28T00:47:51,881.51,918.00,877.36,25652132
2022-04-28T00:52:52,881.51,918.00,877.36,25652132
2022-04-28T00:57:53,881.51,918.00,877.36,25652132
2022-04-28T01:02:54,881.51,918.00,877.36,25652132
2022-04-28T01:07:55,881.51,918.00,877.36,25652132
2022-04-28T01:12:55,881.51,918.00,877.36,25652132
2022-04-28T01:17:56,881.51,918.00,877.36,25652132
2022-04-28T01:22:57,881.51,918.00,877.36,25652132
2022-04-28T01:27:58,881.51,918.00,877.36,25652132
2022-04-28T01:32:59,881.51,918.00,877.36,25652132
2022-04-28T01:38:00,881.51,918.00,877.36,25652132
2022-04-28T01:43:00,881.51,918.00,877.36,25652132
2022-04-28T01:48:01,881.51,918.00,877.36,25652132
2022-04-28T01:53:02,881.51,918.00,877.36,25652132
2022-04-28T01:58:03,881.51,918.00,877.36,25652132
2022-04-28T02:03:04,881.51,918.00,877.36,25652132
2022-04-28T02:08:04,881.51,918.00,877.36,25652132
2022-04-28T02:13:05,881.51,918.00,877.36,25652132
2022-04-28T02:18:06,881.51,918.00,877.36,25652132
2022-04-28T02:23:07,881.51,918.00,877.36,25652132
