Date-Time,Price,High,Low,Volume
2022-04-28T00:02:16,16.76,17.6863,16.52,56633016
2022-04-28T00:07:16,16.76,17.6863,16.52,56633016
2022-04-28T00:12:17,16.76,17.6863,16.52,56633016
2022-04-28T00:17:18,16.76,17.6863,16.52,56633016
2022-04-28T00:22:19,16.76,17.6863,16.52,56633016
2022-04-28T00:27:20,16.76,17.6863,16.52,56633016
2022-04-28T00:32:21,16.76,17.6863,16.52,56633016
2022-04-28T00:37:22,16.76,17.6863,16.52,56633016
2022-04-28T00:42:22,16.76,17.6863,16.52,56633016
2022-04-28T00:47:23,16.76,17.6863,16.52,56633016
2022-04-28T00:52:24,16.76,17.6863,16.52,56633016
2022-04-28T00:57:25,16.76,17.6863,16.52,56633016
2022-04-28T01:02:26,16.76,17.6863,16.52,56633016
2022-04-28T01:07:27,16.76,17.6863,16.52,56633016
2022-04-28T01:12:27,16.76,17.6863,16.52,56633016
2022-04-28T01:17:28,16.76,17.6863,16.52,56633016
2022-04-28T01:22:29,16.76,17.6863,16.52,56633016
2022-04-28T01:27:30,16.76,17.6863,16.52,56633016
2022-04-28T01:32:31,16.76,17.6863,16.52,56633016
2022-04-28T01:37:32,16.76,17.6863,16.52,56633016
2022-04-28T01:42:33,16.76,17.6863,16.52,56633016
2022-04-28T01:47:33,16.76,17.6863,16.52,56633016
2022-04-28T01:52:35,16.76,17.6863,16.52,56633016
2022-04-28T01:57:35,16.76,17.6863,16.52,56633016
2022-04-28T02:02:36,16.76,17.6863,16.52,56633016
2022-04-28T02:07:37,16.76,17.6863,16.52,56633016
2022-04-28T02:12:38,16.76,17.6863,16.52,56633016
2022-04-28T02:17:39,16.76,17.6863,16.52,56633016
2022-04-28T02:22:39,16.76,17.6863,16.52,56633016
2022-04-28T02:27:40,16.76,17.6863,16.52,56633016
2022-04-28T02:32:41,16.76,17.6863,16.52,56633016
2022-04-28T02:37:42,16.76,17.6863,16.52,56633016
2022-04-28T02:42:43,16.76,17.6863,16.52,56633016
2022-04-28T02:47:43,16.76,17.6863,16.52,56633016
2022-04-28T02:52:45,16.76,17.6863,16.52,56633016
2022-04-28T02:57:45,16.76,17.6863,16.52,56633016
2022-04-28T03:02:46,16.76,17.6863,16.52,56633016
2022-04-28T03:07:47,16.76,17.6863,16.52,56633016
2022-04-28T03:12:48,16.76,17.6863,16.52,56633016
2022-04-28T03:17:49,16.76,17.6863,16.52,56633016
2022-04-28T03:22:49,16.76,17.6863,16.52,56633016
2022-04-28T03:27:50,16.76,17.6863,16.52,56633016
2022-04-28T03:32:51,16.76,17.6863,16.52,56633016
2022-04-28T03:37:52,16.76,17.6863,16.52,56633016
2022-04-28T03:42:53,16.76,17.6863,16.52,56633016
2022-04-28T03:47:53,16.76,17.6863,16.52,56633016
2022-04-28T03:52:54,16.76,17.6863,16.52,56633016
2022-04-28T03:57:55,16.76,17.6863,16.52,56633016
2022-04-28T04:02:56,16.76,17.6863,16.52,56633016
2022-04-28T04:07:57,16.76,17.6863,16.52,56633016
2022-04-28T04:12:58,16.76,17.6863,16.52,56633016
2022-04-28T04:17:58,16.76,17.6863,16.52,56633016
2022-04-28T04:22:59,16.76,17.6863,16.52,56633016
2022-04-28T04:28:00,16.76,17.6863,16.52,56633016
2022-04-28T04:33:01,16.76,17.6863,16.52,56633016
2022-04-28T04:38:02,16.76,17.6863,16.52,56633016
2022-04-28T04:43:03,16.76,17.6863,16.52,56633016
2022-04-28T04:48:03,16.76,17.6863,16.52,56633016
2022-04-28T04:53:04,16.76,17.6863,16.52,56633016
2022-04-28T04:58:05,16.76,17.6863,16.52,56633016
2022-04-28T05:03:06,16.76,17.6863,16.52,56633016
2022-04-28T05:08:07,16.76,17.6863,16.52,56633016
2022-04-28T05:13:08,16.76,17.6863,16.52,56633016
2022-04-28T05:18:08,16.76,17.6863,16.52,56633016
2022-04-28T05:23:09,16.76,17.6863,16.52,56633016
2022-04-28T05:28:10,16.76,17.6863,16.52,56633016
2022-04-28T05:33:11,16.76,17.6863,16.52,56633016
2022-04-28T05:38:12,16.76,17.6863,16.52,56633016
2022-04-28T05:43:13,16.76,17.6863,16.52,56633016
2022-04-28T05:48:13,16.76,17.6863,16.52,56633016
2022-04-28T05:53:14,16.76,17.6863,16.52,56633016
2022-04-28T05:58:15,16.76,17.6863,16.52,56633016
2022-04-28T06:03:16,16.76,17.6863,16.52,56633016
2022-04-28T06:08:17,16.76,17.6863,16.52,56633016
2022-04-28T06:13:17,16.76,17.6863,16.52,56633016
2022-04-28T06:18:19,16.76,17.6863,16.52,56633016
2022-04-28T06:23:20,16.76,17.6863,16.52,56633016
2022-04-28T06:28:20,16.76,17.6863,16.52,56633016
2022-04-28T06:33:22,16.76,17.6863,16.52,56633016
2022-04-28T06:38:22,16.76,17.6863,16.52,56633016
2022-04-28T06:43:23,16.76,17.6863,16.52,56633016
2022-04-28T06:48:24,17.16,17.24,16.69,3402288
2022-04-28T06:53:25,16.51,17.24,16.44,5391420
2022-04-28T06:58:25,16.49,17.24,16.44,6656811
2022-04-28T07:03:26,16.32,17.24,16.295,8116099
2022-04-28T07:08:27,16.32,17.24,16.20,9554578
2022-04-28T07:13:28,16.34,17.24,16.20,10753273
2022-04-28T07:18:28,16.245,17.24,16.20,11857413
2022-04-28T07:23:29,16.3812,17.24,16.20,12826602
2022-04-28T07:28:30,16.16,17.24,16.12,14038498
2022-04-28T07:33:31,16.225,17.24,16.0201,15369084
2022-04-28T07:38:31,16.061,17.24,16.0201,16328326
2022-04-28T07:43:32,16.05,17.24,15.96,17974192
2022-04-28T07:48:33,16.03,17.24,15.96,18721892
2022-04-28T07:53:34,15.995,17.24,15.95,19836240
2022-04-28T07:58:35,15.985,17.24,15.91,20749750
2022-04-28T08:03:36,15.965,17.24,15.91,21663765
2022-04-28T08:08:36,16.005,17.24,15.91,22224736
2022-04-28T08:13:37,16.01,17.24,15.91,23076947
2022-04-28T08:18:38,16.1099,17.24,15.91,23931301
2022-04-28T08:23:39,16.165,17.24,15.91,24621942
