Date-Time,Price,High,Low,Volume
2022-04-28T00:02:16,174.95,181.2099,169.00,71062886
2022-04-28T00:07:16,174.95,181.2099,169.00,71062886
2022-04-28T00:12:17,174.95,181.2099,169.00,71062886
2022-04-28T00:17:18,174.95,181.2099,169.00,71062886
2022-04-28T00:22:19,174.95,181.2099,169.00,71062886
2022-04-28T00:27:20,174.95,181.2099,169.00,71062886
2022-04-28T00:32:21,174.95,181.2099,169.00,71062886
2022-04-28T00:37:22,174.95,181.2099,169.00,71062886
2022-04-28T00:42:23,174.95,181.2099,169.00,71062886
2022-04-28T00:47:23,174.95,181.2099,169.00,71062886
2022-04-28T00:52:24,174.95,181.2099,169.00,71062886
2022-04-28T00:57:25,174.95,181.2099,169.00,71062886
2022-04-28T01:02:26,174.95,181.2099,169.00,71062886
2022-04-28T01:07:27,174.95,181.2099,169.00,71062886
2022-04-28T01:12:28,174.95,181.2099,169.00,71062886
2022-04-28T01:17:28,174.95,181.2099,169.00,71062886
2022-04-28T01:22:29,174.95,181.2099,169.00,71062886
