Date-Time,Price,High,Low,Volume
2022-04-28T00:02:38,31.22,32.83,30.75,15143704
2022-04-28T00:07:39,31.22,32.83,30.75,15143704
2022-04-28T00:12:40,31.22,32.83,30.75,15143704
2022-04-28T00:17:41,31.22,32.83,30.75,15143704
2022-04-28T00:22:42,31.22,32.83,30.75,15143704
2022-04-28T00:27:43,31.22,32.83,30.75,15143704
2022-04-28T00:32:44,31.22,32.83,30.75,15143704
2022-04-28T00:37:44,31.22,32.83,30.75,15143704
2022-04-28T00:42:45,31.22,32.83,30.75,15143704
2022-04-28T00:47:46,31.22,32.83,30.75,15143704
2022-04-28T00:52:47,31.22,32.83,30.75,15143704
2022-04-28T00:57:48,31.22,32.83,30.75,15143704
2022-04-28T01:02:49,31.22,32.83,30.75,15143704
2022-04-28T01:07:50,31.22,32.83,30.75,15143704
2022-04-28T01:12:51,31.22,32.83,30.75,15143704
2022-04-28T01:17:52,31.22,32.83,30.75,15143704
2022-04-28T01:22:53,31.22,32.83,30.75,15143704
2022-04-28T01:27:54,31.22,32.83,30.75,15143704
2022-04-28T01:32:54,31.22,32.83,30.75,15143704
2022-04-28T01:37:55,31.22,32.83,30.75,15143704
2022-04-28T01:42:56,31.22,32.83,30.75,15143704
2022-04-28T01:47:57,31.22,32.83,30.75,15143704
2022-04-28T01:52:58,31.22,32.83,30.75,15143704
2022-04-28T01:57:59,31.22,32.83,30.75,15143704
2022-04-28T02:02:59,31.22,32.83,30.75,15143704
2022-04-28T02:08:00,31.22,32.83,30.75,15143704
2022-04-28T02:13:01,31.22,32.83,30.75,15143704
2022-04-28T02:18:02,31.22,32.83,30.75,15143704
2022-04-28T02:23:03,31.22,32.83,30.75,15143704
