Date-Time,Price,High,Low,Volume
2022-04-28T00:02:15,4.88,4.98,4.68,873421
2022-04-28T00:07:16,4.88,4.98,4.68,873421
2022-04-28T00:12:17,4.88,4.98,4.68,873421
2022-04-28T00:17:18,4.88,4.98,4.68,873421
2022-04-28T00:22:19,4.88,4.98,4.68,873421
2022-04-28T00:27:20,4.88,4.98,4.68,873421
2022-04-28T00:32:20,4.88,4.98,4.68,873421
2022-04-28T00:37:21,4.88,4.98,4.68,873421
2022-04-28T00:42:22,4.88,4.98,4.68,873421
2022-04-28T00:47:23,4.88,4.98,4.68,873421
2022-04-28T00:52:24,4.88,4.98,4.68,873421
2022-04-28T00:57:25,4.88,4.98,4.68,873421
2022-04-28T01:02:26,4.88,4.98,4.68,873421
2022-04-28T01:07:27,4.88,4.98,4.68,873421
2022-04-28T01:12:27,4.88,4.98,4.68,873421
2022-04-28T01:17:28,4.88,4.98,4.68,873421
2022-04-28T01:22:29,4.88,4.98,4.68,873421
