Date-Time,Price,High,Low,Volume
2022-04-08T00:00:40,39.98,40.50,37.60,19428613
2022-04-08T00:05:41,39.98,40.50,37.60,19428613
2022-04-08T00:10:41,39.98,40.50,37.60,19428613
2022-04-08T00:15:42,39.98,40.50,37.60,19428613
2022-04-08T00:20:43,39.98,40.50,37.60,19428613
2022-04-08T00:25:44,39.98,40.50,37.60,19428613
2022-04-08T00:30:45,39.98,40.50,37.60,19428613
2022-04-08T00:35:45,39.98,40.50,37.60,19428613
2022-04-08T00:40:46,39.98,40.50,37.60,19428613
2022-04-08T00:45:47,39.98,40.50,37.60,19428613
2022-04-08T00:50:48,39.98,40.50,37.60,19428613
2022-04-08T00:55:49,39.98,40.50,37.60,19428613
2022-04-08T01:00:50,39.98,40.50,37.60,19428613
2022-04-08T01:05:51,39.98,40.50,37.60,19428613
2022-04-08T01:10:51,39.98,40.50,37.60,19428613
