Date-Time,Price,High,Low,Volume
2022-04-08T00:00:39,1057.26,1076.59,1021.5401,26482353
2022-04-08T00:05:40,1057.26,1076.59,1021.5401,26482353
2022-04-08T00:10:41,1057.26,1076.59,1021.5401,26482353
2022-04-08T00:15:42,1057.26,1076.59,1021.5401,26482353
2022-04-08T00:20:43,1057.26,1076.59,1021.5401,26482353
2022-04-08T00:25:44,1057.26,1076.59,1021.5401,26482353
2022-04-08T00:30:45,1057.26,1076.59,1021.5401,26482353
2022-04-08T00:35:46,1057.26,1076.59,1021.5401,26482353
2022-04-08T00:40:46,1057.26,1076.59,1021.5401,26482353
2022-04-08T00:45:47,1057.26,1076.59,1021.5401,26482353
2022-04-08T00:50:48,1057.26,1076.59,1021.5401,26482353
2022-04-08T00:55:49,1057.26,1076.59,1021.5401,26482353
2022-04-08T01:00:50,1057.26,1076.59,1021.5401,26482353
2022-04-08T01:05:51,1057.26,1076.59,1021.5401,26482353
2022-04-08T01:10:51,1057.26,1076.59,1021.5401,26482353
2022-04-08T01:15:52,1057.26,1076.59,1021.5401,26482353
2022-04-08T01:20:53,1057.26,1076.59,1021.5401,26482353
2022-04-08T01:25:54,1057.26,1076.59,1021.5401,26482353
2022-04-08T01:30:55,1057.26,1076.59,1021.5401,26482353
2022-04-08T01:35:55,1057.26,1076.59,1021.5401,26482353
2022-04-08T01:40:56,1057.26,1076.59,1021.5401,26482353
2022-04-08T01:45:57,1057.26,1076.59,1021.5401,26482353
2022-04-08T01:50:58,1057.26,1076.59,1021.5401,26482353
2022-04-08T01:55:59,1057.26,1076.59,1021.5401,26482353
2022-04-08T02:01:00,1057.26,1076.59,1021.5401,26482353
2022-04-08T02:06:01,1057.26,1076.59,1021.5401,26482353
2022-04-08T02:11:01,1057.26,1076.59,1021.5401,26482353
