Date-Time,Price,High,Low,Volume
2022-05-02T00:03:34,200.47,212.48,199.90,49193434
2022-05-02T00:08:35,200.47,212.48,199.90,49193434
2022-05-02T00:13:36,200.47,212.48,199.90,49193434
2022-05-02T00:18:37,200.47,212.48,199.90,49193434
2022-05-02T00:23:38,200.47,212.48,199.90,49193434
2022-05-02T00:28:39,200.47,212.48,199.90,49193434
2022-05-02T00:33:40,200.47,212.48,199.90,49193434
2022-05-02T00:38:40,200.47,212.48,199.90,49193434
2022-05-02T00:43:41,200.47,212.48,199.90,49193434
2022-05-02T00:48:42,200.47,212.48,199.90,49193434
2022-05-02T00:53:43,200.47,212.48,199.90,49193434
2022-05-02T00:58:44,200.47,212.48,199.90,49193434
2022-05-02T01:03:45,200.47,212.48,199.90,49193434
2022-05-02T01:08:46,200.47,212.48,199.90,49193434
2022-05-02T01:13:47,200.47,212.48,199.90,49193434
2022-05-02T01:18:47,200.47,212.48,199.90,49193434
2022-05-02T01:23:48,200.47,212.48,199.90,49193434
2022-05-02T01:28:49,200.47,212.48,199.90,49193434
2022-05-02T01:33:50,200.47,212.48,199.90,49193434
2022-05-02T01:38:51,200.47,212.48,199.90,49193434
2022-05-02T01:43:52,200.47,212.48,199.90,49193434
2022-05-02T01:48:53,200.47,212.48,199.90,49193434
2022-05-02T01:53:53,200.47,212.48,199.90,49193434
2022-05-02T01:58:54,200.47,212.48,199.90,49193434
2022-05-02T02:03:55,200.47,212.48,199.90,49193434
2022-05-02T02:08:56,200.47,212.48,199.90,49193434
2022-05-02T02:13:57,200.47,212.48,199.90,49193434
2022-05-02T02:18:58,200.47,212.48,199.90,49193434
2022-05-02T02:23:58,200.47,212.48,199.90,49193434
2022-05-02T02:28:59,200.47,212.48,199.90,49193434
2022-05-02T02:34:00,200.47,212.48,199.90,49193434
2022-05-02T02:39:01,200.47,212.48,199.90,49193434
2022-05-02T02:44:01,200.47,212.48,199.90,49193434
2022-05-02T02:49:02,200.47,212.48,199.90,49193434
2022-05-02T02:54:03,200.47,212.48,199.90,49193434
2022-05-02T02:59:04,200.47,212.48,199.90,49193434
2022-05-02T03:04:05,200.47,212.48,199.90,49193434
2022-05-02T03:09:06,200.47,212.48,199.90,49193434
2022-05-02T03:14:07,200.47,212.48,199.90,49193434
2022-05-02T03:19:08,200.47,212.48,199.90,49193434
2022-05-02T03:24:08,200.47,212.48,199.90,49193434
2022-05-02T03:29:09,200.47,212.48,199.90,49193434
2022-05-02T03:34:10,200.47,212.48,199.90,49193434
2022-05-02T03:39:11,200.47,212.48,199.90,49193434
2022-05-02T03:44:12,200.47,212.48,199.90,49193434
2022-05-02T03:49:12,200.47,212.48,199.90,49193434
2022-05-02T03:54:13,200.47,212.48,199.90,49193434
2022-05-02T03:59:14,200.47,212.48,199.90,49193434
2022-05-02T04:04:15,200.47,212.48,199.90,49193434
2022-05-02T04:09:16,200.47,212.48,199.90,49193434
2022-05-02T04:14:16,200.47,212.48,199.90,49193434
2022-05-02T04:19:17,200.47,212.48,199.90,49193434
2022-05-02T04:24:18,200.47,212.48,199.90,49193434
2022-05-02T04:29:19,200.47,212.48,199.90,49193434
2022-05-02T04:34:20,200.47,212.48,199.90,49193434
2022-05-02T04:39:21,200.47,212.48,199.90,49193434
2022-05-02T04:44:21,200.47,212.48,199.90,49193434
2022-05-02T04:49:22,200.47,212.48,199.90,49193434
2022-05-02T04:54:23,200.47,212.48,199.90,49193434
2022-05-02T04:59:24,200.47,212.48,199.90,49193434
2022-05-02T05:04:25,200.47,212.48,199.90,49193434
2022-05-02T05:09:26,200.47,212.48,199.90,49193434
2022-05-02T05:14:26,200.47,212.48,199.90,49193434
2022-05-02T05:19:27,200.47,212.48,199.90,49193434
2022-05-02T05:24:28,200.47,212.48,199.90,49193434
2022-05-02T05:29:29,200.47,212.48,199.90,49193434
2022-05-02T05:34:30,200.47,212.48,199.90,49193434
2022-05-02T05:39:31,200.47,212.48,199.90,49193434
2022-05-02T05:44:31,200.47,212.48,199.90,49193434
2022-05-02T05:49:32,200.47,212.48,199.90,49193434
2022-05-02T05:54:33,200.47,212.48,199.90,49193434
2022-05-02T05:59:35,200.47,212.48,199.90,49193434
2022-05-02T06:04:35,200.47,212.48,199.90,49193434
2022-05-02T06:09:36,200.47,212.48,199.90,49193434
2022-05-02T06:14:37,200.47,212.48,199.90,49193434
2022-05-02T06:19:38,200.47,212.48,199.90,49193434
2022-05-02T06:24:39,200.47,212.48,199.90,49193434
2022-05-02T06:29:39,200.47,212.48,199.90,49193434
2022-05-02T06:34:40,200.47,212.48,199.90,49193434
2022-05-02T06:39:41,200.47,212.48,199.90,49193434
2022-05-02T06:44:42,200.47,212.48,199.90,49193434
2022-05-02T06:49:43,201.4944,203.50,201.00,1806708
2022-05-02T06:54:44,204.09,204.25,200.99,3098796
2022-05-02T06:59:45,205.955,206.24,200.99,4320163
2022-05-02T07:04:46,206.755,208.00,200.99,5511561
2022-05-02T07:09:47,208.00,208.80,200.99,6784024
2022-05-02T07:14:48,210.36,210.73,200.99,8399073
2022-05-02T07:19:49,208.5666,210.73,200.99,9722361
2022-05-02T07:24:50,207.9186,210.73,200.99,10648106
2022-05-02T07:29:51,206.77,210.73,200.99,11712203
2022-05-02T07:34:52,208.1019,210.73,200.99,12580164
2022-05-02T07:39:53,208.605,210.73,200.99,13396097
2022-05-02T07:44:53,210.34,210.73,200.99,14531168
2022-05-02T07:49:54,210.355,210.86,200.99,15432987
2022-05-02T07:54:55,209.8946,210.86,200.99,16094633
2022-05-02T07:59:57,209.33,210.86,200.99,16670076
2022-05-02T08:04:58,208.5199,210.86,200.99,17164612
2022-05-02T08:09:58,207.91,210.86,200.99,17765038
2022-05-02T08:14:59,207.6099,210.86,200.99,18426891
2022-05-02T08:20:00,206.96,210.86,200.99,18933182
2022-05-02T08:25:01,208.40,210.86,200.99,19923591
2022-05-02T08:30:02,209.2414,210.86,200.99,20377071
