Date-Time,Price,High,Low,Volume
2022-05-02T00:03:35,16.70,18.19,16.658,62933918
2022-05-02T00:08:36,16.70,18.19,16.658,62933918
2022-05-02T00:13:36,16.70,18.19,16.658,62933918
2022-05-02T00:18:37,16.70,18.19,16.658,62933918
2022-05-02T00:23:38,16.70,18.19,16.658,62933918
2022-05-02T00:28:39,16.70,18.19,16.658,62933918
2022-05-02T00:33:40,16.70,18.19,16.658,62933918
2022-05-02T00:38:41,16.70,18.19,16.658,62933918
2022-05-02T00:43:41,16.70,18.19,16.658,62933918
2022-05-02T00:48:42,16.70,18.19,16.658,62933918
2022-05-02T00:53:43,16.70,18.19,16.658,62933918
2022-05-02T00:58:44,16.70,18.19,16.658,62933918
2022-05-02T01:03:45,16.70,18.19,16.658,62933918
2022-05-02T01:08:46,16.70,18.19,16.658,62933918
2022-05-02T01:13:47,16.70,18.19,16.658,62933918
2022-05-02T01:18:47,16.70,18.19,16.658,62933918
2022-05-02T01:23:48,16.70,18.19,16.658,62933918
2022-05-02T01:28:49,16.70,18.19,16.658,62933918
