Date-Time,Price,High,Low,Volume
2022-05-02T00:03:48,30.24,33.7799,30.10,12877355
2022-05-02T00:08:48,30.24,33.7799,30.10,12877355
2022-05-02T00:13:49,30.24,33.7799,30.10,12877355
2022-05-02T00:18:50,30.24,33.7799,30.10,12877355
2022-05-02T00:23:51,30.24,33.7799,30.10,12877355
2022-05-02T00:28:51,30.24,33.7799,30.10,12877355
2022-05-02T00:33:52,30.24,33.7799,30.10,12877355
2022-05-02T00:38:53,30.24,33.7799,30.10,12877355
2022-05-02T00:43:54,30.24,33.7799,30.10,12877355
2022-05-02T00:48:55,30.24,33.7799,30.10,12877355
2022-05-02T00:53:56,30.24,33.7799,30.10,12877355
2022-05-02T00:58:57,30.24,33.7799,30.10,12877355
2022-05-02T01:03:57,30.24,33.7799,30.10,12877355
2022-05-02T01:08:58,30.24,33.7799,30.10,12877355
2022-05-02T01:13:59,30.24,33.7799,30.10,12877355
2022-05-02T01:19:00,30.24,33.7799,30.10,12877355
2022-05-02T01:24:01,30.24,33.7799,30.10,12877355
2022-05-02T01:29:02,30.24,33.7799,30.10,12877355
