Date-Time,Price,High,Low,Volume
2022-05-02T00:03:48,870.76,934.3999,870.00,29377665
2022-05-02T00:08:49,870.76,934.3999,870.00,29377665
2022-05-02T00:13:49,870.76,934.3999,870.00,29377665
2022-05-02T00:18:50,870.76,934.3999,870.00,29377665
2022-05-02T00:23:51,870.76,934.3999,870.00,29377665
2022-05-02T00:28:52,870.76,934.3999,870.00,29377665
2022-05-02T00:33:53,870.76,934.3999,870.00,29377665
2022-05-02T00:38:53,870.76,934.3999,870.00,29377665
2022-05-02T00:43:54,870.76,934.3999,870.00,29377665
2022-05-02T00:48:55,870.76,934.3999,870.00,29377665
2022-05-02T00:53:56,870.76,934.3999,870.00,29377665
2022-05-02T00:58:57,870.76,934.3999,870.00,29377665
2022-05-02T01:03:58,870.76,934.3999,870.00,29377665
2022-05-02T01:08:59,870.76,934.3999,870.00,29377665
2022-05-02T01:13:59,870.76,934.3999,870.00,29377665
2022-05-02T01:19:00,870.76,934.3999,870.00,29377665
2022-05-02T01:24:01,870.76,934.3999,870.00,29377665
2022-05-02T01:29:02,870.76,934.3999,870.00,29377665
2022-05-02T01:34:02,870.76,934.3999,870.00,29377665
2022-05-02T01:39:03,870.76,934.3999,870.00,29377665
2022-05-02T01:44:04,870.76,934.3999,870.00,29377665
2022-05-02T01:49:05,870.76,934.3999,870.00,29377665
2022-05-02T01:54:06,870.76,934.3999,870.00,29377665
2022-05-02T01:59:07,870.76,934.3999,870.00,29377665
2022-05-02T02:04:07,870.76,934.3999,870.00,29377665
2022-05-02T02:09:08,870.76,934.3999,870.00,29377665
2022-05-02T02:14:09,870.76,934.3999,870.00,29377665
2022-05-02T02:19:10,870.76,934.3999,870.00,29377665
2022-05-02T02:24:11,870.76,934.3999,870.00,29377665
2022-05-02T02:29:11,870.76,934.3999,870.00,29377665
2022-05-02T02:34:12,870.76,934.3999,870.00,29377665
2022-05-02T02:39:13,870.76,934.3999,870.00,29377665
2022-05-02T02:44:14,870.76,934.3999,870.00,29377665
2022-05-02T02:49:15,870.76,934.3999,870.00,29377665
2022-05-02T02:54:15,870.76,934.3999,870.00,29377665
2022-05-02T02:59:16,870.76,934.3999,870.00,29377665
2022-05-02T03:04:17,870.76,934.3999,870.00,29377665
2022-05-02T03:09:18,870.76,934.3999,870.00,29377665
2022-05-02T03:14:19,870.76,934.3999,870.00,29377665
2022-05-02T03:19:20,870.76,934.3999,870.00,29377665
2022-05-02T03:24:20,870.76,934.3999,870.00,29377665
2022-05-02T03:29:21,870.76,934.3999,870.00,29377665
2022-05-02T03:34:23,870.76,934.3999,870.00,29377665
2022-05-02T03:39:23,870.76,934.3999,870.00,29377665
2022-05-02T03:44:24,870.76,934.3999,870.00,29377665
2022-05-02T03:49:25,870.76,934.3999,870.00,29377665
2022-05-02T03:54:26,870.76,934.3999,870.00,29377665
2022-05-02T03:59:26,870.76,934.3999,870.00,29377665
2022-05-02T04:04:27,870.76,934.3999,870.00,29377665
2022-05-02T04:09:28,870.76,934.3999,870.00,29377665
2022-05-02T04:14:29,870.76,934.3999,870.00,29377665
2022-05-02T04:19:30,870.76,934.3999,870.00,29377665
2022-05-02T04:24:30,870.76,934.3999,870.00,29377665
2022-05-02T04:29:31,870.76,934.3999,870.00,29377665
2022-05-02T04:34:32,870.76,934.3999,870.00,29377665
2022-05-02T04:39:33,870.76,934.3999,870.00,29377665
2022-05-02T04:44:34,870.76,934.3999,870.00,29377665
2022-05-02T04:49:35,870.76,934.3999,870.00,29377665
2022-05-02T04:54:35,870.76,934.3999,870.00,29377665
2022-05-02T04:59:36,870.76,934.3999,870.00,29377665
2022-05-02T05:04:37,870.76,934.3999,870.00,29377665
2022-05-02T05:09:38,870.76,934.3999,870.00,29377665
2022-05-02T05:14:39,870.76,934.3999,870.00,29377665
2022-05-02T05:19:39,870.76,934.3999,870.00,29377665
2022-05-02T05:24:40,870.76,934.3999,870.00,29377665
2022-05-02T05:29:41,870.76,934.3999,870.00,29377665
2022-05-02T05:34:42,870.76,934.3999,870.00,29377665
2022-05-02T05:39:43,870.76,934.3999,870.00,29377665
2022-05-02T05:44:44,870.76,934.3999,870.00,29377665
2022-05-02T05:49:44,870.76,934.3999,870.00,29377665
2022-05-02T05:54:45,870.76,934.3999,870.00,29377665
2022-05-02T05:59:46,870.76,934.3999,870.00,29377665
2022-05-02T06:04:47,870.76,934.3999,870.00,29377665
2022-05-02T06:09:48,870.76,934.3999,870.00,29377665
2022-05-02T06:14:49,870.76,934.3999,870.00,29377665
2022-05-02T06:19:49,870.76,934.3999,870.00,29377665
2022-05-02T06:24:50,870.76,934.3999,870.00,29377665
2022-05-02T06:29:51,870.76,934.3999,870.00,29377665
2022-05-02T06:34:53,870.76,934.3999,870.00,29377665
2022-05-02T06:39:54,870.76,934.3999,870.00,29377665
2022-05-02T06:44:55,870.76,934.3999,870.00,29377665
2022-05-02T06:49:56,856.205,870.7499,855.27,1878896
2022-05-02T06:54:57,856.305,870.7499,848.03,2710344
2022-05-02T06:59:57,881.64,883.29,848.03,3656699
2022-05-02T07:04:58,864.8514,883.29,848.03,4398758
2022-05-02T07:09:59,876.36,883.29,848.03,4891248
2022-05-02T07:15:00,876.56,883.50,848.03,5495679
2022-05-02T07:20:01,877.78,883.50,848.03,5919225
2022-05-02T07:25:02,871.11,883.50,848.03,6357325
2022-05-02T07:30:02,870.28,883.50,848.03,6675406
