Date-Time,Price,High,Low,Volume
2022-02-07T00:04:11,60.87,62.78,59.11,14588481
2022-02-07T00:09:12,60.87,62.78,59.11,14588481
2022-02-07T00:14:13,60.87,62.78,59.11,14588481
2022-02-07T00:19:13,60.87,62.78,59.11,14588481
2022-02-07T00:24:14,60.87,62.78,59.11,14588481
2022-02-07T00:29:15,60.87,62.78,59.11,14588481
2022-02-07T00:34:16,60.87,62.78,59.11,14588481
2022-02-07T00:39:17,60.87,62.78,59.11,14588481
2022-02-07T00:44:17,60.87,62.78,59.11,14588481
2022-02-07T00:49:18,60.87,62.78,59.11,14588481
2022-02-07T00:54:19,60.87,62.78,59.11,14588481
