Date-Time,Price,High,Low,Volume
2022-02-07T00:04:10,923.32,936.50,881.17,24541822
2022-02-07T00:09:11,923.32,936.50,881.17,24541822
2022-02-07T00:14:12,923.32,936.50,881.17,24541822
2022-02-07T00:19:13,923.32,936.50,881.17,24541822
2022-02-07T00:24:14,923.32,936.50,881.17,24541822
2022-02-07T00:29:15,923.32,936.50,881.17,24541822
2022-02-07T00:34:16,923.32,936.50,881.17,24541822
2022-02-07T00:39:16,923.32,936.50,881.17,24541822
2022-02-07T00:44:17,923.32,936.50,881.17,24541822
2022-02-07T00:49:18,923.32,936.50,881.17,24541822
2022-02-07T00:54:19,923.32,936.50,881.17,24541822
2022-02-07T00:59:20,923.32,936.50,881.17,24541822
2022-02-07T01:04:21,923.32,936.50,881.17,24541822
2022-02-07T01:09:21,923.32,936.50,881.17,24541822
2022-02-07T01:14:22,923.32,936.50,881.17,24541822
2022-02-07T01:19:23,923.32,936.50,881.17,24541822
2022-02-07T01:24:24,923.32,936.50,881.17,24541822
2022-02-07T01:29:25,923.32,936.50,881.17,24541822
2022-02-07T01:34:26,923.32,936.50,881.17,24541822
2022-02-07T01:39:27,923.32,936.50,881.17,24541822
2022-02-07T01:44:28,923.32,936.50,881.17,24541822
2022-02-07T01:49:29,923.32,936.50,881.17,24541822
2022-02-07T01:54:29,923.32,936.50,881.17,24541822
2022-02-07T01:59:30,923.32,936.50,881.17,24541822
2022-02-07T02:04:31,923.32,936.50,881.17,24541822
2022-02-07T02:09:32,923.32,936.50,881.17,24541822
2022-02-07T02:14:33,923.32,936.50,881.17,24541822
2022-02-07T02:19:34,923.32,936.50,881.17,24541822
2022-02-07T02:24:35,923.32,936.50,881.17,24541822
2022-02-07T02:29:36,923.32,936.50,881.17,24541822
2022-02-07T02:34:37,923.32,936.50,881.17,24541822
2022-02-07T02:39:38,923.32,936.50,881.17,24541822
2022-02-07T02:44:39,923.32,936.50,881.17,24541822
2022-02-07T02:49:40,923.32,936.50,881.17,24541822
2022-02-07T02:54:40,923.32,936.50,881.17,24541822
