//ICAO, Latitude_deg, Longitude_deg, Heading_deg, Altitude_ft, GroundSpeed_kts, AircraftType, RegistrationNum, Departure, Arrival, FlightNumber1, FlightNumber2
AE4FCE, 33.1905, -117.4519, 346, 875, 0, , , , , , 
AE4FCE, 33.1905, -117.4519, 346, 875, 0, , , , , , 
AE4FCE, 33.1905, -117.4519, 346, 875, 0, , , , , , 
AE4FCE, 33.1905, -117.4519, 346, 875, 0, , , , , , 
AE4FCE, 33.1905, -117.4519, 346, 875, 0, , , , , , 
AE4FCE, 33.2034, -117.4548, 350, 1025, 109, , , , , , 
AE4FCE, 33.2034, -117.4548, 350, 1025, 109, , , , , , 
AE4FCE, 33.2034, -117.4548, 350, 1025, 109, , , , , , 
AE4FCE, 33.2034, -117.4548, 350, 1025, 109, , , , , , 
AE4FCE, 33.2034, -117.4548, 350, 1025, 109, , , , , , 
AE4FCE, 33.2034, -117.4548, 350, 1025, 109, , , , , , 
AE4FCE, 33.2034, -117.4548, 350, 1025, 109, , , , , , 
AE4FCE, 33.2118, -117.4574, 346, 1075, 117, , , , , , 
AE4FCE, 33.2118, -117.4574, 346, 1075, 117, , , , , , 
AE1C25, 33.1721, -117.4153, 305, 1200, 332, , , TIJ, , , 
AE1C25, 33.1716, -117.3008, 305, 1000, 572, , , TIJ, , , 
AE1C25, 33.223, -117.4275, 333, 1100, 78, , , TIJ, , , 
AE4FCE, 33.2003, -117.4438, 129, 400, 0, , , , , , 
AE1C25, 33.2767, -117.4398, 234, 600, 78, , , TIJ, , , 
AE4FCE, 33.2003, -117.4438, 129, 400, 0, , , , , , 
AE1C25, 33.2767, -117.4398, 234, 600, 78, , , TIJ, , , 
AE4FCE, 33.2003, -117.4438, 129, 400, 0, , , , , , 
AE1C25, 33.2767, -117.4398, 234, 600, 78, , , TIJ, , , 
AE4FCE, 33.2003, -117.4438, 129, 400, 0, , , , , , 
AE1C25, 33.2767, -117.4398, 234, 600, 78, , , TIJ, , , 
AE4FCE, 33.2003, -117.4438, 129, 400, 0, , , , , , 
AE1C25, 33.2767, -117.4398, 234, 600, 78, , , TIJ, , , 
AE4FCE, 33.2003, -117.4438, 129, 400, 0, , , , , , 
AE1C25, 33.2767, -117.4398, 234, 600, 78, , , TIJ, , , 
AE4FCE, 33.2003, -117.4438, 129, 400, 0, , , , , , 
AE1C25, 33.2767, -117.4398, 234, 600, 78, , , TIJ, , , 
AE4FCE, 33.2003, -117.4438, 129, 400, 0, , , , , , 
AE1C25, 33.2767, -117.4398, 234, 600, 78, , , TIJ, , , 
AE1C25, 33.2722, -117.4472, 234, 600, 78, , , TIJ, , , 
AE4FCE, 33.1894, -117.4368, 151, 400, 0, , , , , , 
AE1C25, 33.2722, -117.4472, 234, 600, 78, , , TIJ, , , 
AE4FCE, 33.1894, -117.4368, 151, 400, 0, , , , , , 
AE1C25, 33.2722, -117.4472, 234, 600, 78, , , TIJ, , , 
AE4FCE, 33.1894, -117.4368, 151, 400, 0, , , , , , 
AE1C25, 33.2722, -117.4472, 234, 600, 78, , , TIJ, , , 
AE4FCE, 33.1894, -117.4368, 151, 400, 0, , , , , , 
AE1C25, 33.2722, -117.4472, 234, 600, 78, , , TIJ, , , 
AE4FCE, 33.1894, -117.4368, 151, 400, 0, , , , , , 
AE1C25, 33.27, -117.4508, 234, 600, 78, , , TIJ, , , 
AE4FCE, 33.1504, -117.4117, 149, 400, 0, , , , , , 
AE1C25, 33.27, -117.4508, 234, 600, 78, , , TIJ, , , 
AE4FCE, 33.1504, -117.4117, 149, 400, 0, , , , , , 
AE1C25, 33.27, -117.4508, 234, 600, 78, , , TIJ, , , 
AE4FCE, 33.1504, -117.4117, 149, 400, 0, , , , , , 
AE1C25, 33.27, -117.4508, 234, 600, 78, , , TIJ, , , 
AE4FCE, 33.1504, -117.4117, 149, 400, 0, , , , , , 
AE1C25, 33.2898, -117.4912, 234, 500, 78, , , TIJ, , , 
AE4FCE, 33.1504, -117.4117, 149, 400, 0, , , , , , 
AE1C25, 33.2898, -117.4912, 234, 500, 78, , , TIJ, , , 
AE4FCE, 33.1371, -117.4057, 159, 400, 0, , , , , , 
AE1C25, 33.2898, -117.4912, 234, 500, 78, , , TIJ, , , 
AE4FCE, 33.1371, -117.4057, 159, 400, 0, , , , , , 
AE1C25, 33.2898, -117.4912, 234, 500, 78, , , TIJ, , , 
AE4FCE, 33.1371, -117.4057, 159, 400, 0, , , , , , 
AE1C25, 33.2847, -117.4995, 234, 500, 78, , , TIJ, , , 
AE4FCE, 33.1371, -117.4057, 159, 400, 0, , , , , , 
AE1C25, 33.2847, -117.4995, 234, 500, 78, , , TIJ, , , 
AE4FCE, 33.1371, -117.4057, 159, 400, 0, , , , , , 
AE1C25, 33.2847, -117.4995, 234, 500, 78, , , TIJ, , , 
AE4FCE, 33.1288, -117.3985, 144, 400, 0, , , , , , 
