//ICAO, Latitude_deg, Longitude_deg, Heading_deg, Altitude_ft, GroundSpeed_kts, AircraftType, RegistrationNum, Departure, Arrival, FlightNumber1, FlightNumber2
, 33.702, -118.0877, 104, 3450, 90, , , , , , BLOCKED
, 33.3708, -117.6111, 326, 2150, 122, , , , , , BLOCKED
, 33.6706, -118.0855, 271, 3450, 86, , , , , , BLOCKED
, 33.4302, -117.658, 326, 2150, 123, , , , , , BLOCKED
, 33.6719, -118.1032, 282, 3450, 89, , , , , , BLOCKED
, 33.4468, -117.6711, 326, 2150, 123, , , , , , BLOCKED
, 33.6857, -118.1358, 307, 3450, 87, , , , , , BLOCKED
, 33.4844, -117.6988, 350, 2150, 126, , , , , , BLOCKED
, 33.6857, -118.1358, 307, 3450, 87, , , , , , BLOCKED
, 33.4844, -117.6988, 350, 2150, 126, , , , , , BLOCKED
, 33.6864, -118.137, 307, 3425, 88, , , , , , BLOCKED
, 33.4867, -117.6991, 355, 2150, 126, , , , , , BLOCKED
, 33.6878, -118.1392, 307, 3425, 89, , , , , , BLOCKED
, 33.4905, -117.6995, 354, 2150, 126, , , , , , BLOCKED
, 33.6878, -118.1392, 307, 3425, 89, , , , , , BLOCKED
, 33.4905, -117.6995, 354, 2150, 126, , , , , , BLOCKED
, 33.6887, -118.1405, 308, 3425, 89, , , , , , BLOCKED
, 33.4921, -117.6997, 354, 2150, 126, , , , , , BLOCKED
, 33.6887, -118.1405, 308, 3425, 89, , , , , , BLOCKED
, 33.4921, -117.6997, 354, 2150, 126, , , , , , BLOCKED
, 33.6895, -118.1417, 309, 3425, 90, , , , , , BLOCKED
, 33.4939, -117.6999, 353, 2150, 126, , , , , , BLOCKED
, 33.6911, -118.144, 310, 3425, 89, , , , , , BLOCKED
, 33.4975, -117.7004, 353, 2150, 126, , , , , , BLOCKED
, 33.6911, -118.144, 310, 3425, 89, , , , , , BLOCKED
, 33.4975, -117.7004, 353, 2150, 126, , , , , , BLOCKED
, 33.6918, -118.145, 311, 3425, 89, , , , , , BLOCKED
, 33.4994, -117.7007, 352, 2150, 127, , , , , , BLOCKED
, 33.6918, -118.145, 311, 3425, 89, , , , , , BLOCKED
, 33.4994, -117.7007, 352, 2150, 127, , , , , , BLOCKED
, 33.6927, -118.1461, 316, 3425, 89, , , , , , BLOCKED
, 33.501, -117.7009, 352, 2150, 127, , , , , , BLOCKED
