//ICAO, Latitude_deg, Longitude_deg, Heading_deg, Altitude_ft, GroundSpeed_kts, AircraftType, RegistrationNum, Departure, Arrival, FlightNumber1, FlightNumber2
, 33.3424, -117.5868, 129, 3375, 102, C172, , , , , C172
, 33.1325, -117.2527, 249, 1000, 75, C172, , , , , C172
, 33.3424, -117.5868, 129, 3375, 102, C172, , , , , C172
, 33.1325, -117.2527, 249, 1000, 75, C172, , , , , C172
, 33.3405, -117.5841, 128, 3400, 101, C172, , , , , C172
, 33.1322, -117.2544, 258, 975, 77, C172, , , , , C172
, 33.3405, -117.5841, 128, 3400, 101, C172, , , , , C172
, 33.1322, -117.2544, 258, 975, 77, C172, , , , , C172
, 33.3397, -117.5828, 128, 3400, 101, C172, , , , , C172
, 33.132, -117.2559, 257, 950, 75, C172, , , , , C172
, 33.339, -117.5818, 129, 3400, 100, C172, , , , , C172
, 33.1318, -117.2568, 259, 925, 74, C172, , , , , C172
, 33.339, -117.5818, 129, 3400, 100, C172, , , , , C172
, 33.1318, -117.2568, 259, 925, 74, C172, , , , , C172
, 33.338, -117.5803, 129, 3400, 101, C172, , , , , C172
, 33.1316, -117.2585, 262, 875, 71, C172, , , , , C172
, 33.338, -117.5803, 129, 3400, 101, C172, , , , , C172
, 33.1316, -117.2585, 262, 875, 71, C172, , , , , C172
, 33.3364, -117.5781, 131, 3400, 102, C172, , , , , C172
, 33.1314, -117.2602, 263, 800, 72, C172, , , , , C172
, 33.3364, -117.5781, 131, 3400, 102, C172, , , , , C172
, 33.1314, -117.2602, 263, 800, 72, C172, , , , , C172
, 33.3353, -117.5766, 131, 3400, 102, C172, , , , , C172
, 33.1312, -117.2616, 258, 725, 73, C172, , , , , C172
, 33.3341, -117.5749, 130, 3400, 102, C172, , , , , C172
, 33.1309, -117.2634, 261, 650, 71, C172, , , , , C172
, 33.3341, -117.5749, 130, 3400, 102, C172, , , , , C172
, 33.1309, -117.2634, 261, 650, 71, C172, , , , , C172
, 33.1278, -117.2779, 87, 0, 3, C172, , , , , C172
, 33.126, -117.3083, 333, 1050, 72, C172, , , , , C172
, 33.126, -117.3083, 333, 1050, 72, C172, , , , , C172
, 33.1269, -117.3089, 332, 1100, 64, C172, , , , , C172
, 33.1279, -117.3095, 332, 1150, 62, C172, , , , , C172
, 33.1279, -117.3095, 332, 1150, 62, C172, , , , , C172
, 33.1292, -117.3103, 334, 1200, 62, C172, , , , , C172
, 33.1292, -117.3103, 334, 1200, 62, C172, , , , , C172
, 33.1301, -117.3106, 341, 1250, 61, C172, , , , , C172
, 33.1313, -117.311, 351, 1300, 60, C172, , , , , C172
, 33.1279, -117.2822, 256, 325, 80, C172, , , , , C172
, 33.1313, -117.311, 351, 1300, 60, C172, , , , , C172
, 33.1279, -117.2822, 256, 325, 80, C172, , , , , C172
, 33.1323, -117.3109, 5, 1325, 62, C172, , , , , C172
, 33.1276, -117.2834, 258, 350, 81, C172, , , , , C172
, 33.1323, -117.3109, 5, 1325, 62, C172, , , , , C172
, 33.1276, -117.2834, 258, 350, 81, C172, , , , , C172
, 33.1337, -117.3103, 19, 1375, 63, C172, , , , , C172
, 33.1271, -117.2865, 258, 475, 78, C172, , , , , C172
, 33.1265, -117.3087, 321, 1250, 75, C172, , , , , C172
, 33.1398, -117.2816, 76, 1575, 95, C172, , , , , C172
, 33.1269, -117.309, 326, 1300, 74, C172, , , , , C172
, 33.14, -117.2804, 75, 1575, 97, C172, , , , , C172
, 33.1288, -117.3101, 345, 1375, 69, C172, , , , , C172
, 33.1407, -117.2769, 76, 1575, 98, C172, , , , , C172
, 33.1288, -117.3101, 345, 1375, 69, C172, , , , , C172
, 33.1407, -117.2769, 76, 1575, 98, C172, , , , , C172
, 33.1301, -117.3101, 345, 1425, 69, C172, , , , , C172
, 33.141, -117.2756, 75, 1575, 98, C172, , , , , C172
, 33.135, -117.3056, 66, 1450, 94, C172, , , , , C172
, 33.1425, -117.2676, 77, 1525, 94, C172, , , , , C172
, 33.1357, -117.3038, 63, 1500, 95, C172, , , , , C172
, 33.1431, -117.2645, 78, 1500, 92, C172, , , , , C172
, 33.1357, -117.3038, 63, 1500, 95, C172, , , , , C172
, 33.1431, -117.2645, 78, 1500, 92, C172, , , , , C172
, 33.1364, -117.3018, 67, 1475, 97, C172, , , , , C172
, 33.1433, -117.2631, 79, 1475, 92, C172, , , , , C172
, 33.1364, -117.3018, 67, 1475, 97, C172, , , , , C172
, 33.1433, -117.2631, 79, 1475, 92, C172, , , , , C172
, 33.1371, -117.2997, 67, 1450, 98, C172, , , , , C172
, 33.1435, -117.262, 79, 1475, 91, C172, , , , , C172
, 33.1379, -117.2974, 68, 1450, 98, C172, , , , , C172
, 33.1438, -117.26, 79, 1450, 90, C172, , , , , C172
, 33.1379, -117.2974, 68, 1450, 98, C172, , , , , C172
, 33.1438, -117.26, 79, 1450, 90, C172, , , , , C172
, 33.1431, -117.2661, 83, 1425, 94, C172, , , , , C172
, 33.1325, -117.251, 259, 975, 80, C172, , , , , C172
, 33.1431, -117.2661, 83, 1425, 94, C172, , , , , C172
, 33.1325, -117.251, 259, 975, 80, C172, , , , , C172
, 33.1434, -117.2635, 83, 1425, 94, C172, , , , , C172
, 33.1323, -117.2521, 258, 950, 79, C172, , , , , C172
, 33.1434, -117.2635, 83, 1425, 94, C172, , , , , C172
, 33.1323, -117.2521, 258, 950, 79, C172, , , , , C172
, 33.1436, -117.2609, 83, 1425, 95, C172, , , , , C172
, 33.132, -117.2542, 263, 875, 75, C172, , , , , C172
, 33.1437, -117.2593, 84, 1425, 96, C172, , , , , C172
, 33.132, -117.2552, 264, 825, 73, C172, , , , , C172
, 33.1437, -117.2593, 84, 1425, 96, C172, , , , , C172
, 33.132, -117.2552, 264, 825, 73, C172, , , , , C172
, 33.1439, -117.2577, 84, 1425, 95, C172, , , , , C172
, 33.1317, -117.257, 261, 775, 71, C172, , , , , C172
, 33.1439, -117.2577, 84, 1425, 95, C172, , , , , C172
, 33.1317, -117.257, 261, 775, 71, C172, , , , , C172
, 33.1315, -117.2594, 261, 675, 73, C172, , , , , C172
, 33.1441, -117.2546, 86, 1400, 91, C172, , , , , C172
, 33.1315, -117.2594, 261, 675, 73, C172, , , , , C172
, 33.1441, -117.2546, 86, 1400, 91, C172, , , , , C172
, 33.1313, -117.2608, 260, 650, 72, C172, , , , , C172
, 33.1441, -117.2533, 88, 1400, 89, C172, , , , , C172
, 33.1313, -117.2608, 260, 650, 72, C172, , , , , C172
, 33.1441, -117.2533, 88, 1400, 89, C172, , , , , C172
, 33.1313, -117.2608, 260, 650, 72, C172, , , , , C172
, 33.1441, -117.2527, 95, 1400, 86, C172, , , , , C172
, 33.1308, -117.2642, 260, 525, 69, C172, , , , , C172
, 33.1429, -117.2492, 124, 1325, 87, C172, , , , , C172
, 33.1308, -117.2642, 260, 525, 69, C172, , , , , C172
, 33.1429, -117.2492, 124, 1325, 87, C172, , , , , C172
, 33.1306, -117.2653, 259, 500, 69, C172, , , , , C172
, 33.1429, -117.2492, 124, 1325, 87, C172, , , , , C172
, 33.1306, -117.2653, 259, 500, 69, C172, , , , , C172
, 33.1429, -117.2492, 124, 1325, 87, C172, , , , , C172
, 33.1305, -117.2662, 259, 475, 69, C172, , , , , C172
, 33.1399, -117.247, 159, 1225, 90, C172, , , , , C172
, 33.1305, -117.2662, 259, 475, 69, C172, , , , , C172
, 33.1399, -117.247, 159, 1225, 90, C172, , , , , C172
, 33.1301, -117.2683, 259, 425, 69, C172, , , , , C172
, 33.1399, -117.247, 159, 1225, 90, C172, , , , , C172
, 33.1299, -117.2695, 259, 375, 68, C172, , , , , C172
, 33.1368, -117.246, 171, 1175, 81, C172, , , , , C172
, 33.1299, -117.2695, 259, 375, 68, C172, , , , , C172
, 33.1368, -117.246, 171, 1175, 81, C172, , , , , C172
, 33.1296, -117.2717, 260, 325, 65, C172, , , , , C172
, 33.1358, -117.246, 185, 1150, 77, C172, , , , , C172
, 33.1296, -117.2717, 260, 325, 65, C172, , , , , C172
, 33.1358, -117.246, 185, 1150, 77, C172, , , , , C172
, 33.1296, -117.2717, 260, 325, 65, C172, , , , , C172
, 33.1347, -117.2464, 201, 1100, 76, C172, , , , , C172
, 33.1293, -117.2739, 258, 0, 58, C172, , , , , C172
, 33.1338, -117.2472, 221, 1075, 75, C172, , , , , C172
, 33.1293, -117.2739, 258, 0, 58, C172, , , , , C172
, 33.1338, -117.2472, 221, 1075, 75, C172, , , , , C172
, 33.1293, -117.2739, 258, 0, 58, C172, , , , , C172
, 33.1329, -117.2493, 255, 975, 78, C172, , , , , C172
, 33.1293, -117.2739, 258, 0, 58, C172, , , , , C172
, 33.1329, -117.2493, 255, 975, 78, C172, , , , , C172
, 33.1293, -117.2739, 258, 0, 58, C172, , , , , C172
, 33.1327, -117.2504, 259, 950, 78, C172, , , , , C172
, 33.1293, -117.2739, 258, 0, 58, C172, , , , , C172
, 33.1327, -117.2504, 259, 950, 78, C172, , , , , C172
, 33.1293, -117.2739, 258, 0, 58, C172, , , , , C172
, 33.1326, -117.2512, 263, 925, 76, C172, , , , , C172
, 33.1293, -117.2739, 258, 0, 58, C172, , , , , C172
, 33.1322, -117.2541, 258, 875, 67, C172, , , , , C172
, 33.1293, -117.2739, 258, 0, 58, C172, , , , , C172
, 33.1322, -117.2541, 258, 875, 67, C172, , , , , C172
, 33.1293, -117.2739, 258, 0, 58, C172, , , , , C172
, 33.1321, -117.2552, 258, 850, 66, C172, , , , , C172
, 33.1293, -117.2739, 258, 0, 58, C172, , , , , C172
, 33.1321, -117.2552, 258, 850, 66, C172, , , , , C172
, 33.1293, -117.2739, 258, 0, 58, C172, , , , , C172
, 33.1319, -117.2564, 259, 800, 68, C172, , , , , C172
, 33.1293, -117.2739, 258, 0, 58, C172, , , , , C172
, 33.1319, -117.2564, 259, 800, 68, C172, , , , , C172
, 33.1293, -117.2739, 258, 0, 58, C172, , , , , C172
, 33.1316, -117.2586, 261, 725, 67, C172, , , , , C172
, 33.1293, -117.2739, 258, 0, 58, C172, , , , , C172
, 33.1314, -117.2601, 262, 675, 67, C172, , , , , C172
, 33.1293, -117.2739, 258, 0, 58, C172, , , , , C172
, 33.1314, -117.2601, 262, 675, 67, C172, , , , , C172
, 33.1293, -117.2739, 258, 0, 58, C172, , , , , C172
, 33.1312, -117.2612, 260, 625, 67, C172, , , , , C172
, 33.1293, -117.2739, 258, 0, 58, C172, , , , , C172
, 33.1312, -117.2612, 260, 625, 67, C172, , , , , C172
, 33.1293, -117.2739, 258, 0, 58, C172, , , , , C172
, 33.1311, -117.2622, 259, 575, 68, C172, , , , , C172
, 33.1293, -117.2739, 258, 0, 58, C172, , , , , C172
, 33.1311, -117.2622, 259, 575, 68, C172, , , , , C172
, 33.1293, -117.2739, 258, 0, 58, C172, , , , , C172
, 33.1307, -117.2647, 260, 500, 70, C172, , , , , C172
, 33.1293, -117.2739, 258, 0, 58, C172, , , , , C172
, 33.1307, -117.2647, 260, 500, 70, C172, , , , , C172
, 33.1293, -117.2739, 258, 0, 58, C172, , , , , C172
, 33.1307, -117.2647, 260, 500, 70, C172, , , , , C172
, 33.1293, -117.2739, 258, 0, 58, C172, , , , , C172
, 33.1304, -117.2666, 259, 425, 71, C172, , , , , C172
, 33.1293, -117.2739, 258, 0, 58, C172, , , , , C172
, 33.1304, -117.2666, 259, 425, 71, C172, , , , , C172
, 33.1293, -117.2739, 258, 0, 58, C172, , , , , C172
, 33.13, -117.2694, 259, 350, 68, C172, , , , , C172
, 33.1293, -117.2739, 258, 0, 58, C172, , , , , C172
, 33.1299, -117.2698, 258, 325, 67, C172, , , , , C172
, 33.1293, -117.2739, 258, 0, 58, C172, , , , , C172
, 33.1299, -117.2698, 258, 325, 67, C172, , , , , C172
, 33.1293, -117.2739, 258, 0, 58, C172, , , , , C172
, 33.1296, -117.2715, 258, 275, 67, C172, , , , , C172
, 33.1293, -117.2739, 258, 0, 58, C172, , , , , C172
, 33.1296, -117.2715, 258, 275, 67, C172, , , , , C172
, 33.1293, -117.2739, 258, 0, 58, C172, , , , , C172
, 33.1296, -117.2715, 258, 275, 67, C172, , , , , C172
, 33.1293, -117.2739, 258, 0, 58, C172, , , , , C172
, 33.1296, -117.2715, 258, 275, 67, C172, , , , , C172
, 33.1293, -117.2739, 258, 0, 58, C172, , , , , C172
, 33.1293, -117.2736, 258, 225, 67, C172, , , , , C172
, 33.1291, -117.2749, 258, 225, 67, C172, , , , , C172
, 33.1293, -117.2739, 258, 0, 58, C172, , , , , C172
, 33.1286, -117.2783, 255, 0, 12, C172, , , , , C172
