//ICAO, Latitude_deg, Longitude_deg, Heading_deg, Altitude_ft, GroundSpeed_kts, AircraftType, RegistrationNum, Departure, Arrival, FlightNumber1, FlightNumber2
, 33.6581, -117.8674, 113, 750, 76, SLG2, , , , , SLG2
, 33.6581, -117.8674, 113, 750, 76, SLG2, , , , , SLG2
, 33.658, -117.8648, 81, 850, 71, SLG2, , , , , SLG2
, 33.658, -117.8648, 81, 850, 71, SLG2, , , , , SLG2
, 33.6584, -117.8637, 63, 875, 70, SLG2, , , , , SLG2
, 33.6586, -117.8633, 54, 900, 71, SLG2, , , , , SLG2
, 33.6586, -117.8633, 54, 900, 71, SLG2, , , , , SLG2
, 33.6602, -117.8612, 45, 925, 75, SLG2, , , , , SLG2
, 33.6602, -117.8612, 45, 925, 75, SLG2, , , , , SLG2
, 33.6611, -117.8602, 43, 925, 77, SLG2, , , , , SLG2
, 33.6611, -117.8602, 43, 925, 77, SLG2, , , , , SLG2
, 33.662, -117.8592, 41, 950, 78, SLG2, , , , , SLG2
, 33.6635, -117.8576, 43, 950, 80, SLG2, , , , , SLG2
, 33.6635, -117.8576, 43, 950, 80, SLG2, , , , , SLG2
, 33.6668, -117.8542, 42, 925, 84, SLG2, , , , , SLG2
, 33.2733, -117.5142, 314, 4425, 93, SLG2, , , , , SLG2
, 33.6871, -117.8594, 216, 275, 63, SLG2, , , , , SLG2
, 33.3115, -117.5595, 315, 4425, 91, SLG2, , , , , SLG2
, 33.6803, -117.8641, 208, 25, 50, SLG2, , , , , SLG2
, 33.3233, -117.5734, 314, 4425, 94, SLG2, , , , , SLG2
, 33.6583, -117.8686, 95, 700, 75, SLG2, , , , , SLG2
, 33.3463, -117.6005, 315, 4425, 91, SLG2, , , , , SLG2
, 33.6583, -117.8686, 95, 700, 75, SLG2, , , , , SLG2
, 33.3463, -117.6005, 315, 4425, 91, SLG2, , , , , SLG2
, 33.6587, -117.8663, 69, 750, 76, SLG2, , , , , SLG2
, 33.3474, -117.6017, 315, 4425, 91, SLG2, , , , , SLG2
, 33.6593, -117.8649, 62, 775, 77, SLG2, , , , , SLG2
, 33.3492, -117.6039, 314, 4425, 92, SLG2, , , , , SLG2
, 33.6593, -117.8649, 62, 775, 77, SLG2, , , , , SLG2
, 33.3492, -117.6039, 314, 4425, 92, SLG2, , , , , SLG2
, 33.66, -117.8638, 50, 800, 78, SLG2, , , , , SLG2
, 33.3502, -117.6051, 315, 4425, 92, SLG2, , , , , SLG2
, 33.66, -117.8638, 50, 800, 78, SLG2, , , , , SLG2
, 33.3502, -117.6051, 315, 4425, 92, SLG2, , , , , SLG2
, 33.6615, -117.8617, 48, 825, 82, SLG2, , , , , SLG2
, 33.351, -117.6061, 315, 4425, 93, SLG2, , , , , SLG2
, 33.6622, -117.8608, 49, 825, 83, SLG2, , , , , SLG2
, 33.353, -117.6084, 315, 4425, 92, SLG2, , , , , SLG2
, 33.6622, -117.8608, 49, 825, 83, SLG2, , , , , SLG2
, 33.353, -117.6084, 315, 4425, 92, SLG2, , , , , SLG2
, 33.6629, -117.8597, 49, 850, 83, SLG2, , , , , SLG2
, 33.3533, -117.6088, 314, 4425, 92, SLG2, , , , , SLG2
, 33.6629, -117.8597, 49, 850, 83, SLG2, , , , , SLG2
, 33.3533, -117.6088, 314, 4425, 92, SLG2, , , , , SLG2
, 33.6644, -117.8576, 48, 850, 85, SLG2, , , , , SLG2
, 33.3544, -117.6102, 314, 4425, 91, SLG2, , , , , SLG2
, 33.6831, -117.8421, 6, 875, 76, SLG2, , , , , SLG2
, 33.3723, -117.6313, 314, 4450, 92, SLG2, , , , , SLG2
, 33.684, -117.8421, 356, 875, 75, SLG2, , , , , SLG2
, 33.3736, -117.6328, 315, 4450, 92, SLG2, , , , , SLG2
, 33.6851, -117.8424, 344, 850, 75, SLG2, , , , , SLG2
, 33.376, -117.6356, 315, 4450, 93, SLG2, , , , , SLG2
, 33.6851, -117.8424, 344, 850, 75, SLG2, , , , , SLG2
, 33.376, -117.6356, 315, 4450, 93, SLG2, , , , , SLG2
, 33.6869, -117.8438, 318, 800, 75, SLG2, , , , , SLG2
, 33.3769, -117.6366, 315, 4450, 93, SLG2, , , , , SLG2
, 33.6899, -117.8486, 297, 650, 72, SLG2, , , , , SLG2
, 33.3815, -117.6421, 314, 4450, 94, SLG2, , , , , SLG2
, 33.6904, -117.8497, 294, 625, 73, SLG2, , , , , SLG2
, 33.3822, -117.6428, 314, 4450, 94, SLG2, , , , , SLG2
, 33.6904, -117.8497, 294, 625, 73, SLG2, , , , , SLG2
, 33.3822, -117.6428, 314, 4450, 94, SLG2, , , , , SLG2
, 33.6909, -117.852, 274, 525, 70, SLG2, , , , , SLG2
, 33.3844, -117.6454, 316, 4450, 94, SLG2, , , , , SLG2
, 33.6909, -117.852, 274, 525, 70, SLG2, , , , , SLG2
, 33.3844, -117.6454, 316, 4450, 94, SLG2, , , , , SLG2
, 33.6908, -117.8532, 265, 500, 68, SLG2, , , , , SLG2
, 33.3853, -117.6464, 315, 4450, 93, SLG2, , , , , SLG2
, 33.6907, -117.8543, 258, 475, 67, SLG2, , , , , SLG2
, 33.3863, -117.6475, 315, 4450, 93, SLG2, , , , , SLG2
, 33.6907, -117.8543, 258, 475, 67, SLG2, , , , , SLG2
, 33.3863, -117.6475, 315, 4450, 93, SLG2, , , , , SLG2
, 33.6781, -117.8654, 207, 50, 55, SLG2, , , , , SLG2
, 33.4033, -117.6715, 307, 4450, 92, SLG2, , , , , SLG2
, 33.6781, -117.8654, 207, 50, 55, SLG2, , , , , SLG2
, 33.4033, -117.6715, 307, 4450, 92, SLG2, , , , , SLG2
, 33.6764, -117.8665, 207, 100, 57, SLG2, , , , , SLG2
, 33.4044, -117.6731, 308, 4450, 93, SLG2, , , , , SLG2
, 33.6764, -117.8665, 207, 100, 57, SLG2, , , , , SLG2
, 33.4044, -117.6731, 308, 4450, 93, SLG2, , , , , SLG2
, 33.6764, -117.8665, 207, 100, 57, SLG2, , , , , SLG2
, 33.4051, -117.6741, 308, 4450, 93, SLG2, , , , , SLG2
, 33.6751, -117.8673, 204, 150, 60, SLG2, , , , , SLG2
, 33.4068, -117.6768, 307, 4450, 93, SLG2, , , , , SLG2
, 33.6751, -117.8673, 204, 150, 60, SLG2, , , , , SLG2
, 33.4068, -117.6768, 307, 4450, 93, SLG2, , , , , SLG2
, 33.6738, -117.8679, 204, 200, 63, SLG2, , , , , SLG2
, 33.4076, -117.678, 307, 4450, 93, SLG2, , , , , SLG2
, 33.6738, -117.8679, 204, 200, 63, SLG2, , , , , SLG2
, 33.4076, -117.678, 307, 4450, 93, SLG2, , , , , SLG2
, 33.6723, -117.8687, 204, 250, 63, SLG2, , , , , SLG2
, 33.4085, -117.6794, 307, 4450, 93, SLG2, , , , , SLG2
, 33.6723, -117.8687, 204, 250, 63, SLG2, , , , , SLG2
, 33.4085, -117.6794, 307, 4450, 93, SLG2, , , , , SLG2
, 33.6717, -117.8691, 203, 275, 64, SLG2, , , , , SLG2
, 33.4097, -117.6813, 308, 4450, 94, SLG2, , , , , SLG2
, 33.6717, -117.8691, 203, 275, 64, SLG2, , , , , SLG2
, 33.4097, -117.6813, 308, 4450, 94, SLG2, , , , , SLG2
, 33.6707, -117.8696, 205, 325, 65, SLG2, , , , , SLG2
, 33.411, -117.6833, 308, 4450, 93, SLG2, , , , , SLG2
, 33.669, -117.8707, 208, 375, 66, SLG2, , , , , SLG2
, 33.4118, -117.6844, 307, 4450, 93, SLG2, , , , , SLG2
, 33.669, -117.8707, 208, 375, 66, SLG2, , , , , SLG2
, 33.4118, -117.6844, 307, 4450, 93, SLG2, , , , , SLG2
, 33.6683, -117.8712, 209, 400, 66, SLG2, , , , , SLG2
, 33.4129, -117.6861, 307, 4450, 93, SLG2, , , , , SLG2
, 33.6683, -117.8712, 209, 400, 66, SLG2, , , , , SLG2
, 33.4129, -117.6861, 307, 4450, 93, SLG2, , , , , SLG2
, 33.6674, -117.8717, 207, 450, 65, SLG2, , , , , SLG2
, 33.4138, -117.6876, 308, 4450, 94, SLG2, , , , , SLG2
, 33.6674, -117.8717, 207, 450, 65, SLG2, , , , , SLG2
, 33.4138, -117.6876, 308, 4450, 94, SLG2, , , , , SLG2
, 33.6658, -117.8727, 208, 525, 65, SLG2, , , , , SLG2
, 33.415, -117.6892, 308, 4450, 93, SLG2, , , , , SLG2
, 33.665, -117.8733, 214, 550, 66, SLG2, , , , , SLG2
, 33.4161, -117.6909, 308, 4450, 93, SLG2, , , , , SLG2
, 33.665, -117.8733, 214, 550, 66, SLG2, , , , , SLG2
, 33.4161, -117.6909, 308, 4450, 93, SLG2, , , , , SLG2
, 33.6643, -117.874, 224, 575, 67, SLG2, , , , , SLG2
, 33.4173, -117.6927, 308, 4450, 94, SLG2, , , , , SLG2
, 33.6643, -117.874, 224, 575, 67, SLG2, , , , , SLG2
, 33.4173, -117.6927, 308, 4450, 94, SLG2, , , , , SLG2
, 33.6634, -117.8761, 247, 625, 69, SLG2, , , , , SLG2
, 33.4174, -117.6929, 308, 4450, 93, SLG2, , , , , SLG2
, 33.6632, -117.877, 256, 650, 71, SLG2, , , , , SLG2
, 33.4194, -117.6959, 309, 4450, 93, SLG2, , , , , SLG2
, 33.6632, -117.877, 256, 650, 71, SLG2, , , , , SLG2
, 33.4194, -117.6959, 309, 4450, 93, SLG2, , , , , SLG2
, 33.663, -117.8782, 260, 675, 72, SLG2, , , , , SLG2
, 33.4205, -117.6974, 308, 4450, 93, SLG2, , , , , SLG2
, 33.663, -117.8782, 260, 675, 72, SLG2, , , , , SLG2
, 33.4205, -117.6974, 308, 4450, 93, SLG2, , , , , SLG2
, 33.6627, -117.8808, 260, 700, 77, SLG2, , , , , SLG2
, 33.4213, -117.6987, 308, 4450, 94, SLG2, , , , , SLG2
, 33.6627, -117.8808, 260, 700, 77, SLG2, , , , , SLG2
, 33.4213, -117.6987, 308, 4450, 94, SLG2, , , , , SLG2
, 33.6625, -117.882, 260, 725, 77, SLG2, , , , , SLG2
, 33.422, -117.6996, 308, 4450, 94, SLG2, , , , , SLG2
, 33.6623, -117.8833, 261, 775, 76, SLG2, , , , , SLG2
, 33.4244, -117.7031, 309, 4450, 94, SLG2, , , , , SLG2
, 33.6623, -117.8833, 261, 775, 76, SLG2, , , , , SLG2
, 33.4244, -117.7031, 309, 4450, 94, SLG2, , , , , SLG2
, 33.6619, -117.8859, 255, 825, 79, SLG2, , , , , SLG2
, 33.4253, -117.7044, 309, 4450, 93, SLG2, , , , , SLG2
, 33.6619, -117.8859, 255, 825, 79, SLG2, , , , , SLG2
, 33.4253, -117.7044, 309, 4450, 93, SLG2, , , , , SLG2
, 33.6615, -117.8872, 247, 850, 80, SLG2, , , , , SLG2
, 33.4256, -117.705, 308, 4450, 93, SLG2, , , , , SLG2
, 33.6615, -117.8872, 247, 850, 80, SLG2, , , , , SLG2
, 33.4256, -117.705, 308, 4450, 93, SLG2, , , , , SLG2
, 33.661, -117.8885, 245, 875, 81, SLG2, , , , , SLG2
, 33.4273, -117.7075, 308, 4450, 93, SLG2, , , , , SLG2
, 33.6601, -117.8907, 246, 925, 81, SLG2, , , , , SLG2
, 33.4283, -117.7089, 308, 4450, 93, SLG2, , , , , SLG2
, 33.6601, -117.8907, 246, 925, 81, SLG2, , , , , SLG2
, 33.4283, -117.7089, 308, 4450, 93, SLG2, , , , , SLG2
, 33.6597, -117.8919, 247, 950, 81, SLG2, , , , , SLG2
, 33.4296, -117.7108, 309, 4450, 93, SLG2, , , , , SLG2
, 33.6597, -117.8919, 247, 950, 81, SLG2, , , , , SLG2
, 33.4296, -117.7108, 309, 4450, 93, SLG2, , , , , SLG2
, 33.6591, -117.8935, 248, 1000, 79, SLG2, , , , , SLG2
, 33.4297, -117.711, 308, 4450, 93, SLG2, , , , , SLG2
, 33.6591, -117.8935, 248, 1000, 79, SLG2, , , , , SLG2
, 33.4297, -117.711, 308, 4450, 93, SLG2, , , , , SLG2
, 33.6585, -117.8959, 255, 1050, 78, SLG2, , , , , SLG2
, 33.4317, -117.714, 308, 4450, 93, SLG2, , , , , SLG2
, 33.6585, -117.8959, 255, 1050, 78, SLG2, , , , , SLG2
, 33.4317, -117.714, 308, 4450, 93, SLG2, , , , , SLG2
, 33.6583, -117.8971, 261, 1075, 78, SLG2, , , , , SLG2
, 33.4328, -117.7156, 309, 4450, 93, SLG2, , , , , SLG2
, 33.6582, -117.8985, 266, 1075, 80, SLG2, , , , , SLG2
, 33.4342, -117.7176, 308, 4450, 92, SLG2, , , , , SLG2
, 33.6582, -117.8985, 266, 1075, 80, SLG2, , , , , SLG2
, 33.4342, -117.7176, 308, 4450, 92, SLG2, , , , , SLG2
, 33.6583, -117.9012, 274, 1125, 82, SLG2, , , , , SLG2
, 33.4342, -117.7176, 308, 4450, 92, SLG2, , , , , SLG2
, 33.6584, -117.9024, 272, 1125, 80, SLG2, , , , , SLG2
, 33.4353, -117.7193, 308, 4450, 91, SLG2, , , , , SLG2
, 33.6584, -117.9024, 272, 1125, 80, SLG2, , , , , SLG2
, 33.4353, -117.7193, 308, 4450, 91, SLG2, , , , , SLG2
, 33.6584, -117.9036, 267, 1175, 78, SLG2, , , , , SLG2
, 33.436, -117.7204, 307, 4450, 92, SLG2, , , , , SLG2
, 33.6584, -117.9036, 267, 1175, 78, SLG2, , , , , SLG2
, 33.436, -117.7204, 307, 4450, 92, SLG2, , , , , SLG2
, 33.6579, -117.9065, 254, 1250, 77, SLG2, , , , , SLG2
, 33.4377, -117.7228, 308, 4450, 92, SLG2, , , , , SLG2
, 33.6579, -117.9065, 254, 1250, 77, SLG2, , , , , SLG2
, 33.4377, -117.7228, 308, 4450, 92, SLG2, , , , , SLG2
, 33.6577, -117.9076, 255, 1275, 79, SLG2, , , , , SLG2
, 33.4387, -117.7242, 309, 4450, 93, SLG2, , , , , SLG2
, 33.6574, -117.9091, 256, 1275, 81, SLG2, , , , , SLG2
, 33.4404, -117.7268, 308, 4450, 93, SLG2, , , , , SLG2
, 33.6558, -117.9171, 254, 1425, 83, SLG2, , , , , SLG2
, 33.4445, -117.7328, 309, 4450, 93, SLG2, , , , , SLG2
