Date-Time,Price,High,Low,Volume
2021-12-13T00:01:58,7.17,7.37,7.02,794837
2021-12-13T00:06:59,7.17,7.37,7.02,794837
2021-12-13T00:12:00,7.17,7.37,7.02,794837
2021-12-13T00:17:01,7.17,7.37,7.02,794837
2021-12-13T00:22:02,7.17,7.37,7.02,794837
2021-12-13T00:27:03,7.17,7.37,7.02,794837
2021-12-13T00:32:03,7.17,7.37,7.02,794837
2021-12-13T00:37:04,7.17,7.37,7.02,794837
2021-12-13T00:42:05,7.17,7.37,7.02,794837
2021-12-13T00:47:06,7.17,7.37,7.02,794837
2021-12-13T00:52:07,7.17,7.37,7.02,794837
2021-12-13T00:57:08,7.17,7.37,7.02,794837
2021-12-13T01:02:09,7.17,7.37,7.02,794837
2021-12-13T01:07:10,7.17,7.37,7.02,794837
2021-12-13T01:12:11,7.17,7.37,7.02,794837
2021-12-13T01:17:11,7.17,7.37,7.02,794837
2021-12-13T01:22:12,7.17,7.37,7.02,794837
2021-12-13T01:27:14,7.17,7.37,7.02,794837
2021-12-13T01:32:14,7.17,7.37,7.02,794837
2021-12-13T01:37:15,7.17,7.37,7.02,794837
2021-12-13T01:42:16,7.17,7.37,7.02,794837
2021-12-13T01:47:17,7.17,7.37,7.02,794837
2021-12-13T01:52:18,7.17,7.37,7.02,794837
2021-12-13T01:57:19,7.17,7.37,7.02,794837
2021-12-13T02:02:20,7.17,7.37,7.02,794837
2021-12-13T02:07:21,7.17,7.37,7.02,794837
2021-12-13T02:12:22,7.17,7.37,7.02,794837
2021-12-13T02:17:23,7.17,7.37,7.02,794837
2021-12-13T02:22:24,7.17,7.37,7.02,794837
2021-12-13T02:27:24,7.17,7.37,7.02,794837
2021-12-13T02:32:25,7.17,7.37,7.02,794837
2021-12-13T02:37:26,7.17,7.37,7.02,794837
2021-12-13T02:42:27,7.17,7.37,7.02,794837
2021-12-13T02:47:28,7.17,7.37,7.02,794837
2021-12-13T02:52:29,7.17,7.37,7.02,794837
2021-12-13T02:57:30,7.17,7.37,7.02,794837
2021-12-13T03:02:31,7.17,7.37,7.02,794837
2021-12-13T03:07:32,7.17,7.37,7.02,794837
2021-12-13T03:12:33,7.17,7.37,7.02,794837
2021-12-13T03:17:34,7.17,7.37,7.02,794837
2021-12-13T03:22:35,7.17,7.37,7.02,794837
2021-12-13T03:27:36,7.17,7.37,7.02,794837
2021-12-13T03:32:37,7.17,7.37,7.02,794837
2021-12-13T03:37:38,7.17,7.37,7.02,794837
2021-12-13T03:42:38,7.17,7.37,7.02,794837
2021-12-13T03:47:39,7.17,7.37,7.02,794837
2021-12-13T03:52:40,7.17,7.37,7.02,794837
2021-12-13T03:57:41,7.17,7.37,7.02,794837
2021-12-13T04:02:42,7.17,7.37,7.02,794837
2021-12-13T04:07:43,7.17,7.37,7.02,794837
2021-12-13T04:12:44,7.17,7.37,7.02,794837
2021-12-13T04:17:45,7.17,7.37,7.02,794837
2021-12-13T04:22:46,7.17,7.37,7.02,794837
2021-12-13T04:27:47,7.17,7.37,7.02,794837
2021-12-13T04:32:48,7.17,7.37,7.02,794837
2021-12-13T04:37:49,7.17,7.37,7.02,794837
2021-12-13T04:42:50,7.17,7.37,7.02,794837
2021-12-13T04:47:51,7.17,7.37,7.02,794837
2021-12-13T04:52:51,7.17,7.37,7.02,794837
2021-12-13T04:57:52,7.17,7.37,7.02,794837
2021-12-13T05:02:53,7.17,7.37,7.02,794837
2021-12-13T05:07:54,7.17,7.37,7.02,794837
2021-12-13T05:12:55,7.17,7.37,7.02,794837
2021-12-13T05:17:56,7.17,7.37,7.02,794837
2021-12-13T05:22:57,7.17,7.37,7.02,794837
2021-12-13T05:27:58,7.17,7.37,7.02,794837
2021-12-13T05:32:59,7.17,7.37,7.02,794837
2021-12-13T05:38:00,7.17,7.37,7.02,794837
2021-12-13T05:43:01,7.17,7.37,7.02,794837
2021-12-13T05:48:01,7.17,7.37,7.02,794837
2021-12-13T05:53:03,7.17,7.37,7.02,794837
2021-12-13T05:58:04,7.17,7.37,7.02,794837
2021-12-13T06:03:04,7.17,7.37,7.02,794837
2021-12-13T06:08:05,7.17,7.37,7.02,794837
2021-12-13T06:13:06,7.17,7.37,7.02,794837
2021-12-13T06:18:07,7.17,7.37,7.02,794837
2021-12-13T06:23:08,7.17,7.37,7.02,794837
2021-12-13T06:28:09,7.17,7.37,7.02,794837
2021-12-13T06:33:10,7.17,7.37,7.02,794837
2021-12-13T06:38:11,7.17,7.37,7.02,794837
2021-12-13T06:43:12,7.17,7.37,7.02,794837
2021-12-13T06:48:13,7.12,7.14,7.0121,22154
