Date-Time,Price,High,Low,Volume
2021-12-13T00:00:25,329.75,335.03,326.37,14527969
2021-12-13T00:05:26,329.75,335.03,326.37,14527969
2021-12-13T00:10:27,329.75,335.03,326.37,14527969
2021-12-13T00:15:28,329.75,335.03,326.37,14527969
2021-12-13T00:20:28,329.75,335.03,326.37,14527969
2021-12-13T00:25:29,329.75,335.03,326.37,14527969
2021-12-13T00:30:30,329.75,335.03,326.37,14527969
2021-12-13T00:35:31,329.75,335.03,326.37,14527969
2021-12-13T00:40:32,329.75,335.03,326.37,14527969
2021-12-13T00:45:33,329.75,335.03,326.37,14527969
2021-12-13T00:50:34,329.75,335.03,326.37,14527969
2021-12-13T00:55:35,329.75,335.03,326.37,14527969
2021-12-13T01:00:36,329.75,335.03,326.37,14527969
2021-12-13T01:05:36,329.75,335.03,326.37,14527969
2021-12-13T01:10:38,329.75,335.03,326.37,14527969
2021-12-13T01:15:38,329.75,335.03,326.37,14527969
2021-12-13T01:20:39,329.75,335.03,326.37,14527969
2021-12-13T01:25:40,329.75,335.03,326.37,14527969
2021-12-13T01:30:41,329.75,335.03,326.37,14527969
2021-12-13T01:35:42,329.75,335.03,326.37,14527969
2021-12-13T01:40:43,329.75,335.03,326.37,14527969
2021-12-13T01:45:44,329.75,335.03,326.37,14527969
