Date-Time,Price,High,Low,Volume
2022-03-25T00:00:00,219.57,220.67,214.79,31502314
2022-03-25T00:05:00,219.57,220.67,214.79,31502314
2022-03-25T00:10:01,219.57,220.67,214.79,31502314
2022-03-25T00:15:02,219.57,220.67,214.79,31502314
2022-03-25T00:20:03,219.57,220.67,214.79,31502314
2022-03-25T00:25:04,219.57,220.67,214.79,31502314
2022-03-25T00:30:04,219.57,220.67,214.79,31502314
2022-03-25T00:35:05,219.57,220.67,214.79,31502314
2022-03-25T00:40:06,219.57,220.67,214.79,31502314
2022-03-25T00:45:07,219.57,220.67,214.79,31502314
2022-03-25T00:50:08,219.57,220.67,214.79,31502314
2022-03-25T00:55:10,219.57,220.67,214.79,31502314
