Date-Time,Price,High,Low,Volume
2022-03-25T00:00:01,48.66,48.70,44.60,12804909
2022-03-25T00:05:02,48.66,48.70,44.60,12804909
2022-03-25T00:10:02,48.66,48.70,44.60,12804909
2022-03-25T00:15:03,48.66,48.70,44.60,12804909
2022-03-25T00:20:04,48.66,48.70,44.60,12804909
2022-03-25T00:25:05,48.66,48.70,44.60,12804909
2022-03-25T00:30:05,48.66,48.70,44.60,12804909
2022-03-25T00:35:06,48.66,48.70,44.60,12804909
2022-03-25T00:40:07,48.66,48.70,44.60,12804909
2022-03-25T00:45:08,48.66,48.70,44.60,12804909
2022-03-25T00:50:09,48.66,48.70,44.60,12804909
2022-03-25T00:55:09,48.66,48.70,44.60,12804909
2022-03-25T01:00:10,48.66,48.70,44.60,12804909
2022-03-25T01:05:11,48.66,48.70,44.60,12804909
2022-03-25T01:10:12,48.66,48.70,44.60,12804909
2022-03-25T01:15:13,48.66,48.70,44.60,12804909
2022-03-25T01:20:14,48.66,48.70,44.60,12804909
2022-03-25T01:25:15,48.66,48.70,44.60,12804909
2022-03-25T01:30:16,48.66,48.70,44.60,12804909
2022-03-25T01:35:17,48.66,48.70,44.60,12804909
2022-03-25T01:40:17,48.66,48.70,44.60,12804909
2022-03-25T01:45:18,48.66,48.70,44.60,12804909
2022-03-25T01:50:19,48.66,48.70,44.60,12804909
2022-03-25T01:55:20,48.66,48.70,44.60,12804909
