Date-Time,Price,High,Low,Volume
2022-05-15T00:00:53,3.61,3.64,3.31,1022012
2022-05-15T00:05:53,3.61,3.64,3.31,1022012
2022-05-15T00:10:54,3.61,3.64,3.31,1022012
2022-05-15T00:15:55,3.61,3.64,3.31,1022012
2022-05-15T00:20:56,3.61,3.64,3.31,1022012
2022-05-15T00:25:57,3.61,3.64,3.31,1022012
2022-05-15T00:30:58,3.61,3.64,3.31,1022012
2022-05-15T00:35:59,3.61,3.64,3.31,1022012
2022-05-15T00:41:00,3.61,3.64,3.31,1022012
2022-05-15T00:46:00,3.61,3.64,3.31,1022012
2022-05-15T00:51:01,3.61,3.64,3.31,1022012
2022-05-15T00:56:02,3.61,3.64,3.31,1022012
2022-05-15T01:01:03,3.61,3.64,3.31,1022012
2022-05-15T01:06:04,3.61,3.64,3.31,1022012
2022-05-15T01:11:04,3.61,3.64,3.31,1022012
2022-05-15T01:16:05,3.61,3.64,3.31,1022012
2022-05-15T01:21:06,3.61,3.64,3.31,1022012
2022-05-15T01:26:07,3.61,3.64,3.31,1022012
2022-05-15T01:31:08,3.61,3.64,3.31,1022012
2022-05-15T01:36:09,3.61,3.64,3.31,1022012
2022-05-15T01:41:10,3.61,3.64,3.31,1022012
2022-05-15T01:46:11,3.61,3.64,3.31,1022012
2022-05-15T01:51:12,3.61,3.64,3.31,1022012
2022-05-15T01:56:12,3.61,3.64,3.31,1022012
2022-05-15T02:01:13,3.61,3.64,3.31,1022012
2022-05-15T02:06:14,3.61,3.64,3.31,1022012
2022-05-15T02:11:15,3.61,3.64,3.31,1022012
2022-05-15T02:16:16,3.61,3.64,3.31,1022012
2022-05-15T02:21:16,3.61,3.64,3.31,1022012
2022-05-15T02:26:17,3.61,3.64,3.31,1022012
2022-05-15T02:31:18,3.61,3.64,3.31,1022012
2022-05-15T02:36:19,3.61,3.64,3.31,1022012
2022-05-15T02:41:20,3.61,3.64,3.31,1022012
2022-05-15T02:46:21,3.61,3.64,3.31,1022012
