Date-Time,Price,High,Low,Volume
2022-05-15T00:00:33,14.31,14.41,13.54,63558017
2022-05-15T00:05:34,14.31,14.41,13.54,63558017
2022-05-15T00:10:35,14.31,14.41,13.54,63558017
2022-05-15T00:15:36,14.31,14.41,13.54,63558017
2022-05-15T00:20:36,14.31,14.41,13.54,63558017
2022-05-15T00:25:37,14.31,14.41,13.54,63558017
2022-05-15T00:30:38,14.31,14.41,13.54,63558017
2022-05-15T00:35:39,14.31,14.41,13.54,63558017
2022-05-15T00:40:40,14.31,14.41,13.54,63558017
2022-05-15T00:45:40,14.31,14.41,13.54,63558017
