Date-Time,Price,High,Low,Volume
2022-05-15T00:00:33,769.59,787.3499,751.565,30716908
2022-05-15T00:05:34,769.59,787.3499,751.565,30716908
2022-05-15T00:10:34,769.59,787.3499,751.565,30716908
2022-05-15T00:15:35,769.59,787.3499,751.565,30716908
2022-05-15T00:20:36,769.59,787.3499,751.565,30716908
2022-05-15T00:25:37,769.59,787.3499,751.565,30716908
2022-05-15T00:30:38,769.59,787.3499,751.565,30716908
2022-05-15T00:35:39,769.59,787.3499,751.565,30716908
2022-05-15T00:40:40,769.59,787.3499,751.565,30716908
2022-05-15T00:45:40,769.59,787.3499,751.565,30716908
