Date-Time,Price,High,Low,Volume
2022-05-15T00:01:04,26.70,27.98,26.17,42674913
2022-05-15T00:06:04,26.70,27.98,26.17,42674913
2022-05-15T00:11:05,26.70,27.98,26.17,42674913
2022-05-15T00:16:06,26.70,27.98,26.17,42674913
2022-05-15T00:21:07,26.70,27.98,26.17,42674913
2022-05-15T00:26:08,26.70,27.98,26.17,42674913
2022-05-15T00:31:09,26.70,27.98,26.17,42674913
2022-05-15T00:36:09,26.70,27.98,26.17,42674913
2022-05-15T00:41:10,26.70,27.98,26.17,42674913
2022-05-15T00:46:11,26.70,27.98,26.17,42674913
