Date-Time,Price,High,Low,Volume
2022-01-23T00:08:48,943.90,1004.55,940.50,34472009
2022-01-23T00:18:49,943.90,1004.55,940.50,34472009
2022-01-23T00:53:52,943.90,1004.55,940.50,34472009
2022-01-23T01:03:53,943.90,1004.55,940.50,34472009
2022-01-23T01:08:54,943.90,1004.55,940.50,34472009
2022-01-23T01:13:55,943.90,1004.55,940.50,34472009
2022-01-23T01:18:56,943.90,1004.55,940.50,34472009
2022-01-23T01:28:57,943.90,1004.55,940.50,34472009
2022-01-23T01:38:58,943.90,1004.55,940.50,34472009
2022-01-23T01:48:59,943.90,1004.55,940.50,34472009
2022-01-23T02:04:00,943.90,1004.55,940.50,34472009
2022-01-23T02:24:02,943.90,1004.55,940.50,34472009
2022-01-23T02:44:04,943.90,1004.55,940.50,34472009
2022-01-23T02:49:05,943.90,1004.55,940.50,34472009
2022-01-23T02:59:06,943.90,1004.55,940.50,34472009
2022-01-23T03:24:08,943.90,1004.55,940.50,34472009
2022-01-23T03:39:09,943.90,1004.55,940.50,34472009
2022-01-23T03:44:10,943.90,1004.55,940.50,34472009
2022-01-23T03:49:11,943.90,1004.55,940.50,34472009
2022-01-23T03:54:12,943.90,1004.55,940.50,34472009
2022-01-23T04:09:13,943.90,1004.55,940.50,34472009
2022-01-23T04:14:14,943.90,1004.55,940.50,34472009
2022-01-23T04:24:15,943.90,1004.55,940.50,34472009
2022-01-23T04:39:17,943.90,1004.55,940.50,34472009
2022-01-23T04:44:17,943.90,1004.55,940.50,34472009
2022-01-23T04:54:19,943.90,1004.55,940.50,34472009
2022-01-23T05:04:20,943.90,1004.55,940.50,34472009
2022-01-23T05:24:21,943.90,1004.55,940.50,34472009
2022-01-23T05:34:22,943.90,1004.55,940.50,34472009
2022-01-23T05:39:23,943.90,1004.55,940.50,34472009
2022-01-23T05:44:24,943.90,1004.55,940.50,34472009
2022-01-23T05:59:26,943.90,1004.55,940.50,34472009
2022-01-23T06:09:27,943.90,1004.55,940.50,34472009
2022-01-23T06:24:29,943.90,1004.55,940.50,34472009
