Date-Time,Price,High,Low,Volume
2022-01-23T00:03:10,64.51,67.16,60.51,19344685
2022-01-23T00:13:11,64.51,67.16,60.51,19344685
2022-01-23T00:23:12,64.51,67.16,60.51,19344685
2022-01-23T00:33:13,64.51,67.16,60.51,19344685
2022-01-23T00:38:14,64.51,67.16,60.51,19344685
2022-01-23T00:58:16,64.51,67.16,60.51,19344685
2022-01-23T01:03:17,64.51,67.16,60.51,19344685
2022-01-23T01:08:18,64.51,67.16,60.51,19344685
2022-01-23T01:18:19,64.51,67.16,60.51,19344685
2022-01-23T01:23:20,64.51,67.16,60.51,19344685
2022-01-23T01:33:21,64.51,67.16,60.51,19344685
