Date-Time,Price,High,Low,Volume
2022-01-23T00:04:41,5.51,5.66,5.2215,1145730
2022-01-23T00:24:43,5.51,5.66,5.2215,1145730
2022-01-23T00:29:44,5.51,5.66,5.2215,1145730
2022-01-23T00:34:45,5.51,5.66,5.2215,1145730
2022-01-23T00:49:46,5.51,5.66,5.2215,1145730
2022-01-23T01:04:48,5.51,5.66,5.2215,1145730
2022-01-23T01:09:49,5.51,5.66,5.2215,1145730
2022-01-23T01:24:50,5.51,5.66,5.2215,1145730
2022-01-23T01:29:51,5.51,5.66,5.2215,1145730
2022-01-23T01:34:52,5.51,5.66,5.2215,1145730
2022-01-23T01:39:53,5.51,5.66,5.2215,1145730
2022-01-23T01:49:54,5.51,5.66,5.2215,1145730
2022-01-23T02:14:57,5.51,5.66,5.2215,1145730
2022-01-23T02:24:58,5.51,5.66,5.2215,1145730
2022-01-23T02:34:59,5.51,5.66,5.2215,1145730
2022-01-23T02:45:00,5.51,5.66,5.2215,1145730
2022-01-23T03:00:02,5.51,5.66,5.2215,1145730
2022-01-23T03:15:03,5.51,5.66,5.2215,1145730
2022-01-23T03:25:05,5.51,5.66,5.2215,1145730
2022-01-23T03:30:05,5.51,5.66,5.2215,1145730
2022-01-23T03:35:07,5.51,5.66,5.2215,1145730
2022-01-23T03:50:08,5.51,5.66,5.2215,1145730
2022-01-23T03:55:09,5.51,5.66,5.2215,1145730
2022-01-23T04:15:11,5.51,5.66,5.2215,1145730
2022-01-23T04:25:12,5.51,5.66,5.2215,1145730
2022-01-23T04:45:14,5.51,5.66,5.2215,1145730
2022-01-23T04:55:15,5.51,5.66,5.2215,1145730
2022-01-23T05:00:16,5.51,5.66,5.2215,1145730
2022-01-23T05:15:18,5.51,5.66,5.2215,1145730
2022-01-23T05:20:18,5.51,5.66,5.2215,1145730
