Date-Time,Price,High,Low,Volume
2022-01-23T00:06:15,303.17,318.31,303.04,28710717
2022-01-23T00:16:16,303.17,318.31,303.04,28710717
2022-01-23T00:21:17,303.17,318.31,303.04,28710717
2022-01-23T00:46:19,303.17,318.31,303.04,28710717
2022-01-23T00:51:20,303.17,318.31,303.04,28710717
2022-01-23T00:56:21,303.17,318.31,303.04,28710717
2022-01-23T01:06:22,303.17,318.31,303.04,28710717
2022-01-23T01:16:24,303.17,318.31,303.04,28710717
2022-01-23T01:31:25,303.17,318.31,303.04,28710717
2022-01-23T01:41:26,303.17,318.31,303.04,28710717
2022-01-23T01:46:27,303.17,318.31,303.04,28710717
2022-01-23T01:51:28,303.17,318.31,303.04,28710717
2022-01-23T01:56:29,303.17,318.31,303.04,28710717
2022-01-23T02:01:30,303.17,318.31,303.04,28710717
2022-01-23T02:16:32,303.17,318.31,303.04,28710717
2022-01-23T02:41:34,303.17,318.31,303.04,28710717
2022-01-23T02:56:36,303.17,318.31,303.04,28710717
2022-01-23T03:01:37,303.17,318.31,303.04,28710717
2022-01-23T03:16:38,303.17,318.31,303.04,28710717
2022-01-23T03:36:40,303.17,318.31,303.04,28710717
