Date-Time,Price,High,Low,Volume
2022-04-14T00:02:50,5.53,5.555,5.241,635745
2022-04-14T00:07:51,5.53,5.555,5.241,635745
2022-04-14T00:12:52,5.53,5.555,5.241,635745
2022-04-14T00:17:53,5.53,5.555,5.241,635745
2022-04-14T00:22:53,5.53,5.555,5.241,635745
2022-04-14T00:27:54,5.53,5.555,5.241,635745
2022-04-14T00:32:55,5.53,5.555,5.241,635745
2022-04-14T00:37:56,5.53,5.555,5.241,635745
2022-04-14T00:42:57,5.53,5.555,5.241,635745
2022-04-14T00:47:58,5.53,5.555,5.241,635745
2022-04-14T00:52:58,5.53,5.555,5.241,635745
2022-04-14T00:57:59,5.53,5.555,5.241,635745
2022-04-14T01:03:00,5.53,5.555,5.241,635745
2022-04-14T01:08:01,5.53,5.555,5.241,635745
2022-04-14T01:13:02,5.53,5.555,5.241,635745
2022-04-14T01:18:03,5.53,5.555,5.241,635745
2022-04-14T01:23:03,5.53,5.555,5.241,635745
2022-04-14T01:28:04,5.53,5.555,5.241,635745
2022-04-14T01:33:05,5.53,5.555,5.241,635745
2022-04-14T01:38:06,5.53,5.555,5.241,635745
2022-04-14T01:43:07,5.53,5.555,5.241,635745
2022-04-14T01:48:08,5.53,5.555,5.241,635745
2022-04-14T01:53:09,5.53,5.555,5.241,635745
2022-04-14T01:58:10,5.53,5.555,5.241,635745
2022-04-14T02:03:11,5.53,5.555,5.241,635745
2022-04-14T02:08:12,5.53,5.555,5.241,635745
2022-04-14T02:13:13,5.53,5.555,5.241,635745
2022-04-14T02:18:14,5.53,5.555,5.241,635745
