Date-Time,Price,High,Low,Volume
2022-04-14T00:00:53,41.15,41.27,37.31,14068094
2022-04-14T00:05:54,41.15,41.27,37.31,14068094
2022-04-14T00:10:55,41.15,41.27,37.31,14068094
2022-04-14T00:15:55,41.15,41.27,37.31,14068094
2022-04-14T00:20:56,41.15,41.27,37.31,14068094
2022-04-14T00:25:57,41.15,41.27,37.31,14068094
2022-04-14T00:30:58,41.15,41.27,37.31,14068094
2022-04-14T00:35:59,41.15,41.27,37.31,14068094
2022-04-14T00:41:00,41.15,41.27,37.31,14068094
2022-04-14T00:46:01,41.15,41.27,37.31,14068094
2022-04-14T00:51:02,41.15,41.27,37.31,14068094
2022-04-14T00:56:02,41.15,41.27,37.31,14068094
2022-04-14T01:01:03,41.15,41.27,37.31,14068094
2022-04-14T01:06:04,41.15,41.27,37.31,14068094
2022-04-14T01:11:05,41.15,41.27,37.31,14068094
2022-04-14T01:16:06,41.15,41.27,37.31,14068094
2022-04-14T01:21:07,41.15,41.27,37.31,14068094
