Date-Time,Price,High,Low,Volume
2021-11-23T00:03:51,1156.87,1201.95,1132.43,33072509
2021-11-23T00:08:52,1156.87,1201.95,1132.43,33072509
2021-11-23T00:13:53,1156.87,1201.95,1132.43,33072509
2021-11-23T00:18:54,1156.87,1201.95,1132.43,33072509
2021-11-23T00:23:55,1156.87,1201.95,1132.43,33072509
2021-11-23T00:28:56,1156.87,1201.95,1132.43,33072509
2021-11-23T00:33:56,1156.87,1201.95,1132.43,33072509
2021-11-23T00:38:57,1156.87,1201.95,1132.43,33072509
2021-11-23T00:43:58,1156.87,1201.95,1132.43,33072509
