Date-Time,Price,High,Low,Volume
2021-11-23T00:04:08,118.11,124.93,106.91,40993870
2021-11-23T00:09:09,118.11,124.93,106.91,40993870
2021-11-23T00:14:09,118.11,124.93,106.91,40993870
2021-11-23T00:19:10,118.11,124.93,106.91,40993870
2021-11-23T00:24:11,118.11,124.93,106.91,40993870
2021-11-23T00:29:12,118.11,124.93,106.91,40993870
2021-11-23T00:34:12,118.11,124.93,106.91,40993870
2021-11-23T00:39:13,118.11,124.93,106.91,40993870
2021-11-23T00:44:14,118.11,124.93,106.91,40993870
2021-11-23T00:49:15,118.11,124.93,106.91,40993870
2021-11-23T00:54:16,118.11,124.93,106.91,40993870
2021-11-23T00:59:17,118.11,124.93,106.91,40993870
2021-11-23T01:04:17,118.11,124.93,106.91,40993870
2021-11-23T01:09:18,118.11,124.93,106.91,40993870
2021-11-23T01:14:19,118.11,124.93,106.91,40993870
2021-11-23T01:19:20,118.11,124.93,106.91,40993870
2021-11-23T01:24:20,118.11,124.93,106.91,40993870
2021-11-23T01:29:21,118.11,124.93,106.91,40993870
2021-11-23T01:34:22,118.11,124.93,106.91,40993870
2021-11-23T01:39:23,118.11,124.93,106.91,40993870
2021-11-23T01:44:23,118.11,124.93,106.91,40993870
