Date-Time,Price,High,Low,Volume
2021-11-23T00:04:13,41.49,42.84,40.25,70987477
2021-11-23T00:09:14,41.49,42.84,40.25,70987477
2021-11-23T00:14:15,41.49,42.84,40.25,70987477
2021-11-23T00:19:16,41.49,42.84,40.25,70987477
2021-11-23T00:24:17,41.49,42.84,40.25,70987477
2021-11-23T00:29:18,41.49,42.84,40.25,70987477
2021-11-23T00:34:19,41.49,42.84,40.25,70987477
2021-11-23T00:39:20,41.49,42.84,40.25,70987477
2021-11-23T00:44:20,41.49,42.84,40.25,70987477
2021-11-23T00:49:21,41.49,42.84,40.25,70987477
2021-11-23T00:54:22,41.49,42.84,40.25,70987477
2021-11-23T00:59:23,41.49,42.84,40.25,70987477
2021-11-23T01:04:24,41.49,42.84,40.25,70987477
2021-11-23T01:09:24,41.49,42.84,40.25,70987477
2021-11-23T01:14:25,41.49,42.84,40.25,70987477
2021-11-23T01:19:26,41.49,42.84,40.25,70987477
2021-11-23T01:24:27,41.49,42.84,40.25,70987477
2021-11-23T01:29:28,41.49,42.84,40.25,70987477
2021-11-23T01:34:29,41.49,42.84,40.25,70987477
2021-11-23T01:39:29,41.49,42.84,40.25,70987477
2021-11-23T01:44:30,41.49,42.84,40.25,70987477
