Date-Time,Price,High,Low,Volume
2022-04-24T00:00:55,184.11,192.72,183.27,36426769
2022-04-24T00:05:55,184.11,192.72,183.27,36426769
2022-04-24T00:10:56,184.11,192.72,183.27,36426769
2022-04-24T00:15:57,184.11,192.72,183.27,36426769
2022-04-24T00:20:58,184.11,192.72,183.27,36426769
2022-04-24T00:25:59,184.11,192.72,183.27,36426769
2022-04-24T00:31:00,184.11,192.72,183.27,36426769
2022-04-24T00:36:01,184.11,192.72,183.27,36426769
2022-04-24T00:41:02,184.11,192.72,183.27,36426769
2022-04-24T00:46:03,184.11,192.72,183.27,36426769
2022-04-24T00:51:03,184.11,192.72,183.27,36426769
2022-04-24T00:56:04,184.11,192.72,183.27,36426769
2022-04-24T01:01:05,184.11,192.72,183.27,36426769
2022-04-24T01:06:06,184.11,192.72,183.27,36426769
2022-04-24T01:11:07,184.11,192.72,183.27,36426769
2022-04-24T01:16:07,184.11,192.72,183.27,36426769
2022-04-24T01:21:08,184.11,192.72,183.27,36426769
2022-04-24T01:26:09,184.11,192.72,183.27,36426769
2022-04-24T01:31:10,184.11,192.72,183.27,36426769
2022-04-24T01:36:11,184.11,192.72,183.27,36426769
2022-04-24T01:41:11,184.11,192.72,183.27,36426769
2022-04-24T01:46:12,184.11,192.72,183.27,36426769
2022-04-24T01:51:13,184.11,192.72,183.27,36426769
2022-04-24T01:56:14,184.11,192.72,183.27,36426769
2022-04-24T02:01:14,184.11,192.72,183.27,36426769
2022-04-24T02:06:16,184.11,192.72,183.27,36426769
2022-04-24T02:11:16,184.11,192.72,183.27,36426769
2022-04-24T02:16:17,184.11,192.72,183.27,36426769
2022-04-24T02:21:18,184.11,192.72,183.27,36426769
2022-04-24T02:26:19,184.11,192.72,183.27,36426769
2022-04-24T02:31:20,184.11,192.72,183.27,36426769
2022-04-24T02:36:20,184.11,192.72,183.27,36426769
2022-04-24T02:41:22,184.11,192.72,183.27,36426769
2022-04-24T02:46:22,184.11,192.72,183.27,36426769
2022-04-24T02:51:23,184.11,192.72,183.27,36426769
2022-04-24T02:56:24,184.11,192.72,183.27,36426769
2022-04-24T03:01:25,184.11,192.72,183.27,36426769
2022-04-24T03:06:26,184.11,192.72,183.27,36426769
2022-04-24T03:11:27,184.11,192.72,183.27,36426769
2022-04-24T03:16:28,184.11,192.72,183.27,36426769
2022-04-24T03:21:29,184.11,192.72,183.27,36426769
2022-04-24T03:26:30,184.11,192.72,183.27,36426769
2022-04-24T03:31:30,184.11,192.72,183.27,36426769
2022-04-24T03:36:31,184.11,192.72,183.27,36426769
2022-04-24T03:41:32,184.11,192.72,183.27,36426769
2022-04-24T03:46:33,184.11,192.72,183.27,36426769
2022-04-24T03:51:34,184.11,192.72,183.27,36426769
2022-04-24T03:56:34,184.11,192.72,183.27,36426769
2022-04-24T04:01:35,184.11,192.72,183.27,36426769
2022-04-24T04:06:36,184.11,192.72,183.27,36426769
2022-04-24T04:11:37,184.11,192.72,183.27,36426769
2022-04-24T04:16:38,184.11,192.72,183.27,36426769
2022-04-24T04:21:38,184.11,192.72,183.27,36426769
