Date-Time,Price,High,Low,Volume
2022-04-24T00:00:55,17.18,18.29,17.12,60727306
2022-04-24T00:05:55,17.18,18.29,17.12,60727306
2022-04-24T00:10:56,17.18,18.29,17.12,60727306
2022-04-24T00:15:57,17.18,18.29,17.12,60727306
2022-04-24T00:20:58,17.18,18.29,17.12,60727306
2022-04-24T00:25:59,17.18,18.29,17.12,60727306
2022-04-24T00:31:00,17.18,18.29,17.12,60727306
2022-04-24T00:36:01,17.18,18.29,17.12,60727306
2022-04-24T00:41:01,17.18,18.29,17.12,60727306
2022-04-24T00:46:02,17.18,18.29,17.12,60727306
2022-04-24T00:51:03,17.18,18.29,17.12,60727306
2022-04-24T00:56:04,17.18,18.29,17.12,60727306
2022-04-24T01:01:05,17.18,18.29,17.12,60727306
2022-04-24T01:06:05,17.18,18.29,17.12,60727306
2022-04-24T01:11:06,17.18,18.29,17.12,60727306
2022-04-24T01:16:07,17.18,18.29,17.12,60727306
2022-04-24T01:21:08,17.18,18.29,17.12,60727306
