Date-Time,Price,High,Low,Volume
2022-05-20T00:00:43,16.66,16.8899,15.785,61191021
2022-05-20T00:05:44,16.66,16.8899,15.785,61191021
2022-05-20T00:10:45,16.66,16.8899,15.785,61191021
2022-05-20T00:15:46,16.66,16.8899,15.785,61191021
2022-05-20T00:20:47,16.66,16.8899,15.785,61191021
2022-05-20T00:25:47,16.66,16.8899,15.785,61191021
2022-05-20T00:30:48,16.66,16.8899,15.785,61191021
2022-05-20T00:35:49,16.66,16.8899,15.785,61191021
2022-05-20T00:40:50,16.66,16.8899,15.785,61191021
2022-05-20T00:45:51,16.66,16.8899,15.785,61191021
2022-05-20T00:50:51,16.66,16.8899,15.785,61191021
