Date-Time,Price,High,Low,Volume
2022-05-20T00:01:41,4.36,4.36,4.0501,583328
2022-05-20T00:06:42,4.36,4.36,4.0501,583328
2022-05-20T00:11:43,4.36,4.36,4.0501,583328
2022-05-20T00:16:44,4.36,4.36,4.0501,583328
2022-05-20T00:21:45,4.36,4.36,4.0501,583328
2022-05-20T00:26:46,4.36,4.36,4.0501,583328
2022-05-20T00:31:47,4.36,4.36,4.0501,583328
2022-05-20T00:36:47,4.36,4.36,4.0501,583328
2022-05-20T00:41:48,4.36,4.36,4.0501,583328
2022-05-20T00:46:49,4.36,4.36,4.0501,583328
2022-05-20T00:51:50,4.36,4.36,4.0501,583328
