Date-Time,Price,High,Low,Volume
2021-11-27T00:01:32,39.99,40.3431,39.10,30468526
2021-11-27T00:06:32,39.99,40.3431,39.10,30468526
2021-11-27T00:11:33,39.99,40.3431,39.10,30468526
2021-11-27T00:16:34,39.99,40.3431,39.10,30468526
2021-11-27T00:21:35,39.99,40.3431,39.10,30468526
2021-11-27T00:26:36,39.99,40.3431,39.10,30468526
2021-11-27T00:31:37,39.99,40.3431,39.10,30468526
2021-11-27T00:36:38,39.99,40.3431,39.10,30468526
2021-11-27T00:41:39,39.99,40.3431,39.10,30468526
2021-11-27T00:46:39,39.99,40.3431,39.10,30468526
