Date-Time,Price,High,Low,Volume
2021-11-27T00:00:33,333.12,337.75,331.902,14750737
2021-11-27T00:05:34,333.12,337.75,331.902,14750737
2021-11-27T00:10:35,333.12,337.75,331.902,14750737
2021-11-27T00:15:36,333.12,337.75,331.902,14750737
2021-11-27T00:20:37,333.12,337.75,331.902,14750737
2021-11-27T00:25:37,333.12,337.75,331.902,14750737
2021-11-27T00:30:38,333.12,337.75,331.902,14750737
2021-11-27T00:35:39,333.12,337.75,331.902,14750737
2021-11-27T00:40:40,333.12,337.75,331.902,14750737
2021-11-27T00:45:41,333.12,337.75,331.902,14750737
