Date-Time,Price,High,Low,Volume
2021-11-27T00:00:35,1081.92,1108.7827,1081.00,11680890
2021-11-27T00:05:36,1081.92,1108.7827,1081.00,11680890
2021-11-27T00:10:36,1081.92,1108.7827,1081.00,11680890
2021-11-27T00:15:37,1081.92,1108.7827,1081.00,11680890
2021-11-27T00:20:38,1081.92,1108.7827,1081.00,11680890
2021-11-27T00:25:39,1081.92,1108.7827,1081.00,11680890
2021-11-27T00:30:40,1081.92,1108.7827,1081.00,11680890
2021-11-27T00:35:40,1081.92,1108.7827,1081.00,11680890
2021-11-27T00:40:41,1081.92,1108.7827,1081.00,11680890
2021-11-27T00:45:42,1081.92,1108.7827,1081.00,11680890
2021-11-27T00:50:43,1081.92,1108.7827,1081.00,11680890
2021-11-27T00:55:44,1081.92,1108.7827,1081.00,11680890
2021-11-27T01:00:45,1081.92,1108.7827,1081.00,11680890
2021-11-27T01:05:46,1081.92,1108.7827,1081.00,11680890
2021-11-27T01:10:46,1081.92,1108.7827,1081.00,11680890
2021-11-27T01:15:47,1081.92,1108.7827,1081.00,11680890
2021-11-27T01:20:48,1081.92,1108.7827,1081.00,11680890
2021-11-27T01:25:49,1081.92,1108.7827,1081.00,11680890
2021-11-27T01:30:49,1081.92,1108.7827,1081.00,11680890
2021-11-27T01:35:50,1081.92,1108.7827,1081.00,11680890
2021-11-27T01:40:51,1081.92,1108.7827,1081.00,11680890
2021-11-27T01:45:52,1081.92,1108.7827,1081.00,11680890
