Date-Time,Price,High,Low,Volume
2022-01-20T00:02:03,69.40,76.32,68.95,15068410
2022-01-20T00:07:06,69.40,76.32,68.95,15068410
2022-01-20T00:12:06,69.40,76.32,68.95,15068410
2022-01-20T00:17:08,69.40,76.32,68.95,15068410
2022-01-20T00:22:09,69.40,76.32,68.95,15068410
2022-01-20T00:27:10,69.40,76.32,68.95,15068410
2022-01-20T00:32:11,69.40,76.32,68.95,15068410
2022-01-20T00:37:12,69.40,76.32,68.95,15068410
2022-01-20T00:42:13,69.40,76.32,68.95,15068410
2022-01-20T00:47:14,69.40,76.32,68.95,15068410
2022-01-20T00:52:15,69.40,76.32,68.95,15068410
2022-01-20T00:57:15,69.40,76.32,68.95,15068410
2022-01-20T01:02:16,69.40,76.32,68.95,15068410
2022-01-20T01:07:17,69.40,76.32,68.95,15068410
2022-01-20T01:12:18,69.40,76.32,68.95,15068410
2022-01-20T01:17:19,69.40,76.32,68.95,15068410
2022-01-20T01:22:20,69.40,76.32,68.95,15068410
2022-01-20T01:27:21,69.40,76.32,68.95,15068410
2022-01-20T01:32:22,69.40,76.32,68.95,15068410
