Date-Time,Price,High,Low,Volume
2022-01-20T00:00:20,28.63,30.1471,28.605,34011846
2022-01-20T00:05:21,28.63,30.1471,28.605,34011846
2022-01-20T00:10:22,28.63,30.1471,28.605,34011846
2022-01-20T00:15:23,28.63,30.1471,28.605,34011846
2022-01-20T00:20:23,28.63,30.1471,28.605,34011846
2022-01-20T00:25:24,28.63,30.1471,28.605,34011846
2022-01-20T00:30:25,28.63,30.1471,28.605,34011846
2022-01-20T00:35:26,28.63,30.1471,28.605,34011846
2022-01-20T00:40:27,28.63,30.1471,28.605,34011846
2022-01-20T00:45:28,28.63,30.1471,28.605,34011846
2022-01-20T00:50:29,28.63,30.1471,28.605,34011846
2022-01-20T00:55:29,28.63,30.1471,28.605,34011846
2022-01-20T01:00:30,28.63,30.1471,28.605,34011846
2022-01-20T01:05:31,28.63,30.1471,28.605,34011846
2022-01-20T01:10:32,28.63,30.1471,28.605,34011846
2022-01-20T01:15:33,28.63,30.1471,28.605,34011846
2022-01-20T01:20:33,28.63,30.1471,28.605,34011846
2022-01-20T01:25:35,28.63,30.1471,28.605,34011846
2022-01-20T01:30:35,28.63,30.1471,28.605,34011846
2022-01-20T01:35:36,28.63,30.1471,28.605,34011846
