Date-Time,Price,High,Low,Volume
2022-01-20T00:04:53,995.65,1054.6699,995.00,25147496
2022-01-20T00:09:53,995.65,1054.6699,995.00,25147496
2022-01-20T00:14:54,995.65,1054.6699,995.00,25147496
2022-01-20T00:19:55,995.65,1054.6699,995.00,25147496
2022-01-20T00:24:56,995.65,1054.6699,995.00,25147496
2022-01-20T00:29:57,995.65,1054.6699,995.00,25147496
2022-01-20T00:34:57,995.65,1054.6699,995.00,25147496
2022-01-20T00:39:58,995.65,1054.6699,995.00,25147496
2022-01-20T00:44:59,995.65,1054.6699,995.00,25147496
2022-01-20T00:50:00,995.65,1054.6699,995.00,25147496
2022-01-20T00:55:01,995.65,1054.6699,995.00,25147496
2022-01-20T01:00:02,995.65,1054.6699,995.00,25147496
2022-01-20T01:05:03,995.65,1054.6699,995.00,25147496
2022-01-20T01:10:03,995.65,1054.6699,995.00,25147496
2022-01-20T01:15:09,995.65,1054.6699,995.00,25147496
2022-01-20T01:20:10,995.65,1054.6699,995.00,25147496
2022-01-20T01:25:11,995.65,1054.6699,995.00,25147496
2022-01-20T01:30:12,995.65,1054.6699,995.00,25147496
2022-01-20T01:35:16,995.65,1054.6699,995.00,25147496
2022-01-20T01:40:17,995.65,1054.6699,995.00,25147496
2022-01-20T01:45:18,995.65,1054.6699,995.00,25147496
2022-01-20T01:50:19,995.65,1054.6699,995.00,25147496
2022-01-20T01:55:20,995.65,1054.6699,995.00,25147496
2022-01-20T02:00:21,995.65,1054.6699,995.00,25147496
2022-01-20T02:05:21,995.65,1054.6699,995.00,25147496
2022-01-20T02:10:22,995.65,1054.6699,995.00,25147496
2022-01-20T02:15:23,995.65,1054.6699,995.00,25147496
2022-01-20T02:20:24,995.65,1054.6699,995.00,25147496
2022-01-20T02:25:25,995.65,1054.6699,995.00,25147496
2022-01-20T02:30:26,995.65,1054.6699,995.00,25147496
2022-01-20T02:35:27,995.65,1054.6699,995.00,25147496
2022-01-20T02:40:28,995.65,1054.6699,995.00,25147496
2022-01-20T02:45:28,995.65,1054.6699,995.00,25147496
2022-01-20T02:50:29,995.65,1054.6699,995.00,25147496
2022-01-20T02:55:30,995.65,1054.6699,995.00,25147496
2022-01-20T03:00:31,995.65,1054.6699,995.00,25147496
2022-01-20T03:05:35,995.65,1054.6699,995.00,25147496
2022-01-20T03:10:36,995.65,1054.6699,995.00,25147496
2022-01-20T03:15:37,995.65,1054.6699,995.00,25147496
2022-01-20T03:20:38,995.65,1054.6699,995.00,25147496
2022-01-20T03:25:39,995.65,1054.6699,995.00,25147496
2022-01-20T03:30:39,995.65,1054.6699,995.00,25147496
2022-01-20T03:35:40,995.65,1054.6699,995.00,25147496
2022-01-20T03:40:41,995.65,1054.6699,995.00,25147496
2022-01-20T03:45:42,995.65,1054.6699,995.00,25147496
2022-01-20T03:50:43,995.65,1054.6699,995.00,25147496
2022-01-20T03:55:44,995.65,1054.6699,995.00,25147496
2022-01-20T04:00:45,995.65,1054.6699,995.00,25147496
2022-01-20T04:05:46,995.65,1054.6699,995.00,25147496
2022-01-20T04:10:46,995.65,1054.6699,995.00,25147496
2022-01-20T04:15:47,995.65,1054.6699,995.00,25147496
2022-01-20T04:20:48,995.65,1054.6699,995.00,25147496
2022-01-20T04:25:49,995.65,1054.6699,995.00,25147496
2022-01-20T04:30:50,995.65,1054.6699,995.00,25147496
2022-01-20T04:35:51,995.65,1054.6699,995.00,25147496
2022-01-20T04:40:52,995.65,1054.6699,995.00,25147496
2022-01-20T04:45:53,995.65,1054.6699,995.00,25147496
2022-01-20T04:50:53,995.65,1054.6699,995.00,25147496
2022-01-20T04:55:54,995.65,1054.6699,995.00,25147496
2022-01-20T05:00:55,995.65,1054.6699,995.00,25147496
2022-01-20T05:05:56,995.65,1054.6699,995.00,25147496
2022-01-20T05:10:57,995.65,1054.6699,995.00,25147496
2022-01-20T05:15:58,995.65,1054.6699,995.00,25147496
2022-01-20T05:20:59,995.65,1054.6699,995.00,25147496
2022-01-20T05:26:00,995.65,1054.6699,995.00,25147496
2022-01-20T05:31:01,995.65,1054.6699,995.00,25147496
2022-01-20T05:36:02,995.65,1054.6699,995.00,25147496
2022-01-20T05:41:02,995.65,1054.6699,995.00,25147496
2022-01-20T05:46:04,995.65,1054.6699,995.00,25147496
2022-01-20T05:51:05,995.65,1054.6699,995.00,25147496
2022-01-20T05:56:06,995.65,1054.6699,995.00,25147496
2022-01-20T06:01:07,995.65,1054.6699,995.00,25147496
2022-01-20T06:06:07,995.65,1054.6699,995.00,25147496
2022-01-20T06:11:09,995.65,1054.6699,995.00,25147496
2022-01-20T06:16:10,995.65,1054.6699,995.00,25147496
2022-01-20T06:21:11,995.65,1054.6699,995.00,25147496
2022-01-20T06:26:12,995.65,1054.6699,995.00,25147496
2022-01-20T06:31:13,995.65,1054.6699,995.00,25147496
2022-01-20T06:36:13,995.65,1054.6699,995.00,25147496
2022-01-20T06:41:14,995.65,1054.6699,995.00,25147496
2022-01-20T06:46:15,1007.39,1010.00,1005.02,856311
2022-01-20T06:51:16,1015.3069,1015.87,1002.65,1605981
2022-01-20T06:56:16,1019.81,1020.70,1002.65,2272129
2022-01-20T07:01:17,1024.1001,1025.8046,1002.65,2950539
2022-01-20T07:06:18,1020.3185,1027.00,1002.65,3674476
2022-01-20T07:11:19,1023.7845,1027.00,1002.65,4135438
2022-01-20T07:16:19,1023.3021,1027.00,1002.65,4492481
2022-01-20T07:21:20,1021.0201,1027.00,1002.65,4776253
2022-01-20T07:26:21,1022.7852,1027.00,1002.65,5061127
2022-01-20T07:31:22,1028.25,1029.9399,1002.65,5497747
2022-01-20T07:36:23,1022.115,1029.9399,1002.65,5962456
