Date-Time,Price,High,Low,Volume
2022-01-20T00:02:30,319.59,327.10,319.33,20814740
2022-01-20T00:07:31,319.59,327.10,319.33,20814740
2022-01-20T00:12:33,319.59,327.10,319.33,20814740
2022-01-20T00:17:34,319.59,327.10,319.33,20814740
2022-01-20T00:22:40,319.59,327.10,319.33,20814740
2022-01-20T00:27:42,319.59,327.10,319.33,20814740
2022-01-20T00:32:43,319.59,327.10,319.33,20814740
2022-01-20T00:37:44,319.59,327.10,319.33,20814740
2022-01-20T00:42:44,319.59,327.10,319.33,20814740
2022-01-20T00:47:45,319.59,327.10,319.33,20814740
2022-01-20T00:52:46,319.59,327.10,319.33,20814740
2022-01-20T00:57:47,319.59,327.10,319.33,20814740
2022-01-20T01:02:48,319.59,327.10,319.33,20814740
2022-01-20T01:07:49,319.59,327.10,319.33,20814740
2022-01-20T01:12:50,319.59,327.10,319.33,20814740
2022-01-20T01:17:51,319.59,327.10,319.33,20814740
2022-01-20T01:22:51,319.59,327.10,319.33,20814740
2022-01-20T01:27:52,319.59,327.10,319.33,20814740
2022-01-20T01:32:56,319.59,327.10,319.33,20814740
2022-01-20T01:37:57,319.59,327.10,319.33,20814740
2022-01-20T01:42:58,319.59,327.10,319.33,20814740
2022-01-20T01:47:59,319.59,327.10,319.33,20814740
2022-01-20T01:52:59,319.59,327.10,319.33,20814740
2022-01-20T01:58:00,319.59,327.10,319.33,20814740
2022-01-20T02:03:01,319.59,327.10,319.33,20814740
2022-01-20T02:08:02,319.59,327.10,319.33,20814740
2022-01-20T02:13:03,319.59,327.10,319.33,20814740
2022-01-20T02:18:03,319.59,327.10,319.33,20814740
2022-01-20T02:23:04,319.59,327.10,319.33,20814740
2022-01-20T02:28:05,319.59,327.10,319.33,20814740
2022-01-20T02:33:06,319.59,327.10,319.33,20814740
2022-01-20T02:38:06,319.59,327.10,319.33,20814740
2022-01-20T02:43:07,319.59,327.10,319.33,20814740
2022-01-20T02:48:08,319.59,327.10,319.33,20814740
2022-01-20T02:53:09,319.59,327.10,319.33,20814740
2022-01-20T02:58:10,319.59,327.10,319.33,20814740
2022-01-20T03:03:10,319.59,327.10,319.33,20814740
2022-01-20T03:08:11,319.59,327.10,319.33,20814740
2022-01-20T03:13:12,319.59,327.10,319.33,20814740
2022-01-20T03:18:13,319.59,327.10,319.33,20814740
2022-01-20T03:23:14,319.59,327.10,319.33,20814740
2022-01-20T03:28:16,319.59,327.10,319.33,20814740
2022-01-20T03:33:17,319.59,327.10,319.33,20814740
2022-01-20T03:38:18,319.59,327.10,319.33,20814740
2022-01-20T03:43:19,319.59,327.10,319.33,20814740
2022-01-20T03:48:19,319.59,327.10,319.33,20814740
2022-01-20T03:53:20,319.59,327.10,319.33,20814740
2022-01-20T03:58:21,319.59,327.10,319.33,20814740
2022-01-20T04:03:22,319.59,327.10,319.33,20814740
2022-01-20T04:08:23,319.59,327.10,319.33,20814740
2022-01-20T04:13:24,319.59,327.10,319.33,20814740
2022-01-20T04:18:25,319.59,327.10,319.33,20814740
2022-01-20T04:23:26,319.59,327.10,319.33,20814740
2022-01-20T04:28:26,319.59,327.10,319.33,20814740
2022-01-20T04:33:27,319.59,327.10,319.33,20814740
2022-01-20T04:38:28,319.59,327.10,319.33,20814740
2022-01-20T04:43:29,319.59,327.10,319.33,20814740
2022-01-20T04:48:30,319.59,327.10,319.33,20814740
2022-01-20T04:53:30,319.59,327.10,319.33,20814740
2022-01-20T04:58:31,319.59,327.10,319.33,20814740
2022-01-20T05:03:32,319.59,327.10,319.33,20814740
2022-01-20T05:08:33,319.59,327.10,319.33,20814740
2022-01-20T05:13:34,319.59,327.10,319.33,20814740
2022-01-20T05:18:34,319.59,327.10,319.33,20814740
2022-01-20T05:23:36,319.59,327.10,319.33,20814740
2022-01-20T05:28:37,319.59,327.10,319.33,20814740
2022-01-20T05:33:38,319.59,327.10,319.33,20814740
2022-01-20T05:38:39,319.59,327.10,319.33,20814740
2022-01-20T05:43:40,319.59,327.10,319.33,20814740
2022-01-20T05:48:40,319.59,327.10,319.33,20814740
2022-01-20T05:53:41,319.59,327.10,319.33,20814740
2022-01-20T05:58:42,319.59,327.10,319.33,20814740
2022-01-20T06:03:43,319.59,327.10,319.33,20814740
2022-01-20T06:08:44,319.59,327.10,319.33,20814740
2022-01-20T06:13:45,319.59,327.10,319.33,20814740
2022-01-20T06:18:46,319.59,327.10,319.33,20814740
2022-01-20T06:23:47,319.59,327.10,319.33,20814740
2022-01-20T06:28:48,319.59,327.10,319.33,20814740
2022-01-20T06:33:49,319.59,327.10,319.33,20814740
