Date-Time,Price,High,Low,Volume
2021-12-07T00:04:36,32.34,33.32,29.66,70041660
2021-12-07T00:09:37,32.34,33.32,29.66,70041660
2021-12-07T00:14:38,32.34,33.32,29.66,70041660
2021-12-07T00:19:39,32.34,33.32,29.66,70041660
2021-12-07T00:24:40,32.34,33.32,29.66,70041660
2021-12-07T00:29:41,32.34,33.32,29.66,70041660
2021-12-07T00:34:41,32.34,33.32,29.66,70041660
2021-12-07T00:39:42,32.34,33.32,29.66,70041660
2021-12-07T00:44:43,32.34,33.32,29.66,70041660
2021-12-07T00:49:44,32.34,33.32,29.66,70041660
2021-12-07T00:54:44,32.34,33.32,29.66,70041660
2021-12-07T00:59:45,32.34,33.32,29.66,70041660
2021-12-07T01:04:46,32.34,33.32,29.66,70041660
2021-12-07T01:09:47,32.34,33.32,29.66,70041660
2021-12-07T01:14:47,32.34,33.32,29.66,70041660
2021-12-07T01:19:48,32.34,33.32,29.66,70041660
2021-12-07T01:24:49,32.34,33.32,29.66,70041660
2021-12-07T01:29:50,32.34,33.32,29.66,70041660
2021-12-07T01:34:50,32.34,33.32,29.66,70041660
2021-12-07T01:39:51,32.34,33.32,29.66,70041660
2021-12-07T01:44:52,32.34,33.32,29.66,70041660
2021-12-07T01:49:53,32.34,33.32,29.66,70041660
2021-12-07T01:54:54,32.34,33.32,29.66,70041660
2021-12-07T01:59:54,32.34,33.32,29.66,70041660
2021-12-07T02:04:55,32.34,33.32,29.66,70041660
2021-12-07T02:09:56,32.34,33.32,29.66,70041660
2021-12-07T02:14:57,32.34,33.32,29.66,70041660
2021-12-07T02:19:58,32.34,33.32,29.66,70041660
2021-12-07T02:24:59,32.34,33.32,29.66,70041660
2021-12-07T02:30:00,32.34,33.32,29.66,70041660
2021-12-07T02:35:01,32.34,33.32,29.66,70041660
2021-12-07T02:40:01,32.34,33.32,29.66,70041660
2021-12-07T02:45:02,32.34,33.32,29.66,70041660
2021-12-07T02:50:03,32.34,33.32,29.66,70041660
2021-12-07T02:55:04,32.34,33.32,29.66,70041660
2021-12-07T03:00:05,32.34,33.32,29.66,70041660
2021-12-07T03:05:05,32.34,33.32,29.66,70041660
