Date-Time,Price,High,Low,Volume
2021-12-07T00:02:36,317.87,320.10,306.34,21758340
2021-12-07T00:07:37,317.87,320.10,306.34,21758340
2021-12-07T00:12:38,317.87,320.10,306.34,21758340
2021-12-07T00:17:38,317.87,320.10,306.34,21758340
2021-12-07T00:22:39,317.87,320.10,306.34,21758340
2021-12-07T00:27:40,317.87,320.10,306.34,21758340
2021-12-07T00:32:41,317.87,320.10,306.34,21758340
2021-12-07T00:37:42,317.87,320.10,306.34,21758340
2021-12-07T00:42:43,317.87,320.10,306.34,21758340
2021-12-07T00:47:45,317.87,320.10,306.34,21758340
2021-12-07T00:52:46,317.87,320.10,306.34,21758340
2021-12-07T00:57:46,317.87,320.10,306.34,21758340
2021-12-07T01:02:47,317.87,320.10,306.34,21758340
