Date-Time,Price,High,Low,Volume
2022-02-03T00:04:35,6.34,6.52,6.073,1337792
2022-02-03T00:09:35,6.34,6.52,6.073,1337792
2022-02-03T00:14:36,6.34,6.52,6.073,1337792
2022-02-03T00:19:37,6.34,6.52,6.073,1337792
2022-02-03T00:24:38,6.34,6.52,6.073,1337792
2022-02-03T00:29:39,6.34,6.52,6.073,1337792
2022-02-03T00:34:40,6.34,6.52,6.073,1337792
2022-02-03T00:39:40,6.34,6.52,6.073,1337792
2022-02-03T00:44:41,6.34,6.52,6.073,1337792
2022-02-03T00:49:42,6.34,6.52,6.073,1337792
2022-02-03T00:54:43,6.34,6.52,6.073,1337792
2022-02-03T00:59:43,6.34,6.52,6.073,1337792
2022-02-03T01:04:44,6.34,6.52,6.073,1337792
2022-02-03T01:09:45,6.34,6.52,6.073,1337792
2022-02-03T01:14:46,6.34,6.52,6.073,1337792
2022-02-03T01:19:47,6.34,6.52,6.073,1337792
2022-02-03T01:24:48,6.34,6.52,6.073,1337792
2022-02-03T01:29:48,6.34,6.52,6.073,1337792
2022-02-03T01:34:49,6.34,6.52,6.073,1337792
2022-02-03T01:39:50,6.34,6.52,6.073,1337792
2022-02-03T01:44:51,6.34,6.52,6.073,1337792
2022-02-03T01:49:52,6.34,6.52,6.073,1337792
