Date-Time,Price,High,Low,Volume
2022-02-03T00:02:45,64.32,69.90,63.55,15610304
2022-02-03T00:07:46,64.32,69.90,63.55,15610304
2022-02-03T00:12:47,64.32,69.90,63.55,15610304
2022-02-03T00:17:48,64.32,69.90,63.55,15610304
2022-02-03T00:22:49,64.32,69.90,63.55,15610304
2022-02-03T00:27:50,64.32,69.90,63.55,15610304
2022-02-03T00:32:51,64.32,69.90,63.55,15610304
2022-02-03T00:37:52,64.32,69.90,63.55,15610304
2022-02-03T00:42:52,64.32,69.90,63.55,15610304
2022-02-03T00:47:53,64.32,69.90,63.55,15610304
2022-02-03T00:52:54,64.32,69.90,63.55,15610304
