Date-Time,Price,High,Low,Volume
2022-02-03T00:02:48,905.66,931.50,889.41,22264345
2022-02-03T00:07:49,905.66,931.50,889.41,22264345
2022-02-03T00:12:50,905.66,931.50,889.41,22264345
2022-02-03T00:17:51,905.66,931.50,889.41,22264345
2022-02-03T00:22:52,905.66,931.50,889.41,22264345
2022-02-03T00:27:52,905.66,931.50,889.41,22264345
2022-02-03T00:32:53,905.66,931.50,889.41,22264345
2022-02-03T00:37:54,905.66,931.50,889.41,22264345
2022-02-03T00:42:55,905.66,931.50,889.41,22264345
2022-02-03T00:47:56,905.66,931.50,889.41,22264345
2022-02-03T00:52:57,905.66,931.50,889.41,22264345
2022-02-03T00:57:57,905.66,931.50,889.41,22264345
2022-02-03T01:02:58,905.66,931.50,889.41,22264345
2022-02-03T01:07:59,905.66,931.50,889.41,22264345
2022-02-03T01:13:00,905.66,931.50,889.41,22264345
2022-02-03T01:18:01,905.66,931.50,889.41,22264345
2022-02-03T01:23:01,905.66,931.50,889.41,22264345
2022-02-03T01:28:02,905.66,931.50,889.41,22264345
2022-02-03T01:33:03,905.66,931.50,889.41,22264345
2022-02-03T01:38:04,905.66,931.50,889.41,22264345
2022-02-03T01:43:05,905.66,931.50,889.41,22264345
2022-02-03T01:48:05,905.66,931.50,889.41,22264345
2022-02-03T01:53:06,905.66,931.50,889.41,22264345
