Date-Time,Price,High,Low,Volume
2022-02-03T00:00:48,323.00,328.00,316.8747,58458280
2022-02-03T00:05:49,323.00,328.00,316.8747,58458280
2022-02-03T00:10:50,323.00,328.00,316.8747,58458280
2022-02-03T00:15:51,323.00,328.00,316.8747,58458280
2022-02-03T00:20:51,323.00,328.00,316.8747,58458280
2022-02-03T00:25:52,323.00,328.00,316.8747,58458280
2022-02-03T00:30:53,323.00,328.00,316.8747,58458280
2022-02-03T00:35:54,323.00,328.00,316.8747,58458280
2022-02-03T00:40:55,323.00,328.00,316.8747,58458280
2022-02-03T00:45:56,323.00,328.00,316.8747,58458280
2022-02-03T00:50:57,323.00,328.00,316.8747,58458280
