Date-Time,Price,High,Low,Volume
2022-02-03T00:02:50,23.76,24.89,23.01,60475381
2022-02-03T00:07:51,23.76,24.89,23.01,60475381
2022-02-03T00:12:52,23.76,24.89,23.01,60475381
2022-02-03T00:17:53,23.76,24.89,23.01,60475381
2022-02-03T00:22:53,23.76,24.89,23.01,60475381
2022-02-03T00:27:54,23.76,24.89,23.01,60475381
2022-02-03T00:32:55,23.76,24.89,23.01,60475381
2022-02-03T00:37:56,23.76,24.89,23.01,60475381
2022-02-03T00:42:56,23.76,24.89,23.01,60475381
2022-02-03T00:47:57,23.76,24.89,23.01,60475381
2022-02-03T00:52:58,23.76,24.89,23.01,60475381
