Date-Time,Price,High,Low,Volume
2022-01-22T01:57:01,5.51,5.66,5.2215,1145730
2022-01-22T02:02:02,5.51,5.66,5.2215,1145730
2022-01-22T02:07:03,5.51,5.66,5.2215,1145730
2022-01-22T02:12:04,5.51,5.66,5.2215,1145730
2022-01-22T02:32:06,5.51,5.66,5.2215,1145730
2022-01-22T02:37:07,5.51,5.66,5.2215,1145730
2022-01-22T02:52:08,5.51,5.66,5.2215,1145730
2022-01-22T02:57:09,5.51,5.66,5.2215,1145730
2022-01-22T03:02:10,5.51,5.66,5.2215,1145730
2022-01-22T03:07:11,5.51,5.66,5.2215,1145730
2022-01-22T03:12:12,5.51,5.66,5.2215,1145730
2022-01-22T03:22:13,5.51,5.66,5.2215,1145730
2022-01-22T03:32:14,5.51,5.66,5.2215,1145730
2022-01-22T03:52:16,5.51,5.66,5.2215,1145730
2022-01-22T04:17:19,5.51,5.66,5.2215,1145730
2022-01-22T04:27:20,5.51,5.66,5.2215,1145730
2022-01-22T04:32:21,5.51,5.66,5.2215,1145730
