Date-Time,Price,High,Low,Volume
2022-01-22T01:54:46,64.51,67.16,60.51,19344685
2022-01-22T02:00:41,64.51,67.16,60.51,19344685
2022-01-22T02:45:44,64.51,67.16,60.51,19344685
2022-01-22T02:50:45,64.51,67.16,60.51,19344685
2022-01-22T02:55:46,64.51,67.16,60.51,19344685
2022-01-22T03:00:47,64.51,67.16,60.51,19344685
2022-01-22T03:05:48,64.51,67.16,60.51,19344685
2022-01-22T03:25:50,64.51,67.16,60.51,19344685
2022-01-22T03:40:52,64.51,67.16,60.51,19344685
2022-01-22T03:50:53,64.51,67.16,60.51,19344685
2022-01-22T03:55:54,64.51,67.16,60.51,19344685
2022-01-22T04:05:55,64.51,67.16,60.51,19344685
2022-01-22T04:10:56,64.51,67.16,60.51,19344685
2022-01-22T04:15:59,64.51,67.16,60.51,19344685
2022-01-22T04:31:01,64.51,67.16,60.51,19344685
2022-01-22T04:36:02,64.51,67.16,60.51,19344685
