Date-Time,Price,High,Low,Volume
2022-01-22T01:58:34,303.17,318.31,303.04,28710717
2022-01-22T02:13:36,303.17,318.31,303.04,28710717
2022-01-22T02:28:38,303.17,318.31,303.04,28710717
2022-01-22T02:38:39,303.17,318.31,303.04,28710717
2022-01-22T02:43:40,303.17,318.31,303.04,28710717
2022-01-22T02:48:41,303.17,318.31,303.04,28710717
2022-01-22T02:53:42,303.17,318.31,303.04,28710717
2022-01-22T03:03:43,303.17,318.31,303.04,28710717
2022-01-22T03:08:44,303.17,318.31,303.04,28710717
2022-01-22T03:18:45,303.17,318.31,303.04,28710717
2022-01-22T03:33:46,303.17,318.31,303.04,28710717
2022-01-22T03:38:47,303.17,318.31,303.04,28710717
