Date-Time,Price,High,Low,Volume
2022-02-18T00:04:57,6.80,6.98,6.75,474090
2022-02-18T00:09:58,6.80,6.98,6.75,474090
2022-02-18T00:14:59,6.80,6.98,6.75,474090
2022-02-18T00:20:00,6.80,6.98,6.75,474090
2022-02-18T00:25:00,6.80,6.98,6.75,474090
2022-02-18T00:30:01,6.80,6.98,6.75,474090
2022-02-18T00:35:02,6.80,6.98,6.75,474090
2022-02-18T00:40:03,6.80,6.98,6.75,474090
2022-02-18T00:45:04,6.80,6.98,6.75,474090
2022-02-18T00:50:05,6.80,6.98,6.75,474090
2022-02-18T00:55:06,6.80,6.98,6.75,474090
2022-02-18T01:00:06,6.80,6.98,6.75,474090
2022-02-18T01:05:07,6.80,6.98,6.75,474090
2022-02-18T01:10:08,6.80,6.98,6.75,474090
2022-02-18T01:15:09,6.80,6.98,6.75,474090
2022-02-18T01:20:10,6.80,6.98,6.75,474090
2022-02-18T01:25:11,6.80,6.98,6.75,474090
2022-02-18T01:30:11,6.80,6.98,6.75,474090
2022-02-18T01:35:12,6.80,6.98,6.75,474090
2022-02-18T01:40:13,6.80,6.98,6.75,474090
2022-02-18T01:45:14,6.80,6.98,6.75,474090
2022-02-18T01:50:15,6.80,6.98,6.75,474090
2022-02-18T01:55:16,6.80,6.98,6.75,474090
2022-02-18T02:00:17,6.80,6.98,6.75,474090
2022-02-18T02:05:18,6.80,6.98,6.75,474090
2022-02-18T02:10:19,6.80,6.98,6.75,474090
2022-02-18T02:15:20,6.80,6.98,6.75,474090
2022-02-18T02:20:20,6.80,6.98,6.75,474090
2022-02-18T02:25:21,6.80,6.98,6.75,474090
2022-02-18T02:30:22,6.80,6.98,6.75,474090
2022-02-18T02:35:23,6.80,6.98,6.75,474090
2022-02-18T02:40:24,6.80,6.98,6.75,474090
2022-02-18T02:45:25,6.80,6.98,6.75,474090
2022-02-18T02:50:26,6.80,6.98,6.75,474090
2022-02-18T02:55:26,6.80,6.98,6.75,474090
2022-02-18T03:00:28,6.80,6.98,6.75,474090
2022-02-18T03:05:28,6.80,6.98,6.75,474090
2022-02-18T03:10:29,6.80,6.98,6.75,474090
