Date-Time,Price,High,Low,Volume
2022-02-18T00:00:47,207.71,217.50,207.1601,38747533
2022-02-18T00:05:48,207.71,217.50,207.1601,38747533
2022-02-18T00:10:49,207.71,217.50,207.1601,38747533
2022-02-18T00:15:50,207.71,217.50,207.1601,38747533
2022-02-18T00:20:50,207.71,217.50,207.1601,38747533
2022-02-18T00:25:52,207.71,217.50,207.1601,38747533
2022-02-18T00:30:52,207.71,217.50,207.1601,38747533
2022-02-18T00:35:53,207.71,217.50,207.1601,38747533
2022-02-18T00:40:54,207.71,217.50,207.1601,38747533
2022-02-18T00:45:55,207.71,217.50,207.1601,38747533
2022-02-18T00:50:56,207.71,217.50,207.1601,38747533
2022-02-18T00:55:57,207.71,217.50,207.1601,38747533
2022-02-18T01:00:58,207.71,217.50,207.1601,38747533
2022-02-18T01:05:59,207.71,217.50,207.1601,38747533
2022-02-18T01:10:59,207.71,217.50,207.1601,38747533
2022-02-18T01:16:00,207.71,217.50,207.1601,38747533
2022-02-18T01:21:01,207.71,217.50,207.1601,38747533
2022-02-18T01:26:03,207.71,217.50,207.1601,38747533
2022-02-18T01:31:04,207.71,217.50,207.1601,38747533
2022-02-18T01:36:05,207.71,217.50,207.1601,38747533
2022-02-18T01:41:06,207.71,217.50,207.1601,38747533
2022-02-18T01:46:07,207.71,217.50,207.1601,38747533
2022-02-18T01:51:08,207.71,217.50,207.1601,38747533
2022-02-18T01:56:09,207.71,217.50,207.1601,38747533
2022-02-18T02:01:10,207.71,217.50,207.1601,38747533
2022-02-18T02:06:10,207.71,217.50,207.1601,38747533
2022-02-18T02:11:11,207.71,217.50,207.1601,38747533
2022-02-18T02:16:12,207.71,217.50,207.1601,38747533
2022-02-18T02:21:13,207.71,217.50,207.1601,38747533
2022-02-18T02:26:14,207.71,217.50,207.1601,38747533
2022-02-18T02:31:15,207.71,217.50,207.1601,38747533
2022-02-18T02:36:16,207.71,217.50,207.1601,38747533
2022-02-18T02:41:17,207.71,217.50,207.1601,38747533
2022-02-18T02:46:17,207.71,217.50,207.1601,38747533
2022-02-18T02:51:18,207.71,217.50,207.1601,38747533
2022-02-18T02:56:19,207.71,217.50,207.1601,38747533
2022-02-18T03:01:20,207.71,217.50,207.1601,38747533
2022-02-18T03:06:21,207.71,217.50,207.1601,38747533
2022-02-18T03:11:22,207.71,217.50,207.1601,38747533
2022-02-18T03:16:22,207.71,217.50,207.1601,38747533
2022-02-18T03:21:23,207.71,217.50,207.1601,38747533
2022-02-18T03:26:24,207.71,217.50,207.1601,38747533
2022-02-18T03:31:26,207.71,217.50,207.1601,38747533
2022-02-18T03:36:27,207.71,217.50,207.1601,38747533
2022-02-18T03:41:27,207.71,217.50,207.1601,38747533
2022-02-18T03:46:28,207.71,217.50,207.1601,38747533
2022-02-18T03:51:29,207.71,217.50,207.1601,38747533
2022-02-18T03:56:30,207.71,217.50,207.1601,38747533
2022-02-18T04:01:31,207.71,217.50,207.1601,38747533
2022-02-18T04:06:32,207.71,217.50,207.1601,38747533
2022-02-18T04:11:32,207.71,217.50,207.1601,38747533
2022-02-18T04:16:33,207.71,217.50,207.1601,38747533
2022-02-18T04:21:34,207.71,217.50,207.1601,38747533
2022-02-18T04:26:35,207.71,217.50,207.1601,38747533
2022-02-18T04:31:36,207.71,217.50,207.1601,38747533
2022-02-18T04:36:37,207.71,217.50,207.1601,38747533
2022-02-18T04:41:38,207.71,217.50,207.1601,38747533
2022-02-18T04:46:39,207.71,217.50,207.1601,38747533
2022-02-18T04:51:40,207.71,217.50,207.1601,38747533
2022-02-18T04:56:41,207.71,217.50,207.1601,38747533
2022-02-18T05:01:42,207.71,217.50,207.1601,38747533
2022-02-18T05:06:42,207.71,217.50,207.1601,38747533
2022-02-18T05:11:43,207.71,217.50,207.1601,38747533
2022-02-18T05:16:44,207.71,217.50,207.1601,38747533
2022-02-18T05:21:45,207.71,217.50,207.1601,38747533
2022-02-18T05:26:46,207.71,217.50,207.1601,38747533
2022-02-18T05:31:47,207.71,217.50,207.1601,38747533
2022-02-18T05:36:48,207.71,217.50,207.1601,38747533
2022-02-18T05:41:48,207.71,217.50,207.1601,38747533
2022-02-18T05:46:49,207.71,217.50,207.1601,38747533
2022-02-18T05:51:50,207.71,217.50,207.1601,38747533
2022-02-18T05:56:51,207.71,217.50,207.1601,38747533
2022-02-18T06:01:52,207.71,217.50,207.1601,38747533
2022-02-18T06:06:52,207.71,217.50,207.1601,38747533
2022-02-18T06:11:53,207.71,217.50,207.1601,38747533
2022-02-18T06:16:54,207.71,217.50,207.1601,38747533
2022-02-18T06:21:55,207.71,217.50,207.1601,38747533
2022-02-18T06:26:56,207.71,217.50,207.1601,38747533
2022-02-18T06:31:57,207.71,217.50,207.1601,38747533
2022-02-18T06:36:58,207.71,217.50,207.1601,38747533
2022-02-18T06:41:58,207.71,217.50,207.1601,38747533
2022-02-18T06:46:59,208.30,209.49,208.19,1892879
2022-02-18T06:52:00,206.89,209.49,206.66,2745576
2022-02-18T06:57:01,207.67,209.49,206.66,3502808
2022-02-18T07:02:02,208.26,209.49,206.66,4161780
2022-02-18T07:07:02,209.3199,210.14,206.66,5061052
2022-02-18T07:12:03,209.66,210.75,206.66,5818523
2022-02-18T07:17:04,208.73,210.75,206.66,6439314
2022-02-18T07:22:05,209.52,210.75,206.66,7005627
2022-02-18T07:27:05,208.4656,210.75,206.66,7442080
2022-02-18T07:32:07,208.775,210.75,206.66,7920253
2022-02-18T07:37:07,208.05,210.75,206.66,8425687
2022-02-18T07:42:08,207.69,210.75,206.66,8833816
2022-02-18T07:47:09,207.405,210.75,206.66,9224443
2022-02-18T07:52:10,207.25,210.75,206.66,9584185
2022-02-18T07:57:11,207.33,210.75,206.66,9895631
2022-02-18T08:02:11,208.00,210.75,206.66,10308240
2022-02-18T08:07:12,207.655,210.75,206.66,10672163
2022-02-18T08:12:13,207.67,210.75,206.66,10972816
2022-02-18T08:17:14,206.67,210.75,206.61,11391876
2022-02-18T08:22:15,206.0953,210.75,205.71,12093928
2022-02-18T08:27:15,205.9133,210.75,205.71,12530968
2022-02-18T08:32:16,206.51,210.75,205.71,12974842
2022-02-18T08:37:17,207.44,210.75,205.71,13494399
2022-02-18T08:42:18,207.4305,210.75,205.71,13823278
2022-02-18T08:47:19,207.395,210.75,205.71,14056419
2022-02-18T08:52:20,207.22,210.75,205.71,14330036
2022-02-18T08:57:21,207.478,210.75,205.71,14651451
2022-02-18T09:02:21,207.11,210.75,205.71,14921947
2022-02-18T09:07:22,206.1597,210.75,205.71,15276491
2022-02-18T09:12:23,206.12,210.75,205.71,15552894
