Date-Time,Price,High,Low,Volume
2022-03-01T00:03:56,870.43,876.86,814.7075,33002289
2022-03-01T00:08:57,870.43,876.86,814.7075,33002289
2022-03-01T00:13:58,870.43,876.86,814.7075,33002289
2022-03-01T00:18:59,870.43,876.86,814.7075,33002289
2022-03-01T00:23:59,870.43,876.86,814.7075,33002289
2022-03-01T00:29:00,870.43,876.86,814.7075,33002289
2022-03-01T00:34:01,870.43,876.86,814.7075,33002289
2022-03-01T00:39:02,870.43,876.86,814.7075,33002289
2022-03-01T00:44:03,870.43,876.86,814.7075,33002289
2022-03-01T00:49:04,870.43,876.86,814.7075,33002289
2022-03-01T00:54:05,870.43,876.86,814.7075,33002289
2022-03-01T00:59:06,870.43,876.86,814.7075,33002289
2022-03-01T01:04:07,870.43,876.86,814.7075,33002289
2022-03-01T01:09:08,870.43,876.86,814.7075,33002289
2022-03-01T01:14:09,870.43,876.86,814.7075,33002289
2022-03-01T01:19:09,870.43,876.86,814.7075,33002289
2022-03-01T01:24:10,870.43,876.86,814.7075,33002289
2022-03-01T01:29:11,870.43,876.86,814.7075,33002289
2022-03-01T01:34:12,870.43,876.86,814.7075,33002289
2022-03-01T01:39:13,870.43,876.86,814.7075,33002289
2022-03-01T01:44:13,870.43,876.86,814.7075,33002289
2022-03-01T01:49:15,870.43,876.86,814.7075,33002289
2022-03-01T01:54:16,870.43,876.86,814.7075,33002289
2022-03-01T01:59:16,870.43,876.86,814.7075,33002289
2022-03-01T02:04:17,870.43,876.86,814.7075,33002289
2022-03-01T02:09:18,870.43,876.86,814.7075,33002289
2022-03-01T02:14:19,870.43,876.86,814.7075,33002289
2022-03-01T02:19:20,870.43,876.86,814.7075,33002289
2022-03-01T02:24:21,870.43,876.86,814.7075,33002289
2022-03-01T02:29:22,870.43,876.86,814.7075,33002289
2022-03-01T02:34:23,870.43,876.86,814.7075,33002289
2022-03-01T02:39:24,870.43,876.86,814.7075,33002289
2022-03-01T02:44:25,870.43,876.86,814.7075,33002289
2022-03-01T02:49:26,870.43,876.86,814.7075,33002289
2022-03-01T02:54:26,870.43,876.86,814.7075,33002289
2022-03-01T02:59:27,870.43,876.86,814.7075,33002289
2022-03-01T03:04:28,870.43,876.86,814.7075,33002289
2022-03-01T03:09:29,870.43,876.86,814.7075,33002289
2022-03-01T03:14:30,870.43,876.86,814.7075,33002289
2022-03-01T03:19:31,870.43,876.86,814.7075,33002289
2022-03-01T03:24:32,870.43,876.86,814.7075,33002289
2022-03-01T03:29:33,870.43,876.86,814.7075,33002289
2022-03-01T03:34:33,870.43,876.86,814.7075,33002289
2022-03-01T03:39:34,870.43,876.86,814.7075,33002289
2022-03-01T03:44:35,870.43,876.86,814.7075,33002289
2022-03-01T03:49:36,870.43,876.86,814.7075,33002289
2022-03-01T03:54:37,870.43,876.86,814.7075,33002289
2022-03-01T03:59:38,870.43,876.86,814.7075,33002289
2022-03-01T04:04:38,870.43,876.86,814.7075,33002289
2022-03-01T04:09:39,870.43,876.86,814.7075,33002289
2022-03-01T04:14:40,870.43,876.86,814.7075,33002289
2022-03-01T04:19:41,870.43,876.86,814.7075,33002289
2022-03-01T04:24:42,870.43,876.86,814.7075,33002289
