Date-Time,Price,High,Low,Volume
2022-03-01T00:04:03,7.14,7.22,6.61,708436
2022-03-01T00:09:04,7.14,7.22,6.61,708436
2022-03-01T00:14:05,7.14,7.22,6.61,708436
2022-03-01T00:19:06,7.14,7.22,6.61,708436
2022-03-01T00:24:07,7.14,7.22,6.61,708436
2022-03-01T00:29:08,7.14,7.22,6.61,708436
2022-03-01T00:34:08,7.14,7.22,6.61,708436
2022-03-01T00:39:09,7.14,7.22,6.61,708436
2022-03-01T00:44:10,7.14,7.22,6.61,708436
2022-03-01T00:49:12,7.14,7.22,6.61,708436
2022-03-01T00:54:13,7.14,7.22,6.61,708436
2022-03-01T00:59:14,7.14,7.22,6.61,708436
2022-03-01T01:04:14,7.14,7.22,6.61,708436
2022-03-01T01:09:15,7.14,7.22,6.61,708436
2022-03-01T01:14:16,7.14,7.22,6.61,708436
2022-03-01T01:19:17,7.14,7.22,6.61,708436
2022-03-01T01:24:18,7.14,7.22,6.61,708436
