Date-Time,Price,High,Low,Volume
2021-11-15T00:04:02,42.67,43.55,41.91,34743056
2021-11-15T00:09:03,42.67,43.55,41.91,34743056
2021-11-15T00:14:04,42.67,43.55,41.91,34743056
2021-11-15T00:19:04,42.67,43.55,41.91,34743056
2021-11-15T00:24:05,42.67,43.55,41.91,34743056
2021-11-15T00:29:06,42.67,43.55,41.91,34743056
2021-11-15T00:34:07,42.67,43.55,41.91,34743056
2021-11-15T00:39:08,42.67,43.55,41.91,34743056
2021-11-15T00:44:08,42.67,43.55,41.91,34743056
2021-11-15T00:49:09,42.67,43.55,41.91,34743056
2021-11-15T00:54:10,42.67,43.55,41.91,34743056
2021-11-15T00:59:11,42.67,43.55,41.91,34743056
2021-11-15T01:04:12,42.67,43.55,41.91,34743056
2021-11-15T01:09:12,42.67,43.55,41.91,34743056
2021-11-15T01:14:13,42.67,43.55,41.91,34743056
2021-11-15T01:19:14,42.67,43.55,41.91,34743056
2021-11-15T01:24:15,42.67,43.55,41.91,34743056
2021-11-15T01:29:16,42.67,43.55,41.91,34743056
2021-11-15T01:34:16,42.67,43.55,41.91,34743056
