Date-Time,Price,High,Low,Volume
2021-11-15T00:04:02,1033.42,1054.50,1019.20,25573148
2021-11-15T00:09:03,1033.42,1054.50,1019.20,25573148
2021-11-15T00:14:03,1033.42,1054.50,1019.20,25573148
2021-11-15T00:19:04,1033.42,1054.50,1019.20,25573148
2021-11-15T00:24:05,1033.42,1054.50,1019.20,25573148
2021-11-15T00:29:06,1033.42,1054.50,1019.20,25573148
2021-11-15T00:34:07,1033.42,1054.50,1019.20,25573148
2021-11-15T00:39:08,1033.42,1054.50,1019.20,25573148
2021-11-15T00:44:09,1033.42,1054.50,1019.20,25573148
2021-11-15T00:49:09,1033.42,1054.50,1019.20,25573148
2021-11-15T00:54:10,1033.42,1054.50,1019.20,25573148
2021-11-15T00:59:11,1033.42,1054.50,1019.20,25573148
2021-11-15T01:04:12,1033.42,1054.50,1019.20,25573148
2021-11-15T01:09:12,1033.42,1054.50,1019.20,25573148
2021-11-15T01:14:13,1033.42,1054.50,1019.20,25573148
2021-11-15T01:19:14,1033.42,1054.50,1019.20,25573148
2021-11-15T01:24:15,1033.42,1054.50,1019.20,25573148
2021-11-15T01:29:16,1033.42,1054.50,1019.20,25573148
2021-11-15T01:34:16,1033.42,1054.50,1019.20,25573148
2021-11-15T01:39:17,1033.42,1054.50,1019.20,25573148
2021-11-15T01:44:18,1033.42,1054.50,1019.20,25573148
2021-11-15T01:49:19,1033.42,1054.50,1019.20,25573148
2021-11-15T01:54:20,1033.42,1054.50,1019.20,25573148
2021-11-15T01:59:21,1033.42,1054.50,1019.20,25573148
2021-11-15T02:04:22,1033.42,1054.50,1019.20,25573148
2021-11-15T02:09:22,1033.42,1054.50,1019.20,25573148
2021-11-15T02:14:23,1033.42,1054.50,1019.20,25573148
2021-11-15T02:19:24,1033.42,1054.50,1019.20,25573148
2021-11-15T02:24:25,1033.42,1054.50,1019.20,25573148
2021-11-15T02:29:26,1033.42,1054.50,1019.20,25573148
2021-11-15T02:34:26,1033.42,1054.50,1019.20,25573148
