Date-Time,Price,High,Low,Volume
2021-11-15T00:04:02,129.95,135.20,125.25,50636796
2021-11-15T00:09:03,129.95,135.20,125.25,50636796
2021-11-15T00:14:04,129.95,135.20,125.25,50636796
2021-11-15T00:19:05,129.95,135.20,125.25,50636796
2021-11-15T00:24:06,129.95,135.20,125.25,50636796
2021-11-15T00:29:06,129.95,135.20,125.25,50636796
2021-11-15T00:34:07,129.95,135.20,125.25,50636796
2021-11-15T00:39:08,129.95,135.20,125.25,50636796
2021-11-15T00:44:09,129.95,135.20,125.25,50636796
2021-11-15T00:49:09,129.95,135.20,125.25,50636796
2021-11-15T00:54:10,129.95,135.20,125.25,50636796
2021-11-15T00:59:11,129.95,135.20,125.25,50636796
2021-11-15T01:04:12,129.95,135.20,125.25,50636796
