Date-Time,Price,High,Low,Volume
2022-03-24T00:00:50,7.38,7.74,7.13,780065
2022-03-24T00:05:51,7.38,7.74,7.13,780065
2022-03-24T00:10:52,7.38,7.74,7.13,780065
2022-03-24T00:15:52,7.38,7.74,7.13,780065
2022-03-24T00:20:53,7.38,7.74,7.13,780065
2022-03-24T00:25:54,7.38,7.74,7.13,780065
2022-03-24T00:30:55,7.38,7.74,7.13,780065
2022-03-24T00:35:56,7.38,7.74,7.13,780065
2022-03-24T00:40:57,7.38,7.74,7.13,780065
2022-03-24T00:45:58,7.38,7.74,7.13,780065
2022-03-24T00:50:59,7.38,7.74,7.13,780065
2022-03-24T00:55:59,7.38,7.74,7.13,780065
2022-03-24T01:01:00,7.38,7.74,7.13,780065
2022-03-24T01:06:01,7.38,7.74,7.13,780065
2022-03-24T01:11:02,7.38,7.74,7.13,780065
2022-03-24T01:16:03,7.38,7.74,7.13,780065
2022-03-24T01:21:04,7.38,7.74,7.13,780065
2022-03-24T01:26:05,7.38,7.74,7.13,780065
2022-03-24T01:31:06,7.38,7.74,7.13,780065
2022-03-24T01:36:07,7.38,7.74,7.13,780065
2022-03-24T01:41:08,7.38,7.74,7.13,780065
2022-03-24T01:46:09,7.38,7.74,7.13,780065
2022-03-24T01:51:09,7.38,7.74,7.13,780065
2022-03-24T01:56:10,7.38,7.74,7.13,780065
2022-03-24T02:01:11,7.38,7.74,7.13,780065
2022-03-24T02:06:12,7.38,7.74,7.13,780065
2022-03-24T02:11:13,7.38,7.74,7.13,780065
2022-03-24T02:16:13,7.38,7.74,7.13,780065
2022-03-24T02:21:14,7.38,7.74,7.13,780065
2022-03-24T02:26:15,7.38,7.74,7.13,780065
2022-03-24T02:31:16,7.38,7.74,7.13,780065
2022-03-24T02:36:17,7.38,7.74,7.13,780065
2022-03-24T02:41:17,7.38,7.74,7.13,780065
2022-03-24T02:46:18,7.38,7.74,7.13,780065
2022-03-24T02:51:19,7.38,7.74,7.13,780065
2022-03-24T02:56:20,7.38,7.74,7.13,780065
2022-03-24T03:01:21,7.38,7.74,7.13,780065
2022-03-24T03:06:22,7.38,7.74,7.13,780065
2022-03-24T03:11:23,7.38,7.74,7.13,780065
2022-03-24T03:16:23,7.38,7.74,7.13,780065
2022-03-24T03:21:24,7.38,7.74,7.13,780065
2022-03-24T03:26:25,7.38,7.74,7.13,780065
2022-03-24T03:31:26,7.38,7.74,7.13,780065
2022-03-24T03:36:26,7.38,7.74,7.13,780065
2022-03-24T03:41:27,7.38,7.74,7.13,780065
2022-03-24T03:46:28,7.38,7.74,7.13,780065
2022-03-24T03:51:29,7.38,7.74,7.13,780065
2022-03-24T03:56:30,7.38,7.74,7.13,780065
2022-03-24T04:01:31,7.38,7.74,7.13,780065
2022-03-24T04:06:31,7.38,7.74,7.13,780065
2022-03-24T04:11:32,7.38,7.74,7.13,780065
2022-03-24T04:16:33,7.38,7.74,7.13,780065
2022-03-24T04:21:34,7.38,7.74,7.13,780065
2022-03-24T04:26:35,7.38,7.74,7.13,780065
2022-03-24T04:31:35,7.38,7.74,7.13,780065
2022-03-24T04:36:36,7.38,7.74,7.13,780065
2022-03-24T04:41:37,7.38,7.74,7.13,780065
2022-03-24T04:46:38,7.38,7.74,7.13,780065
2022-03-24T04:51:39,7.38,7.74,7.13,780065
2022-03-24T04:56:39,7.38,7.74,7.13,780065
2022-03-24T05:01:40,7.38,7.74,7.13,780065
2022-03-24T05:06:41,7.38,7.74,7.13,780065
2022-03-24T05:11:42,7.38,7.74,7.13,780065
2022-03-24T05:16:43,7.38,7.74,7.13,780065
2022-03-24T05:21:43,7.38,7.74,7.13,780065
2022-03-24T05:26:44,7.38,7.74,7.13,780065
2022-03-24T05:31:45,7.38,7.74,7.13,780065
2022-03-24T05:36:46,7.38,7.74,7.13,780065
2022-03-24T05:41:48,7.38,7.74,7.13,780065
2022-03-24T05:46:48,7.38,7.74,7.13,780065
2022-03-24T05:51:49,7.38,7.74,7.13,780065
2022-03-24T05:56:50,7.38,7.74,7.13,780065
2022-03-24T06:01:51,7.38,7.74,7.13,780065
2022-03-24T06:06:52,7.38,7.74,7.13,780065
2022-03-24T06:11:53,7.38,7.74,7.13,780065
2022-03-24T06:16:54,7.38,7.74,7.13,780065
2022-03-24T06:21:55,7.38,7.74,7.13,780065
2022-03-24T06:26:56,7.38,7.74,7.13,780065
2022-03-24T06:31:56,7.38,7.74,7.13,780065
2022-03-24T06:36:57,7.38,7.74,7.13,780065
2022-03-24T06:41:58,7.38,7.74,7.13,780065
2022-03-24T06:46:59,7.73,7.86,7.64,47426
2022-03-24T06:52:00,7.7945,7.86,7.64,78720
2022-03-24T06:57:01,7.8133,7.86,7.64,98265
2022-03-24T07:02:01,7.7197,7.86,7.64,108027
2022-03-24T07:07:02,7.6547,7.86,7.59,116362
2022-03-24T07:12:03,7.66,7.86,7.59,121156
2022-03-24T07:17:04,7.60,7.86,7.59,127661
2022-03-24T07:22:05,7.60,7.86,7.58,142232
2022-03-24T07:27:05,7.60,7.86,7.55,165287
2022-03-24T07:32:06,7.58,7.86,7.55,178045
2022-03-24T07:37:07,7.57,7.86,7.55,198643
2022-03-24T07:42:08,7.62,7.86,7.55,210854
2022-03-24T07:47:09,7.74,7.86,7.55,228584
2022-03-24T07:52:10,7.85,7.87,7.55,252327
