Date-Time,Price,High,Low,Volume
2022-03-24T00:00:50,213.46,216.7988,212.16,23717321
2022-03-24T00:05:51,213.46,216.7988,212.16,23717321
2022-03-24T00:10:51,213.46,216.7988,212.16,23717321
2022-03-24T00:15:53,213.46,216.7988,212.16,23717321
2022-03-24T00:20:53,213.46,216.7988,212.16,23717321
2022-03-24T00:25:54,213.46,216.7988,212.16,23717321
2022-03-24T00:30:55,213.46,216.7988,212.16,23717321
2022-03-24T00:35:56,213.46,216.7988,212.16,23717321
2022-03-24T00:40:57,213.46,216.7988,212.16,23717321
2022-03-24T00:45:58,213.46,216.7988,212.16,23717321
2022-03-24T00:50:59,213.46,216.7988,212.16,23717321
2022-03-24T00:55:59,213.46,216.7988,212.16,23717321
