Date-Time,Price,High,Low,Volume
2022-03-06T00:00:16,200.06,205.89,198.79,32146264
2022-03-06T00:05:17,200.06,205.89,198.79,32146264
2022-03-06T00:10:18,200.06,205.89,198.79,32146264
2022-03-06T00:15:19,200.06,205.89,198.79,32146264
2022-03-06T00:20:20,200.06,205.89,198.79,32146264
2022-03-06T00:25:21,200.06,205.89,198.79,32146264
2022-03-06T00:30:21,200.06,205.89,198.79,32146264
2022-03-06T00:35:23,200.06,205.89,198.79,32146264
2022-03-06T00:40:24,200.06,205.89,198.79,32146264
2022-03-06T00:45:24,200.06,205.89,198.79,32146264
2022-03-06T00:50:25,200.06,205.89,198.79,32146264
2022-03-06T00:55:26,200.06,205.89,198.79,32146264
2022-03-06T01:00:27,200.06,205.89,198.79,32146264
2022-03-06T01:05:28,200.06,205.89,198.79,32146264
2022-03-06T01:10:28,200.06,205.89,198.79,32146264
2022-03-06T01:15:29,200.06,205.89,198.79,32146264
2022-03-06T01:20:30,200.06,205.89,198.79,32146264
2022-03-06T01:25:31,200.06,205.89,198.79,32146264
2022-03-06T01:30:32,200.06,205.89,198.79,32146264
