Date-Time,Price,High,Low,Volume
2022-03-06T00:01:45,47.39,51.41,46.66,24430480
2022-03-06T00:06:46,47.39,51.41,46.66,24430480
2022-03-06T00:11:47,47.39,51.41,46.66,24430480
2022-03-06T00:16:47,47.39,51.41,46.66,24430480
2022-03-06T00:21:48,47.39,51.41,46.66,24430480
2022-03-06T00:26:49,47.39,51.41,46.66,24430480
2022-03-06T00:31:50,47.39,51.41,46.66,24430480
2022-03-06T00:36:51,47.39,51.41,46.66,24430480
2022-03-06T00:41:52,47.39,51.41,46.66,24430480
2022-03-06T00:46:52,47.39,51.41,46.66,24430480
2022-03-06T00:51:53,47.39,51.41,46.66,24430480
2022-03-06T00:56:54,47.39,51.41,46.66,24430480
2022-03-06T01:01:55,47.39,51.41,46.66,24430480
2022-03-06T01:06:56,47.39,51.41,46.66,24430480
2022-03-06T01:11:56,47.39,51.41,46.66,24430480
2022-03-06T01:16:57,47.39,51.41,46.66,24430480
2022-03-06T01:21:58,47.39,51.41,46.66,24430480
2022-03-06T01:26:59,47.39,51.41,46.66,24430480
2022-03-06T01:32:00,47.39,51.41,46.66,24430480
