Date-Time,Price,High,Low,Volume
2021-12-16T00:02:14,115.00,116.7391,109.21,10828610
2021-12-16T00:07:15,115.00,116.7391,109.21,10828610
2021-12-16T00:12:17,115.00,116.7391,109.21,10828610
2021-12-16T00:17:17,115.00,116.7391,109.21,10828610
2021-12-16T00:22:18,115.00,116.7391,109.21,10828610
2021-12-16T00:27:19,115.00,116.7391,109.21,10828610
2021-12-16T00:32:20,115.00,116.7391,109.21,10828610
2021-12-16T00:37:21,115.00,116.7391,109.21,10828610
2021-12-16T00:42:21,115.00,116.7391,109.21,10828610
2021-12-16T00:47:22,115.00,116.7391,109.21,10828610
2021-12-16T00:52:23,115.00,116.7391,109.21,10828610
2021-12-16T00:57:24,115.00,116.7391,109.21,10828610
2021-12-16T01:02:25,115.00,116.7391,109.21,10828610
2021-12-16T01:07:26,115.00,116.7391,109.21,10828610
2021-12-16T01:12:27,115.00,116.7391,109.21,10828610
2021-12-16T01:17:27,115.00,116.7391,109.21,10828610
2021-12-16T01:22:28,115.00,116.7391,109.21,10828610
2021-12-16T01:27:29,115.00,116.7391,109.21,10828610
2021-12-16T01:32:30,115.00,116.7391,109.21,10828610
2021-12-16T01:37:31,115.00,116.7391,109.21,10828610
2021-12-16T01:42:31,115.00,116.7391,109.21,10828610
2021-12-16T01:47:32,115.00,116.7391,109.21,10828610
2021-12-16T01:52:33,115.00,116.7391,109.21,10828610
