Date-Time,Price,High,Low,Volume
2021-12-16T00:02:00,975.99,978.7499,928.2501,25056410
2021-12-16T00:07:01,975.99,978.7499,928.2501,25056410
2021-12-16T00:12:02,975.99,978.7499,928.2501,25056410
2021-12-16T00:17:03,975.99,978.7499,928.2501,25056410
2021-12-16T00:22:03,975.99,978.7499,928.2501,25056410
2021-12-16T00:27:04,975.99,978.7499,928.2501,25056410
2021-12-16T00:32:05,975.99,978.7499,928.2501,25056410
2021-12-16T00:37:06,975.99,978.7499,928.2501,25056410
2021-12-16T00:42:07,975.99,978.7499,928.2501,25056410
2021-12-16T00:47:08,975.99,978.7499,928.2501,25056410
2021-12-16T00:52:09,975.99,978.7499,928.2501,25056410
