Date-Time,Price,High,Low,Volume
2021-12-16T00:02:04,7.50,7.52,7.00,1369059
2021-12-16T00:07:05,7.50,7.52,7.00,1369059
2021-12-16T00:12:06,7.50,7.52,7.00,1369059
2021-12-16T00:17:07,7.50,7.52,7.00,1369059
2021-12-16T00:22:08,7.50,7.52,7.00,1369059
2021-12-16T00:27:09,7.50,7.52,7.00,1369059
2021-12-16T00:32:09,7.50,7.52,7.00,1369059
2021-12-16T00:37:10,7.50,7.52,7.00,1369059
2021-12-16T00:42:11,7.50,7.52,7.00,1369059
2021-12-16T00:47:11,7.50,7.52,7.00,1369059
2021-12-16T00:52:12,7.50,7.52,7.00,1369059
