Date-Time,Price,High,Low,Volume
2022-05-08T00:01:03,14.92,15.8135,14.46,57655129
2022-05-08T00:06:04,14.92,15.8135,14.46,57655129
2022-05-08T00:11:05,14.92,15.8135,14.46,57655129
2022-05-08T00:16:05,14.92,15.8135,14.46,57655129
2022-05-08T00:21:07,14.92,15.8135,14.46,57655129
2022-05-08T00:26:07,14.92,15.8135,14.46,57655129
2022-05-08T00:31:08,14.92,15.8135,14.46,57655129
2022-05-08T00:36:09,14.92,15.8135,14.46,57655129
2022-05-08T00:41:10,14.92,15.8135,14.46,57655129
2022-05-08T00:46:11,14.92,15.8135,14.46,57655129
2022-05-08T00:51:12,14.92,15.8135,14.46,57655129
2022-05-08T00:56:12,14.92,15.8135,14.46,57655129
2022-05-08T01:01:13,14.92,15.8135,14.46,57655129
2022-05-08T01:06:14,14.92,15.8135,14.46,57655129
2022-05-08T01:11:15,14.92,15.8135,14.46,57655129
2022-05-08T01:16:16,14.92,15.8135,14.46,57655129
2022-05-08T01:21:16,14.92,15.8135,14.46,57655129
2022-05-08T01:26:17,14.92,15.8135,14.46,57655129
2022-05-08T01:31:18,14.92,15.8135,14.46,57655129
2022-05-08T01:36:19,14.92,15.8135,14.46,57655129
