Date-Time,Price,High,Low,Volume
2022-04-07T00:01:25,1045.76,1079.00,1027.70,29782845
2022-04-07T00:06:26,1045.76,1079.00,1027.70,29782845
2022-04-07T00:11:26,1045.76,1079.00,1027.70,29782845
2022-04-07T00:16:27,1045.76,1079.00,1027.70,29782845
2022-04-07T00:21:28,1045.76,1079.00,1027.70,29782845
2022-04-07T00:26:29,1045.76,1079.00,1027.70,29782845
2022-04-07T00:31:30,1045.76,1079.00,1027.70,29782845
2022-04-07T00:36:31,1045.76,1079.00,1027.70,29782845
2022-04-07T00:41:32,1045.76,1079.00,1027.70,29782845
2022-04-07T00:46:33,1045.76,1079.00,1027.70,29782845
2022-04-07T00:51:34,1045.76,1079.00,1027.70,29782845
2022-04-07T00:56:35,1045.76,1079.00,1027.70,29782845
2022-04-07T01:01:35,1045.76,1079.00,1027.70,29782845
2022-04-07T01:06:36,1045.76,1079.00,1027.70,29782845
2022-04-07T01:11:37,1045.76,1079.00,1027.70,29782845
