Date-Time,Price,High,Low,Volume
2022-01-26T00:03:50,918.40,951.26,903.21,28865302
2022-01-26T00:08:51,918.40,951.26,903.21,28865302
2022-01-26T00:13:51,918.40,951.26,903.21,28865302
2022-01-26T00:18:52,918.40,951.26,903.21,28865302
2022-01-26T00:23:53,918.40,951.26,903.21,28865302
2022-01-26T00:28:54,918.40,951.26,903.21,28865302
2022-01-26T00:33:55,918.40,951.26,903.21,28865302
2022-01-26T00:38:56,918.40,951.26,903.21,28865302
2022-01-26T00:43:56,918.40,951.26,903.21,28865302
2022-01-26T00:48:57,918.40,951.26,903.21,28865302
2022-01-26T00:53:58,918.40,951.26,903.21,28865302
2022-01-26T00:58:59,918.40,951.26,903.21,28865302
2022-01-26T01:04:00,918.40,951.26,903.21,28865302
2022-01-26T01:09:00,918.40,951.26,903.21,28865302
2022-01-26T01:14:01,918.40,951.26,903.21,28865302
2022-01-26T01:19:02,918.40,951.26,903.21,28865302
2022-01-26T01:24:03,918.40,951.26,903.21,28865302
2022-01-26T01:29:04,918.40,951.26,903.21,28865302
2022-01-26T01:34:04,918.40,951.26,903.21,28865302
2022-01-26T01:39:05,918.40,951.26,903.21,28865302
