Date-Time,Price,High,Low,Volume
2022-01-26T00:04:15,5.23,5.23,4.89,846713
2022-01-26T00:09:16,5.23,5.23,4.89,846713
2022-01-26T00:14:17,5.23,5.23,4.89,846713
2022-01-26T00:19:17,5.23,5.23,4.89,846713
2022-01-26T00:24:18,5.23,5.23,4.89,846713
2022-01-26T00:29:19,5.23,5.23,4.89,846713
2022-01-26T00:34:20,5.23,5.23,4.89,846713
2022-01-26T00:39:21,5.23,5.23,4.89,846713
2022-01-26T00:44:21,5.23,5.23,4.89,846713
2022-01-26T00:49:22,5.23,5.23,4.89,846713
2022-01-26T00:54:23,5.23,5.23,4.89,846713
2022-01-26T00:59:24,5.23,5.23,4.89,846713
2022-01-26T01:04:25,5.23,5.23,4.89,846713
2022-01-26T01:09:25,5.23,5.23,4.89,846713
2022-01-26T01:14:26,5.23,5.23,4.89,846713
2022-01-26T01:19:27,5.23,5.23,4.89,846713
2022-01-26T01:24:28,5.23,5.23,4.89,846713
2022-01-26T01:29:29,5.23,5.23,4.89,846713
2022-01-26T01:34:29,5.23,5.23,4.89,846713
2022-01-26T01:39:30,5.23,5.23,4.89,846713
2022-01-26T01:44:31,5.23,5.23,4.89,846713
2022-01-26T01:49:32,5.23,5.23,4.89,846713
2022-01-26T01:54:33,5.23,5.23,4.89,846713
2022-01-26T01:59:33,5.23,5.23,4.89,846713
2022-01-26T02:04:35,5.23,5.23,4.89,846713
2022-01-26T02:09:35,5.23,5.23,4.89,846713
2022-01-26T02:14:36,5.23,5.23,4.89,846713
2022-01-26T02:19:37,5.23,5.23,4.89,846713
2022-01-26T02:24:37,5.23,5.23,4.89,846713
2022-01-26T02:29:38,5.23,5.23,4.89,846713
2022-01-26T02:34:39,5.23,5.23,4.89,846713
2022-01-26T02:39:40,5.23,5.23,4.89,846713
2022-01-26T02:44:41,5.23,5.23,4.89,846713
2022-01-26T02:49:41,5.23,5.23,4.89,846713
2022-01-26T02:54:42,5.23,5.23,4.89,846713
2022-01-26T02:59:43,5.23,5.23,4.89,846713
2022-01-26T03:04:44,5.23,5.23,4.89,846713
2022-01-26T03:09:44,5.23,5.23,4.89,846713
2022-01-26T03:14:46,5.23,5.23,4.89,846713
2022-01-26T03:19:46,5.23,5.23,4.89,846713
2022-01-26T03:24:47,5.23,5.23,4.89,846713
2022-01-26T03:29:48,5.23,5.23,4.89,846713
2022-01-26T03:34:49,5.23,5.23,4.89,846713
2022-01-26T03:39:50,5.23,5.23,4.89,846713
2022-01-26T03:44:50,5.23,5.23,4.89,846713
2022-01-26T03:49:51,5.23,5.23,4.89,846713
2022-01-26T03:54:52,5.23,5.23,4.89,846713
2022-01-26T03:59:53,5.23,5.23,4.89,846713
2022-01-26T04:04:53,5.23,5.23,4.89,846713
2022-01-26T04:09:54,5.23,5.23,4.89,846713
2022-01-26T04:14:55,5.23,5.23,4.89,846713
2022-01-26T04:19:56,5.23,5.23,4.89,846713
2022-01-26T04:24:57,5.23,5.23,4.89,846713
2022-01-26T04:29:58,5.23,5.23,4.89,846713
2022-01-26T04:34:58,5.23,5.23,4.89,846713
2022-01-26T04:39:59,5.23,5.23,4.89,846713
2022-01-26T04:45:00,5.23,5.23,4.89,846713
2022-01-26T04:50:01,5.23,5.23,4.89,846713
2022-01-26T04:55:01,5.23,5.23,4.89,846713
2022-01-26T05:00:02,5.23,5.23,4.89,846713
2022-01-26T05:05:03,5.23,5.23,4.89,846713
2022-01-26T05:10:04,5.23,5.23,4.89,846713
2022-01-26T05:15:05,5.23,5.23,4.89,846713
2022-01-26T05:20:06,5.23,5.23,4.89,846713
2022-01-26T05:25:07,5.23,5.23,4.89,846713
2022-01-26T05:30:08,5.23,5.23,4.89,846713
2022-01-26T05:35:09,5.23,5.23,4.89,846713
2022-01-26T05:40:10,5.23,5.23,4.89,846713
