Date-Time,Price,High,Low,Volume
2021-11-30T00:03:22,119.77,122.25,113.60,13923924
2021-11-30T00:08:22,119.77,122.25,113.60,13923924
2021-11-30T00:13:23,119.77,122.25,113.60,13923924
2021-11-30T00:18:24,119.77,122.25,113.60,13923924
2021-11-30T00:23:25,119.77,122.25,113.60,13923924
2021-11-30T00:28:26,119.77,122.25,113.60,13923924
2021-11-30T00:33:27,119.77,122.25,113.60,13923924
2021-11-30T00:38:28,119.77,122.25,113.60,13923924
2021-11-30T00:43:28,119.77,122.25,113.60,13923924
2021-11-30T00:48:29,119.77,122.25,113.60,13923924
2021-11-30T00:53:31,119.77,122.25,113.60,13923924
