Date-Time,Price,High,Low,Volume
2021-11-30T00:02:51,1136.99,1142.67,1100.19,19464467
2021-11-30T00:07:52,1136.99,1142.67,1100.19,19464467
2021-11-30T00:12:53,1136.99,1142.67,1100.19,19464467
2021-11-30T00:17:54,1136.99,1142.67,1100.19,19464467
2021-11-30T00:22:55,1136.99,1142.67,1100.19,19464467
2021-11-30T00:27:55,1136.99,1142.67,1100.19,19464467
2021-11-30T00:32:56,1136.99,1142.67,1100.19,19464467
2021-11-30T00:37:57,1136.99,1142.67,1100.19,19464467
2021-11-30T00:42:58,1136.99,1142.67,1100.19,19464467
2021-11-30T00:47:58,1136.99,1142.67,1100.19,19464467
2021-11-30T00:52:59,1136.99,1142.67,1100.19,19464467
