Date-Time,Price,High,Low,Volume
2021-11-30T00:04:28,40.46,41.20,39.4935,35113870
2021-11-30T00:09:29,40.46,41.20,39.4935,35113870
2021-11-30T00:14:30,40.46,41.20,39.4935,35113870
2021-11-30T00:19:31,40.46,41.20,39.4935,35113870
2021-11-30T00:24:32,40.46,41.20,39.4935,35113870
2021-11-30T00:29:32,40.46,41.20,39.4935,35113870
2021-11-30T00:34:33,40.46,41.20,39.4935,35113870
2021-11-30T00:39:34,40.46,41.20,39.4935,35113870
2021-11-30T00:44:35,40.46,41.20,39.4935,35113870
2021-11-30T00:49:36,40.46,41.20,39.4935,35113870
2021-11-30T00:54:37,40.46,41.20,39.4935,35113870
2021-11-30T00:59:38,40.46,41.20,39.4935,35113870
2021-11-30T01:04:39,40.46,41.20,39.4935,35113870
2021-11-30T01:09:40,40.46,41.20,39.4935,35113870
2021-11-30T01:14:40,40.46,41.20,39.4935,35113870
2021-11-30T01:19:41,40.46,41.20,39.4935,35113870
2021-11-30T01:24:42,40.46,41.20,39.4935,35113870
2021-11-30T01:29:43,40.46,41.20,39.4935,35113870
2021-11-30T01:34:44,40.46,41.20,39.4935,35113870
2021-11-30T01:39:45,40.46,41.20,39.4935,35113870
2021-11-30T01:44:46,40.46,41.20,39.4935,35113870
2021-11-30T01:49:46,40.46,41.20,39.4935,35113870
2021-11-30T01:54:47,40.46,41.20,39.4935,35113870
