Date-Time,Price,High,Low,Volume
2021-11-30T00:03:08,8.56,8.73,8.39,889869
2021-11-30T00:08:14,8.56,8.73,8.39,889869
2021-11-30T00:13:14,8.56,8.73,8.39,889869
2021-11-30T00:18:18,8.56,8.73,8.39,889869
2021-11-30T00:23:19,8.56,8.73,8.39,889869
2021-11-30T00:28:20,8.56,8.73,8.39,889869
2021-11-30T00:33:20,8.56,8.73,8.39,889869
2021-11-30T00:38:21,8.56,8.73,8.39,889869
2021-11-30T00:43:22,8.56,8.73,8.39,889869
2021-11-30T00:48:23,8.56,8.73,8.39,889869
2021-11-30T00:53:24,8.56,8.73,8.39,889869
2021-11-30T00:58:24,8.56,8.73,8.39,889869
2021-11-30T01:03:25,8.56,8.73,8.39,889869
2021-11-30T01:08:26,8.56,8.73,8.39,889869
2021-11-30T01:13:27,8.56,8.73,8.39,889869
2021-11-30T01:18:28,8.56,8.73,8.39,889869
2021-11-30T01:23:29,8.56,8.73,8.39,889869
2021-11-30T01:28:29,8.56,8.73,8.39,889869
2021-11-30T01:33:30,8.56,8.73,8.39,889869
2021-11-30T01:38:31,8.56,8.73,8.39,889869
2021-11-30T01:43:32,8.56,8.73,8.39,889869
2021-11-30T01:48:33,8.56,8.73,8.39,889869
2021-11-30T01:53:34,8.56,8.73,8.39,889869
2021-11-30T01:58:34,8.56,8.73,8.39,889869
2021-11-30T02:03:35,8.56,8.73,8.39,889869
2021-11-30T02:08:36,8.56,8.73,8.39,889869
2021-11-30T02:13:37,8.56,8.73,8.39,889869
2021-11-30T02:18:37,8.56,8.73,8.39,889869
2021-11-30T02:23:38,8.56,8.73,8.39,889869
2021-11-30T02:28:39,8.56,8.73,8.39,889869
2021-11-30T02:33:40,8.56,8.73,8.39,889869
2021-11-30T02:38:41,8.56,8.73,8.39,889869
2021-11-30T02:43:41,8.56,8.73,8.39,889869
2021-11-30T02:48:42,8.56,8.73,8.39,889869
2021-11-30T02:53:43,8.56,8.73,8.39,889869
2021-11-30T02:58:44,8.56,8.73,8.39,889869
2021-11-30T03:03:44,8.56,8.73,8.39,889869
2021-11-30T03:08:45,8.56,8.73,8.39,889869
2021-11-30T03:13:46,8.56,8.73,8.39,889869
2021-11-30T03:18:47,8.56,8.73,8.39,889869
2021-11-30T03:23:48,8.56,8.73,8.39,889869
2021-11-30T03:28:48,8.56,8.73,8.39,889869
2021-11-30T03:33:49,8.56,8.73,8.39,889869
2021-11-30T03:38:50,8.56,8.73,8.39,889869
2021-11-30T03:43:51,8.56,8.73,8.39,889869
2021-11-30T03:48:52,8.56,8.73,8.39,889869
2021-11-30T03:53:53,8.56,8.73,8.39,889869
