Date-Time,Price,High,Low,Volume
2021-12-17T00:01:24,7.14,7.58,7.02,819872
2021-12-17T00:06:25,7.14,7.58,7.02,819872
2021-12-17T00:11:26,7.14,7.58,7.02,819872
2021-12-17T00:16:27,7.14,7.58,7.02,819872
2021-12-17T00:21:28,7.14,7.58,7.02,819872
2021-12-17T00:26:29,7.14,7.58,7.02,819872
2021-12-17T00:31:30,7.14,7.58,7.02,819872
2021-12-17T00:36:30,7.14,7.58,7.02,819872
2021-12-17T00:41:31,7.14,7.58,7.02,819872
2021-12-17T00:46:32,7.14,7.58,7.02,819872
2021-12-17T00:51:36,7.14,7.58,7.02,819872
2021-12-17T00:56:36,7.14,7.58,7.02,819872
2021-12-17T01:01:37,7.14,7.58,7.02,819872
2021-12-17T01:06:38,7.14,7.58,7.02,819872
2021-12-17T01:11:39,7.14,7.58,7.02,819872
2021-12-17T01:16:40,7.14,7.58,7.02,819872
2021-12-17T01:21:40,7.14,7.58,7.02,819872
2021-12-17T01:26:41,7.14,7.58,7.02,819872
2021-12-17T01:31:42,7.14,7.58,7.02,819872
2021-12-17T01:36:43,7.14,7.58,7.02,819872
2021-12-17T01:41:44,7.14,7.58,7.02,819872
2021-12-17T01:46:47,7.14,7.58,7.02,819872
2021-12-17T01:51:48,7.14,7.58,7.02,819872
