Date-Time,Price,High,Low,Volume
2021-12-17T00:01:05,334.90,344.46,333.74,22635025
2021-12-17T00:06:06,334.90,344.46,333.74,22635025
2021-12-17T00:11:07,334.90,344.46,333.74,22635025
2021-12-17T00:16:08,334.90,344.46,333.74,22635025
2021-12-17T00:21:08,334.90,344.46,333.74,22635025
2021-12-17T00:26:09,334.90,344.46,333.74,22635025
2021-12-17T00:31:10,334.90,344.46,333.74,22635025
2021-12-17T00:36:11,334.90,344.46,333.74,22635025
2021-12-17T00:41:12,334.90,344.46,333.74,22635025
2021-12-17T00:46:13,334.90,344.46,333.74,22635025
2021-12-17T00:51:14,334.90,344.46,333.74,22635025
