Date-Time,Price,High,Low,Volume
2021-12-17T00:01:44,108.87,117.00,107.06,13627639
2021-12-17T00:06:45,108.87,117.00,107.06,13627639
2021-12-17T00:11:46,108.87,117.00,107.06,13627639
2021-12-17T00:16:47,108.87,117.00,107.06,13627639
2021-12-17T00:21:47,108.87,117.00,107.06,13627639
2021-12-17T00:26:48,108.87,117.00,107.06,13627639
2021-12-17T00:31:49,108.87,117.00,107.06,13627639
2021-12-17T00:36:50,108.87,117.00,107.06,13627639
2021-12-17T00:41:51,108.87,117.00,107.06,13627639
2021-12-17T00:46:52,108.87,117.00,107.06,13627639
2021-12-17T00:51:52,108.87,117.00,107.06,13627639
2021-12-17T00:56:53,108.87,117.00,107.06,13627639
2021-12-17T01:01:54,108.87,117.00,107.06,13627639
2021-12-17T01:06:55,108.87,117.00,107.06,13627639
2021-12-17T01:11:56,108.87,117.00,107.06,13627639
2021-12-17T01:16:56,108.87,117.00,107.06,13627639
2021-12-17T01:21:57,108.87,117.00,107.06,13627639
2021-12-17T01:26:58,108.87,117.00,107.06,13627639
2021-12-17T01:32:02,108.87,117.00,107.06,13627639
2021-12-17T01:37:03,108.87,117.00,107.06,13627639
2021-12-17T01:42:04,108.87,117.00,107.06,13627639
2021-12-17T01:47:05,108.87,117.00,107.06,13627639
2021-12-17T01:52:06,108.87,117.00,107.06,13627639
