Date-Time,Price,High,Low,Volume
2021-12-17T00:01:07,926.92,994.98,921.85,27590483
2021-12-17T00:06:08,926.92,994.98,921.85,27590483
2021-12-17T00:11:09,926.92,994.98,921.85,27590483
2021-12-17T00:16:09,926.92,994.98,921.85,27590483
2021-12-17T00:21:10,926.92,994.98,921.85,27590483
2021-12-17T00:26:11,926.92,994.98,921.85,27590483
2021-12-17T00:31:12,926.92,994.98,921.85,27590483
2021-12-17T00:36:17,926.92,994.98,921.85,27590483
2021-12-17T00:41:18,926.92,994.98,921.85,27590483
2021-12-17T00:46:18,926.92,994.98,921.85,27590483
2021-12-17T00:51:19,926.92,994.98,921.85,27590483
