Date-Time,Price,High,Low,Volume
2021-12-17T00:01:07,30.07,31.64,29.75,42744138
2021-12-17T00:06:08,30.07,31.64,29.75,42744138
2021-12-17T00:11:09,30.07,31.64,29.75,42744138
2021-12-17T00:16:10,30.07,31.64,29.75,42744138
2021-12-17T00:21:11,30.07,31.64,29.75,42744138
2021-12-17T00:26:11,30.07,31.64,29.75,42744138
2021-12-17T00:31:12,30.07,31.64,29.75,42744138
2021-12-17T00:36:16,30.07,31.64,29.75,42744138
2021-12-17T00:41:17,30.07,31.64,29.75,42744138
2021-12-17T00:46:18,30.07,31.64,29.75,42744138
2021-12-17T00:51:18,30.07,31.64,29.75,42744138
