Date-Time,Price,High,Low,Volume
2022-02-17T00:02:26,923.39,926.4299,901.21,17098132
2022-02-17T00:07:27,923.39,926.4299,901.21,17098132
2022-02-17T00:12:28,923.39,926.4299,901.21,17098132
2022-02-17T00:17:28,923.39,926.4299,901.21,17098132
2022-02-17T00:22:29,923.39,926.4299,901.21,17098132
2022-02-17T00:27:30,923.39,926.4299,901.21,17098132
2022-02-17T00:32:31,923.39,926.4299,901.21,17098132
2022-02-17T00:37:31,923.39,926.4299,901.21,17098132
2022-02-17T00:42:32,923.39,926.4299,901.21,17098132
2022-02-17T00:47:33,923.39,926.4299,901.21,17098132
2022-02-17T00:52:34,923.39,926.4299,901.21,17098132
2022-02-17T00:57:35,923.39,926.4299,901.21,17098132
2022-02-17T01:02:35,923.39,926.4299,901.21,17098132
2022-02-17T01:07:36,923.39,926.4299,901.21,17098132
2022-02-17T01:12:37,923.39,926.4299,901.21,17098132
2022-02-17T01:17:38,923.39,926.4299,901.21,17098132
2022-02-17T01:22:39,923.39,926.4299,901.21,17098132
2022-02-17T01:27:39,923.39,926.4299,901.21,17098132
2022-02-17T01:32:40,923.39,926.4299,901.21,17098132
2022-02-17T01:37:41,923.39,926.4299,901.21,17098132
2022-02-17T01:42:42,923.39,926.4299,901.21,17098132
2022-02-17T01:47:43,923.39,926.4299,901.21,17098132
2022-02-17T01:52:44,923.39,926.4299,901.21,17098132
2022-02-17T01:57:44,923.39,926.4299,901.21,17098132
2022-02-17T02:02:45,923.39,926.4299,901.21,17098132
2022-02-17T02:07:46,923.39,926.4299,901.21,17098132
