Date-Time,Price,High,Low,Volume
2022-02-14T00:02:43,219.55,230.42,218.7701,46156943
2022-02-14T00:07:44,219.55,230.42,218.7701,46156943
2022-02-14T00:12:45,219.55,230.42,218.7701,46156943
2022-02-14T00:17:45,219.55,230.42,218.7701,46156943
2022-02-14T00:22:46,219.55,230.42,218.7701,46156943
2022-02-14T00:27:48,219.55,230.42,218.7701,46156943
2022-02-14T00:32:49,219.55,230.42,218.7701,46156943
2022-02-14T00:37:50,219.55,230.42,218.7701,46156943
2022-02-14T00:42:50,219.55,230.42,218.7701,46156943
2022-02-14T00:47:51,219.55,230.42,218.7701,46156943
2022-02-14T00:52:52,219.55,230.42,218.7701,46156943
2022-02-14T00:57:53,219.55,230.42,218.7701,46156943
2022-02-14T01:02:53,219.55,230.42,218.7701,46156943
