Date-Time,Price,High,Low,Volume
2022-02-14T00:04:20,860.00,915.96,850.70,26548623
2022-02-14T00:09:21,860.00,915.96,850.70,26548623
2022-02-14T00:14:22,860.00,915.96,850.70,26548623
2022-02-14T00:19:23,860.00,915.96,850.70,26548623
2022-02-14T00:24:23,860.00,915.96,850.70,26548623
2022-02-14T00:29:24,860.00,915.96,850.70,26548623
2022-02-14T00:34:25,860.00,915.96,850.70,26548623
2022-02-14T00:39:26,860.00,915.96,850.70,26548623
2022-02-14T00:44:27,860.00,915.96,850.70,26548623
2022-02-14T00:49:27,860.00,915.96,850.70,26548623
2022-02-14T00:54:28,860.00,915.96,850.70,26548623
2022-02-14T00:59:29,860.00,915.96,850.70,26548623
2022-02-14T01:04:30,860.00,915.96,850.70,26548623
2022-02-14T01:09:31,860.00,915.96,850.70,26548623
2022-02-14T01:14:32,860.00,915.96,850.70,26548623
2022-02-14T01:19:33,860.00,915.96,850.70,26548623
2022-02-14T01:24:33,860.00,915.96,850.70,26548623
2022-02-14T01:29:34,860.00,915.96,850.70,26548623
2022-02-14T01:34:35,860.00,915.96,850.70,26548623
2022-02-14T01:39:36,860.00,915.96,850.70,26548623
2022-02-14T01:44:37,860.00,915.96,850.70,26548623
2022-02-14T01:49:38,860.00,915.96,850.70,26548623
2022-02-14T01:54:39,860.00,915.96,850.70,26548623
2022-02-14T01:59:40,860.00,915.96,850.70,26548623
2022-02-14T02:04:41,860.00,915.96,850.70,26548623
2022-02-14T02:09:42,860.00,915.96,850.70,26548623
2022-02-14T02:14:42,860.00,915.96,850.70,26548623
2022-02-14T02:19:43,860.00,915.96,850.70,26548623
2022-02-14T02:24:44,860.00,915.96,850.70,26548623
2022-02-14T02:29:45,860.00,915.96,850.70,26548623
2022-02-14T02:34:46,860.00,915.96,850.70,26548623
2022-02-14T02:39:47,860.00,915.96,850.70,26548623
2022-02-14T02:44:48,860.00,915.96,850.70,26548623
2022-02-14T02:49:49,860.00,915.96,850.70,26548623
2022-02-14T02:54:50,860.00,915.96,850.70,26548623
2022-02-14T02:59:51,860.00,915.96,850.70,26548623
2022-02-14T03:04:51,860.00,915.96,850.70,26548623
2022-02-14T03:09:52,860.00,915.96,850.70,26548623
2022-02-14T03:14:53,860.00,915.96,850.70,26548623
2022-02-14T03:19:54,860.00,915.96,850.70,26548623
2022-02-14T03:24:54,860.00,915.96,850.70,26548623
2022-02-14T03:29:55,860.00,915.96,850.70,26548623
2022-02-14T03:34:56,860.00,915.96,850.70,26548623
2022-02-14T03:39:57,860.00,915.96,850.70,26548623
2022-02-14T03:44:58,860.00,915.96,850.70,26548623
2022-02-14T03:49:59,860.00,915.96,850.70,26548623
2022-02-14T03:55:00,860.00,915.96,850.70,26548623
2022-02-14T04:00:01,860.00,915.96,850.70,26548623
2022-02-14T04:05:01,860.00,915.96,850.70,26548623
2022-02-14T04:10:02,860.00,915.96,850.70,26548623
2022-02-14T04:15:03,860.00,915.96,850.70,26548623
2022-02-14T04:20:05,860.00,915.96,850.70,26548623
2022-02-14T04:25:06,860.00,915.96,850.70,26548623
2022-02-14T04:30:07,860.00,915.96,850.70,26548623
2022-02-14T04:35:08,860.00,915.96,850.70,26548623
2022-02-14T04:40:09,860.00,915.96,850.70,26548623
2022-02-14T04:45:10,860.00,915.96,850.70,26548623
2022-02-14T04:50:11,860.00,915.96,850.70,26548623
2022-02-14T04:55:11,860.00,915.96,850.70,26548623
2022-02-14T05:00:12,860.00,915.96,850.70,26548623
2022-02-14T05:05:14,860.00,915.96,850.70,26548623
2022-02-14T05:10:14,860.00,915.96,850.70,26548623
2022-02-14T05:15:15,860.00,915.96,850.70,26548623
2022-02-14T05:20:16,860.00,915.96,850.70,26548623
2022-02-14T05:25:17,860.00,915.96,850.70,26548623
2022-02-14T05:30:18,860.00,915.96,850.70,26548623
2022-02-14T05:35:19,860.00,915.96,850.70,26548623
2022-02-14T05:40:20,860.00,915.96,850.70,26548623
2022-02-14T05:45:21,860.00,915.96,850.70,26548623
2022-02-14T05:50:22,860.00,915.96,850.70,26548623
2022-02-14T05:55:22,860.00,915.96,850.70,26548623
2022-02-14T06:00:23,860.00,915.96,850.70,26548623
2022-02-14T06:05:24,860.00,915.96,850.70,26548623
2022-02-14T06:10:25,860.00,915.96,850.70,26548623
2022-02-14T06:15:26,860.00,915.96,850.70,26548623
2022-02-14T06:20:27,860.00,915.96,850.70,26548623
2022-02-14T06:25:28,860.00,915.96,850.70,26548623
2022-02-14T06:30:29,860.00,915.96,850.70,26548623
2022-02-14T06:35:30,860.00,915.96,850.70,26548623
2022-02-14T06:40:31,860.00,915.96,850.70,26548623
2022-02-14T06:45:32,861.33,864.60,861.30,1178108
2022-02-14T06:50:32,862.9999,864.60,853.15,1853771
2022-02-14T06:55:33,856.9289,868.37,853.15,2462230
2022-02-14T07:00:34,864.5253,868.37,853.15,3055275
2022-02-14T07:05:35,870.93,872.87,853.15,3655618
2022-02-14T07:10:36,876.36,878.9658,853.15,4204381
2022-02-14T07:15:37,872.12,878.9658,853.15,4731092
2022-02-14T07:20:38,869.8599,878.9658,853.15,5120959
2022-02-14T07:25:39,875.2001,878.9658,853.15,5488391
2022-02-14T07:30:40,875.96,878.9658,853.15,5887306
2022-02-14T07:35:40,874.31,878.9658,853.15,6247888
2022-02-14T07:40:41,874.90,878.9658,853.15,6540109
2022-02-14T07:45:42,875.3526,878.9658,853.15,6802604
2022-02-14T07:50:43,873.0728,878.9658,853.15,7049333
2022-02-14T07:55:44,874.13,878.9658,853.15,7318998
2022-02-14T08:00:45,882.12,883.80,853.15,7865979
2022-02-14T08:05:46,885.005,886.6399,853.15,8186127
2022-02-14T08:10:47,886.61,886.81,853.15,8491982
2022-02-14T08:15:48,884.73,887.06,853.15,8775959
2022-02-14T08:20:49,888.71,889.7901,853.15,9075552
2022-02-14T08:25:50,891.225,893.36,853.15,9475561
2022-02-14T08:30:50,891.53,893.36,853.15,9733970
2022-02-14T08:35:51,897.4577,898.55,853.15,10196706
2022-02-14T08:40:52,896.50,898.85,853.15,10467679
2022-02-14T08:45:53,895.72,898.8799,853.15,10738003
2022-02-14T08:50:54,894.5784,898.8799,853.15,11067732
2022-02-14T08:55:56,891.305,898.8799,853.15,11294861
2022-02-14T09:00:57,893.335,898.8799,853.15,11482426
2022-02-14T09:05:58,893.54,898.8799,853.15,11631017
