Date-Time,Price,High,Low,Volume
2022-02-14T00:02:43,6.57,6.94,6.45,749065
2022-02-14T00:07:44,6.57,6.94,6.45,749065
2022-02-14T00:12:45,6.57,6.94,6.45,749065
2022-02-14T00:17:45,6.57,6.94,6.45,749065
2022-02-14T00:22:46,6.57,6.94,6.45,749065
2022-02-14T00:27:47,6.57,6.94,6.45,749065
2022-02-14T00:32:48,6.57,6.94,6.45,749065
2022-02-14T00:37:48,6.57,6.94,6.45,749065
2022-02-14T00:42:49,6.57,6.94,6.45,749065
2022-02-14T00:47:50,6.57,6.94,6.45,749065
2022-02-14T00:52:51,6.57,6.94,6.45,749065
2022-02-14T00:57:52,6.57,6.94,6.45,749065
2022-02-14T01:02:53,6.57,6.94,6.45,749065
