Date-Time,Price,High,Low,Volume
2022-05-30T00:01:17,759.63,759.80,720.5311,29764994
2022-05-30T00:06:18,759.63,759.80,720.5311,29764994
2022-05-30T00:11:19,759.63,759.80,720.5311,29764994
2022-05-30T00:16:20,759.63,759.80,720.5311,29764994
2022-05-30T00:21:21,759.63,759.80,720.5311,29764994
2022-05-30T00:26:23,759.63,759.80,720.5311,29764994
2022-05-30T00:31:24,759.63,759.80,720.5311,29764994
2022-05-30T00:36:25,759.63,759.80,720.5311,29764994
2022-05-30T00:41:27,759.63,759.80,720.5311,29764994
2022-05-30T00:46:33,759.63,759.80,720.5311,29764994
2022-05-30T00:51:34,759.63,759.80,720.5311,29764994
2022-05-30T00:56:35,759.63,759.80,720.5311,29764994
2022-05-30T01:01:36,759.63,759.80,720.5311,29764994
