Date-Time,Price,High,Low,Volume
2022-05-30T00:04:29,4.76,4.85,4.57,740491
2022-05-30T00:09:30,4.76,4.85,4.57,740491
2022-05-30T00:14:32,4.76,4.85,4.57,740491
2022-05-30T00:19:33,4.76,4.85,4.57,740491
2022-05-30T00:24:34,4.76,4.85,4.57,740491
2022-05-30T00:29:36,4.76,4.85,4.57,740491
2022-05-30T00:34:37,4.76,4.85,4.57,740491
2022-05-30T00:39:38,4.76,4.85,4.57,740491
2022-05-30T00:44:40,4.76,4.85,4.57,740491
2022-05-30T00:49:42,4.76,4.85,4.57,740491
2022-05-30T00:54:43,4.76,4.85,4.57,740491
2022-05-30T00:59:44,4.76,4.85,4.57,740491
2022-05-30T01:04:45,4.76,4.85,4.57,740491
