Date-Time,Price,High,Low,Volume
2022-05-30T00:01:17,195.13,195.3329,189.80,22562727
2022-05-30T00:06:18,195.13,195.3329,189.80,22562727
2022-05-30T00:11:19,195.13,195.3329,189.80,22562727
2022-05-30T00:16:21,195.13,195.3329,189.80,22562727
2022-05-30T00:21:22,195.13,195.3329,189.80,22562727
2022-05-30T00:26:24,195.13,195.3329,189.80,22562727
2022-05-30T00:31:25,195.13,195.3329,189.80,22562727
2022-05-30T00:36:26,195.13,195.3329,189.80,22562727
2022-05-30T00:41:27,195.13,195.3329,189.80,22562727
2022-05-30T00:46:29,195.13,195.3329,189.80,22562727
2022-05-30T00:51:30,195.13,195.3329,189.80,22562727
2022-05-30T00:56:31,195.13,195.3329,189.80,22562727
2022-05-30T01:01:37,195.13,195.3329,189.80,22562727
