Date-Time,Price,High,Low,Volume
2022-05-30T00:01:17,16.57,16.69,15.67,51414780
2022-05-30T00:06:18,16.57,16.69,15.67,51414780
2022-05-30T00:11:19,16.57,16.69,15.67,51414780
2022-05-30T00:16:21,16.57,16.69,15.67,51414780
2022-05-30T00:21:22,16.57,16.69,15.67,51414780
2022-05-30T00:26:24,16.57,16.69,15.67,51414780
2022-05-30T00:31:25,16.57,16.69,15.67,51414780
2022-05-30T00:36:26,16.57,16.69,15.67,51414780
2022-05-30T00:41:27,16.57,16.69,15.67,51414780
2022-05-30T00:46:33,16.57,16.69,15.67,51414780
2022-05-30T00:51:34,16.57,16.69,15.67,51414780
2022-05-30T00:56:36,16.57,16.69,15.67,51414780
2022-05-30T01:01:37,16.57,16.69,15.67,51414780
