Date-Time,Price,High,Low,Volume
2021-12-21T00:02:32,325.45,329.90,322.53,17901783
2021-12-21T00:07:32,325.45,329.90,322.53,17901783
2021-12-21T00:12:33,325.45,329.90,322.53,17901783
2021-12-21T00:17:34,325.45,329.90,322.53,17901783
2021-12-21T00:22:35,325.45,329.90,322.53,17901783
2021-12-21T00:27:36,325.45,329.90,322.53,17901783
2021-12-21T00:32:36,325.45,329.90,322.53,17901783
2021-12-21T00:37:37,325.45,329.90,322.53,17901783
2021-12-21T00:42:38,325.45,329.90,322.53,17901783
2021-12-21T00:47:39,325.45,329.90,322.53,17901783
2021-12-21T00:52:39,325.45,329.90,322.53,17901783
2021-12-21T00:57:40,325.45,329.90,322.53,17901783
2021-12-21T01:02:41,325.45,329.90,322.53,17901783
2021-12-21T01:07:42,325.45,329.90,322.53,17901783
2021-12-21T01:12:43,325.45,329.90,322.53,17901783
2021-12-21T01:17:43,325.45,329.90,322.53,17901783
2021-12-21T01:22:44,325.45,329.90,322.53,17901783
2021-12-21T01:27:45,325.45,329.90,322.53,17901783
2021-12-21T01:32:46,325.45,329.90,322.53,17901783
2021-12-21T01:37:47,325.45,329.90,322.53,17901783
2021-12-21T01:42:47,325.45,329.90,322.53,17901783
2021-12-21T01:47:48,325.45,329.90,322.53,17901783
2021-12-21T01:52:49,325.45,329.90,322.53,17901783
2021-12-21T01:57:50,325.45,329.90,322.53,17901783
2021-12-21T02:02:50,325.45,329.90,322.53,17901783
2021-12-21T02:07:51,325.45,329.90,322.53,17901783
2021-12-21T02:12:52,325.45,329.90,322.53,17901783
2021-12-21T02:17:53,325.45,329.90,322.53,17901783
2021-12-21T02:22:53,325.45,329.90,322.53,17901783
2021-12-21T02:27:54,325.45,329.90,322.53,17901783
2021-12-21T02:32:55,325.45,329.90,322.53,17901783
2021-12-21T02:37:56,325.45,329.90,322.53,17901783
2021-12-21T02:42:57,325.45,329.90,322.53,17901783
2021-12-21T02:47:58,325.45,329.90,322.53,17901783
2021-12-21T02:52:59,325.45,329.90,322.53,17901783
2021-12-21T02:58:00,325.45,329.90,322.53,17901783
2021-12-21T03:03:00,325.45,329.90,322.53,17901783
2021-12-21T03:08:01,325.45,329.90,322.53,17901783
2021-12-21T03:13:02,325.45,329.90,322.53,17901783
2021-12-21T03:18:03,325.45,329.90,322.53,17901783
2021-12-21T03:23:03,325.45,329.90,322.53,17901783
2021-12-21T03:28:04,325.45,329.90,322.53,17901783
2021-12-21T03:33:05,325.45,329.90,322.53,17901783
2021-12-21T03:38:06,325.45,329.90,322.53,17901783
2021-12-21T03:43:07,325.45,329.90,322.53,17901783
2021-12-21T03:48:07,325.45,329.90,322.53,17901783
2021-12-21T03:53:08,325.45,329.90,322.53,17901783
2021-12-21T03:58:09,325.45,329.90,322.53,17901783
2021-12-21T04:03:10,325.45,329.90,322.53,17901783
2021-12-21T04:08:11,325.45,329.90,322.53,17901783
2021-12-21T04:13:12,325.45,329.90,322.53,17901783
2021-12-21T04:18:13,325.45,329.90,322.53,17901783
2021-12-21T04:23:13,325.45,329.90,322.53,17901783
2021-12-21T04:28:14,325.45,329.90,322.53,17901783
2021-12-21T04:33:15,325.45,329.90,322.53,17901783
2021-12-21T04:38:16,325.45,329.90,322.53,17901783
2021-12-21T04:43:17,325.45,329.90,322.53,17901783
2021-12-21T04:48:17,325.45,329.90,322.53,17901783
2021-12-21T04:53:18,325.45,329.90,322.53,17901783
2021-12-21T04:58:19,325.45,329.90,322.53,17901783
2021-12-21T05:03:20,325.45,329.90,322.53,17901783
2021-12-21T05:08:21,325.45,329.90,322.53,17901783
2021-12-21T05:13:21,325.45,329.90,322.53,17901783
2021-12-21T05:18:22,325.45,329.90,322.53,17901783
2021-12-21T05:23:23,325.45,329.90,322.53,17901783
2021-12-21T05:28:24,325.45,329.90,322.53,17901783
2021-12-21T05:33:25,325.45,329.90,322.53,17901783
2021-12-21T05:38:25,325.45,329.90,322.53,17901783
2021-12-21T05:43:26,325.45,329.90,322.53,17901783
2021-12-21T05:48:27,325.45,329.90,322.53,17901783
2021-12-21T05:53:28,325.45,329.90,322.53,17901783
2021-12-21T05:58:29,325.45,329.90,322.53,17901783
