Date-Time,Price,High,Low,Volume
2021-12-21T00:02:27,28.16,29.46,27.79,56945607
2021-12-21T00:07:28,28.16,29.46,27.79,56945607
2021-12-21T00:12:29,28.16,29.46,27.79,56945607
2021-12-21T00:17:30,28.16,29.46,27.79,56945607
2021-12-21T00:22:30,28.16,29.46,27.79,56945607
2021-12-21T00:27:31,28.16,29.46,27.79,56945607
2021-12-21T00:32:32,28.16,29.46,27.79,56945607
2021-12-21T00:37:33,28.16,29.46,27.79,56945607
2021-12-21T00:42:33,28.16,29.46,27.79,56945607
2021-12-21T00:47:34,28.16,29.46,27.79,56945607
2021-12-21T00:52:35,28.16,29.46,27.79,56945607
2021-12-21T00:57:36,28.16,29.46,27.79,56945607
2021-12-21T01:02:36,28.16,29.46,27.79,56945607
2021-12-21T01:07:37,28.16,29.46,27.79,56945607
2021-12-21T01:12:38,28.16,29.46,27.79,56945607
2021-12-21T01:17:39,28.16,29.46,27.79,56945607
2021-12-21T01:22:40,28.16,29.46,27.79,56945607
2021-12-21T01:27:40,28.16,29.46,27.79,56945607
2021-12-21T01:32:41,28.16,29.46,27.79,56945607
2021-12-21T01:37:42,28.16,29.46,27.79,56945607
2021-12-21T01:42:43,28.16,29.46,27.79,56945607
2021-12-21T01:47:44,28.16,29.46,27.79,56945607
2021-12-21T01:52:45,28.16,29.46,27.79,56945607
2021-12-21T01:57:45,28.16,29.46,27.79,56945607
2021-12-21T02:02:46,28.16,29.46,27.79,56945607
2021-12-21T02:07:47,28.16,29.46,27.79,56945607
2021-12-21T02:12:48,28.16,29.46,27.79,56945607
2021-12-21T02:17:49,28.16,29.46,27.79,56945607
2021-12-21T02:22:49,28.16,29.46,27.79,56945607
2021-12-21T02:27:50,28.16,29.46,27.79,56945607
2021-12-21T02:32:51,28.16,29.46,27.79,56945607
2021-12-21T02:37:52,28.16,29.46,27.79,56945607
2021-12-21T02:42:52,28.16,29.46,27.79,56945607
2021-12-21T02:47:53,28.16,29.46,27.79,56945607
2021-12-21T02:52:54,28.16,29.46,27.79,56945607
2021-12-21T02:57:55,28.16,29.46,27.79,56945607
2021-12-21T03:02:56,28.16,29.46,27.79,56945607
2021-12-21T03:07:56,28.16,29.46,27.79,56945607
2021-12-21T03:12:57,28.16,29.46,27.79,56945607
2021-12-21T03:17:58,28.16,29.46,27.79,56945607
2021-12-21T03:22:59,28.16,29.46,27.79,56945607
2021-12-21T03:28:00,28.16,29.46,27.79,56945607
2021-12-21T03:33:01,28.16,29.46,27.79,56945607
2021-12-21T03:38:01,28.16,29.46,27.79,56945607
2021-12-21T03:43:02,28.16,29.46,27.79,56945607
2021-12-21T03:48:03,28.16,29.46,27.79,56945607
2021-12-21T03:53:04,28.16,29.46,27.79,56945607
2021-12-21T03:58:05,28.16,29.46,27.79,56945607
2021-12-21T04:03:05,28.16,29.46,27.79,56945607
2021-12-21T04:08:06,28.16,29.46,27.79,56945607
2021-12-21T04:13:07,28.16,29.46,27.79,56945607
2021-12-21T04:18:08,28.16,29.46,27.79,56945607
2021-12-21T04:23:08,28.16,29.46,27.79,56945607
2021-12-21T04:28:09,28.16,29.46,27.79,56945607
2021-12-21T04:33:10,28.16,29.46,27.79,56945607
2021-12-21T04:38:10,28.16,29.46,27.79,56945607
2021-12-21T04:43:11,28.16,29.46,27.79,56945607
2021-12-21T04:48:12,28.16,29.46,27.79,56945607
2021-12-21T04:53:13,28.16,29.46,27.79,56945607
2021-12-21T04:58:14,28.16,29.46,27.79,56945607
2021-12-21T05:03:14,28.16,29.46,27.79,56945607
2021-12-21T05:08:15,28.16,29.46,27.79,56945607
2021-12-21T05:13:16,28.16,29.46,27.79,56945607
2021-12-21T05:18:17,28.16,29.46,27.79,56945607
2021-12-21T05:23:18,28.16,29.46,27.79,56945607
2021-12-21T05:28:18,28.16,29.46,27.79,56945607
2021-12-21T05:33:19,28.16,29.46,27.79,56945607
2021-12-21T05:38:20,28.16,29.46,27.79,56945607
2021-12-21T05:43:21,28.16,29.46,27.79,56945607
2021-12-21T05:48:21,28.16,29.46,27.79,56945607
2021-12-21T05:53:22,28.16,29.46,27.79,56945607
2021-12-21T05:58:23,28.16,29.46,27.79,56945607
2021-12-21T06:03:24,28.16,29.46,27.79,56945607
2021-12-21T06:08:24,28.16,29.46,27.79,56945607
2021-12-21T06:13:25,28.16,29.46,27.79,56945607
2021-12-21T06:18:26,28.16,29.46,27.79,56945607
2021-12-21T06:23:27,28.16,29.46,27.79,56945607
2021-12-21T06:28:28,28.16,29.46,27.79,56945607
2021-12-21T06:33:28,28.16,29.46,27.79,56945607
2021-12-21T06:38:29,28.16,29.46,27.79,56945607
2021-12-21T06:43:30,28.16,29.46,27.79,56945607
2021-12-21T06:48:30,29.08,29.13,28.6658,3325667
2021-12-21T06:53:31,29.51,29.53,28.6658,5483653
2021-12-21T06:58:32,29.3199,29.72,28.6658,7316285
2021-12-21T07:03:33,29.5608,29.72,28.6658,8602926
2021-12-21T07:08:34,29.58,29.75,28.6658,9863427
2021-12-21T07:13:35,29.1035,29.75,28.6658,11175866
2021-12-21T07:18:35,29.30,29.75,28.6658,12114216
2021-12-21T07:23:36,29.31,29.75,28.6658,12817193
2021-12-21T07:28:37,29.405,29.75,28.6658,13484346
2021-12-21T07:33:38,29.58,29.75,28.6658,14166315
2021-12-21T07:38:38,29.29,29.75,28.6658,14768957
2021-12-21T07:43:39,29.07,29.75,28.6658,15915990
2021-12-21T07:48:40,29.03,29.75,28.6658,16672976
2021-12-21T07:53:41,29.055,29.75,28.6658,17540196
2021-12-21T07:58:41,29.185,29.75,28.6658,18086570
