Date-Time,Price,High,Low,Volume
2021-12-21T00:02:21,899.94,921.6884,893.39,18826671
2021-12-21T00:07:22,899.94,921.6884,893.39,18826671
2021-12-21T00:12:22,899.94,921.6884,893.39,18826671
2021-12-21T00:17:23,899.94,921.6884,893.39,18826671
2021-12-21T00:22:24,899.94,921.6884,893.39,18826671
2021-12-21T00:27:25,899.94,921.6884,893.39,18826671
2021-12-21T00:32:25,899.94,921.6884,893.39,18826671
2021-12-21T00:37:26,899.94,921.6884,893.39,18826671
2021-12-21T00:42:27,899.94,921.6884,893.39,18826671
2021-12-21T00:47:28,899.94,921.6884,893.39,18826671
2021-12-21T00:52:29,899.94,921.6884,893.39,18826671
2021-12-21T00:57:29,899.94,921.6884,893.39,18826671
