Date-Time,Price,High,Low,Volume
2021-11-13T00:01:18,42.67,43.55,41.91,34743056
2021-11-13T00:06:19,42.67,43.55,41.91,34743056
2021-11-13T00:11:20,42.67,43.55,41.91,34743056
2021-11-13T00:16:20,42.67,43.55,41.91,34743056
2021-11-13T00:21:21,42.67,43.55,41.91,34743056
2021-11-13T00:26:22,42.67,43.55,41.91,34743056
2021-11-13T00:31:22,42.67,43.55,41.91,34743056
2021-11-13T00:36:23,42.67,43.55,41.91,34743056
2021-11-13T00:41:24,42.67,43.55,41.91,34743056
2021-11-13T00:46:25,42.67,43.55,41.91,34743056
2021-11-13T00:51:26,42.67,43.55,41.91,34743056
2021-11-13T00:56:26,42.67,43.55,41.91,34743056
2021-11-13T01:01:27,42.67,43.55,41.91,34743056
2021-11-13T01:06:28,42.67,43.55,41.91,34743056
2021-11-13T01:11:28,42.67,43.55,41.91,34743056
