Date-Time,Price,High,Low,Volume
2021-11-13T00:01:17,340.89,341.86,329.78,25414311
2021-11-13T00:06:18,340.89,341.86,329.78,25414311
2021-11-13T00:11:19,340.89,341.86,329.78,25414311
2021-11-13T00:16:20,340.89,341.86,329.78,25414311
2021-11-13T00:21:20,340.89,341.86,329.78,25414311
2021-11-13T00:26:21,340.89,341.86,329.78,25414311
2021-11-13T00:31:22,340.89,341.86,329.78,25414311
2021-11-13T00:36:23,340.89,341.86,329.78,25414311
2021-11-13T00:41:23,340.89,341.86,329.78,25414311
2021-11-13T00:46:24,340.89,341.86,329.78,25414311
2021-11-13T00:51:25,340.89,341.86,329.78,25414311
2021-11-13T00:56:26,340.89,341.86,329.78,25414311
2021-11-13T01:01:26,340.89,341.86,329.78,25414311
2021-11-13T01:06:27,340.89,341.86,329.78,25414311
2021-11-13T01:11:28,340.89,341.86,329.78,25414311
2021-11-13T01:16:29,340.89,341.86,329.78,25414311
2021-11-13T01:21:30,340.89,341.86,329.78,25414311
