Date-Time,Price,High,Low,Volume
2021-12-06T00:03:24,7.47,8.0892,7.3018,1790182
2021-12-06T00:08:25,7.47,8.0892,7.3018,1790182
2021-12-06T00:13:26,7.47,8.0892,7.3018,1790182
2021-12-06T00:18:27,7.47,8.0892,7.3018,1790182
2021-12-06T00:23:28,7.47,8.0892,7.3018,1790182
2021-12-06T00:28:28,7.47,8.0892,7.3018,1790182
2021-12-06T00:33:29,7.47,8.0892,7.3018,1790182
2021-12-06T00:38:30,7.47,8.0892,7.3018,1790182
2021-12-06T00:43:31,7.47,8.0892,7.3018,1790182
2021-12-06T00:48:32,7.47,8.0892,7.3018,1790182
2021-12-06T00:53:32,7.47,8.0892,7.3018,1790182
2021-12-06T00:58:33,7.47,8.0892,7.3018,1790182
2021-12-06T01:03:34,7.47,8.0892,7.3018,1790182
2021-12-06T01:08:35,7.47,8.0892,7.3018,1790182
2021-12-06T01:13:36,7.47,8.0892,7.3018,1790182
2021-12-06T01:18:37,7.47,8.0892,7.3018,1790182
2021-12-06T01:23:37,7.47,8.0892,7.3018,1790182
2021-12-06T01:28:38,7.47,8.0892,7.3018,1790182
2021-12-06T01:33:39,7.47,8.0892,7.3018,1790182
2021-12-06T01:38:40,7.47,8.0892,7.3018,1790182
2021-12-06T01:43:41,7.47,8.0892,7.3018,1790182
2021-12-06T01:48:42,7.47,8.0892,7.3018,1790182
2021-12-06T01:53:43,7.47,8.0892,7.3018,1790182
2021-12-06T01:58:44,7.47,8.0892,7.3018,1790182
2021-12-06T02:03:45,7.47,8.0892,7.3018,1790182
2021-12-06T02:08:45,7.47,8.0892,7.3018,1790182
2021-12-06T02:13:46,7.47,8.0892,7.3018,1790182
2021-12-06T02:18:47,7.47,8.0892,7.3018,1790182
2021-12-06T02:23:48,7.47,8.0892,7.3018,1790182
2021-12-06T02:28:48,7.47,8.0892,7.3018,1790182
2021-12-06T02:33:49,7.47,8.0892,7.3018,1790182
2021-12-06T02:38:50,7.47,8.0892,7.3018,1790182
2021-12-06T02:43:51,7.47,8.0892,7.3018,1790182
2021-12-06T02:48:52,7.47,8.0892,7.3018,1790182
2021-12-06T02:53:52,7.47,8.0892,7.3018,1790182
2021-12-06T02:58:53,7.47,8.0892,7.3018,1790182
2021-12-06T03:03:54,7.47,8.0892,7.3018,1790182
2021-12-06T03:08:55,7.47,8.0892,7.3018,1790182
2021-12-06T03:13:56,7.47,8.0892,7.3018,1790182
2021-12-06T03:18:56,7.47,8.0892,7.3018,1790182
2021-12-06T03:23:57,7.47,8.0892,7.3018,1790182
2021-12-06T03:28:58,7.47,8.0892,7.3018,1790182
2021-12-06T03:33:59,7.47,8.0892,7.3018,1790182
2021-12-06T03:38:59,7.47,8.0892,7.3018,1790182
2021-12-06T03:44:00,7.47,8.0892,7.3018,1790182
2021-12-06T03:49:01,7.47,8.0892,7.3018,1790182
2021-12-06T03:54:01,7.47,8.0892,7.3018,1790182
2021-12-06T03:59:02,7.47,8.0892,7.3018,1790182
2021-12-06T04:04:03,7.47,8.0892,7.3018,1790182
2021-12-06T04:09:04,7.47,8.0892,7.3018,1790182
2021-12-06T04:14:05,7.47,8.0892,7.3018,1790182
2021-12-06T04:19:05,7.47,8.0892,7.3018,1790182
2021-12-06T04:24:06,7.47,8.0892,7.3018,1790182
2021-12-06T04:29:07,7.47,8.0892,7.3018,1790182
2021-12-06T04:34:08,7.47,8.0892,7.3018,1790182
2021-12-06T04:39:09,7.47,8.0892,7.3018,1790182
2021-12-06T04:44:10,7.47,8.0892,7.3018,1790182
2021-12-06T04:49:11,7.47,8.0892,7.3018,1790182
2021-12-06T04:54:11,7.47,8.0892,7.3018,1790182
2021-12-06T04:59:12,7.47,8.0892,7.3018,1790182
2021-12-06T05:04:13,7.47,8.0892,7.3018,1790182
2021-12-06T05:09:14,7.47,8.0892,7.3018,1790182
2021-12-06T05:14:15,7.47,8.0892,7.3018,1790182
2021-12-06T05:19:16,7.47,8.0892,7.3018,1790182
2021-12-06T05:24:17,7.47,8.0892,7.3018,1790182
2021-12-06T05:29:17,7.47,8.0892,7.3018,1790182
2021-12-06T05:34:18,7.47,8.0892,7.3018,1790182
2021-12-06T05:39:19,7.47,8.0892,7.3018,1790182
2021-12-06T05:44:20,7.47,8.0892,7.3018,1790182
2021-12-06T05:49:21,7.47,8.0892,7.3018,1790182
2021-12-06T05:54:22,7.47,8.0892,7.3018,1790182
2021-12-06T05:59:22,7.47,8.0892,7.3018,1790182
2021-12-06T06:04:23,7.47,8.0892,7.3018,1790182
2021-12-06T06:09:24,7.47,8.0892,7.3018,1790182
2021-12-06T06:14:25,7.47,8.0892,7.3018,1790182
2021-12-06T06:19:26,7.47,8.0892,7.3018,1790182
2021-12-06T06:24:27,7.47,8.0892,7.3018,1790182
2021-12-06T06:29:28,7.47,8.0892,7.3018,1790182
2021-12-06T06:34:28,7.47,8.0892,7.3018,1790182
2021-12-06T06:39:29,7.47,8.0892,7.3018,1790182
2021-12-06T06:44:30,7.47,8.0892,7.3018,1790182
2021-12-06T06:49:31,7.139,7.50,7.03,76356
2021-12-06T06:54:31,6.80,7.50,6.77,139120
2021-12-06T06:59:32,6.91,7.50,6.72,241020
2021-12-06T07:04:33,6.9036,7.50,6.72,292187
2021-12-06T07:09:34,6.98,7.50,6.72,344028
2021-12-06T07:14:34,7.02,7.50,6.72,407895
2021-12-06T07:19:35,7.10,7.50,6.72,428982
2021-12-06T07:24:36,7.09,7.50,6.72,463260
2021-12-06T07:29:37,7.05,7.50,6.72,495255
2021-12-06T07:34:38,7.07,7.50,6.72,515817
2021-12-06T07:39:39,7.105,7.50,6.72,532402
2021-12-06T07:44:39,7.10,7.50,6.72,547516
2021-12-06T07:49:40,7.11,7.50,6.72,561079
2021-12-06T07:54:41,7.08,7.50,6.72,580632
2021-12-06T07:59:42,7.03,7.50,6.72,596032
2021-12-06T08:04:42,7.01,7.50,6.72,639742
2021-12-06T08:09:43,7.03,7.50,6.72,656259
2021-12-06T08:14:44,7.15,7.50,6.72,681970
2021-12-06T08:19:45,7.20,7.50,6.72,700731
2021-12-06T08:24:45,7.15,7.50,6.72,715415
2021-12-06T08:29:46,7.12,7.50,6.72,728982
2021-12-06T08:34:47,7.13,7.50,6.72,734601
2021-12-06T08:39:48,7.12,7.50,6.72,745864
2021-12-06T08:44:48,7.10,7.50,6.72,760867
2021-12-06T08:49:49,7.10,7.50,6.72,769351
2021-12-06T08:54:50,7.07,7.50,6.72,783267
2021-12-06T08:59:51,7.11,7.50,6.72,809585
2021-12-06T09:04:51,7.10,7.50,6.72,823144
2021-12-06T09:09:52,7.095,7.50,6.72,835244
2021-12-06T09:14:53,7.14,7.50,6.72,845653
2021-12-06T09:19:54,7.115,7.50,6.72,853065
2021-12-06T09:24:54,7.11,7.50,6.72,864480
2021-12-06T09:29:55,7.14,7.50,6.72,885776
2021-12-06T09:34:56,7.125,7.50,6.72,888621
2021-12-06T09:39:57,7.085,7.50,6.72,902715
2021-12-06T09:44:57,7.065,7.50,6.72,919702
2021-12-06T09:49:58,7.03,7.50,6.72,930179
2021-12-06T09:54:59,7.005,7.50,6.72,941224
2021-12-06T10:00:03,7.015,7.50,6.72,963836
2021-12-06T10:05:04,7.02,7.50,6.72,968179
