Date-Time,Price,High,Low,Volume
2021-12-06T00:00:15,32.15,35.22,31.50,106366591
2021-12-06T00:05:16,32.15,35.22,31.50,106366591
2021-12-06T00:10:16,32.15,35.22,31.50,106366591
2021-12-06T00:15:17,32.15,35.22,31.50,106366591
2021-12-06T00:20:18,32.15,35.22,31.50,106366591
2021-12-06T00:25:19,32.15,35.22,31.50,106366591
2021-12-06T00:30:20,32.15,35.22,31.50,106366591
2021-12-06T00:35:21,32.15,35.22,31.50,106366591
2021-12-06T00:40:22,32.15,35.22,31.50,106366591
2021-12-06T00:45:23,32.15,35.22,31.50,106366591
2021-12-06T00:50:23,32.15,35.22,31.50,106366591
2021-12-06T00:55:25,32.15,35.22,31.50,106366591
2021-12-06T01:00:25,32.15,35.22,31.50,106366591
