Date-Time,Price,High,Low,Volume
2021-12-06T00:03:25,104.67,111.87,100.00,13819221
2021-12-06T00:08:26,104.67,111.87,100.00,13819221
2021-12-06T00:13:27,104.67,111.87,100.00,13819221
2021-12-06T00:18:28,104.67,111.87,100.00,13819221
2021-12-06T00:23:29,104.67,111.87,100.00,13819221
2021-12-06T00:28:30,104.67,111.87,100.00,13819221
2021-12-06T00:33:30,104.67,111.87,100.00,13819221
2021-12-06T00:38:31,104.67,111.87,100.00,13819221
2021-12-06T00:43:32,104.67,111.87,100.00,13819221
2021-12-06T00:48:33,104.67,111.87,100.00,13819221
2021-12-06T00:53:34,104.67,111.87,100.00,13819221
2021-12-06T00:58:35,104.67,111.87,100.00,13819221
2021-12-06T01:03:35,104.67,111.87,100.00,13819221
2021-12-06T01:08:36,104.67,111.87,100.00,13819221
2021-12-06T01:13:37,104.67,111.87,100.00,13819221
2021-12-06T01:18:38,104.67,111.87,100.00,13819221
2021-12-06T01:23:39,104.67,111.87,100.00,13819221
2021-12-06T01:28:39,104.67,111.87,100.00,13819221
2021-12-06T01:33:40,104.67,111.87,100.00,13819221
2021-12-06T01:38:41,104.67,111.87,100.00,13819221
2021-12-06T01:43:42,104.67,111.87,100.00,13819221
2021-12-06T01:48:42,104.67,111.87,100.00,13819221
2021-12-06T01:53:43,104.67,111.87,100.00,13819221
2021-12-06T01:58:44,104.67,111.87,100.00,13819221
2021-12-06T02:03:45,104.67,111.87,100.00,13819221
2021-12-06T02:08:46,104.67,111.87,100.00,13819221
2021-12-06T02:13:46,104.67,111.87,100.00,13819221
2021-12-06T02:18:47,104.67,111.87,100.00,13819221
2021-12-06T02:23:48,104.67,111.87,100.00,13819221
2021-12-06T02:28:49,104.67,111.87,100.00,13819221
2021-12-06T02:33:50,104.67,111.87,100.00,13819221
2021-12-06T02:38:50,104.67,111.87,100.00,13819221
2021-12-06T02:43:51,104.67,111.87,100.00,13819221
2021-12-06T02:48:52,104.67,111.87,100.00,13819221
2021-12-06T02:53:53,104.67,111.87,100.00,13819221
2021-12-06T02:58:54,104.67,111.87,100.00,13819221
2021-12-06T03:03:55,104.67,111.87,100.00,13819221
2021-12-06T03:08:55,104.67,111.87,100.00,13819221
2021-12-06T03:13:56,104.67,111.87,100.00,13819221
2021-12-06T03:18:57,104.67,111.87,100.00,13819221
2021-12-06T03:23:58,104.67,111.87,100.00,13819221
2021-12-06T03:28:59,104.67,111.87,100.00,13819221
2021-12-06T03:33:59,104.67,111.87,100.00,13819221
2021-12-06T03:39:00,104.67,111.87,100.00,13819221
2021-12-06T03:44:01,104.67,111.87,100.00,13819221
2021-12-06T03:49:02,104.67,111.87,100.00,13819221
2021-12-06T03:54:03,104.67,111.87,100.00,13819221
2021-12-06T03:59:03,104.67,111.87,100.00,13819221
2021-12-06T04:04:04,104.67,111.87,100.00,13819221
2021-12-06T04:09:05,104.67,111.87,100.00,13819221
2021-12-06T04:14:06,104.67,111.87,100.00,13819221
2021-12-06T04:19:06,104.67,111.87,100.00,13819221
2021-12-06T04:24:07,104.67,111.87,100.00,13819221
2021-12-06T04:29:08,104.67,111.87,100.00,13819221
2021-12-06T04:34:09,104.67,111.87,100.00,13819221
2021-12-06T04:39:10,104.67,111.87,100.00,13819221
2021-12-06T04:44:10,104.67,111.87,100.00,13819221
2021-12-06T04:49:11,104.67,111.87,100.00,13819221
2021-12-06T04:54:12,104.67,111.87,100.00,13819221
2021-12-06T04:59:13,104.67,111.87,100.00,13819221
2021-12-06T05:04:14,104.67,111.87,100.00,13819221
2021-12-06T05:09:14,104.67,111.87,100.00,13819221
2021-12-06T05:14:15,104.67,111.87,100.00,13819221
2021-12-06T05:19:16,104.67,111.87,100.00,13819221
2021-12-06T05:24:17,104.67,111.87,100.00,13819221
2021-12-06T05:29:18,104.67,111.87,100.00,13819221
2021-12-06T05:34:19,104.67,111.87,100.00,13819221
2021-12-06T05:39:19,104.67,111.87,100.00,13819221
2021-12-06T05:44:20,104.67,111.87,100.00,13819221
2021-12-06T05:49:21,104.67,111.87,100.00,13819221
2021-12-06T05:54:22,104.67,111.87,100.00,13819221
2021-12-06T05:59:23,104.67,111.87,100.00,13819221
2021-12-06T06:04:24,104.67,111.87,100.00,13819221
2021-12-06T06:09:25,104.67,111.87,100.00,13819221
2021-12-06T06:14:25,104.67,111.87,100.00,13819221
2021-12-06T06:19:26,104.67,111.87,100.00,13819221
2021-12-06T06:24:27,104.67,111.87,100.00,13819221
2021-12-06T06:29:28,104.67,111.87,100.00,13819221
2021-12-06T06:34:29,104.67,111.87,100.00,13819221
2021-12-06T06:39:29,104.67,111.87,100.00,13819221
2021-12-06T06:44:30,104.67,111.87,100.00,13819221
2021-12-06T06:49:31,103.79,107.00,103.72,1570424
2021-12-06T06:54:32,101.67,107.00,100.51,2077682
2021-12-06T06:59:32,103.7401,107.00,100.32,2555530
2021-12-06T07:04:33,104.295,107.00,100.32,2891686
2021-12-06T07:09:34,105.234,107.00,100.32,3387964
2021-12-06T07:14:35,105.6408,107.00,100.32,3950855
2021-12-06T07:19:36,105.27,107.00,100.32,4264958
2021-12-06T07:24:36,104.415,107.00,100.32,4666906
2021-12-06T07:29:37,107.2215,107.28,100.32,5131031
2021-12-06T07:34:38,109.505,110.27,100.32,5902947
2021-12-06T07:39:38,110.4218,110.63,100.32,6407854
2021-12-06T07:44:39,109.6336,110.63,100.32,6683796
2021-12-06T07:49:40,111.7984,111.7984,100.32,7152842
2021-12-06T07:54:41,109.06,112.00,100.32,7690536
2021-12-06T07:59:42,107.7376,112.00,100.32,7999702
2021-12-06T08:04:42,108.62,112.00,100.32,8243698
2021-12-06T08:09:43,107.905,112.00,100.32,8471776
2021-12-06T08:14:44,109.505,112.00,100.32,8756875
2021-12-06T08:19:45,109.501,112.00,100.32,9145725
2021-12-06T08:24:45,109.595,112.00,100.32,9331012
2021-12-06T08:29:46,108.26,112.00,100.32,9522686
2021-12-06T08:34:47,109.30,112.00,100.32,9796811
2021-12-06T08:39:47,108.1101,112.00,100.32,9999944
2021-12-06T08:44:48,109.8899,112.00,100.32,10187566
2021-12-06T08:49:49,110.55,112.00,100.32,10492877
2021-12-06T08:54:50,110.16,112.00,100.32,10611679
2021-12-06T08:59:50,110.1899,112.00,100.32,10752149
2021-12-06T09:04:51,109.7317,112.00,100.32,10937374
