Date-Time,Price,High,Low,Volume
2022-05-05T00:00:40,5.31,5.32,4.81,820840
2022-05-05T00:05:41,5.31,5.32,4.81,820840
2022-05-05T00:10:41,5.31,5.32,4.81,820840
2022-05-05T00:15:42,5.31,5.32,4.81,820840
2022-05-05T00:20:43,5.31,5.32,4.81,820840
2022-05-05T00:25:44,5.31,5.32,4.81,820840
2022-05-05T00:30:45,5.31,5.32,4.81,820840
2022-05-05T00:35:46,5.31,5.32,4.81,820840
2022-05-05T00:40:46,5.31,5.32,4.81,820840
2022-05-05T00:45:47,5.31,5.32,4.81,820840
2022-05-05T00:50:48,5.31,5.32,4.81,820840
2022-05-05T00:55:49,5.31,5.32,4.81,820840
2022-05-05T01:00:50,5.31,5.32,4.81,820840
2022-05-05T01:05:51,5.31,5.32,4.81,820840
2022-05-05T01:10:51,5.31,5.32,4.81,820840
2022-05-05T01:15:52,5.31,5.32,4.81,820840
2022-05-05T01:20:53,5.31,5.32,4.81,820840
2022-05-05T01:25:54,5.31,5.32,4.81,820840
2022-05-05T01:30:55,5.31,5.32,4.81,820840
