Date-Time,Price,High,Low,Volume
2022-05-05T00:00:39,18.13,18.215,16.72,53869898
2022-05-05T00:05:40,18.13,18.215,16.72,53869898
2022-05-05T00:10:41,18.13,18.215,16.72,53869898
2022-05-05T00:15:42,18.13,18.215,16.72,53869898
2022-05-05T00:20:42,18.13,18.215,16.72,53869898
2022-05-05T00:25:43,18.13,18.215,16.72,53869898
2022-05-05T00:30:44,18.13,18.215,16.72,53869898
2022-05-05T00:35:45,18.13,18.215,16.72,53869898
2022-05-05T00:40:46,18.13,18.215,16.72,53869898
2022-05-05T00:45:47,18.13,18.215,16.72,53869898
2022-05-05T00:50:48,18.13,18.215,16.72,53869898
2022-05-05T00:55:49,18.13,18.215,16.72,53869898
2022-05-05T01:00:49,18.13,18.215,16.72,53869898
2022-05-05T01:05:50,18.13,18.215,16.72,53869898
2022-05-05T01:10:51,18.13,18.215,16.72,53869898
2022-05-05T01:15:52,18.13,18.215,16.72,53869898
2022-05-05T01:20:53,18.13,18.215,16.72,53869898
2022-05-05T01:25:54,18.13,18.215,16.72,53869898
2022-05-05T01:30:55,18.13,18.215,16.72,53869898
2022-05-05T01:35:55,18.13,18.215,16.72,53869898
2022-05-05T01:40:56,18.13,18.215,16.72,53869898
2022-05-05T01:45:57,18.13,18.215,16.72,53869898
2022-05-05T01:50:58,18.13,18.215,16.72,53869898
2022-05-05T01:55:59,18.13,18.215,16.72,53869898
2022-05-05T02:01:00,18.13,18.215,16.72,53869898
2022-05-05T02:06:00,18.13,18.215,16.72,53869898
2022-05-05T02:11:01,18.13,18.215,16.72,53869898
2022-05-05T02:16:02,18.13,18.215,16.72,53869898
2022-05-05T02:21:03,18.13,18.215,16.72,53869898
2022-05-05T02:26:04,18.13,18.215,16.72,53869898
2022-05-05T02:31:05,18.13,18.215,16.72,53869898
2022-05-05T02:36:05,18.13,18.215,16.72,53869898
2022-05-05T02:41:06,18.13,18.215,16.72,53869898
2022-05-05T02:46:07,18.13,18.215,16.72,53869898
2022-05-05T02:51:08,18.13,18.215,16.72,53869898
2022-05-05T02:56:09,18.13,18.215,16.72,53869898
2022-05-05T03:01:09,18.13,18.215,16.72,53869898
2022-05-05T03:06:10,18.13,18.215,16.72,53869898
2022-05-05T03:11:11,18.13,18.215,16.72,53869898
2022-05-05T03:16:12,18.13,18.215,16.72,53869898
2022-05-05T03:21:13,18.13,18.215,16.72,53869898
2022-05-05T03:26:14,18.13,18.215,16.72,53869898
2022-05-05T03:31:15,18.13,18.215,16.72,53869898
