Date-Time,Price,High,Low,Volume
2022-05-05T00:00:39,952.62,955.50,885.28,27214568
2022-05-05T00:05:40,952.62,955.50,885.28,27214568
2022-05-05T00:10:41,952.62,955.50,885.28,27214568
2022-05-05T00:15:42,952.62,955.50,885.28,27214568
2022-05-05T00:20:43,952.62,955.50,885.28,27214568
2022-05-05T00:25:44,952.62,955.50,885.28,27214568
2022-05-05T00:30:44,952.62,955.50,885.28,27214568
2022-05-05T00:35:45,952.62,955.50,885.28,27214568
2022-05-05T00:40:46,952.62,955.50,885.28,27214568
2022-05-05T00:45:47,952.62,955.50,885.28,27214568
2022-05-05T00:50:48,952.62,955.50,885.28,27214568
2022-05-05T00:55:49,952.62,955.50,885.28,27214568
2022-05-05T01:00:50,952.62,955.50,885.28,27214568
2022-05-05T01:05:50,952.62,955.50,885.28,27214568
2022-05-05T01:10:51,952.62,955.50,885.28,27214568
2022-05-05T01:15:52,952.62,955.50,885.28,27214568
2022-05-05T01:20:53,952.62,955.50,885.28,27214568
2022-05-05T01:25:54,952.62,955.50,885.28,27214568
2022-05-05T01:30:55,952.62,955.50,885.28,27214568
2022-05-05T01:35:55,952.62,955.50,885.28,27214568
2022-05-05T01:40:56,952.62,955.50,885.28,27214568
2022-05-05T01:45:57,952.62,955.50,885.28,27214568
2022-05-05T01:50:58,952.62,955.50,885.28,27214568
2022-05-05T01:55:59,952.62,955.50,885.28,27214568
2022-05-05T02:01:00,952.62,955.50,885.28,27214568
2022-05-05T02:06:00,952.62,955.50,885.28,27214568
2022-05-05T02:11:01,952.62,955.50,885.28,27214568
2022-05-05T02:16:02,952.62,955.50,885.28,27214568
2022-05-05T02:21:03,952.62,955.50,885.28,27214568
2022-05-05T02:26:04,952.62,955.50,885.28,27214568
2022-05-05T02:31:05,952.62,955.50,885.28,27214568
2022-05-05T02:36:05,952.62,955.50,885.28,27214568
2022-05-05T02:41:07,952.62,955.50,885.28,27214568
2022-05-05T02:46:08,952.62,955.50,885.28,27214568
2022-05-05T02:51:09,952.62,955.50,885.28,27214568
2022-05-05T02:56:09,952.62,955.50,885.28,27214568
2022-05-05T03:01:10,952.62,955.50,885.28,27214568
2022-05-05T03:06:11,952.62,955.50,885.28,27214568
2022-05-05T03:11:12,952.62,955.50,885.28,27214568
2022-05-05T03:16:13,952.62,955.50,885.28,27214568
2022-05-05T03:21:14,952.62,955.50,885.28,27214568
2022-05-05T03:26:14,952.62,955.50,885.28,27214568
2022-05-05T03:31:15,952.62,955.50,885.28,27214568
2022-05-05T03:36:16,952.62,955.50,885.28,27214568
2022-05-05T03:41:17,952.62,955.50,885.28,27214568
2022-05-05T03:46:17,952.62,955.50,885.28,27214568
2022-05-05T03:51:18,952.62,955.50,885.28,27214568
2022-05-05T03:56:19,952.62,955.50,885.28,27214568
2022-05-05T04:01:20,952.62,955.50,885.28,27214568
2022-05-05T04:06:21,952.62,955.50,885.28,27214568
2022-05-05T04:11:22,952.62,955.50,885.28,27214568
2022-05-05T04:16:22,952.62,955.50,885.28,27214568
2022-05-05T04:21:23,952.62,955.50,885.28,27214568
2022-05-05T04:26:24,952.62,955.50,885.28,27214568
2022-05-05T04:31:25,952.62,955.50,885.28,27214568
2022-05-05T04:36:26,952.62,955.50,885.28,27214568
2022-05-05T04:41:26,952.62,955.50,885.28,27214568
2022-05-05T04:46:27,952.62,955.50,885.28,27214568
2022-05-05T04:51:28,952.62,955.50,885.28,27214568
2022-05-05T04:56:29,952.62,955.50,885.28,27214568
2022-05-05T05:01:30,952.62,955.50,885.28,27214568
2022-05-05T05:06:30,952.62,955.50,885.28,27214568
2022-05-05T05:11:31,952.62,955.50,885.28,27214568
2022-05-05T05:16:32,952.62,955.50,885.28,27214568
2022-05-05T05:21:33,952.62,955.50,885.28,27214568
2022-05-05T05:26:34,952.62,955.50,885.28,27214568
2022-05-05T05:31:35,952.62,955.50,885.28,27214568
2022-05-05T05:36:35,952.62,955.50,885.28,27214568
2022-05-05T05:41:36,952.62,955.50,885.28,27214568
2022-05-05T05:46:37,952.62,955.50,885.28,27214568
2022-05-05T05:51:38,952.62,955.50,885.28,27214568
2022-05-05T05:56:39,952.62,955.50,885.28,27214568
2022-05-05T06:01:40,952.62,955.50,885.28,27214568
2022-05-05T06:06:41,952.62,955.50,885.28,27214568
2022-05-05T06:11:41,952.62,955.50,885.28,27214568
2022-05-05T06:16:42,952.62,955.50,885.28,27214568
2022-05-05T06:21:43,952.62,955.50,885.28,27214568
2022-05-05T06:26:44,952.62,955.50,885.28,27214568
2022-05-05T06:31:45,952.62,955.50,885.28,27214568
2022-05-05T06:36:46,952.62,955.50,885.28,27214568
2022-05-05T06:41:46,952.62,955.50,885.28,27214568
2022-05-05T06:46:47,943.22,944.99,937.68,969753
2022-05-05T06:51:48,937.30,945.60,937.16,1520431
2022-05-05T06:56:49,936.57,945.60,928.85,2243752
2022-05-05T07:01:50,925.54,945.60,925.35,2835138
2022-05-05T07:06:51,927.16,945.60,925.3001,3262853
2022-05-05T07:11:52,920.65,945.60,919.52,3794042
2022-05-05T07:16:52,921.8534,945.60,919.52,4330542
2022-05-05T07:21:53,915.2987,945.60,909.66,5023687
2022-05-05T07:26:54,909.915,945.60,909.66,5493872
2022-05-05T07:31:55,913.5829,945.60,909.06,5980423
2022-05-05T07:36:56,911.40,945.60,908.35,6493650
2022-05-05T07:41:57,904.38,945.60,903.00,7058220
2022-05-05T07:46:58,896.9299,945.60,895.21,7719433
2022-05-05T07:51:59,893.92,945.60,890.65,8325984
2022-05-05T07:57:00,892.00,945.60,890.65,8740388
2022-05-05T08:02:00,903.25,945.60,890.65,9382368
2022-05-05T08:07:01,899.6984,945.60,890.65,9807162
2022-05-05T08:12:02,897.51,945.60,890.65,10161073
2022-05-05T08:17:03,896.69,945.60,890.65,10428869
2022-05-05T08:22:04,888.0038,945.60,888.00,10882957
2022-05-05T08:27:04,888.91,945.60,885.47,11310055
2022-05-05T08:32:05,886.05,945.60,885.47,11697636
2022-05-05T08:37:06,888.14,945.60,885.47,12050678
2022-05-05T08:42:07,884.28,945.60,882.82,12427747
2022-05-05T08:47:08,889.3912,945.60,882.82,12742555
2022-05-05T08:52:10,893.785,945.60,882.82,13187508
2022-05-05T08:57:11,893.9034,945.60,882.82,13667263
2022-05-05T09:02:12,888.00,945.60,882.82,13932217
2022-05-05T09:07:13,886.10,945.60,882.82,14174348
2022-05-05T09:12:14,877.81,945.60,877.02,14706358
2022-05-05T09:17:14,874.155,945.60,873.70,15097563
2022-05-05T09:22:15,882.33,945.60,873.70,15544786
2022-05-05T09:27:16,881.7987,945.60,873.70,15821161
2022-05-05T09:32:17,882.15,945.60,873.70,16139176
2022-05-05T09:37:18,885.2323,945.60,873.70,16385749
2022-05-05T09:42:18,884.12,945.60,873.70,16611678
2022-05-05T09:47:19,886.5525,945.60,873.70,16902186
2022-05-05T09:52:20,879.25,945.60,873.70,17232695
2022-05-05T09:57:21,877.00,945.60,873.70,17476784
2022-05-05T10:02:22,877.985,945.60,873.70,17711578
2022-05-05T10:07:22,879.26,945.60,873.70,17945949
2022-05-05T10:12:23,881.0156,945.60,873.70,18195882
2022-05-05T10:17:24,884.53,945.60,873.70,18454134
2022-05-05T10:22:25,886.875,945.60,873.70,18811290
2022-05-05T10:27:26,884.445,945.60,873.70,19089146
2022-05-05T10:32:27,881.3438,945.60,873.70,19340289
2022-05-05T10:37:27,882.29,945.60,873.70,19525652
2022-05-05T10:42:28,880.35,945.60,873.70,19734282
2022-05-05T10:47:29,878.30,945.60,873.70,19959517
2022-05-05T10:52:30,883.43,945.60,873.70,20163716
2022-05-05T10:57:31,880.37,945.60,873.70,20320477
2022-05-05T11:02:31,880.1788,945.60,873.70,20483430
2022-05-05T11:07:32,876.00,945.60,872.8201,20768844
2022-05-05T11:12:33,876.72,945.60,872.8201,21065613
2022-05-05T11:17:34,873.31,945.60,872.8201,21225134
2022-05-05T11:22:35,875.98,945.60,872.5001,21451901
2022-05-05T11:27:36,873.99,945.60,872.5001,21645516
2022-05-05T11:32:36,875.11,945.60,872.5001,21798383
2022-05-05T11:37:37,878.69,945.60,872.5001,22118504
2022-05-05T11:42:38,874.00,945.60,872.40,22395808
2022-05-05T11:47:39,872.56,945.60,872.40,22598450
2022-05-05T11:52:40,872.895,945.60,871.21,22801578
2022-05-05T11:57:40,874.365,945.60,871.21,22995468
2022-05-05T12:02:41,874.425,945.60,871.21,23156879
2022-05-05T12:07:42,876.945,945.60,871.21,23434292
2022-05-05T12:12:43,875.23,945.60,871.21,23615598
2022-05-05T12:17:44,868.575,945.60,868.50,24025608
2022-05-05T12:22:45,864.25,945.60,864.03,24391260
2022-05-05T12:27:45,863.12,945.60,861.29,24784022
2022-05-05T12:32:46,861.17,945.60,858.59,25209460
2022-05-05T12:37:47,860.4111,945.60,858.59,25488647
2022-05-05T12:42:48,859.5943,945.60,857.70,25841146
2022-05-05T12:47:49,863.10,945.60,857.70,26164904
2022-05-05T12:52:50,862.3948,945.60,857.70,26691538
2022-05-05T12:57:50,865.7435,945.60,857.70,27243856
2022-05-05T13:02:51,862.26,945.60,857.70,27641020
2022-05-05T13:07:52,869.49,945.60,857.70,28359238
2022-05-05T13:12:53,870.5144,945.60,857.70,28936759
2022-05-05T13:17:53,873.28,945.60,857.70,30358517
2022-05-05T13:22:54,873.28,945.60,857.70,30375851
2022-05-05T13:27:55,873.28,945.60,857.70,30424195
2022-05-05T13:32:56,873.28,945.60,857.70,30493010
