Date-Time,Price,High,Low,Volume
2022-03-31T00:02:18,6.84,6.95,6.31,2791247
2022-03-31T00:07:19,6.84,6.95,6.31,2791247
2022-03-31T00:12:19,6.84,6.95,6.31,2791247
2022-03-31T00:17:20,6.84,6.95,6.31,2791247
2022-03-31T00:22:21,6.84,6.95,6.31,2791247
2022-03-31T00:27:22,6.84,6.95,6.31,2791247
2022-03-31T00:32:23,6.84,6.95,6.31,2791247
2022-03-31T00:37:24,6.84,6.95,6.31,2791247
2022-03-31T00:42:25,6.84,6.95,6.31,2791247
2022-03-31T00:47:26,6.84,6.95,6.31,2791247
2022-03-31T00:52:27,6.84,6.95,6.31,2791247
2022-03-31T00:57:28,6.84,6.95,6.31,2791247
2022-03-31T01:02:28,6.84,6.95,6.31,2791247
