Date-Time,Price,High,Low,Volume
2022-03-31T00:01:58,52.01,56.7599,51.81,20271746
2022-03-31T00:06:59,52.01,56.7599,51.81,20271746
2022-03-31T00:11:59,52.01,56.7599,51.81,20271746
2022-03-31T00:17:00,52.01,56.7599,51.81,20271746
2022-03-31T00:22:01,52.01,56.7599,51.81,20271746
2022-03-31T00:27:02,52.01,56.7599,51.81,20271746
2022-03-31T00:32:03,52.01,56.7599,51.81,20271746
2022-03-31T00:37:04,52.01,56.7599,51.81,20271746
2022-03-31T00:42:04,52.01,56.7599,51.81,20271746
2022-03-31T00:47:05,52.01,56.7599,51.81,20271746
2022-03-31T00:52:06,52.01,56.7599,51.81,20271746
2022-03-31T00:57:07,52.01,56.7599,51.81,20271746
2022-03-31T01:02:08,52.01,56.7599,51.81,20271746
