Date-Time,Price,High,Low,Volume
2022-05-16T00:04:41,198.62,199.89,191.28,24549844
2022-05-16T00:09:42,198.62,199.89,191.28,24549844
2022-05-16T00:14:43,198.62,199.89,191.28,24549844
2022-05-16T00:19:43,198.62,199.89,191.28,24549844
2022-05-16T00:24:44,198.62,199.89,191.28,24549844
2022-05-16T00:29:45,198.62,199.89,191.28,24549844
2022-05-16T00:34:46,198.62,199.89,191.28,24549844
2022-05-16T00:39:47,198.62,199.89,191.28,24549844
2022-05-16T00:44:48,198.62,199.89,191.28,24549844
2022-05-16T00:49:48,198.62,199.89,191.28,24549844
2022-05-16T00:54:49,198.62,199.89,191.28,24549844
2022-05-16T00:59:50,198.62,199.89,191.28,24549844
2022-05-16T01:04:51,198.62,199.89,191.28,24549844
2022-05-16T01:09:52,198.62,199.89,191.28,24549844
2022-05-16T01:14:52,198.62,199.89,191.28,24549844
2022-05-16T01:19:53,198.62,199.89,191.28,24549844
2022-05-16T01:24:54,198.62,199.89,191.28,24549844
2022-05-16T01:29:55,198.62,199.89,191.28,24549844
2022-05-16T01:34:56,198.62,199.89,191.28,24549844
2022-05-16T01:39:57,198.62,199.89,191.28,24549844
2022-05-16T01:44:58,198.62,199.89,191.28,24549844
2022-05-16T01:49:58,198.62,199.89,191.28,24549844
2022-05-16T01:55:00,198.62,199.89,191.28,24549844
2022-05-16T02:00:00,198.62,199.89,191.28,24549844
2022-05-16T02:05:01,198.62,199.89,191.28,24549844
2022-05-16T02:10:02,198.62,199.89,191.28,24549844
2022-05-16T02:15:03,198.62,199.89,191.28,24549844
2022-05-16T02:20:04,198.62,199.89,191.28,24549844
2022-05-16T02:25:04,198.62,199.89,191.28,24549844
2022-05-16T02:30:05,198.62,199.89,191.28,24549844
2022-05-16T02:35:06,198.62,199.89,191.28,24549844
2022-05-16T02:40:07,198.62,199.89,191.28,24549844
2022-05-16T02:45:07,198.62,199.89,191.28,24549844
2022-05-16T02:50:08,198.62,199.89,191.28,24549844
2022-05-16T02:55:09,198.62,199.89,191.28,24549844
2022-05-16T03:00:10,198.62,199.89,191.28,24549844
2022-05-16T03:05:11,198.62,199.89,191.28,24549844
2022-05-16T03:10:12,198.62,199.89,191.28,24549844
2022-05-16T03:15:13,198.62,199.89,191.28,24549844
2022-05-16T03:20:14,198.62,199.89,191.28,24549844
2022-05-16T03:25:15,198.62,199.89,191.28,24549844
2022-05-16T03:30:16,198.62,199.89,191.28,24549844
2022-05-16T03:35:16,198.62,199.89,191.28,24549844
2022-05-16T03:40:17,198.62,199.89,191.28,24549844
2022-05-16T03:45:18,198.62,199.89,191.28,24549844
