Date-Time,Price,High,Low,Volume
2022-05-16T00:00:11,26.70,27.98,26.17,42674913
2022-05-16T00:05:13,26.70,27.98,26.17,42674913
2022-05-16T00:10:14,26.70,27.98,26.17,42674913
2022-05-16T00:15:14,26.70,27.98,26.17,42674913
2022-05-16T00:20:15,26.70,27.98,26.17,42674913
2022-05-16T00:25:16,26.70,27.98,26.17,42674913
2022-05-16T00:30:17,26.70,27.98,26.17,42674913
2022-05-16T00:35:18,26.70,27.98,26.17,42674913
2022-05-16T00:40:18,26.70,27.98,26.17,42674913
2022-05-16T00:45:19,26.70,27.98,26.17,42674913
