Date-Time,Price,High,Low,Volume
2022-05-16T00:04:41,769.59,787.3499,751.565,30716908
2022-05-16T00:09:42,769.59,787.3499,751.565,30716908
2022-05-16T00:14:43,769.59,787.3499,751.565,30716908
2022-05-16T00:19:43,769.59,787.3499,751.565,30716908
2022-05-16T00:24:45,769.59,787.3499,751.565,30716908
2022-05-16T00:29:45,769.59,787.3499,751.565,30716908
2022-05-16T00:34:46,769.59,787.3499,751.565,30716908
2022-05-16T00:39:47,769.59,787.3499,751.565,30716908
2022-05-16T00:44:48,769.59,787.3499,751.565,30716908
