Date-Time,Price,High,Low,Volume
2022-05-16T00:04:41,14.31,14.41,13.54,63558017
2022-05-16T00:09:42,14.31,14.41,13.54,63558017
2022-05-16T00:14:43,14.31,14.41,13.54,63558017
2022-05-16T00:19:44,14.31,14.41,13.54,63558017
2022-05-16T00:24:44,14.31,14.41,13.54,63558017
2022-05-16T00:29:45,14.31,14.41,13.54,63558017
2022-05-16T00:34:46,14.31,14.41,13.54,63558017
2022-05-16T00:39:47,14.31,14.41,13.54,63558017
2022-05-16T00:44:48,14.31,14.41,13.54,63558017
2022-05-16T00:49:49,14.31,14.41,13.54,63558017
2022-05-16T00:54:49,14.31,14.41,13.54,63558017
2022-05-16T00:59:50,14.31,14.41,13.54,63558017
2022-05-16T01:04:51,14.31,14.41,13.54,63558017
2022-05-16T01:09:52,14.31,14.41,13.54,63558017
2022-05-16T01:14:53,14.31,14.41,13.54,63558017
2022-05-16T01:19:53,14.31,14.41,13.54,63558017
2022-05-16T01:24:54,14.31,14.41,13.54,63558017
2022-05-16T01:29:55,14.31,14.41,13.54,63558017
2022-05-16T01:34:56,14.31,14.41,13.54,63558017
2022-05-16T01:39:57,14.31,14.41,13.54,63558017
2022-05-16T01:44:58,14.31,14.41,13.54,63558017
