Date-Time,Price,High,Low,Volume
2022-01-17T00:03:38,331.90,332.73,321.21,16868497
2022-01-17T00:08:39,331.90,332.73,321.21,16868497
2022-01-17T00:13:40,331.90,332.73,321.21,16868497
2022-01-17T00:18:40,331.90,332.73,321.21,16868497
2022-01-17T00:23:41,331.90,332.73,321.21,16868497
2022-01-17T00:28:43,331.90,332.73,321.21,16868497
2022-01-17T00:33:43,331.90,332.73,321.21,16868497
2022-01-17T00:38:44,331.90,332.73,321.21,16868497
2022-01-17T00:43:45,331.90,332.73,321.21,16868497
2022-01-17T00:48:46,331.90,332.73,321.21,16868497
2022-01-17T00:53:47,331.90,332.73,321.21,16868497
2022-01-17T00:58:47,331.90,332.73,321.21,16868497
2022-01-17T01:03:48,331.90,332.73,321.21,16868497
2022-01-17T01:08:49,331.90,332.73,321.21,16868497
2022-01-17T01:13:50,331.90,332.73,321.21,16868497
2022-01-17T01:18:51,331.90,332.73,321.21,16868497
2022-01-17T01:23:52,331.90,332.73,321.21,16868497
2022-01-17T01:28:52,331.90,332.73,321.21,16868497
