Date-Time,Price,High,Low,Volume
2022-01-17T00:03:38,79.95,81.69,77.01,15837984
2022-01-17T00:08:39,79.95,81.69,77.01,15837984
2022-01-17T00:13:40,79.95,81.69,77.01,15837984
2022-01-17T00:18:40,79.95,81.69,77.01,15837984
2022-01-17T00:23:41,79.95,81.69,77.01,15837984
2022-01-17T00:28:42,79.95,81.69,77.01,15837984
2022-01-17T00:33:43,79.95,81.69,77.01,15837984
2022-01-17T00:38:44,79.95,81.69,77.01,15837984
2022-01-17T00:43:44,79.95,81.69,77.01,15837984
2022-01-17T00:48:45,79.95,81.69,77.01,15837984
2022-01-17T00:53:46,79.95,81.69,77.01,15837984
2022-01-17T00:58:47,79.95,81.69,77.01,15837984
2022-01-17T01:03:47,79.95,81.69,77.01,15837984
2022-01-17T01:08:48,79.95,81.69,77.01,15837984
2022-01-17T01:13:50,79.95,81.69,77.01,15837984
2022-01-17T01:18:50,79.95,81.69,77.01,15837984
2022-01-17T01:23:51,79.95,81.69,77.01,15837984
2022-01-17T01:28:52,79.95,81.69,77.01,15837984
2022-01-17T01:33:53,79.95,81.69,77.01,15837984
2022-01-17T01:38:54,79.95,81.69,77.01,15837984
2022-01-17T01:43:55,79.95,81.69,77.01,15837984
2022-01-17T01:48:56,79.95,81.69,77.01,15837984
2022-01-17T01:53:57,79.95,81.69,77.01,15837984
2022-01-17T01:58:58,79.95,81.69,77.01,15837984
2022-01-17T02:03:59,79.95,81.69,77.01,15837984
2022-01-17T02:08:59,79.95,81.69,77.01,15837984
2022-01-17T02:14:00,79.95,81.69,77.01,15837984
2022-01-17T02:19:01,79.95,81.69,77.01,15837984
2022-01-17T02:24:02,79.95,81.69,77.01,15837984
2022-01-17T02:29:03,79.95,81.69,77.01,15837984
2022-01-17T02:34:04,79.95,81.69,77.01,15837984
2022-01-17T02:39:05,79.95,81.69,77.01,15837984
2022-01-17T02:44:05,79.95,81.69,77.01,15837984
2022-01-17T02:49:06,79.95,81.69,77.01,15837984
2022-01-17T02:54:07,79.95,81.69,77.01,15837984
2022-01-17T02:59:08,79.95,81.69,77.01,15837984
2022-01-17T03:04:09,79.95,81.69,77.01,15837984
2022-01-17T03:09:10,79.95,81.69,77.01,15837984
2022-01-17T03:14:11,79.95,81.69,77.01,15837984
2022-01-17T03:19:12,79.95,81.69,77.01,15837984
2022-01-17T03:24:13,79.95,81.69,77.01,15837984
2022-01-17T03:29:14,79.95,81.69,77.01,15837984
