Date-Time,Price,High,Low,Volume
2022-01-17T00:01:57,1049.61,1052.00,1013.3788,24308137
2022-01-17T00:06:58,1049.61,1052.00,1013.3788,24308137
2022-01-17T00:11:58,1049.61,1052.00,1013.3788,24308137
2022-01-17T00:17:00,1049.61,1052.00,1013.3788,24308137
2022-01-17T00:22:01,1049.61,1052.00,1013.3788,24308137
2022-01-17T00:27:01,1049.61,1052.00,1013.3788,24308137
2022-01-17T00:32:02,1049.61,1052.00,1013.3788,24308137
2022-01-17T00:37:03,1049.61,1052.00,1013.3788,24308137
2022-01-17T00:42:04,1049.61,1052.00,1013.3788,24308137
2022-01-17T00:47:05,1049.61,1052.00,1013.3788,24308137
2022-01-17T00:52:05,1049.61,1052.00,1013.3788,24308137
2022-01-17T00:57:06,1049.61,1052.00,1013.3788,24308137
2022-01-17T01:02:07,1049.61,1052.00,1013.3788,24308137
2022-01-17T01:07:08,1049.61,1052.00,1013.3788,24308137
2022-01-17T01:12:09,1049.61,1052.00,1013.3788,24308137
2022-01-17T01:17:10,1049.61,1052.00,1013.3788,24308137
2022-01-17T01:22:11,1049.61,1052.00,1013.3788,24308137
2022-01-17T01:27:12,1049.61,1052.00,1013.3788,24308137
2022-01-17T01:32:12,1049.61,1052.00,1013.3788,24308137
