Date-Time,Price,High,Low,Volume
2021-11-19T00:02:40,123.38,138.78,120.15,63603613
2021-11-19T00:07:41,123.38,138.78,120.15,63603613
2021-11-19T00:12:42,123.38,138.78,120.15,63603613
2021-11-19T00:17:42,123.38,138.78,120.15,63603613
2021-11-19T00:22:43,123.38,138.78,120.15,63603613
2021-11-19T00:27:44,123.38,138.78,120.15,63603613
2021-11-19T00:32:45,123.38,138.78,120.15,63603613
2021-11-19T00:37:48,123.38,138.78,120.15,63603613
2021-11-19T00:42:49,123.38,138.78,120.15,63603613
2021-11-19T00:47:50,123.38,138.78,120.15,63603613
2021-11-19T00:52:50,123.38,138.78,120.15,63603613
2021-11-19T00:57:51,123.38,138.78,120.15,63603613
2021-11-19T01:02:52,123.38,138.78,120.15,63603613
2021-11-19T01:07:53,123.38,138.78,120.15,63603613
2021-11-19T01:12:54,123.38,138.78,120.15,63603613
2021-11-19T01:17:54,123.38,138.78,120.15,63603613
2021-11-19T01:22:55,123.38,138.78,120.15,63603613
2021-11-19T01:27:56,123.38,138.78,120.15,63603613
2021-11-19T01:32:57,123.38,138.78,120.15,63603613
2021-11-19T01:37:58,123.38,138.78,120.15,63603613
2021-11-19T01:42:59,123.38,138.78,120.15,63603613
2021-11-19T01:48:00,123.38,138.78,120.15,63603613
2021-11-19T01:53:01,123.38,138.78,120.15,63603613
2021-11-19T01:58:01,123.38,138.78,120.15,63603613
2021-11-19T02:03:04,123.38,138.78,120.15,63603613
2021-11-19T02:08:05,123.38,138.78,120.15,63603613
2021-11-19T02:13:06,123.38,138.78,120.15,63603613
2021-11-19T02:18:07,123.38,138.78,120.15,63603613
2021-11-19T02:23:08,123.38,138.78,120.15,63603613
2021-11-19T02:28:08,123.38,138.78,120.15,63603613
2021-11-19T02:33:09,123.38,138.78,120.15,63603613
2021-11-19T02:38:10,123.38,138.78,120.15,63603613
2021-11-19T02:43:11,123.38,138.78,120.15,63603613
2021-11-19T02:48:12,123.38,138.78,120.15,63603613
2021-11-19T02:53:12,123.38,138.78,120.15,63603613
2021-11-19T02:58:13,123.38,138.78,120.15,63603613
2021-11-19T03:03:14,123.38,138.78,120.15,63603613
2021-11-19T03:08:15,123.38,138.78,120.15,63603613
2021-11-19T03:13:15,123.38,138.78,120.15,63603613
2021-11-19T03:18:16,123.38,138.78,120.15,63603613
2021-11-19T03:23:17,123.38,138.78,120.15,63603613
2021-11-19T03:28:18,123.38,138.78,120.15,63603613
2021-11-19T03:33:19,123.38,138.78,120.15,63603613
2021-11-19T03:38:19,123.38,138.78,120.15,63603613
2021-11-19T03:43:20,123.38,138.78,120.15,63603613
2021-11-19T03:48:21,123.38,138.78,120.15,63603613
2021-11-19T03:53:22,123.38,138.78,120.15,63603613
2021-11-19T03:58:22,123.38,138.78,120.15,63603613
2021-11-19T04:03:23,123.38,138.78,120.15,63603613
2021-11-19T04:08:24,123.38,138.78,120.15,63603613
2021-11-19T04:13:25,123.38,138.78,120.15,63603613
2021-11-19T04:18:25,123.38,138.78,120.15,63603613
2021-11-19T04:23:26,123.38,138.78,120.15,63603613
2021-11-19T04:28:27,123.38,138.78,120.15,63603613
2021-11-19T04:33:28,123.38,138.78,120.15,63603613
2021-11-19T04:38:29,123.38,138.78,120.15,63603613
2021-11-19T04:43:29,123.38,138.78,120.15,63603613
2021-11-19T04:48:30,123.38,138.78,120.15,63603613
2021-11-19T04:53:31,123.38,138.78,120.15,63603613
2021-11-19T04:58:32,123.38,138.78,120.15,63603613
2021-11-19T05:03:32,123.38,138.78,120.15,63603613
2021-11-19T05:08:33,123.38,138.78,120.15,63603613
2021-11-19T05:13:34,123.38,138.78,120.15,63603613
2021-11-19T05:18:35,123.38,138.78,120.15,63603613
2021-11-19T05:23:35,123.38,138.78,120.15,63603613
2021-11-19T05:28:36,123.38,138.78,120.15,63603613
2021-11-19T05:33:37,123.38,138.78,120.15,63603613
2021-11-19T05:38:38,123.38,138.78,120.15,63603613
