Date-Time,Price,High,Low,Volume
2021-11-19T00:02:35,1096.38,1112.00,1075.02,20898930
2021-11-19T00:07:36,1096.38,1112.00,1075.02,20898930
2021-11-19T00:12:37,1096.38,1112.00,1075.02,20898930
2021-11-19T00:17:38,1096.38,1112.00,1075.02,20898930
2021-11-19T00:22:39,1096.38,1112.00,1075.02,20898930
2021-11-19T00:27:39,1096.38,1112.00,1075.02,20898930
2021-11-19T00:32:40,1096.38,1112.00,1075.02,20898930
2021-11-19T00:37:44,1096.38,1112.00,1075.02,20898930
2021-11-19T00:42:44,1096.38,1112.00,1075.02,20898930
2021-11-19T00:47:45,1096.38,1112.00,1075.02,20898930
2021-11-19T00:52:46,1096.38,1112.00,1075.02,20898930
2021-11-19T00:57:47,1096.38,1112.00,1075.02,20898930
2021-11-19T01:02:48,1096.38,1112.00,1075.02,20898930
2021-11-19T01:07:48,1096.38,1112.00,1075.02,20898930
2021-11-19T01:12:49,1096.38,1112.00,1075.02,20898930
2021-11-19T01:17:50,1096.38,1112.00,1075.02,20898930
2021-11-19T01:22:51,1096.38,1112.00,1075.02,20898930
2021-11-19T01:27:52,1096.38,1112.00,1075.02,20898930
2021-11-19T01:32:52,1096.38,1112.00,1075.02,20898930
2021-11-19T01:37:53,1096.38,1112.00,1075.02,20898930
