Date-Time,Price,High,Low,Volume
2021-11-19T00:02:52,8.33,8.90,8.19,1343117
2021-11-19T00:07:53,8.33,8.90,8.19,1343117
2021-11-19T00:12:54,8.33,8.90,8.19,1343117
2021-11-19T00:17:54,8.33,8.90,8.19,1343117
2021-11-19T00:22:55,8.33,8.90,8.19,1343117
2021-11-19T00:27:56,8.33,8.90,8.19,1343117
2021-11-19T00:32:57,8.33,8.90,8.19,1343117
2021-11-19T00:38:00,8.33,8.90,8.19,1343117
2021-11-19T00:43:01,8.33,8.90,8.19,1343117
2021-11-19T00:48:02,8.33,8.90,8.19,1343117
2021-11-19T00:53:03,8.33,8.90,8.19,1343117
2021-11-19T00:58:03,8.33,8.90,8.19,1343117
2021-11-19T01:03:04,8.33,8.90,8.19,1343117
2021-11-19T01:08:05,8.33,8.90,8.19,1343117
2021-11-19T01:13:06,8.33,8.90,8.19,1343117
2021-11-19T01:18:07,8.33,8.90,8.19,1343117
2021-11-19T01:23:08,8.33,8.90,8.19,1343117
2021-11-19T01:28:08,8.33,8.90,8.19,1343117
2021-11-19T01:33:09,8.33,8.90,8.19,1343117
2021-11-19T01:38:10,8.33,8.90,8.19,1343117
