Date-Time,Price,High,Low,Volume
2021-11-19T00:02:42,338.69,342.46,335.30,17487235
2021-11-19T00:07:42,338.69,342.46,335.30,17487235
2021-11-19T00:12:43,338.69,342.46,335.30,17487235
2021-11-19T00:17:44,338.69,342.46,335.30,17487235
2021-11-19T00:22:45,338.69,342.46,335.30,17487235
2021-11-19T00:27:46,338.69,342.46,335.30,17487235
2021-11-19T00:32:47,338.69,342.46,335.30,17487235
2021-11-19T00:37:50,338.69,342.46,335.30,17487235
2021-11-19T00:42:51,338.69,342.46,335.30,17487235
2021-11-19T00:47:51,338.69,342.46,335.30,17487235
2021-11-19T00:52:52,338.69,342.46,335.30,17487235
2021-11-19T00:57:53,338.69,342.46,335.30,17487235
2021-11-19T01:02:54,338.69,342.46,335.30,17487235
2021-11-19T01:07:55,338.69,342.46,335.30,17487235
2021-11-19T01:12:55,338.69,342.46,335.30,17487235
2021-11-19T01:17:56,338.69,342.46,335.30,17487235
2021-11-19T01:22:57,338.69,342.46,335.30,17487235
2021-11-19T01:27:58,338.69,342.46,335.30,17487235
2021-11-19T01:32:58,338.69,342.46,335.30,17487235
2021-11-19T01:37:59,338.69,342.46,335.30,17487235
2021-11-19T01:43:00,338.69,342.46,335.30,17487235
2021-11-19T01:48:01,338.69,342.46,335.30,17487235
2021-11-19T01:53:02,338.69,342.46,335.30,17487235
2021-11-19T01:58:02,338.69,342.46,335.30,17487235
2021-11-19T02:03:03,338.69,342.46,335.30,17487235
2021-11-19T02:08:04,338.69,342.46,335.30,17487235
2021-11-19T02:13:05,338.69,342.46,335.30,17487235
2021-11-19T02:18:05,338.69,342.46,335.30,17487235
2021-11-19T02:23:06,338.69,342.46,335.30,17487235
2021-11-19T02:28:07,338.69,342.46,335.30,17487235
2021-11-19T02:33:08,338.69,342.46,335.30,17487235
2021-11-19T02:38:09,338.69,342.46,335.30,17487235
2021-11-19T02:43:09,338.69,342.46,335.30,17487235
2021-11-19T02:48:10,338.69,342.46,335.30,17487235
2021-11-19T02:53:11,338.69,342.46,335.30,17487235
2021-11-19T02:58:12,338.69,342.46,335.30,17487235
2021-11-19T03:03:13,338.69,342.46,335.30,17487235
2021-11-19T03:08:14,338.69,342.46,335.30,17487235
2021-11-19T03:13:15,338.69,342.46,335.30,17487235
2021-11-19T03:18:16,338.69,342.46,335.30,17487235
2021-11-19T03:23:16,338.69,342.46,335.30,17487235
2021-11-19T03:28:17,338.69,342.46,335.30,17487235
2021-11-19T03:33:18,338.69,342.46,335.30,17487235
2021-11-19T03:38:18,338.69,342.46,335.30,17487235
2021-11-19T03:43:19,338.69,342.46,335.30,17487235
2021-11-19T03:48:20,338.69,342.46,335.30,17487235
2021-11-19T03:53:21,338.69,342.46,335.30,17487235
2021-11-19T03:58:22,338.69,342.46,335.30,17487235
2021-11-19T04:03:23,338.69,342.46,335.30,17487235
2021-11-19T04:08:24,338.69,342.46,335.30,17487235
2021-11-19T04:13:24,338.69,342.46,335.30,17487235
2021-11-19T04:18:25,338.69,342.46,335.30,17487235
2021-11-19T04:23:26,338.69,342.46,335.30,17487235
2021-11-19T04:28:27,338.69,342.46,335.30,17487235
2021-11-19T04:33:27,338.69,342.46,335.30,17487235
2021-11-19T04:38:28,338.69,342.46,335.30,17487235
