Date-Time,Price,High,Low,Volume
2022-04-11T00:03:17,38.80,41.0411,38.3085,10675745
2022-04-11T00:08:18,38.80,41.0411,38.3085,10675745
2022-04-11T00:13:18,38.80,41.0411,38.3085,10675745
2022-04-11T00:18:19,38.80,41.0411,38.3085,10675745
2022-04-11T00:23:20,38.80,41.0411,38.3085,10675745
2022-04-11T00:28:21,38.80,41.0411,38.3085,10675745
2022-04-11T00:33:22,38.80,41.0411,38.3085,10675745
2022-04-11T00:38:22,38.80,41.0411,38.3085,10675745
2022-04-11T00:43:23,38.80,41.0411,38.3085,10675745
2022-04-11T00:48:24,38.80,41.0411,38.3085,10675745
2022-04-11T00:53:25,38.80,41.0411,38.3085,10675745
2022-04-11T00:58:26,38.80,41.0411,38.3085,10675745
2022-04-11T01:03:26,38.80,41.0411,38.3085,10675745
2022-04-11T01:08:27,38.80,41.0411,38.3085,10675745
2022-04-11T01:13:28,38.80,41.0411,38.3085,10675745
2022-04-11T01:18:29,38.80,41.0411,38.3085,10675745
