Date-Time,Price,High,Low,Volume
2022-01-21T00:02:08,316.56,327.82,315.98,16925030
2022-01-21T00:07:08,316.56,327.82,315.98,16925030
2022-01-21T00:12:09,316.56,327.82,315.98,16925030
2022-01-21T00:17:10,316.56,327.82,315.98,16925030
2022-01-21T00:22:11,316.56,327.82,315.98,16925030
2022-01-21T00:27:11,316.56,327.82,315.98,16925030
2022-01-21T00:32:12,316.56,327.82,315.98,16925030
2022-01-21T00:37:13,316.56,327.82,315.98,16925030
2022-01-21T00:42:14,316.56,327.82,315.98,16925030
2022-01-21T00:47:15,316.56,327.82,315.98,16925030
2022-01-21T00:52:16,316.56,327.82,315.98,16925030
2022-01-21T00:57:16,316.56,327.82,315.98,16925030
2022-01-21T01:02:17,316.56,327.82,315.98,16925030
2022-01-21T01:07:18,316.56,327.82,315.98,16925030
2022-01-21T01:12:19,316.56,327.82,315.98,16925030
2022-01-21T01:17:20,316.56,327.82,315.98,16925030
2022-01-21T01:22:20,316.56,327.82,315.98,16925030
2022-01-21T01:27:21,316.56,327.82,315.98,16925030
2022-01-21T01:32:22,316.56,327.82,315.98,16925030
2022-01-21T01:37:23,316.56,327.82,315.98,16925030
