Date-Time,Price,High,Low,Volume
2022-01-21T00:04:47,5.52,5.82,5.35,1187554
2022-01-21T00:09:50,5.52,5.82,5.35,1187554
2022-01-21T00:14:50,5.52,5.82,5.35,1187554
2022-01-21T00:19:51,5.52,5.82,5.35,1187554
2022-01-21T00:24:52,5.52,5.82,5.35,1187554
2022-01-21T00:29:53,5.52,5.82,5.35,1187554
2022-01-21T00:34:54,5.52,5.82,5.35,1187554
2022-01-21T00:39:55,5.52,5.82,5.35,1187554
2022-01-21T00:44:55,5.52,5.82,5.35,1187554
2022-01-21T00:49:56,5.52,5.82,5.35,1187554
2022-01-21T00:54:57,5.52,5.82,5.35,1187554
2022-01-21T00:59:58,5.52,5.82,5.35,1187554
2022-01-21T01:04:58,5.52,5.82,5.35,1187554
2022-01-21T01:10:00,5.52,5.82,5.35,1187554
2022-01-21T01:15:00,5.52,5.82,5.35,1187554
2022-01-21T01:20:02,5.52,5.82,5.35,1187554
2022-01-21T01:25:03,5.52,5.82,5.35,1187554
2022-01-21T01:30:04,5.52,5.82,5.35,1187554
2022-01-21T01:35:05,5.52,5.82,5.35,1187554
