Date-Time,Price,High,Low,Volume
2022-02-16T00:03:02,922.43,923.00,893.3774,19216514
2022-02-16T00:08:03,922.43,923.00,893.3774,19216514
2022-02-16T00:13:04,922.43,923.00,893.3774,19216514
2022-02-16T00:18:05,922.43,923.00,893.3774,19216514
2022-02-16T00:23:06,922.43,923.00,893.3774,19216514
2022-02-16T00:28:07,922.43,923.00,893.3774,19216514
2022-02-16T00:33:08,922.43,923.00,893.3774,19216514
2022-02-16T00:38:09,922.43,923.00,893.3774,19216514
2022-02-16T00:43:10,922.43,923.00,893.3774,19216514
2022-02-16T00:48:11,922.43,923.00,893.3774,19216514
2022-02-16T00:53:11,922.43,923.00,893.3774,19216514
2022-02-16T00:58:12,922.43,923.00,893.3774,19216514
2022-02-16T01:03:13,922.43,923.00,893.3774,19216514
2022-02-16T01:08:14,922.43,923.00,893.3774,19216514
2022-02-16T01:13:15,922.43,923.00,893.3774,19216514
2022-02-16T01:18:16,922.43,923.00,893.3774,19216514
2022-02-16T01:23:17,922.43,923.00,893.3774,19216514
2022-02-16T01:28:17,922.43,923.00,893.3774,19216514
2022-02-16T01:33:18,922.43,923.00,893.3774,19216514
2022-02-16T01:38:19,922.43,923.00,893.3774,19216514
2022-02-16T01:43:20,922.43,923.00,893.3774,19216514
2022-02-16T01:48:21,922.43,923.00,893.3774,19216514
2022-02-16T01:53:21,922.43,923.00,893.3774,19216514
2022-02-16T01:58:22,922.43,923.00,893.3774,19216514
2022-02-16T02:03:23,922.43,923.00,893.3774,19216514
2022-02-16T02:08:24,922.43,923.00,893.3774,19216514
2022-02-16T02:13:25,922.43,923.00,893.3774,19216514
2022-02-16T02:18:25,922.43,923.00,893.3774,19216514
2022-02-16T02:23:26,922.43,923.00,893.3774,19216514
2022-02-16T02:28:27,922.43,923.00,893.3774,19216514
2022-02-16T02:33:28,922.43,923.00,893.3774,19216514
2022-02-16T02:38:29,922.43,923.00,893.3774,19216514
2022-02-16T02:43:30,922.43,923.00,893.3774,19216514
2022-02-16T02:48:31,922.43,923.00,893.3774,19216514
2022-02-16T02:53:32,922.43,923.00,893.3774,19216514
2022-02-16T02:58:33,922.43,923.00,893.3774,19216514
2022-02-16T03:03:34,922.43,923.00,893.3774,19216514
2022-02-16T03:08:34,922.43,923.00,893.3774,19216514
2022-02-16T03:13:35,922.43,923.00,893.3774,19216514
2022-02-16T03:18:36,922.43,923.00,893.3774,19216514
2022-02-16T03:23:37,922.43,923.00,893.3774,19216514
2022-02-16T03:28:37,922.43,923.00,893.3774,19216514
2022-02-16T03:33:38,922.43,923.00,893.3774,19216514
2022-02-16T03:38:39,922.43,923.00,893.3774,19216514
2022-02-16T03:43:40,922.43,923.00,893.3774,19216514
2022-02-16T03:48:40,922.43,923.00,893.3774,19216514
2022-02-16T03:53:41,922.43,923.00,893.3774,19216514
2022-02-16T03:58:42,922.43,923.00,893.3774,19216514
2022-02-16T04:03:43,922.43,923.00,893.3774,19216514
2022-02-16T04:08:43,922.43,923.00,893.3774,19216514
2022-02-16T04:13:44,922.43,923.00,893.3774,19216514
2022-02-16T04:18:45,922.43,923.00,893.3774,19216514
2022-02-16T04:23:46,922.43,923.00,893.3774,19216514
2022-02-16T04:28:47,922.43,923.00,893.3774,19216514
2022-02-16T04:33:47,922.43,923.00,893.3774,19216514
2022-02-16T04:38:48,922.43,923.00,893.3774,19216514
2022-02-16T04:43:49,922.43,923.00,893.3774,19216514
2022-02-16T04:48:50,922.43,923.00,893.3774,19216514
2022-02-16T04:53:50,922.43,923.00,893.3774,19216514
2022-02-16T04:58:51,922.43,923.00,893.3774,19216514
2022-02-16T05:03:52,922.43,923.00,893.3774,19216514
2022-02-16T05:08:53,922.43,923.00,893.3774,19216514
2022-02-16T05:13:54,922.43,923.00,893.3774,19216514
2022-02-16T05:18:54,922.43,923.00,893.3774,19216514
2022-02-16T05:23:55,922.43,923.00,893.3774,19216514
2022-02-16T05:28:56,922.43,923.00,893.3774,19216514
2022-02-16T05:33:57,922.43,923.00,893.3774,19216514
2022-02-16T05:38:58,922.43,923.00,893.3774,19216514
2022-02-16T05:43:58,922.43,923.00,893.3774,19216514
2022-02-16T05:48:59,922.43,923.00,893.3774,19216514
2022-02-16T05:54:01,922.43,923.00,893.3774,19216514
2022-02-16T05:59:02,922.43,923.00,893.3774,19216514
2022-02-16T06:04:03,922.43,923.00,893.3774,19216514
2022-02-16T06:09:03,922.43,923.00,893.3774,19216514
2022-02-16T06:14:04,922.43,923.00,893.3774,19216514
2022-02-16T06:19:05,922.43,923.00,893.3774,19216514
2022-02-16T06:24:06,922.43,923.00,893.3774,19216514
2022-02-16T06:29:07,922.43,923.00,893.3774,19216514
2022-02-16T06:34:08,922.43,923.00,893.3774,19216514
2022-02-16T06:39:09,922.43,923.00,893.3774,409395
2022-02-16T06:44:10,922.43,923.00,893.3774,409395
2022-02-16T06:49:11,912.7508,917.66,911.2501,964985
2022-02-16T06:54:11,915.0634,917.66,911.11,1316708
2022-02-16T06:59:13,908.55,917.66,907.3001,1761966
2022-02-16T07:04:13,909.6999,917.66,907.3001,2166487
2022-02-16T07:09:14,903.7327,917.66,903.29,2653096
