Date-Time,Price,High,Low,Volume
2022-02-16T00:01:18,6.76,6.84,6.46,655545
2022-02-16T00:06:19,6.76,6.84,6.46,655545
2022-02-16T00:11:20,6.76,6.84,6.46,655545
2022-02-16T00:16:20,6.76,6.84,6.46,655545
2022-02-16T00:21:21,6.76,6.84,6.46,655545
2022-02-16T00:26:22,6.76,6.84,6.46,655545
2022-02-16T00:31:23,6.76,6.84,6.46,655545
2022-02-16T00:36:24,6.76,6.84,6.46,655545
2022-02-16T00:41:25,6.76,6.84,6.46,655545
2022-02-16T00:46:26,6.76,6.84,6.46,655545
2022-02-16T00:51:27,6.76,6.84,6.46,655545
2022-02-16T00:56:28,6.76,6.84,6.46,655545
2022-02-16T01:01:29,6.76,6.84,6.46,655545
2022-02-16T01:06:29,6.76,6.84,6.46,655545
