Date-Time,Price,High,Low,Volume
2022-02-16T00:03:03,66.29,67.18,63.88,16267409
2022-02-16T00:08:04,66.29,67.18,63.88,16267409
2022-02-16T00:13:05,66.29,67.18,63.88,16267409
2022-02-16T00:18:05,66.29,67.18,63.88,16267409
2022-02-16T00:23:06,66.29,67.18,63.88,16267409
2022-02-16T00:28:07,66.29,67.18,63.88,16267409
2022-02-16T00:33:08,66.29,67.18,63.88,16267409
2022-02-16T00:38:09,66.29,67.18,63.88,16267409
2022-02-16T00:43:10,66.29,67.18,63.88,16267409
2022-02-16T00:48:11,66.29,67.18,63.88,16267409
2022-02-16T00:53:11,66.29,67.18,63.88,16267409
2022-02-16T00:58:12,66.29,67.18,63.88,16267409
2022-02-16T01:03:13,66.29,67.18,63.88,16267409
2022-02-16T01:08:14,66.29,67.18,63.88,16267409
