//Timestamp, ICAO, Latitude_deg, Longitude_deg, Altitude_ft, Heading_deg, GroundSpeed_kts, AircraftType, RegistrationNum, Departure, Arrival, FlightNumber1, FlightNumber2
1660409774, , 33.7521, -118.2308, 3000, 131, 107, AC11, , , , , AC11
1660409774, , 33.7521, -118.2308, 3000, 131, 107, AC11, , , , , AC11
1660409777, , 33.751, -118.2293, 3100, 131, 107, AC11, , , , , AC11
1660409779, , 33.7502, -118.2282, 3100, 130, 107, AC11, , , , , AC11
1660409779, , 33.7502, -118.2282, 3100, 130, 107, AC11, , , , , AC11
1660409786, , 33.748, -118.2252, 3100, 130, 108, AC11, , , , , AC11
1660409786, , 33.748, -118.2252, 3100, 130, 108, AC11, , , , , AC11
1660409788, , 33.7471, -118.2238, 3200, 130, 108, AC11, , , , , AC11
1660409788, , 33.7471, -118.2238, 3200, 130, 108, AC11, , , , , AC11
1660409790, , 33.7466, -118.2231, 3200, 132, 109, AC11, , , , , AC11
1660409798, , 33.744, -118.22, 3200, 136, 106, AC11, , , , , AC11
1660409798, , 33.744, -118.22, 3200, 136, 106, AC11, , , , , AC11
1660409800, , 33.7429, -118.2188, 3300, 136, 106, AC11, , , , , AC11
1660409800, , 33.7429, -118.2188, 3300, 136, 106, AC11, , , , , AC11
1660409803, , 33.7424, -118.2182, 3300, 135, 106, AC11, , , , , AC11
1660409803, , 33.7424, -118.2182, 3300, 135, 106, AC11, , , , , AC11
1660409810, , 33.7399, -118.2152, 3300, 134, 106, AC11, , , , , AC11
1660409813, , 33.7385, -118.2136, 3400, 134, 106, AC11, , , , , AC11
1660409813, , 33.7385, -118.2136, 3400, 134, 106, AC11, , , , , AC11
1660409815, , 33.7376, -118.2125, 3400, 136, 107, AC11, , , , , AC11
1660409815, , 33.7376, -118.2125, 3400, 136, 107, AC11, , , , , AC11
1660409822, , 33.7351, -118.2101, 3400, 142, 107, AC11, , , , , AC11
1660409822, , 33.7351, -118.2101, 3400, 142, 107, AC11, , , , , AC11
1660409825, , 33.7343, -118.2095, 3400, 146, 107, AC11, , , , , AC11
1660409828, , 33.7328, -118.2082, 3400, 147, 107, AC11, , , , , AC11
1660409828, , 33.7328, -118.2082, 3400, 147, 107, AC11, , , , , AC11
1660409833, , 33.7305, -118.2065, 3400, 147, 110, AC11, , , , , AC11
1660409833, , 33.7305, -118.2065, 3400, 147, 110, AC11, , , , , AC11
1660409837, , 33.7288, -118.2052, 3400, 146, 115, AC11, , , , , AC11
1660409837, , 33.7288, -118.2052, 3400, 146, 115, AC11, , , , , AC11
1660409840, , 33.7274, -118.2041, 3400, 147, 116, AC11, , , , , AC11
1660409846, , 33.7246, -118.202, 3500, 147, 118, AC11, , , , , AC11
1660409846, , 33.7246, -118.202, 3500, 147, 118, AC11, , , , , AC11
1660409849, , 33.7235, -118.2011, 3500, 146, 118, AC11, , , , , AC11
1660409849, , 33.7235, -118.2011, 3500, 146, 118, AC11, , , , , AC11
1660409852, , 33.722, -118.1998, 3500, 143, 118, AC11, , , , , AC11
1660409852, , 33.722, -118.1998, 3500, 143, 118, AC11, , , , , AC11
1660409858, , 33.7194, -118.1974, 3500, 141, 118, AC11, , , , , AC11
1660409861, , 33.7181, -118.1962, 3500, 141, 120, AC11, , , , , AC11
1660409861, , 33.7181, -118.1962, 3500, 141, 120, AC11, , , , , AC11
1660409864, , 33.7167, -118.1949, 3500, 141, 120, AC11, , , , , AC11
1660409864, , 33.7167, -118.1949, 3500, 141, 120, AC11, , , , , AC11
1660409870, , 33.714, -118.1922, 3600, 140, 119, AC11, , , , , AC11
1660409870, , 33.714, -118.1922, 3600, 140, 119, AC11, , , , , AC11
1660409873, , 33.7129, -118.1911, 3600, 140, 119, AC11, , , , , AC11
1660409876, , 33.7116, -118.1898, 3600, 140, 119, AC11, , , , , AC11
1660409876, , 33.7116, -118.1898, 3600, 140, 119, AC11, , , , , AC11
1660409882, , 33.709, -118.1871, 3600, 137, 120, AC11, , , , , AC11
1660409882, , 33.709, -118.1871, 3600, 137, 120, AC11, , , , , AC11
1660409885, , 33.7078, -118.1858, 3600, 136, 120, AC11, , , , , AC11
1660409885, , 33.7078, -118.1858, 3600, 136, 120, AC11, , , , , AC11
1660409888, , 33.7066, -118.1843, 3600, 135, 123, AC11, , , , , AC11
1660409894, , 33.7041, -118.1816, 3600, 138, 126, AC11, , , , , AC11
1660409894, , 33.7041, -118.1816, 3600, 138, 126, AC11, , , , , AC11
1660409897, , 33.7026, -118.1801, 3600, 139, 126, AC11, , , , , AC11
1660409897, , 33.7026, -118.1801, 3600, 139, 126, AC11, , , , , AC11
1660409900, , 33.7013, -118.1787, 3600, 139, 126, AC11, , , , , AC11
1660409906, , 33.6987, -118.176, 3600, 138, 128, AC11, , , , , AC11
1660409906, , 33.6987, -118.176, 3600, 138, 128, AC11, , , , , AC11
1660409909, , 33.6973, -118.1745, 3600, 138, 129, AC11, , , , , AC11
1660409909, , 33.6973, -118.1745, 3600, 138, 129, AC11, , , , , AC11
1660409912, , 33.6958, -118.1729, 3600, 138, 129, AC11, , , , , AC11
1660409912, , 33.6958, -118.1729, 3600, 138, 129, AC11, , , , , AC11
1660409918, , 33.6933, -118.1703, 3600, 138, 131, AC11, , , , , AC11
1660409921, , 33.6917, -118.1687, 3600, 138, 131, AC11, , , , , AC11
1660409921, , 33.6917, -118.1687, 3600, 138, 131, AC11, , , , , AC11
1660409924, , 33.6904, -118.1672, 3600, 138, 132, AC11, , , , , AC11
1660409924, , 33.6904, -118.1672, 3600, 138, 132, AC11, , , , , AC11
1660409930, , 33.6876, -118.1642, 3600, 138, 133, AC11, , , , , AC11
1660409930, , 33.6876, -118.1642, 3600, 138, 133, AC11, , , , , AC11
1660409933, , 33.6862, -118.1627, 3600, 138, 134, AC11, , , , , AC11
1660409936, , 33.6848, -118.1613, 3600, 137, 135, AC11, , , , , AC11
1660409936, , 33.6848, -118.1613, 3600, 137, 135, AC11, , , , , AC11
1660409942, , 33.682, -118.1582, 3600, 138, 138, AC11, , , , , AC11
1660409942, , 33.682, -118.1582, 3600, 138, 138, AC11, , , , , AC11
1660409945, , 33.6804, -118.1566, 3600, 138, 138, AC11, , , , , AC11
1660409945, , 33.6804, -118.1566, 3600, 138, 138, AC11, , , , , AC11
1660409948, , 33.679, -118.1551, 3600, 138, 137, AC11, , , , , AC11
1660409948, , 33.679, -118.1551, 3600, 138, 137, AC11, , , , , AC11
1660409954, , 33.6762, -118.1521, 3600, 138, 137, AC11, , , , , AC11
1660409957, , 33.6747, -118.1505, 3600, 138, 136, AC11, , , , , AC11
1660409957, , 33.6747, -118.1505, 3600, 138, 136, AC11, , , , , AC11
1660409960, , 33.6736, -118.1493, 3600, 137, 135, AC11, , , , , AC11
1660409960, , 33.6736, -118.1493, 3600, 137, 135, AC11, , , , , AC11
1660409966, , 33.6706, -118.1459, 3600, 135, 133, AC11, , , , , AC11
1660409969, , 33.6693, -118.1444, 3700, 135, 132, AC11, , , , , AC11
1660409969, , 33.6693, -118.1444, 3700, 135, 132, AC11, , , , , AC11
1660409972, , 33.668, -118.1428, 3700, 135, 134, AC11, , , , , AC11
1660409972, , 33.668, -118.1428, 3700, 135, 134, AC11, , , , , AC11
1660409978, , 33.6652, -118.1395, 3600, 134, 138, AC11, , , , , AC11
1660409978, , 33.6652, -118.1395, 3600, 134, 138, AC11, , , , , AC11
1660409981, , 33.6641, -118.138, 3600, 134, 139, AC11, , , , , AC11
1660409984, , 33.6629, -118.1366, 3600, 134, 140, AC11, , , , , AC11
1660409984, , 33.6629, -118.1366, 3600, 134, 140, AC11, , , , , AC11
1660409987, , 33.6614, -118.1347, 3600, 134, 140, AC11, , , , , AC11
1660409987, , 33.6614, -118.1347, 3600, 134, 140, AC11, , , , , AC11
1660409993, , 33.6586, -118.1313, 3600, 134, 141, AC11, , , , , AC11
1660409993, , 33.6586, -118.1313, 3600, 134, 141, AC11, , , , , AC11
1660409996, , 33.657, -118.1294, 3600, 135, 141, AC11, , , , , AC11
1660409999, , 33.6558, -118.128, 3600, 135, 141, AC11, , , , , AC11
1660409999, , 33.6558, -118.128, 3600, 135, 141, AC11, , , , , AC11
1660410005, , 33.653, -118.1247, 3600, 135, 141, AC11, , , , , AC11
1660410005, , 33.653, -118.1247, 3600, 135, 141, AC11, , , , , AC11
1660410008, , 33.6516, -118.1231, 3600, 135, 141, AC11, , , , , AC11
1660410008, , 33.6516, -118.1231, 3600, 135, 141, AC11, , , , , AC11
1660410011, , 33.65, -118.1211, 3600, 134, 142, AC11, , , , , AC11
1660410017, , 33.6474, -118.1178, 3600, 133, 142, AC11, , , , , AC11
1660410017, , 33.6474, -118.1178, 3600, 133, 142, AC11, , , , , AC11
1660410020, , 33.6459, -118.116, 3600, 136, 142, AC11, , , , , AC11
1660410020, , 33.6459, -118.116, 3600, 136, 142, AC11, , , , , AC11
1660410023, , 33.6446, -118.1146, 3600, 138, 141, AC11, , , , , AC11
1660410029, , 33.6413, -118.1117, 3600, 146, 138, AC11, , , , , AC11
1660410032, , 33.6397, -118.1105, 3600, 147, 138, AC11, , , , , AC11
1660410032, , 33.6397, -118.1105, 3600, 147, 138, AC11, , , , , AC11
1660410035, , 33.638, -118.1092, 3700, 146, 137, AC11, , , , , AC11
1660410035, , 33.638, -118.1092, 3700, 146, 137, AC11, , , , , AC11
1660410041, , 33.6348, -118.1067, 3700, 146, 137, AC11, , , , , AC11
1660410044, , 33.6333, -118.1055, 3700, 146, 137, AC11, , , , , AC11
1660410044, , 33.6333, -118.1055, 3700, 146, 137, AC11, , , , , AC11
1660410047, , 33.6317, -118.1042, 3700, 145, 138, AC11, , , , , AC11
1660410047, , 33.6317, -118.1042, 3700, 145, 138, AC11, , , , , AC11
1660410053, , 33.6286, -118.1017, 3700, 145, 139, AC11, , , , , AC11
1660410053, , 33.6286, -118.1017, 3700, 145, 139, AC11, , , , , AC11
1660410057, , 33.627, -118.1003, 3700, 145, 139, AC11, , , , , AC11
1660410059, , 33.6254, -118.099, 3700, 145, 139, AC11, , , , , AC11
1660410059, , 33.6254, -118.099, 3700, 145, 139, AC11, , , , , AC11
1660410066, , 33.622, -118.0962, 3600, 145, 141, AC11, , , , , AC11
1660410066, , 33.622, -118.0962, 3600, 145, 141, AC11, , , , , AC11
1660410068, , 33.6206, -118.0951, 3600, 145, 143, AC11, , , , , AC11
1660410068, , 33.6206, -118.0951, 3600, 145, 143, AC11, , , , , AC11
1660410072, , 33.6186, -118.0935, 3600, 146, 147, AC11, , , , , AC11
1660410077, , 33.6158, -118.0913, 3600, 148, 147, AC11, , , , , AC11
1660410077, , 33.6158, -118.0913, 3600, 148, 147, AC11, , , , , AC11
1660410078, , 33.6148, -118.0906, 3600, 148, 146, AC11, , , , , AC11
1660410078, , 33.6148, -118.0906, 3600, 148, 146, AC11, , , , , AC11
1660410086, , 33.6121, -118.0887, 3600, 149, 143, AC11, , , , , AC11
1660410090, , 33.6082, -118.086, 3600, 149, 143, AC11, , , , , AC11
1660410090, , 33.6082, -118.086, 3600, 149, 143, AC11, , , , , AC11
1660410093, , 33.6064, -118.0847, 3600, 148, 142, AC11, , , , , AC11
1660410093, , 33.6064, -118.0847, 3600, 148, 142, AC11, , , , , AC11
1660410096, , 33.6048, -118.0835, 3600, 148, 141, AC11, , , , , AC11
1660410096, , 33.6048, -118.0835, 3600, 148, 141, AC11, , , , , AC11
1660410102, , 33.6015, -118.0812, 3600, 150, 140, AC11, , , , , AC11
1660410105, , 33.5999, -118.0801, 3600, 152, 139, AC11, , , , , AC11
1660410105, , 33.5999, -118.0801, 3600, 152, 139, AC11, , , , , AC11
1660410108, , 33.5979, -118.079, 3700, 156, 138, AC11, , , , , AC11
1660410108, , 33.5979, -118.079, 3700, 156, 138, AC11, , , , , AC11
1660410114, , 33.5942, -118.0773, 3700, 161, 138, AC11, , , , , AC11
1660410114, , 33.5942, -118.0773, 3700, 161, 138, AC11, , , , , AC11
1660410117, , 33.5927, -118.0768, 3700, 164, 138, AC11, , , , , AC11
1660410117, , 33.5927, -118.0768, 3700, 164, 138, AC11, , , , , AC11
1660410120, , 33.5909, -118.0763, 3700, 168, 138, AC11, , , , , AC11
1660410126, , 33.5868, -118.0759, 3700, 181, 138, AC11, , , , , AC11
1660410126, , 33.5868, -118.0759, 3700, 181, 138, AC11, , , , , AC11
1660410129, , 33.5848, -118.0761, 3700, 186, 135, AC11, , , , , AC11
1660410129, , 33.5848, -118.0761, 3700, 186, 135, AC11, , , , , AC11
1660410132, , 33.583, -118.0765, 3800, 192, 134, AC11, , , , , AC11
1660410132, , 33.583, -118.0765, 3800, 192, 134, AC11, , , , , AC11
1660410138, , 33.5794, -118.078, 3800, 202, 132, AC11, , , , , AC11
1660410141, , 33.5781, -118.0788, 3900, 207, 133, AC11, , , , , AC11
1660410141, , 33.5781, -118.0788, 3900, 207, 133, AC11, , , , , AC11
1660410144, , 33.5762, -118.0801, 3900, 212, 133, AC11, , , , , AC11
1660410144, , 33.5762, -118.0801, 3900, 212, 133, AC11, , , , , AC11
1660410150, , 33.5734, -118.0827, 3900, 221, 135, AC11, , , , , AC11
1660410150, , 33.5734, -118.0827, 3900, 221, 135, AC11, , , , , AC11
1660410152, , 33.5721, -118.0842, 3900, 224, 136, AC11, , , , , AC11
1660410156, , 33.5715, -118.085, 3900, 228, 136, AC11, , , , , AC11
1660410156, , 33.5715, -118.085, 3900, 228, 136, AC11, , , , , AC11
1660410161, , 33.5688, -118.0892, 4000, 237, 134, AC11, , , , , AC11
1660410161, , 33.5688, -118.0892, 4000, 237, 134, AC11, , , , , AC11
1660410165, , 33.5682, -118.0906, 4000, 245, 135, AC11, , , , , AC11
1660410165, , 33.5682, -118.0906, 4000, 245, 135, AC11, , , , , AC11
1660410165, , 33.5682, -118.0906, 4000, 245, 135, AC11, , , , , AC11
1660410174, , 33.5662, -118.0983, 4100, 260, 133, AC11, , , , , AC11
1660410174, , 33.5662, -118.0983, 4100, 260, 133, AC11, , , , , AC11
1660410176, , 33.5661, -118.1002, 4100, 265, 133, AC11, , , , , AC11
1660410176, , 33.5661, -118.1002, 4100, 265, 133, AC11, , , , , AC11
1660410180, , 33.566, -118.1026, 4200, 268, 133, AC11, , , , , AC11
1660410186, , 33.5661, -118.107, 4200, 273, 132, AC11, , , , , AC11
1660410186, , 33.5661, -118.107, 4200, 273, 132, AC11, , , , , AC11
1660410189, , 33.5662, -118.109, 4300, 275, 130, AC11, , , , , AC11
1660410189, , 33.5662, -118.109, 4300, 275, 130, AC11, , , , , AC11
1660410192, , 33.5664, -118.1116, 4300, 277, 130, AC11, , , , , AC11
1660410198, , 33.567, -118.1152, 4400, 281, 131, AC11, , , , , AC11
1660410198, , 33.567, -118.1152, 4400, 281, 131, AC11, , , , , AC11
1660410201, , 33.5675, -118.118, 4400, 283, 132, AC11, , , , , AC11
1660410201, , 33.5675, -118.118, 4400, 283, 132, AC11, , , , , AC11
1660410204, , 33.568, -118.1201, 4400, 285, 135, AC11, , , , , AC11
1660410204, , 33.568, -118.1201, 4400, 285, 135, AC11, , , , , AC11
1660410210, , 33.5691, -118.1245, 4400, 287, 137, AC11, , , , , AC11
1660410213, , 33.5696, -118.1263, 4400, 288, 138, AC11, , , , , AC11
1660410213, , 33.5696, -118.1263, 4400, 288, 138, AC11, , , , , AC11
1660410216, , 33.5704, -118.1288, 4400, 289, 138, AC11, , , , , AC11
1660410216, , 33.5704, -118.1288, 4400, 289, 138, AC11, , , , , AC11
1660410222, , 33.5717, -118.133, 4400, 290, 140, AC11, , , , , AC11
1660410222, , 33.5717, -118.133, 4400, 290, 140, AC11, , , , , AC11
1660410225, , 33.5724, -118.1351, 4400, 292, 142, AC11, , , , , AC11
1660410228, , 33.5732, -118.1376, 4400, 292, 143, AC11, , , , , AC11
1660410228, , 33.5732, -118.1376, 4400, 292, 143, AC11, , , , , AC11
1660410233, , 33.5745, -118.1413, 4400, 292, 144, AC11, , , , , AC11
1660410233, , 33.5745, -118.1413, 4400, 292, 144, AC11, , , , , AC11
1660410237, , 33.5756, -118.1442, 4400, 293, 145, AC11, , , , , AC11
1660410237, , 33.5756, -118.1442, 4400, 293, 145, AC11, , , , , AC11
1660410240, , 33.5763, -118.1462, 4400, 293, 147, AC11, , , , , AC11
1660410240, , 33.5763, -118.1462, 4400, 293, 147, AC11, , , , , AC11
1660410246, , 33.5781, -118.151, 4300, 294, 149, AC11, , , , , AC11
1660410249, , 33.5789, -118.153, 4300, 294, 149, AC11, , , , , AC11
1660410249, , 33.5789, -118.153, 4300, 294, 149, AC11, , , , , AC11
1660410252, , 33.5799, -118.1556, 4300, 294, 149, AC11, , , , , AC11
1660410252, , 33.5799, -118.1556, 4300, 294, 149, AC11, , , , , AC11
1660410258, , 33.5816, -118.1599, 4300, 296, 150, AC11, , , , , AC11
1660410258, , 33.5816, -118.1599, 4300, 296, 150, AC11, , , , , AC11
1660410261, , 33.5826, -118.1623, 4300, 296, 150, AC11, , , , , AC11
1660410263, , 33.5833, -118.164, 4300, 296, 150, AC11, , , , , AC11
1660410263, , 33.5833, -118.164, 4300, 296, 150, AC11, , , , , AC11
1660410270, , 33.5849, -118.1678, 4300, 296, 149, AC11, , , , , AC11
1660410270, , 33.5849, -118.1678, 4300, 296, 149, AC11, , , , , AC11
1660410273, , 33.5863, -118.1711, 4300, 296, 149, AC11, , , , , AC11
1660410276, , 33.5873, -118.1736, 4300, 296, 149, AC11, , , , , AC11
1660410276, , 33.5873, -118.1736, 4300, 296, 149, AC11, , , , , AC11
1660410282, , 33.5891, -118.1779, 4300, 296, 149, AC11, , , , , AC11
1660410282, , 33.5891, -118.1779, 4300, 296, 149, AC11, , , , , AC11
1660410285, , 33.59, -118.1801, 4300, 296, 148, AC11, , , , , AC11
1660410285, , 33.59, -118.1801, 4300, 296, 148, AC11, , , , , AC11
1660410288, , 33.591, -118.1824, 4300, 296, 148, AC11, , , , , AC11
1660410288, , 33.591, -118.1824, 4300, 296, 148, AC11, , , , , AC11
1660410294, , 33.5928, -118.1869, 4300, 295, 147, AC11, , , , , AC11
1660410297, , 33.5937, -118.1891, 4300, 295, 147, AC11, , , , , AC11
1660410297, , 33.5937, -118.1891, 4300, 295, 147, AC11, , , , , AC11
1660410300, , 33.5945, -118.1913, 4400, 294, 146, AC11, , , , , AC11
1660410300, , 33.5945, -118.1913, 4400, 294, 146, AC11, , , , , AC11
1660410306, , 33.5963, -118.1958, 4400, 294, 145, AC11, , , , , AC11
1660410309, , 33.597, -118.1977, 4400, 294, 145, AC11, , , , , AC11
1660410309, , 33.597, -118.1977, 4400, 294, 145, AC11, , , , , AC11
1660410312, , 33.5979, -118.1999, 4400, 295, 146, AC11, , , , , AC11
1660410312, , 33.5979, -118.1999, 4400, 295, 146, AC11, , , , , AC11
1660410318, , 33.5998, -118.2046, 4400, 296, 147, AC11, , , , , AC11
1660410318, , 33.5998, -118.2046, 4400, 296, 147, AC11, , , , , AC11
1660410321, , 33.6007, -118.2067, 4400, 296, 147, AC11, , , , , AC11
1660410324, , 33.6015, -118.2089, 4400, 295, 146, AC11, , , , , AC11
1660410324, , 33.6015, -118.2089, 4400, 295, 146, AC11, , , , , AC11
1660410330, , 33.6034, -118.2134, 4400, 295, 146, AC11, , , , , AC11
1660410330, , 33.6034, -118.2134, 4400, 295, 146, AC11, , , , , AC11
1660410333, , 33.6041, -118.2152, 4400, 296, 145, AC11, , , , , AC11
1660410333, , 33.6041, -118.2152, 4400, 296, 145, AC11, , , , , AC11
1660410336, , 33.6052, -118.2178, 4400, 296, 145, AC11, , , , , AC11
1660410342, , 33.607, -118.2219, 4400, 297, 139, AC11, , , , , AC11
1660410342, , 33.607, -118.2219, 4400, 297, 139, AC11, , , , , AC11
1660410345, , 33.6078, -118.2237, 4400, 297, 136, AC11, , , , , AC11
1660410345, , 33.6078, -118.2237, 4400, 297, 136, AC11, , , , , AC11
1660410348, , 33.6087, -118.2257, 4400, 297, 131, AC11, , , , , AC11
1660410348, , 33.6087, -118.2257, 4400, 297, 131, AC11, , , , , AC11
1660410351, , 33.6096, -118.2277, 4400, 297, 127, AC11, , , , , AC11
1660410357, , 33.6112, -118.2315, 4300, 297, 123, AC11, , , , , AC11
1660410357, , 33.6112, -118.2315, 4300, 297, 123, AC11, , , , , AC11
1660410360, , 33.6113, -118.2318, 4300, 297, 123, AC11, , , , , AC11
1660410360, , 33.6113, -118.2318, 4300, 297, 123, AC11, , , , , AC11
1660410365, , 33.6129, -118.2354, 4300, 297, 119, AC11, , , , , AC11
1660410365, , 33.6129, -118.2354, 4300, 297, 119, AC11, , , , , AC11
1660410369, , 33.6138, -118.2373, 4200, 298, 116, AC11, , , , , AC11
1660410373, , 33.6153, -118.2406, 4200, 299, 115, AC11, , , , , AC11
1660410373, , 33.6153, -118.2406, 4200, 299, 115, AC11, , , , , AC11
1660410376, , 33.6161, -118.2423, 4100, 299, 116, AC11, , , , , AC11
1660410376, , 33.6161, -118.2423, 4100, 299, 116, AC11, , , , , AC11
1660410379, , 33.6168, -118.2437, 4100, 300, 114, AC11, , , , , AC11
1660410383, , 33.618, -118.2461, 4000, 300, 113, AC11, , , , , AC11
1660410383, , 33.618, -118.2461, 4000, 300, 113, AC11, , , , , AC11
1660410387, , 33.6189, -118.2479, 4000, 301, 112, AC11, , , , , AC11
1660410387, , 33.6189, -118.2479, 4000, 301, 112, AC11, , , , , AC11
1660410394, , 33.6206, -118.2513, 3900, 299, 112, AC11, , , , , AC11
1660410394, , 33.6206, -118.2513, 3900, 299, 112, AC11, , , , , AC11
1660410396, , 33.6214, -118.253, 3900, 299, 111, AC11, , , , , AC11
1660410400, , 33.6221, -118.2546, 3900, 298, 111, AC11, , , , , AC11
1660410400, , 33.6221, -118.2546, 3900, 298, 111, AC11, , , , , AC11
1660410405, , 33.6236, -118.258, 3800, 294, 113, AC11, , , , , AC11
1660410405, , 33.6236, -118.258, 3800, 294, 113, AC11, , , , , AC11
1660410408, , 33.6241, -118.2598, 3700, 286, 113, AC11, , , , , AC11
1660410408, , 33.6241, -118.2598, 3700, 286, 113, AC11, , , , , AC11
1660410412, , 33.6244, -118.2618, 3700, 280, 114, AC11, , , , , AC11
1660410418, , 33.6243, -118.2656, 3600, 259, 113, AC11, , , , , AC11
1660410418, , 33.6243, -118.2656, 3600, 259, 113, AC11, , , , , AC11
1660410421, , 33.6237, -118.2672, 3600, 245, 111, AC11, , , , , AC11
1660410421, , 33.6237, -118.2672, 3600, 245, 111, AC11, , , , , AC11
1660410423, , 33.6231, -118.2685, 3600, 237, 109, AC11, , , , , AC11
1660410423, , 33.6231, -118.2685, 3600, 237, 109, AC11, , , , , AC11
1660410429, , 33.6208, -118.2714, 3600, 220, 104, AC11, , , , , AC11
1660410432, , 33.6205, -118.2717, 3600, 213, 102, AC11, , , , , AC11
1660410432, , 33.6205, -118.2717, 3600, 213, 102, AC11, , , , , AC11
1660410436, , 33.6183, -118.2731, 3500, 203, 101, AC11, , , , , AC11
1660410436, , 33.6183, -118.2731, 3500, 203, 101, AC11, , , , , AC11
1660410441, , 33.6156, -118.2739, 3400, 191, 101, AC11, , , , , AC11
1660410441, , 33.6156, -118.2739, 3400, 191, 101, AC11, , , , , AC11
1660410445, , 33.6143, -118.2739, 3400, 180, 101, AC11, , , , , AC11
1660410447, , 33.6134, -118.2738, 3400, 171, 101, AC11, , , , , AC11
1660410447, , 33.6134, -118.2738, 3400, 171, 101, AC11, , , , , AC11
1660410454, , 33.6104, -118.2726, 3300, 156, 100, AC11, , , , , AC11
1660410454, , 33.6104, -118.2726, 3300, 156, 100, AC11, , , , , AC11
1660410457, , 33.6095, -118.2719, 3300, 140, 101, AC11, , , , , AC11
1660410457, , 33.6095, -118.2719, 3300, 140, 101, AC11, , , , , AC11
1660410460, , 33.608, -118.2701, 3300, 129, 102, AC11, , , , , AC11
1660410465, , 33.6072, -118.2683, 3200, 106, 106, AC11, , , , , AC11
1660410465, , 33.6072, -118.2683, 3200, 106, 106, AC11, , , , , AC11
1660410469, , 33.6066, -118.2655, 3200, 99, 108, AC11, , , , , AC11
1660410469, , 33.6066, -118.2655, 3200, 99, 108, AC11, , , , , AC11
1660410472, , 33.6066, -118.2635, 3200, 85, 110, AC11, , , , , AC11
1660410478, , 33.6072, -118.2602, 3200, 74, 113, AC11, , , , , AC11
1660410478, , 33.6072, -118.2602, 3200, 74, 113, AC11, , , , , AC11
1660410481, , 33.6078, -118.258, 3100, 71, 113, AC11, , , , , AC11
1660410481, , 33.6078, -118.258, 3100, 71, 113, AC11, , , , , AC11
1660410484, , 33.6082, -118.2565, 3100, 69, 112, AC11, , , , , AC11
1660410484, , 33.6082, -118.2565, 3100, 69, 112, AC11, , , , , AC11
1660410490, , 33.6095, -118.253, 3100, 65, 110, AC11, , , , , AC11
1660410493, , 33.6102, -118.251, 3100, 63, 111, AC11, , , , , AC11
1660410493, , 33.6102, -118.251, 3100, 63, 111, AC11, , , , , AC11
1660410496, , 33.611, -118.2494, 3100, 62, 111, AC11, , , , , AC11
1660410496, , 33.611, -118.2494, 3100, 62, 111, AC11, , , , , AC11
1660410502, , 33.6124, -118.2463, 3100, 59, 111, AC11, , , , , AC11
1660410502, , 33.6124, -118.2463, 3100, 59, 111, AC11, , , , , AC11
1660410504, , 33.6132, -118.2448, 3100, 58, 112, AC11, , , , , AC11
1660410509, , 33.6138, -118.2437, 3100, 57, 114, AC11, , , , , AC11
1660410509, , 33.6138, -118.2437, 3100, 57, 114, AC11, , , , , AC11
1660410513, , 33.6156, -118.2405, 3100, 54, 116, AC11, , , , , AC11
1660410513, , 33.6156, -118.2405, 3100, 54, 116, AC11, , , , , AC11
1660410517, , 33.6167, -118.2388, 3100, 53, 116, AC11, , , , , AC11
1660410517, , 33.6167, -118.2388, 3100, 53, 116, AC11, , , , , AC11
1660410520, , 33.6178, -118.237, 3100, 52, 115, AC11, , , , , AC11
1660410526, , 33.6198, -118.2339, 3100, 51, 114, AC11, , , , , AC11
1660410526, , 33.6198, -118.2339, 3100, 51, 114, AC11, , , , , AC11
1660410528, , 33.6209, -118.2325, 3100, 51, 114, AC11, , , , , AC11
1660410528, , 33.6209, -118.2325, 3100, 51, 114, AC11, , , , , AC11
1660410532, , 33.6217, -118.2313, 3100, 49, 114, AC11, , , , , AC11
1660410532, , 33.6217, -118.2313, 3100, 49, 114, AC11, , , , , AC11
1660410537, , 33.6241, -118.2284, 3200, 42, 115, AC11, , , , , AC11
1660410540, , 33.6249, -118.2274, 3200, 41, 115, AC11, , , , , AC11
1660410540, , 33.6249, -118.2274, 3200, 41, 115, AC11, , , , , AC11
1660410543, , 33.6262, -118.2262, 3200, 40, 114, AC11, , , , , AC11
1660410543, , 33.6262, -118.2262, 3200, 40, 114, AC11, , , , , AC11
1660410549, , 33.6288, -118.2236, 3200, 39, 113, AC11, , , , , AC11
1660410549, , 33.6288, -118.2236, 3200, 39, 113, AC11, , , , , AC11
1660410552, , 33.63, -118.2224, 3200, 38, 114, AC11, , , , , AC11
1660410556, , 33.6315, -118.221, 3200, 37, 114, AC11, , , , , AC11
1660410556, , 33.6315, -118.221, 3200, 37, 114, AC11, , , , , AC11
1660410561, , 33.6338, -118.2189, 3200, 37, 115, AC11, , , , , AC11
1660410561, , 33.6338, -118.2189, 3200, 37, 115, AC11, , , , , AC11
1660410564, , 33.6353, -118.2175, 3200, 36, 114, AC11, , , , , AC11
1660410568, , 33.6366, -118.2164, 3200, 35, 114, AC11, , , , , AC11
1660410568, , 33.6366, -118.2164, 3200, 35, 114, AC11, , , , , AC11
1660410573, , 33.6391, -118.2145, 3200, 29, 114, AC11, , , , , AC11
1660410573, , 33.6391, -118.2145, 3200, 29, 114, AC11, , , , , AC11
1660410577, , 33.6407, -118.2136, 3200, 24, 115, AC11, , , , , AC11
1660410577, , 33.6407, -118.2136, 3200, 24, 115, AC11, , , , , AC11
1660410579, , 33.6422, -118.2128, 3200, 20, 115, AC11, , , , , AC11
1660410586, , 33.6454, -118.2119, 3100, 9, 116, AC11, , , , , AC11
1660410586, , 33.6454, -118.2119, 3100, 9, 116, AC11, , , , , AC11
1660410589, , 33.6468, -118.2118, 3100, 3, 117, AC11, , , , , AC11
1660410589, , 33.6468, -118.2118, 3100, 3, 117, AC11, , , , , AC11
1660410592, , 33.6481, -118.2119, 3100, 353, 116, AC11, , , , , AC11
1660410592, , 33.6481, -118.2119, 3100, 353, 116, AC11, , , , , AC11
1660410597, , 33.6516, -118.2128, 3100, 344, 117, AC11, , , , , AC11
1660410601, , 33.6533, -118.2135, 3100, 340, 117, AC11, , , , , AC11
1660410601, , 33.6533, -118.2135, 3100, 340, 117, AC11, , , , , AC11
1660410604, , 33.6547, -118.2141, 3100, 338, 118, AC11, , , , , AC11
1660410604, , 33.6547, -118.2141, 3100, 338, 118, AC11, , , , , AC11
1660410610, , 33.6579, -118.2157, 3100, 336, 117, AC11, , , , , AC11
1660410610, , 33.6579, -118.2157, 3100, 336, 117, AC11, , , , , AC11
1660410613, , 33.6595, -118.2165, 3100, 337, 117, AC11, , , , , AC11
1660410616, , 33.6607, -118.2171, 3100, 338, 116, AC11, , , , , AC11
1660410616, , 33.6607, -118.2171, 3100, 338, 116, AC11, , , , , AC11
1660410621, , 33.6635, -118.2183, 3100, 339, 115, AC11, , , , , AC11
1660410621, , 33.6635, -118.2183, 3100, 339, 115, AC11, , , , , AC11
1660410625, , 33.665, -118.219, 3000, 339, 115, AC11, , , , , AC11
1660410625, , 33.665, -118.219, 3000, 339, 115, AC11, , , , , AC11
1660410634, , 33.67, -118.2213, 2900, 339, 116, AC11, , , , , AC11
1660410634, , 33.67, -118.2213, 2900, 339, 116, AC11, , , , , AC11
1660410637, , 33.6713, -118.2219, 2800, 336, 116, AC11, , , , , AC11
1660410637, , 33.6713, -118.2219, 2800, 336, 116, AC11, , , , , AC11
1660410640, , 33.673, -118.2228, 2800, 334, 117, AC11, , , , , AC11
1660410640, , 33.673, -118.2228, 2800, 334, 117, AC11, , , , , AC11
1660410646, , 33.6758, -118.2246, 2700, 330, 117, AC11, , , , , AC11
1660410649, , 33.6771, -118.2255, 2700, 329, 117, AC11, , , , , AC11
1660410649, , 33.6771, -118.2255, 2700, 329, 117, AC11, , , , , AC11
1660410652, , 33.6784, -118.2265, 2600, 329, 117, AC11, , , , , AC11
1660410652, , 33.6784, -118.2265, 2600, 329, 117, AC11, , , , , AC11
1660410658, , 33.6814, -118.2285, 2500, 330, 120, AC11, , , , , AC11
1660410658, , 33.6814, -118.2285, 2500, 330, 120, AC11, , , , , AC11
1660410661, , 33.6826, -118.2294, 2500, 331, 120, AC11, , , , , AC11
1660410661, , 33.6826, -118.2294, 2500, 331, 120, AC11, , , , , AC11
1660410664, , 33.6841, -118.2303, 2400, 331, 120, AC11, , , , , AC11
1660410670, , 33.6874, -118.2322, 2400, 337, 115, AC11, , , , , AC11
1660410670, , 33.6874, -118.2322, 2400, 337, 115, AC11, , , , , AC11
1660410673, , 33.6889, -118.2329, 2400, 339, 113, AC11, , , , , AC11
1660410673, , 33.6889, -118.2329, 2400, 339, 113, AC11, , , , , AC11
1660410676, , 33.6897, -118.2332, 2300, 341, 111, AC11, , , , , AC11
1660410676, , 33.6897, -118.2332, 2300, 341, 111, AC11, , , , , AC11
1660410682, , 33.6934, -118.2345, 2300, 345, 109, AC11, , , , , AC11
1660410685, , 33.6939, -118.2346, 2200, 348, 108, AC11, , , , , AC11
1660410685, , 33.6939, -118.2346, 2200, 348, 108, AC11, , , , , AC11
1660410687, , 33.6953, -118.2349, 2200, 351, 107, AC11, , , , , AC11
1660410687, , 33.6953, -118.2349, 2200, 351, 107, AC11, , , , , AC11
1660410694, , 33.6986, -118.2355, 2200, 350, 106, AC11, , , , , AC11
1660410694, , 33.6986, -118.2355, 2200, 350, 106, AC11, , , , , AC11
1660410696, , 33.7005, -118.2359, 2200, 350, 105, AC11, , , , , AC11
1660410699, , 33.7014, -118.2361, 2200, 349, 105, AC11, , , , , AC11
1660410699, , 33.7014, -118.2361, 2200, 349, 105, AC11, , , , , AC11
1660410706, , 33.705, -118.237, 2100, 344, 105, AC11, , , , , AC11
1660410706, , 33.705, -118.237, 2100, 344, 105, AC11, , , , , AC11
1660410709, , 33.7061, -118.2374, 2100, 340, 105, AC11, , , , , AC11
1660410709, , 33.7061, -118.2374, 2100, 340, 105, AC11, , , , , AC11
1660410712, , 33.7077, -118.2382, 2100, 337, 105, AC11, , , , , AC11
1660410718, , 33.7105, -118.2398, 2100, 332, 106, AC11, , , , , AC11
1660410718, , 33.7105, -118.2398, 2100, 332, 106, AC11, , , , , AC11
1660410721, , 33.7111, -118.2402, 2100, 331, 107, AC11, , , , , AC11
1660410721, , 33.7111, -118.2402, 2100, 331, 107, AC11, , , , , AC11
1660410724, , 33.713, -118.2414, 2100, 330, 107, AC11, , , , , AC11
1660410724, , 33.713, -118.2414, 2100, 330, 107, AC11, , , , , AC11
1660410730, , 33.7156, -118.2433, 2100, 329, 108, AC11, , , , , AC11
1660410733, , 33.7167, -118.244, 2100, 328, 107, AC11, , , , , AC11
1660410733, , 33.7167, -118.244, 2100, 328, 107, AC11, , , , , AC11
1660410736, , 33.7177, -118.2448, 2100, 328, 108, AC11, , , , , AC11
1660410736, , 33.7177, -118.2448, 2100, 328, 108, AC11, , , , , AC11
1660410741, , 33.7206, -118.2469, 2000, 329, 109, AC11, , , , , AC11
1660410741, , 33.7206, -118.2469, 2000, 329, 109, AC11, , , , , AC11
1660410745, , 33.722, -118.2478, 2000, 330, 110, AC11, , , , , AC11
1660410747, , 33.7229, -118.2485, 2000, 330, 110, AC11, , , , , AC11
1660410747, , 33.7229, -118.2485, 2000, 330, 110, AC11, , , , , AC11
1660410754, , 33.7258, -118.2505, 2000, 329, 108, AC11, , , , , AC11
1660410754, , 33.7258, -118.2505, 2000, 329, 108, AC11, , , , , AC11
1660410757, , 33.7274, -118.2516, 2000, 329, 106, AC11, , , , , AC11
1660410757, , 33.7274, -118.2516, 2000, 329, 106, AC11, , , , , AC11
1660410760, , 33.7286, -118.2524, 2000, 330, 106, AC11, , , , , AC11
1660410766, , 33.731, -118.2541, 2000, 328, 106, AC11, , , , , AC11
1660410766, , 33.731, -118.2541, 2000, 328, 106, AC11, , , , , AC11
1660410769, , 33.7325, -118.2552, 2000, 332, 105, AC11, , , , , AC11
1660410772, , 33.7337, -118.256, 1900, 330, 104, AC11, , , , , AC11
1660410772, , 33.7337, -118.256, 1900, 330, 104, AC11, , , , , AC11
1660410778, , 33.7364, -118.2577, 1900, 332, 103, AC11, , , , , AC11
1660410778, , 33.7364, -118.2577, 1900, 332, 103, AC11, , , , , AC11
1660410781, , 33.7375, -118.2583, 1900, 335, 104, AC11, , , , , AC11
1660410781, , 33.7375, -118.2583, 1900, 335, 104, AC11, , , , , AC11
1660410781, , 33.7375, -118.2583, 1900, 335, 104, AC11, , , , , AC11
1660410784, , 33.7389, -118.2591, 1900, 337, 104, AC11, , , , , AC11
1660410784, , 33.7389, -118.2591, 1900, 337, 104, AC11, , , , , AC11
1660410793, , 33.7426, -118.2608, 1800, 340, 105, AC11, , , , , AC11
1660410793, , 33.7426, -118.2608, 1800, 340, 105, AC11, , , , , AC11
1660410796, , 33.7433, -118.261, 1800, 340, 105, AC11, , , , , AC11
1660410796, , 33.7433, -118.261, 1800, 340, 105, AC11, , , , , AC11
1660410802, , 33.7472, -118.2627, 1700, 340, 104, AC11, , , , , AC11
1660410805, , 33.7485, -118.2633, 1700, 340, 104, AC11, , , , , AC11
1660410805, , 33.7485, -118.2633, 1700, 340, 104, AC11, , , , , AC11
1660410808, , 33.7501, -118.2639, 1700, 340, 103, AC11, , , , , AC11
1660410808, , 33.7501, -118.2639, 1700, 340, 103, AC11, , , , , AC11
1660410814, , 33.7526, -118.265, 1700, 339, 103, AC11, , , , , AC11
1660410814, , 33.7526, -118.265, 1700, 339, 103, AC11, , , , , AC11
1660410817, , 33.7538, -118.2656, 1700, 337, 104, AC11, , , , , AC11
