//Timestamp, ICAO, Latitude_deg, Longitude_deg, Altitude_ft, Heading_deg, GroundSpeed_kts, AircraftType, RegistrationNum, Departure, Arrival, FlightNumber1, FlightNumber2
1660405475, , 33.7458, -119.0015, 3500, 140, 121, , , OXR, , , AFH0LF
1660405475, , 33.7458, -119.0015, 3500, 140, 121, , , OXR, , , AFH0LF
1660405475, , 33.7458, -119.0015, 3500, 140, 121, , , OXR, , , AFH0LF
1660405475, , 33.7458, -119.0015, 3500, 140, 121, , , OXR, , , AFH0LF
1660405475, , 33.7458, -119.0015, 3500, 140, 121, , , OXR, , , AFH0LF
1660405475, , 33.7458, -119.0015, 3500, 140, 121, , , OXR, , , AFH0LF
1660405475, , 33.7458, -119.0015, 3500, 140, 121, , , OXR, , , AFH0LF
1660405475, , 33.7458, -119.0015, 3500, 140, 121, , , OXR, , , AFH0LF
1660405475, , 33.7458, -119.0015, 3500, 140, 121, , , OXR, , , AFH0LF
1660405494, , 33.7345, -118.9972, 3500, 180, 120, , , OXR, , , AFH0LF
1660405494, , 33.7345, -118.9972, 3500, 180, 120, , , OXR, , , AFH0LF
1660405494, , 33.7345, -118.9972, 3500, 180, 120, , , OXR, , , AFH0LF
1660405494, , 33.7345, -118.9972, 3500, 180, 120, , , OXR, , , AFH0LF
1660405494, , 33.7345, -118.9972, 3500, 180, 120, , , OXR, , , AFH0LF
1660405494, , 33.7345, -118.9972, 3500, 180, 120, , , OXR, , , AFH0LF
1660405494, , 33.7345, -118.9972, 3500, 180, 120, , , OXR, , , AFH0LF
1660405494, , 33.7345, -118.9972, 3500, 180, 120, , , OXR, , , AFH0LF
1660405494, , 33.7345, -118.9972, 3500, 180, 120, , , OXR, , , AFH0LF
1660405519, , 33.7227, -118.9972, 3500, 180, 120, , , OXR, , , AFH0LF
1660405519, , 33.7227, -118.9972, 3500, 180, 120, , , OXR, , , AFH0LF
1660405519, , 33.7227, -118.9972, 3500, 180, 120, , , OXR, , , AFH0LF
1660405519, , 33.7227, -118.9972, 3500, 180, 120, , , OXR, , , AFH0LF
1660405519, , 33.7227, -118.9972, 3500, 180, 120, , , OXR, , , AFH0LF
1660405531, , 33.717, -118.9972, 3500, 180, 120, , , OXR, , , AFH0LF
1660405531, , 33.717, -118.9972, 3500, 180, 120, , , OXR, , , AFH0LF
1660405531, , 33.717, -118.9972, 3500, 180, 120, , , OXR, , , AFH0LF
1660405531, , 33.717, -118.9972, 3500, 180, 120, , , OXR, , , AFH0LF
1660405531, , 33.717, -118.9972, 3500, 180, 120, , , OXR, , , AFH0LF
1660405531, , 33.717, -118.9972, 3500, 180, 120, , , OXR, , , AFH0LF
1660405531, , 33.717, -118.9972, 3500, 180, 120, , , OXR, , , AFH0LF
1660405544, , 33.7123, -118.9837, 3500, 140, 120, , , OXR, , , AFH0LF
1660405544, , 33.7123, -118.9837, 3500, 140, 120, , , OXR, , , AFH0LF
1660405544, , 33.7123, -118.9837, 3500, 140, 120, , , OXR, , , AFH0LF
1660405544, , 33.7123, -118.9837, 3500, 140, 120, , , OXR, , , AFH0LF
1660405544, , 33.7123, -118.9837, 3500, 140, 120, , , OXR, , , AFH0LF
1660405544, , 33.7123, -118.9837, 3500, 140, 120, , , OXR, , , AFH0LF
1660405544, , 33.7123, -118.9837, 3500, 140, 120, , , OXR, , , AFH0LF
1660405558, , 33.7083, -118.9752, 3500, 89, 118, , , OXR, , , AFH0LF
1660405558, , 33.7083, -118.9752, 3500, 89, 118, , , OXR, , , AFH0LF
1660405558, , 33.7083, -118.9752, 3500, 89, 118, , , OXR, , , AFH0LF
1660405558, , 33.7083, -118.9752, 3500, 89, 118, , , OXR, , , AFH0LF
1660405558, , 33.7083, -118.9752, 3500, 89, 118, , , OXR, , , AFH0LF
1660405558, , 33.7083, -118.9752, 3500, 89, 118, , , OXR, , , AFH0LF
1660405558, , 33.7083, -118.9752, 3500, 89, 118, , , OXR, , , AFH0LF
1660405558, , 33.7083, -118.9752, 3500, 89, 118, , , OXR, , , AFH0LF
1660405558, , 33.7083, -118.9752, 3500, 89, 118, , , OXR, , , AFH0LF
1660405583, , 33.7085, -118.9612, 3500, 89, 118, , , OXR, , , AFH0LF
1660405583, , 33.7085, -118.9612, 3500, 89, 118, , , OXR, , , AFH0LF
1660405583, , 33.7085, -118.9612, 3500, 89, 118, , , OXR, , , AFH0LF
1660405583, , 33.7085, -118.9612, 3500, 89, 118, , , OXR, , , AFH0LF
1660405583, , 33.7085, -118.9612, 3500, 89, 118, , , OXR, , , AFH0LF
1660405595, , 33.7086, -118.9545, 3500, 89, 118, , , OXR, , , AFH0LF
1660405595, , 33.7086, -118.9545, 3500, 89, 118, , , OXR, , , AFH0LF
1660405595, , 33.7086, -118.9545, 3500, 89, 118, , , OXR, , , AFH0LF
1660405595, , 33.7086, -118.9545, 3500, 89, 118, , , OXR, , , AFH0LF
1660405595, , 33.7086, -118.9545, 3500, 89, 118, , , OXR, , , AFH0LF
1660405595, , 33.7086, -118.9545, 3500, 89, 118, , , OXR, , , AFH0LF
1660405595, , 33.7086, -118.9545, 3500, 89, 118, , , OXR, , , AFH0LF
1660405595, , 33.7086, -118.9545, 3500, 89, 118, , , OXR, , , AFH0LF
1660405595, , 33.7086, -118.9545, 3500, 89, 118, , , OXR, , , AFH0LF
1660405609, , 33.6838, -118.9558, 3500, 89, 118, , , OXR, , , AFH0LF
1660405609, , 33.6838, -118.9558, 3500, 89, 118, , , OXR, , , AFH0LF
1660405609, , 33.6838, -118.9558, 3500, 89, 118, , , OXR, , , AFH0LF
1660405609, , 33.6838, -118.9558, 3500, 89, 118, , , OXR, , , AFH0LF
1660405609, , 33.6838, -118.9558, 3500, 89, 118, , , OXR, , , AFH0LF
1660405609, , 33.6838, -118.9558, 3500, 89, 118, , , OXR, , , AFH0LF
1660405609, , 33.6838, -118.9558, 3500, 89, 118, , , OXR, , , AFH0LF
1660405609, , 33.6838, -118.9558, 3500, 89, 118, , , OXR, , , AFH0LF
1660405609, , 33.6838, -118.9558, 3500, 89, 118, , , OXR, , , AFH0LF
1660405635, , 33.684, -118.9413, 3500, 89, 118, , , OXR, , , AFH0LF
1660405635, , 33.684, -118.9413, 3500, 89, 118, , , OXR, , , AFH0LF
1660405635, , 33.684, -118.9413, 3500, 89, 118, , , OXR, , , AFH0LF
1660405635, , 33.684, -118.9413, 3500, 89, 118, , , OXR, , , AFH0LF
1660405635, , 33.684, -118.9413, 3500, 89, 118, , , OXR, , , AFH0LF
1660405647, , 33.6841, -118.9346, 3500, 89, 118, , , OXR, , , AFH0LF
1660405647, , 33.6841, -118.9346, 3500, 89, 118, , , OXR, , , AFH0LF
1660405647, , 33.6841, -118.9346, 3500, 89, 118, , , OXR, , , AFH0LF
1660405647, , 33.6841, -118.9346, 3500, 89, 118, , , OXR, , , AFH0LF
1660405647, , 33.6841, -118.9346, 3500, 89, 118, , , OXR, , , AFH0LF
1660405647, , 33.6841, -118.9346, 3500, 89, 118, , , OXR, , , AFH0LF
1660405647, , 33.6841, -118.9346, 3500, 89, 118, , , OXR, , , AFH0LF
1660405647, , 33.6841, -118.9346, 3500, 89, 118, , , OXR, , , AFH0LF
1660405647, , 33.6841, -118.9346, 3500, 89, 118, , , OXR, , , AFH0LF
1660405647, , 33.6841, -118.9346, 3500, 89, 118, , , OXR, , , AFH0LF
1660405647, , 33.6841, -118.9346, 3500, 89, 118, , , OXR, , , AFH0LF
1660405647, , 33.6841, -118.9346, 3500, 89, 118, , , OXR, , , AFH0LF
1660405670, , 33.6528, -118.9427, 3600, 271, 118, , , OXR, , , AFH0LF
1660405670, , 33.6528, -118.9427, 3600, 271, 118, , , OXR, , , AFH0LF
1660405670, , 33.6528, -118.9427, 3600, 271, 118, , , OXR, , , AFH0LF
1660405670, , 33.6528, -118.9427, 3600, 271, 118, , , OXR, , , AFH0LF
1660405670, , 33.6528, -118.9427, 3600, 271, 118, , , OXR, , , AFH0LF
1660405670, , 33.6528, -118.9427, 3600, 271, 118, , , OXR, , , AFH0LF
1660405670, , 33.6528, -118.9427, 3600, 271, 118, , , OXR, , , AFH0LF
1660405670, , 33.6528, -118.9427, 3600, 271, 118, , , OXR, , , AFH0LF
1660405670, , 33.6528, -118.9427, 3600, 271, 118, , , OXR, , , AFH0LF
1660405695, , 33.653, -118.9567, 3600, 271, 118, , , OXR, , , AFH0LF
1660405695, , 33.653, -118.9567, 3600, 271, 118, , , OXR, , , AFH0LF
1660405695, , 33.653, -118.9567, 3600, 271, 118, , , OXR, , , AFH0LF
1660405695, , 33.653, -118.9567, 3600, 271, 118, , , OXR, , , AFH0LF
1660405695, , 33.653, -118.9567, 3600, 271, 118, , , OXR, , , AFH0LF
1660405707, , 33.6531, -118.9633, 3600, 271, 118, , , OXR, , , AFH0LF
1660405707, , 33.6531, -118.9633, 3600, 271, 118, , , OXR, , , AFH0LF
1660405707, , 33.6531, -118.9633, 3600, 271, 118, , , OXR, , , AFH0LF
1660405707, , 33.6531, -118.9633, 3600, 271, 118, , , OXR, , , AFH0LF
1660405707, , 33.6531, -118.9633, 3600, 271, 118, , , OXR, , , AFH0LF
1660405707, , 33.6531, -118.9633, 3600, 271, 118, , , OXR, , , AFH0LF
1660405707, , 33.6531, -118.9633, 3600, 271, 118, , , OXR, , , AFH0LF
1660405707, , 33.6531, -118.9633, 3600, 271, 118, , , OXR, , , AFH0LF
1660405707, , 33.6531, -118.9633, 3600, 271, 118, , , OXR, , , AFH0LF
1660405707, , 33.6531, -118.9633, 3600, 271, 118, , , OXR, , , AFH0LF
1660405707, , 33.6531, -118.9633, 3600, 271, 118, , , OXR, , , AFH0LF
1660405707, , 33.6531, -118.9633, 3600, 271, 118, , , OXR, , , AFH0LF
1660405707, , 33.6531, -118.9633, 3600, 271, 118, , , OXR, , , AFH0LF
1660405707, , 33.6531, -118.9633, 3600, 271, 118, , , OXR, , , AFH0LF
1660405707, , 33.6531, -118.9633, 3600, 271, 118, , , OXR, , , AFH0LF
1660405732, , 33.6196, -118.9208, 3500, 89, 118, , , OXR, , , AFH0LF
1660405732, , 33.6196, -118.9208, 3500, 89, 118, , , OXR, , , AFH0LF
1660405732, , 33.6196, -118.9208, 3500, 89, 118, , , OXR, , , AFH0LF
1660405732, , 33.6196, -118.9208, 3500, 89, 118, , , OXR, , , AFH0LF
1660405732, , 33.6196, -118.9208, 3500, 89, 118, , , OXR, , , AFH0LF
1660405732, , 33.6196, -118.9208, 3500, 89, 118, , , OXR, , , AFH0LF
1660405732, , 33.6196, -118.9208, 3500, 89, 118, , , OXR, , , AFH0LF
1660405732, , 33.6196, -118.9208, 3500, 89, 118, , , OXR, , , AFH0LF
1660405759, , 33.6199, -118.9058, 3500, 89, 118, , , OXR, , , AFH0LF
1660405759, , 33.6199, -118.9058, 3500, 89, 118, , , OXR, , , AFH0LF
1660405759, , 33.6199, -118.9058, 3500, 89, 118, , , OXR, , , AFH0LF
1660405759, , 33.6199, -118.9058, 3500, 89, 118, , , OXR, , , AFH0LF
1660405759, , 33.6199, -118.9058, 3500, 89, 118, , , OXR, , , AFH0LF
1660405771, , 33.6199, -118.8991, 3500, 89, 118, , , OXR, , , AFH0LF
1660405771, , 33.6199, -118.8991, 3500, 89, 118, , , OXR, , , AFH0LF
1660405771, , 33.6199, -118.8991, 3500, 89, 118, , , OXR, , , AFH0LF
1660405771, , 33.6199, -118.8991, 3500, 89, 118, , , OXR, , , AFH0LF
1660405771, , 33.6199, -118.8991, 3500, 89, 118, , , OXR, , , AFH0LF
1660405771, , 33.6199, -118.8991, 3500, 89, 118, , , OXR, , , AFH0LF
1660405771, , 33.6199, -118.8991, 3500, 89, 118, , , OXR, , , AFH0LF
1660405771, , 33.6199, -118.8991, 3500, 89, 118, , , OXR, , , AFH0LF
1660405771, , 33.6199, -118.8991, 3500, 89, 118, , , OXR, , , AFH0LF
1660405771, , 33.6199, -118.8991, 3500, 89, 118, , , OXR, , , AFH0LF
1660405771, , 33.6199, -118.8991, 3500, 89, 118, , , OXR, , , AFH0LF
1660405771, , 33.6199, -118.8991, 3500, 89, 118, , , OXR, , , AFH0LF
1660405771, , 33.6199, -118.8991, 3500, 89, 118, , , OXR, , , AFH0LF
1660405771, , 33.6199, -118.8991, 3500, 89, 118, , , OXR, , , AFH0LF
1660405800, , 33.5849, -118.9002, 3500, 157, 119, , , OXR, , , AFH0LF
1660405800, , 33.5849, -118.9002, 3500, 157, 119, , , OXR, , , AFH0LF
1660405800, , 33.5849, -118.9002, 3500, 157, 119, , , OXR, , , AFH0LF
1660405800, , 33.5849, -118.9002, 3500, 157, 119, , , OXR, , , AFH0LF
1660405800, , 33.5849, -118.9002, 3500, 157, 119, , , OXR, , , AFH0LF
1660405800, , 33.5849, -118.9002, 3500, 157, 119, , , OXR, , , AFH0LF
1660405800, , 33.5849, -118.9002, 3500, 157, 119, , , OXR, , , AFH0LF
1660405800, , 33.5849, -118.9002, 3500, 157, 119, , , OXR, , , AFH0LF
1660405800, , 33.5849, -118.9002, 3500, 157, 119, , , OXR, , , AFH0LF
1660405800, , 33.5849, -118.9002, 3500, 157, 119, , , OXR, , , AFH0LF
1660405827, , 33.5732, -118.8943, 3500, 157, 119, , , OXR, , , AFH0LF
1660405827, , 33.5732, -118.8943, 3500, 157, 119, , , OXR, , , AFH0LF
1660405827, , 33.5732, -118.8943, 3500, 157, 119, , , OXR, , , AFH0LF
1660405827, , 33.5732, -118.8943, 3500, 157, 119, , , OXR, , , AFH0LF
1660405827, , 33.5732, -118.8943, 3500, 157, 119, , , OXR, , , AFH0LF
1660405839, , 33.5681, -118.8917, 3500, 157, 119, , , OXR, , , AFH0LF
1660405839, , 33.5681, -118.8917, 3500, 157, 119, , , OXR, , , AFH0LF
1660405840, , 33.5659, -118.8862, 3500, 140, 120, , , OXR, , , AFH0LF
1660405840, , 33.5659, -118.8862, 3500, 140, 120, , , OXR, , , AFH0LF
1660405840, , 33.5659, -118.8862, 3500, 140, 120, , , OXR, , , AFH0LF
1660405840, , 33.5659, -118.8862, 3500, 140, 120, , , OXR, , , AFH0LF
1660405840, , 33.5659, -118.8862, 3500, 140, 120, , , OXR, , , AFH0LF
1660405840, , 33.5659, -118.8862, 3500, 140, 120, , , OXR, , , AFH0LF
1660405840, , 33.5659, -118.8862, 3500, 140, 120, , , OXR, , , AFH0LF
1660405840, , 33.5659, -118.8862, 3500, 140, 120, , , OXR, , , AFH0LF
1660405840, , 33.5659, -118.8862, 3500, 140, 120, , , OXR, , , AFH0LF
1660405840, , 33.5659, -118.8862, 3500, 140, 120, , , OXR, , , AFH0LF
1660405840, , 33.5659, -118.8862, 3500, 140, 120, , , OXR, , , AFH0LF
1660405867, , 33.5561, -118.8764, 3500, 140, 120, , , OXR, , , AFH0LF
1660405867, , 33.5561, -118.8764, 3500, 140, 120, , , OXR, , , AFH0LF
1660405867, , 33.5561, -118.8764, 3500, 140, 120, , , OXR, , , AFH0LF
1660405867, , 33.5561, -118.8764, 3500, 140, 120, , , OXR, , , AFH0LF
1660405867, , 33.5561, -118.8764, 3500, 140, 120, , , OXR, , , AFH0LF
1660405879, , 33.5518, -118.872, 3500, 140, 120, , , OXR, , , AFH0LF
1660405879, , 33.5518, -118.872, 3500, 140, 120, , , OXR, , , AFH0LF
1660405879, , 33.5518, -118.872, 3500, 140, 120, , , OXR, , , AFH0LF
1660405879, , 33.5518, -118.872, 3500, 140, 120, , , OXR, , , AFH0LF
1660405879, , 33.5518, -118.872, 3500, 140, 120, , , OXR, , , AFH0LF
1660405879, , 33.5518, -118.872, 3500, 140, 120, , , OXR, , , AFH0LF
1660405879, , 33.5518, -118.872, 3500, 140, 120, , , OXR, , , AFH0LF
1660405879, , 33.5518, -118.872, 3500, 140, 120, , , OXR, , , AFH0LF
1660405879, , 33.5518, -118.872, 3500, 140, 120, , , OXR, , , AFH0LF
1660405879, , 33.5518, -118.872, 3500, 140, 120, , , OXR, , , AFH0LF
1660405879, , 33.5518, -118.872, 3500, 140, 120, , , OXR, , , AFH0LF
1660405879, , 33.5518, -118.872, 3500, 140, 120, , , OXR, , , AFH0LF
1660405879, , 33.5518, -118.872, 3500, 140, 120, , , OXR, , , AFH0LF
1660405879, , 33.5518, -118.872, 3500, 140, 120, , , OXR, , , AFH0LF
1660405879, , 33.5518, -118.872, 3500, 140, 120, , , OXR, , , AFH0LF
1660405879, , 33.5518, -118.872, 3500, 140, 120, , , OXR, , , AFH0LF
1660405879, , 33.5518, -118.872, 3500, 140, 120, , , OXR, , , AFH0LF
1660405879, , 33.5518, -118.872, 3500, 140, 120, , , OXR, , , AFH0LF
1660405879, , 33.5518, -118.872, 3500, 140, 120, , , OXR, , , AFH0LF
1660405921, , 33.5214, -118.8639, 3500, 164, 122, , , OXR, , , AFH0LF
1660405921, , 33.5214, -118.8639, 3500, 164, 122, , , OXR, , , AFH0LF
1660405921, , 33.5214, -118.8639, 3500, 164, 122, , , OXR, , , AFH0LF
1660405921, , 33.5214, -118.8639, 3500, 164, 122, , , OXR, , , AFH0LF
1660405921, , 33.5214, -118.8639, 3500, 164, 122, , , OXR, , , AFH0LF
1660405921, , 33.5214, -118.8639, 3500, 164, 122, , , OXR, , , AFH0LF
1660405921, , 33.5214, -118.8639, 3500, 164, 122, , , OXR, , , AFH0LF
1660405921, , 33.5214, -118.8639, 3500, 164, 122, , , OXR, , , AFH0LF
1660405921, , 33.5214, -118.8639, 3500, 164, 122, , , OXR, , , AFH0LF
1660405921, , 33.5214, -118.8639, 3500, 164, 122, , , OXR, , , AFH0LF
1660405921, , 33.5214, -118.8639, 3500, 164, 122, , , OXR, , , AFH0LF
1660405947, , 33.5094, -118.8598, 3500, 164, 122, , , OXR, , , AFH0LF
1660405947, , 33.5094, -118.8598, 3500, 164, 122, , , OXR, , , AFH0LF
1660405947, , 33.5094, -118.8598, 3500, 164, 122, , , OXR, , , AFH0LF
1660405947, , 33.5094, -118.8598, 3500, 164, 122, , , OXR, , , AFH0LF
1660405947, , 33.5094, -118.8598, 3500, 164, 122, , , OXR, , , AFH0LF
1660405959, , 33.5038, -118.8579, 3500, 164, 122, , , OXR, , , AFH0LF
1660405959, , 33.5038, -118.8579, 3500, 164, 122, , , OXR, , , AFH0LF
1660405959, , 33.5038, -118.8579, 3500, 164, 122, , , OXR, , , AFH0LF
1660405959, , 33.5038, -118.8579, 3500, 164, 122, , , OXR, , , AFH0LF
1660405959, , 33.5038, -118.8579, 3500, 164, 122, , , OXR, , , AFH0LF
1660405959, , 33.5038, -118.8579, 3500, 164, 122, , , OXR, , , AFH0LF
1660405959, , 33.5038, -118.8579, 3500, 164, 122, , , OXR, , , AFH0LF
1660405959, , 33.5038, -118.8579, 3500, 164, 122, , , OXR, , , AFH0LF
1660405959, , 33.5038, -118.8579, 3500, 164, 122, , , OXR, , , AFH0LF
1660405959, , 33.5038, -118.8579, 3500, 164, 122, , , OXR, , , AFH0LF
1660405959, , 33.5038, -118.8579, 3500, 164, 122, , , OXR, , , AFH0LF
1660405959, , 33.5038, -118.8579, 3500, 164, 122, , , OXR, , , AFH0LF
1660405959, , 33.5038, -118.8579, 3500, 164, 122, , , OXR, , , AFH0LF
1660405959, , 33.5038, -118.8579, 3500, 164, 122, , , OXR, , , AFH0LF
1660405959, , 33.5038, -118.8579, 3500, 164, 122, , , OXR, , , AFH0LF
1660405959, , 33.5038, -118.8579, 3500, 164, 122, , , OXR, , , AFH0LF
1660405959, , 33.5038, -118.8579, 3500, 164, 122, , , OXR, , , AFH0LF
1660405959, , 33.5038, -118.8579, 3500, 164, 122, , , OXR, , , AFH0LF
1660405959, , 33.5038, -118.8579, 3500, 164, 122, , , OXR, , , AFH0LF
1660405959, , 33.5038, -118.8579, 3500, 164, 122, , , OXR, , , AFH0LF
1660405959, , 33.5038, -118.8579, 3500, 164, 122, , , OXR, , , AFH0LF
1660405959, , 33.5038, -118.8579, 3500, 164, 122, , , OXR, , , AFH0LF
1660405959, , 33.5038, -118.8579, 3500, 164, 122, , , OXR, , , AFH0LF
1660405959, , 33.5038, -118.8579, 3500, 164, 122, , , OXR, , , AFH0LF
1660405959, , 33.5038, -118.8579, 3500, 164, 122, , , OXR, , , AFH0LF
1660405959, , 33.5038, -118.8579, 3500, 164, 122, , , OXR, , , AFH0LF
1660405959, , 33.5038, -118.8579, 3500, 164, 122, , , OXR, , , AFH0LF
1660405959, , 33.5038, -118.8579, 3500, 164, 122, , , OXR, , , AFH0LF
1660405959, , 33.5038, -118.8579, 3500, 164, 122, , , OXR, , , AFH0LF
1660405959, , 33.5038, -118.8579, 3500, 164, 122, , , OXR, , , AFH0LF
1660405959, , 33.5038, -118.8579, 3500, 164, 122, , , OXR, , , AFH0LF
1660405959, , 33.5038, -118.8579, 3500, 164, 122, , , OXR, , , AFH0LF
1660405959, , 33.5038, -118.8579, 3500, 164, 122, , , OXR, , , AFH0LF
1660405959, , 33.5038, -118.8579, 3500, 164, 122, , , OXR, , , AFH0LF
1660405959, , 33.5038, -118.8579, 3500, 164, 122, , , OXR, , , AFH0LF
1660405959, , 33.5038, -118.8579, 3500, 164, 122, , , OXR, , , AFH0LF
1660405959, , 33.5038, -118.8579, 3500, 164, 122, , , OXR, , , AFH0LF
1660405959, , 33.5038, -118.8579, 3500, 164, 122, , , OXR, , , AFH0LF
1660405959, , 33.5038, -118.8579, 3500, 164, 122, , , OXR, , , AFH0LF
