//Timestamp, ICAO, Latitude_deg, Longitude_deg, Altitude_ft, Heading_deg, GroundSpeed_kts, AircraftType, RegistrationNum, Departure, Arrival, FlightNumber1, FlightNumber2
1660394963, , 33.1254, -117.2807, 0, 348, 1, AS50, , , , , AS50
1660394963, , 33.1254, -117.2807, 0, 348, 1, AS50, , , , , AS50
1660394963, , 33.1254, -117.2807, 0, 348, 1, AS50, , , , , AS50
1660394963, , 33.1254, -117.2807, 0, 348, 1, AS50, , , , , AS50
1660394963, , 33.1254, -117.2807, 0, 348, 1, AS50, , , , , AS50
1660394963, , 33.1254, -117.2807, 0, 348, 1, AS50, , , , , AS50
1660394963, , 33.1254, -117.2807, 0, 348, 1, AS50, , , , , AS50
1660394963, , 33.1254, -117.2807, 0, 348, 1, AS50, , , , , AS50
1660394963, , 33.1254, -117.2807, 0, 348, 1, AS50, , , , , AS50
1660395002, , 33.1253, -117.2805, 0, 348, 1, AS50, , , , , AS50
1660395002, , 33.1253, -117.2805, 0, 348, 1, AS50, , , , , AS50
1660395002, , 33.1253, -117.2805, 0, 348, 1, AS50, , , , , AS50
1660395002, , 33.1253, -117.2805, 0, 348, 1, AS50, , , , , AS50
1660395002, , 33.1253, -117.2805, 0, 348, 1, AS50, , , , , AS50
1660395002, , 33.1253, -117.2805, 0, 348, 1, AS50, , , , , AS50
1660395002, , 33.1253, -117.2805, 0, 348, 1, AS50, , , , , AS50
1660395002, , 33.1253, -117.2805, 0, 348, 1, AS50, , , , , AS50
1660395002, , 33.1253, -117.2805, 0, 348, 1, AS50, , , , , AS50
1660395002, , 33.1253, -117.2805, 0, 348, 1, AS50, , , , , AS50
1660395002, , 33.1253, -117.2805, 0, 348, 1, AS50, , , , , AS50
1660395002, , 33.1253, -117.2805, 0, 348, 1, AS50, , , , , AS50
1660395002, , 33.1253, -117.2805, 0, 348, 1, AS50, , , , , AS50
1660395002, , 33.1253, -117.2805, 0, 348, 1, AS50, , , , , AS50
1660395002, , 33.1253, -117.2805, 0, 348, 1, AS50, , , , , AS50
1660395002, , 33.1253, -117.2805, 0, 348, 1, AS50, , , , , AS50
1660395002, , 33.1253, -117.2805, 0, 348, 1, AS50, , , , , AS50
1660395039, , 33.1254, -117.2811, 0, 348, 1, AS50, , , , , AS50
1660395039, , 33.1254, -117.2811, 0, 348, 1, AS50, , , , , AS50
1660395039, , 33.1254, -117.2811, 0, 348, 1, AS50, , , , , AS50
1660395039, , 33.1254, -117.2811, 0, 348, 1, AS50, , , , , AS50
1660395039, , 33.1254, -117.2811, 0, 348, 1, AS50, , , , , AS50
1660395039, , 33.1254, -117.2811, 0, 348, 1, AS50, , , , , AS50
1660395039, , 33.1254, -117.2811, 0, 348, 1, AS50, , , , , AS50
1660395039, , 33.1254, -117.2811, 0, 348, 1, AS50, , , , , AS50
1660395059, , 33.1253, -117.2808, 0, 348, 1, AS50, , , , , AS50
1660395059, , 33.1253, -117.2808, 0, 348, 1, AS50, , , , , AS50
1660395059, , 33.1253, -117.2808, 0, 348, 1, AS50, , , , , AS50
1660395059, , 33.1253, -117.2808, 0, 348, 1, AS50, , , , , AS50
1660395070, , 33.1252, -117.2808, 0, 348, 1, AS50, , , , , AS50
1660395070, , 33.1252, -117.2808, 0, 348, 1, AS50, , , , , AS50
1660395073, , 33.1252, -117.2808, 0, 348, 1, AS50, , , , , AS50
1660395077, , 33.1252, -117.2808, 0, 348, 1, AS50, , , , , AS50
1660395077, , 33.1252, -117.2808, 0, 348, 1, AS50, , , , , AS50
1660395077, , 33.1252, -117.2808, 0, 348, 1, AS50, , , , , AS50
1660395077, , 33.1252, -117.2808, 0, 348, 1, AS50, , , , , AS50
1660395077, , 33.1252, -117.2808, 0, 348, 1, AS50, , , , , AS50
1660395077, , 33.1252, -117.2808, 0, 348, 1, AS50, , , , , AS50
1660395077, , 33.1252, -117.2808, 0, 348, 1, AS50, , , , , AS50
1660395077, , 33.1252, -117.2808, 0, 348, 1, AS50, , , , , AS50
1660395077, , 33.1252, -117.2808, 0, 348, 1, AS50, , , , , AS50
1660395077, , 33.1252, -117.2808, 0, 348, 1, AS50, , , , , AS50
1660395077, , 33.1252, -117.2808, 0, 348, 1, AS50, , , , , AS50
1660395077, , 33.1252, -117.2808, 0, 348, 1, AS50, , , , , AS50
1660395077, , 33.1252, -117.2808, 0, 348, 1, AS50, , , , , AS50
1660395077, , 33.1252, -117.2808, 0, 348, 1, AS50, , , , , AS50
1660395077, , 33.1252, -117.2808, 0, 348, 1, AS50, , , , , AS50
1660395077, , 33.1252, -117.2808, 0, 348, 1, AS50, , , , , AS50
1660395077, , 33.1252, -117.2808, 0, 348, 1, AS50, , , , , AS50
1660395077, , 33.1252, -117.2808, 0, 348, 1, AS50, , , , , AS50
1660395077, , 33.1252, -117.2808, 0, 348, 1, AS50, , , , , AS50
1660395077, , 33.1252, -117.2808, 0, 348, 1, AS50, , , , , AS50
1660395077, , 33.1252, -117.2808, 0, 348, 1, AS50, , , , , AS50
1660395077, , 33.1252, -117.2808, 0, 348, 1, AS50, , , , , AS50
1660395077, , 33.1252, -117.2808, 0, 348, 1, AS50, , , , , AS50
1660395077, , 33.1252, -117.2808, 0, 348, 1, AS50, , , , , AS50
1660395077, , 33.1252, -117.2808, 0, 348, 1, AS50, , , , , AS50
1660395077, , 33.1252, -117.2808, 0, 348, 1, AS50, , , , , AS50
1660395077, , 33.1252, -117.2808, 0, 348, 1, AS50, , , , , AS50
1660395077, , 33.1252, -117.2808, 0, 348, 1, AS50, , , , , AS50
1660395077, , 33.1252, -117.2808, 0, 348, 1, AS50, , , , , AS50
1660395077, , 33.1252, -117.2808, 0, 348, 1, AS50, , , , , AS50
1660395077, , 33.1252, -117.2808, 0, 348, 1, AS50, , , , , AS50
1660395077, , 33.1252, -117.2808, 0, 348, 1, AS50, , , , , AS50
1660395077, , 33.1252, -117.2808, 0, 348, 1, AS50, , , , , AS50
1660395077, , 33.1252, -117.2808, 0, 348, 1, AS50, , , , , AS50
1660395077, , 33.1252, -117.2808, 0, 348, 1, AS50, , , , , AS50
1660395077, , 33.1252, -117.2808, 0, 348, 1, AS50, , , , , AS50
1660395077, , 33.1252, -117.2808, 0, 348, 1, AS50, , , , , AS50
1660395077, , 33.1252, -117.2808, 0, 348, 1, AS50, , , , , AS50
1660395077, , 33.1252, -117.2808, 0, 348, 1, AS50, , , , , AS50
1660395077, , 33.1252, -117.2808, 0, 348, 1, AS50, , , , , AS50
1660397355, , 33.1271, -117.2808, 0, 258, 0, AS50, , , , , AS50
1660397355, , 33.1271, -117.2808, 0, 258, 0, AS50, , , , , AS50
1660397355, , 33.1271, -117.2808, 0, 258, 0, AS50, , , , , AS50
1660397355, , 33.1271, -117.2808, 0, 258, 0, AS50, , , , , AS50
1660397363, , 33.127, -117.2808, 0, 258, 0, AS50, , , , , AS50
1660397363, , 33.127, -117.2808, 0, 258, 0, AS50, , , , , AS50
1660397363, , 33.127, -117.2808, 0, 258, 0, AS50, , , , , AS50
1660397372, , 33.1271, -117.2808, 0, 258, 0, AS50, , , , , AS50
1660397372, , 33.1271, -117.2808, 0, 258, 0, AS50, , , , , AS50
1660397372, , 33.1271, -117.2808, 0, 258, 0, AS50, , , , , AS50
1660397372, , 33.1271, -117.2808, 0, 258, 0, AS50, , , , , AS50
1660397372, , 33.1271, -117.2808, 0, 258, 0, AS50, , , , , AS50
1660397372, , 33.1271, -117.2808, 0, 258, 0, AS50, , , , , AS50
1660397372, , 33.1271, -117.2808, 0, 258, 0, AS50, , , , , AS50
1660397387, , 33.1271, -117.2808, 0, 258, 0, AS50, , , , , AS50
1660397387, , 33.1271, -117.2808, 0, 258, 0, AS50, , , , , AS50
1660397387, , 33.1271, -117.2808, 0, 258, 0, AS50, , , , , AS50
1660397387, , 33.1271, -117.2808, 0, 258, 0, AS50, , , , , AS50
1660397387, , 33.1271, -117.2808, 0, 258, 0, AS50, , , , , AS50
1660397387, , 33.1271, -117.2808, 0, 258, 0, AS50, , , , , AS50
1660397387, , 33.1271, -117.2808, 0, 258, 0, AS50, , , , , AS50
1660397387, , 33.1271, -117.2808, 0, 258, 0, AS50, , , , , AS50
1660397387, , 33.1271, -117.2808, 0, 258, 0, AS50, , , , , AS50
1660397387, , 33.1271, -117.2808, 0, 258, 0, AS50, , , , , AS50
1660397387, , 33.1271, -117.2808, 0, 258, 0, AS50, , , , , AS50
1660397387, , 33.1271, -117.2808, 0, 258, 0, AS50, , , , , AS50
1660397387, , 33.1271, -117.2808, 0, 258, 0, AS50, , , , , AS50
1660397387, , 33.1271, -117.2808, 0, 258, 0, AS50, , , , , AS50
1660397387, , 33.1271, -117.2808, 0, 258, 0, AS50, , , , , AS50
1660397387, , 33.1271, -117.2808, 0, 258, 0, AS50, , , , , AS50
1660397387, , 33.1271, -117.2808, 0, 258, 0, AS50, , , , , AS50
1660397387, , 33.1271, -117.2808, 0, 258, 0, AS50, , , , , AS50
1660397387, , 33.1271, -117.2808, 0, 258, 0, AS50, , , , , AS50
1660397387, , 33.1271, -117.2808, 0, 258, 0, AS50, , , , , AS50
1660397387, , 33.1271, -117.2808, 0, 258, 0, AS50, , , , , AS50
1660397387, , 33.1271, -117.2808, 0, 258, 0, AS50, , , , , AS50
1660397387, , 33.1271, -117.2808, 0, 258, 0, AS50, , , , , AS50
1660397387, , 33.1271, -117.2808, 0, 258, 0, AS50, , , , , AS50
1660397387, , 33.1271, -117.2808, 0, 258, 0, AS50, , , , , AS50
1660397387, , 33.1271, -117.2808, 0, 258, 0, AS50, , , , , AS50
1660397387, , 33.1271, -117.2808, 0, 258, 0, AS50, , , , , AS50
1660397387, , 33.1271, -117.2808, 0, 258, 0, AS50, , , , , AS50
1660397387, , 33.1271, -117.2808, 0, 258, 0, AS50, , , , , AS50
1660397387, , 33.1271, -117.2808, 0, 258, 0, AS50, , , , , AS50
1660397387, , 33.1271, -117.2808, 0, 258, 0, AS50, , , , , AS50
1660397387, , 33.1271, -117.2808, 0, 258, 0, AS50, , , , , AS50
1660397387, , 33.1271, -117.2808, 0, 258, 0, AS50, , , , , AS50
1660397387, , 33.1271, -117.2808, 0, 258, 0, AS50, , , , , AS50
1660397387, , 33.1271, -117.2808, 0, 258, 0, AS50, , , , , AS50
1660397387, , 33.1271, -117.2808, 0, 258, 0, AS50, , , , , AS50
1660397387, , 33.1271, -117.2808, 0, 258, 0, AS50, , , , , AS50
1660397387, , 33.1271, -117.2808, 0, 258, 0, AS50, , , , , AS50
1660397587, , 33.1268, -117.285, 375, 260, 57, AS50, , , , , AS50
1660397587, , 33.1268, -117.285, 375, 260, 57, AS50, , , , , AS50
1660397592, , 33.1266, -117.2866, 400, 262, 63, AS50, , , , , AS50
1660397592, , 33.1266, -117.2866, 400, 262, 63, AS50, , , , , AS50
1660397595, , 33.1264, -117.2873, 425, 261, 64, AS50, , , , , AS50
1660397602, , 33.1261, -117.2904, 475, 261, 70, AS50, , , , , AS50
1660397602, , 33.1261, -117.2904, 475, 261, 70, AS50, , , , , AS50
1660397605, , 33.126, -117.2913, 500, 266, 72, AS50, , , , , AS50
1660397605, , 33.126, -117.2913, 500, 266, 72, AS50, , , , , AS50
1660397608, , 33.126, -117.2926, 500, 268, 75, AS50, , , , , AS50
1660397608, , 33.126, -117.2926, 500, 268, 75, AS50, , , , , AS50
1660397614, , 33.1259, -117.2952, 550, 266, 78, AS50, , , , , AS50
1660397618, , 33.1257, -117.2968, 550, 262, 82, AS50, , , , , AS50
1660397618, , 33.1257, -117.2968, 550, 262, 82, AS50, , , , , AS50
1660397618, , 33.1257, -117.2968, 550, 262, 82, AS50, , , , , AS50
1660397618, , 33.1257, -117.2968, 550, 262, 82, AS50, , , , , AS50
1660397624, , 33.1253, -117.3, 550, 259, 86, AS50, , , , , AS50
1660397624, , 33.1253, -117.3, 550, 259, 86, AS50, , , , , AS50
1660397994, , 33.1256, -117.2542, 1700, 36, 65, AS50, , , , , AS50
1660397994, , 33.1256, -117.2542, 1700, 36, 65, AS50, , , , , AS50
1660397997, , 33.1264, -117.2534, 1725, 36, 65, AS50, , , , , AS50
1660397997, , 33.1264, -117.2534, 1725, 36, 65, AS50, , , , , AS50
1660398000, , 33.1271, -117.2529, 1750, 36, 65, AS50, , , , , AS50
1660398000, , 33.1271, -117.2529, 1750, 36, 65, AS50, , , , , AS50
1660398006, , 33.1287, -117.2515, 1800, 36, 75, AS50, , , , , AS50
1660398009, , 33.1296, -117.2507, 1825, 37, 79, AS50, , , , , AS50
1660398009, , 33.1296, -117.2507, 1825, 37, 79, AS50, , , , , AS50
1660398012, , 33.1304, -117.2499, 1850, 38, 83, AS50, , , , , AS50
1660398012, , 33.1304, -117.2499, 1850, 38, 83, AS50, , , , , AS50
1660398018, , 33.1323, -117.2481, 1875, 38, 89, AS50, , , , , AS50
1660398018, , 33.1323, -117.2481, 1875, 38, 89, AS50, , , , , AS50
1660398020, , 33.1331, -117.2473, 1900, 38, 91, AS50, , , , , AS50
1660398024, , 33.1343, -117.2462, 1925, 38, 91, AS50, , , , , AS50
1660398024, , 33.1343, -117.2462, 1925, 38, 91, AS50, , , , , AS50
1660398029, , 33.1359, -117.2446, 1950, 37, 94, AS50, , , , , AS50
1660398029, , 33.1359, -117.2446, 1950, 37, 94, AS50, , , , , AS50
1660398032, , 33.1373, -117.2434, 1975, 37, 96, AS50, , , , , AS50
1660398032, , 33.1373, -117.2434, 1975, 37, 96, AS50, , , , , AS50
1660398036, , 33.1385, -117.2423, 2000, 38, 94, AS50, , , , , AS50
1660398036, , 33.1385, -117.2423, 2000, 38, 94, AS50, , , , , AS50
1660398042, , 33.1406, -117.2404, 2075, 37, 99, AS50, , , , , AS50
1660398045, , 33.1417, -117.2393, 2075, 37, 104, AS50, , , , , AS50
1660398045, , 33.1417, -117.2393, 2075, 37, 104, AS50, , , , , AS50
1660398050, , 33.1437, -117.2376, 2125, 37, 106, AS50, , , , , AS50
1660398050, , 33.1437, -117.2376, 2125, 37, 106, AS50, , , , , AS50
1660398053, , 33.1448, -117.2365, 2125, 37, 108, AS50, , , , , AS50
1660398053, , 33.1448, -117.2365, 2125, 37, 108, AS50, , , , , AS50
1660398056, , 33.146, -117.2354, 2150, 37, 109, AS50, , , , , AS50
1660408692, , 33.7535, -118.1721, 325, 216, 116, AS50, , , , , AS50
1660408692, , 33.7535, -118.1721, 325, 216, 116, AS50, , , , , AS50
1660408698, , 33.7513, -118.1748, 250, 230, 115, AS50, , , , , AS50
1660408698, , 33.7513, -118.1748, 250, 230, 115, AS50, , , , , AS50
1660408701, , 33.7503, -118.1765, 200, 236, 115, AS50, , , , , AS50
1660408701, , 33.7503, -118.1765, 200, 236, 115, AS50, , , , , AS50
1660408704, , 33.7495, -118.1784, 175, 245, 113, AS50, , , , , AS50
1660408710, , 33.7487, -118.1818, 100, 260, 106, AS50, , , , , AS50
1660408710, , 33.7487, -118.1818, 100, 260, 106, AS50, , , , , AS50
1660408711, , 33.7487, -118.1824, 100, 261, 105, AS50, , , , , AS50
1660408711, , 33.7487, -118.1824, 100, 261, 105, AS50, , , , , AS50
1660408716, , 33.7487, -118.1847, 75, 267, 98, AS50, , , , , AS50
1660408716, , 33.7487, -118.1847, 75, 267, 98, AS50, , , , , AS50
1660408716, , 33.7487, -118.1847, 75, 267, 98, AS50, , , , , AS50
1660408720, , 33.7488, -118.1867, 50, 276, 68, AS50, , , , , AS50
1660408720, , 33.7488, -118.1867, 50, 276, 68, AS50, , , , , AS50
1660408729, , 33.7491, -118.1889, 50, 179, 121, AS50, , , , , AS50
1660408729, , 33.7491, -118.1889, 50, 179, 121, AS50, , , , , AS50
1660408734, , 33.7491, -118.1897, 50, 179, 121, AS50, , , , , AS50
1660408734, , 33.7491, -118.1897, 50, 179, 121, AS50, , , , , AS50
1660408734, , 33.7491, -118.1897, 50, 179, 121, AS50, , , , , AS50
1660408738, , 33.7491, -118.1899, 50, 272, 23, AS50, , , , , AS50
1660408738, , 33.7491, -118.1899, 50, 272, 23, AS50, , , , , AS50
1660408738, , 33.7491, -118.1899, 50, 272, 23, AS50, , , , , AS50
1660408738, , 33.7491, -118.1899, 50, 272, 23, AS50, , , , , AS50
1660408738, , 33.7491, -118.1899, 50, 272, 23, AS50, , , , , AS50
1660408738, , 33.7491, -118.1899, 50, 272, 23, AS50, , , , , AS50
1660408738, , 33.7491, -118.1899, 50, 272, 23, AS50, , , , , AS50
1660408738, , 33.7491, -118.1899, 50, 272, 23, AS50, , , , , AS50
1660408738, , 33.7491, -118.1899, 50, 272, 23, AS50, , , , , AS50
1660408738, , 33.7491, -118.1899, 50, 272, 23, AS50, , , , , AS50
1660408738, , 33.7491, -118.1899, 50, 272, 23, AS50, , , , , AS50
1660408738, , 33.7491, -118.1899, 50, 272, 23, AS50, , , , , AS50
1660408738, , 33.7491, -118.1899, 50, 272, 23, AS50, , , , , AS50
1660408738, , 33.7491, -118.1899, 50, 272, 23, AS50, , , , , AS50
1660408738, , 33.7491, -118.1899, 50, 272, 23, AS50, , , , , AS50
1660408738, , 33.7491, -118.1899, 50, 272, 23, AS50, , , , , AS50
1660408738, , 33.7491, -118.1899, 50, 272, 23, AS50, , , , , AS50
1660408738, , 33.7491, -118.1899, 50, 272, 23, AS50, , , , , AS50
1660408738, , 33.7491, -118.1899, 50, 272, 23, AS50, , , , , AS50
1660408738, , 33.7491, -118.1899, 50, 272, 23, AS50, , , , , AS50
1660408738, , 33.7491, -118.1899, 50, 272, 23, AS50, , , , , AS50
1660408738, , 33.7491, -118.1899, 50, 272, 23, AS50, , , , , AS50
1660408738, , 33.7491, -118.1899, 50, 272, 23, AS50, , , , , AS50
1660408738, , 33.7491, -118.1899, 50, 272, 23, AS50, , , , , AS50
1660408738, , 33.7491, -118.1899, 50, 272, 23, AS50, , , , , AS50
1660408738, , 33.7491, -118.1899, 50, 272, 23, AS50, , , , , AS50
1660408738, , 33.7491, -118.1899, 50, 272, 23, AS50, , , , , AS50
1660408738, , 33.7491, -118.1899, 50, 272, 23, AS50, , , , , AS50
1660408738, , 33.7491, -118.1899, 50, 272, 23, AS50, , , , , AS50
1660408738, , 33.7491, -118.1899, 50, 272, 23, AS50, , , , , AS50
1660408738, , 33.7491, -118.1899, 50, 272, 23, AS50, , , , , AS50
1660408738, , 33.7491, -118.1899, 50, 272, 23, AS50, , , , , AS50
1660408738, , 33.7491, -118.1899, 50, 272, 23, AS50, , , , , AS50
1660408738, , 33.7491, -118.1899, 50, 272, 23, AS50, , , , , AS50
1660408738, , 33.7491, -118.1899, 50, 272, 23, AS50, , , , , AS50
1660408738, , 33.7491, -118.1899, 50, 272, 23, AS50, , , , , AS50
1660408738, , 33.7491, -118.1899, 50, 272, 23, AS50, , , , , AS50
1660409257, , 33.7482, -118.1858, 225, 102, 76, AS50, , , , , AS50
1660409257, , 33.7482, -118.1858, 225, 102, 76, AS50, , , , , AS50
1660409260, , 33.748, -118.1846, 300, 102, 79, AS50, , , , , AS50
1660409260, , 33.748, -118.1846, 300, 102, 79, AS50, , , , , AS50
1660409263, , 33.7477, -118.1834, 350, 103, 82, AS50, , , , , AS50
1660409269, , 33.7472, -118.1805, 450, 104, 88, AS50, , , , , AS50
1660409269, , 33.7472, -118.1805, 450, 104, 88, AS50, , , , , AS50
1660409272, , 33.7468, -118.1791, 500, 103, 91, AS50, , , , , AS50
1660409272, , 33.7468, -118.1791, 500, 103, 91, AS50, , , , , AS50
1660409275, , 33.7465, -118.1776, 550, 104, 93, AS50, , , , , AS50
1660409275, , 33.7465, -118.1776, 550, 104, 93, AS50, , , , , AS50
1660409281, , 33.7458, -118.1742, 575, 106, 103, AS50, , , , , AS50
1660409284, , 33.7453, -118.1726, 600, 106, 104, AS50, , , , , AS50
1660409284, , 33.7453, -118.1726, 600, 106, 104, AS50, , , , , AS50
1660409289, , 33.7446, -118.1699, 625, 106, 107, AS50, , , , , AS50
1660409289, , 33.7446, -118.1699, 625, 106, 107, AS50, , , , , AS50
1660409292, , 33.7443, -118.1685, 650, 107, 108, AS50, , , , , AS50
1660409292, , 33.7443, -118.1685, 650, 107, 108, AS50, , , , , AS50
1660409298, , 33.7433, -118.1648, 675, 108, 109, AS50, , , , , AS50
1660409298, , 33.7433, -118.1648, 675, 108, 109, AS50, , , , , AS50
1660409301, , 33.7428, -118.1631, 675, 108, 111, AS50, , , , , AS50
1660409305, , 33.7419, -118.1604, 650, 110, 115, AS50, , , , , AS50
1660409305, , 33.7419, -118.1604, 650, 110, 115, AS50, , , , , AS50
1660409308, , 33.7414, -118.1586, 675, 111, 116, AS50, , , , , AS50
1660409308, , 33.7414, -118.1586, 675, 111, 116, AS50, , , , , AS50
1660409311, , 33.7408, -118.1569, 700, 112, 115, AS50, , , , , AS50
1660409317, , 33.7395, -118.1533, 725, 113, 115, AS50, , , , , AS50
1660409317, , 33.7395, -118.1533, 725, 113, 115, AS50, , , , , AS50
1660409320, , 33.7389, -118.1515, 725, 113, 115, AS50, , , , , AS50
1660409320, , 33.7389, -118.1515, 725, 113, 115, AS50, , , , , AS50
1660409323, , 33.7381, -118.1497, 700, 115, 117, AS50, , , , , AS50
1660409329, , 33.7368, -118.1463, 700, 115, 118, AS50, , , , , AS50
1660409329, , 33.7368, -118.1463, 700, 115, 118, AS50, , , , , AS50
1660409333, , 33.7361, -118.1444, 700, 113, 118, AS50, , , , , AS50
1660409333, , 33.7361, -118.1444, 700, 113, 118, AS50, , , , , AS50
1660409335, , 33.7354, -118.1425, 700, 111, 117, AS50, , , , , AS50
1660409335, , 33.7354, -118.1425, 700, 111, 117, AS50, , , , , AS50
1660409341, , 33.7346, -118.1388, 750, 103, 114, AS50, , , , , AS50
1660409341, , 33.7346, -118.1388, 750, 103, 114, AS50, , , , , AS50
1660409345, , 33.7343, -118.1368, 775, 99, 113, AS50, , , , , AS50
1660409348, , 33.7341, -118.135, 800, 97, 112, AS50, , , , , AS50
1660409348, , 33.7341, -118.135, 800, 97, 112, AS50, , , , , AS50
1660409353, , 33.7339, -118.1314, 825, 91, 112, AS50, , , , , AS50
1660409353, , 33.7339, -118.1314, 825, 91, 112, AS50, , , , , AS50
1660409357, , 33.7339, -118.1296, 875, 88, 112, AS50, , , , , AS50
1660409359, , 33.734, -118.1276, 875, 86, 112, AS50, , , , , AS50
1660409359, , 33.734, -118.1276, 875, 86, 112, AS50, , , , , AS50
1660409365, , 33.7343, -118.1239, 925, 83, 112, AS50, , , , , AS50
1660409365, , 33.7343, -118.1239, 925, 83, 112, AS50, , , , , AS50
1660409368, , 33.7345, -118.122, 925, 82, 113, AS50, , , , , AS50
1660409368, , 33.7345, -118.122, 925, 82, 113, AS50, , , , , AS50
1660409371, , 33.7347, -118.1202, 950, 82, 113, AS50, , , , , AS50
1660409371, , 33.7347, -118.1202, 950, 82, 113, AS50, , , , , AS50
1660409377, , 33.7352, -118.1164, 975, 80, 114, AS50, , , , , AS50
1660409381, , 33.7355, -118.1143, 950, 80, 115, AS50, , , , , AS50
1660409381, , 33.7355, -118.1143, 950, 80, 115, AS50, , , , , AS50
1660409384, , 33.7357, -118.1126, 950, 80, 116, AS50, , , , , AS50
1660409384, , 33.7357, -118.1126, 950, 80, 116, AS50, , , , , AS50
1660409390, , 33.7362, -118.1087, 975, 83, 117, AS50, , , , , AS50
1660409390, , 33.7362, -118.1087, 975, 83, 117, AS50, , , , , AS50
1660409392, , 33.7364, -118.1067, 950, 87, 119, AS50, , , , , AS50
1660409396, , 33.7363, -118.1046, 950, 90, 120, AS50, , , , , AS50
1660409396, , 33.7363, -118.1046, 950, 90, 120, AS50, , , , , AS50
1660409402, , 33.736, -118.1007, 950, 98, 121, AS50, , , , , AS50
1660409402, , 33.736, -118.1007, 950, 98, 121, AS50, , , , , AS50
1660409404, , 33.7358, -118.0988, 950, 100, 120, AS50, , , , , AS50
1660409404, , 33.7358, -118.0988, 950, 100, 120, AS50, , , , , AS50
1660409408, , 33.7354, -118.0966, 950, 101, 120, AS50, , , , , AS50
1660409413, , 33.7347, -118.0929, 950, 101, 120, AS50, , , , , AS50
1660409413, , 33.7347, -118.0929, 950, 101, 120, AS50, , , , , AS50
1660409417, , 33.7344, -118.0907, 950, 101, 120, AS50, , , , , AS50
1660409417, , 33.7344, -118.0907, 950, 101, 120, AS50, , , , , AS50
1660409420, , 33.7341, -118.0887, 950, 101, 120, AS50, , , , , AS50
1660409420, , 33.7341, -118.0887, 950, 101, 120, AS50, , , , , AS50
1660409426, , 33.7334, -118.0848, 950, 101, 120, AS50, , , , , AS50
1660409429, , 33.7331, -118.0828, 950, 101, 120, AS50, , , , , AS50
1660409432, , 33.7327, -118.0808, 950, 101, 120, AS50, , , , , AS50
1660409432, , 33.7327, -118.0808, 950, 101, 120, AS50, , , , , AS50
1660409438, , 33.732, -118.0769, 950, 103, 120, AS50, , , , , AS50
1660409438, , 33.732, -118.0769, 950, 103, 120, AS50, , , , , AS50
1660409441, , 33.7316, -118.075, 950, 102, 120, AS50, , , , , AS50
1660409441, , 33.7316, -118.075, 950, 102, 120, AS50, , , , , AS50
1660409444, , 33.7312, -118.073, 950, 102, 120, AS50, , , , , AS50
1660409444, , 33.7312, -118.073, 950, 102, 120, AS50, , , , , AS50
1660409450, , 33.7305, -118.0692, 950, 102, 119, AS50, , , , , AS50
1660409453, , 33.7301, -118.0672, 925, 101, 118, AS50, , , , , AS50
1660409453, , 33.7301, -118.0672, 925, 101, 118, AS50, , , , , AS50
1660409456, , 33.7298, -118.0652, 950, 103, 119, AS50, , , , , AS50
1660409456, , 33.7298, -118.0652, 950, 103, 119, AS50, , , , , AS50
1660409462, , 33.729, -118.0615, 975, 105, 118, AS50, , , , , AS50
1660409462, , 33.729, -118.0615, 975, 105, 118, AS50, , , , , AS50
1660409465, , 33.7285, -118.0597, 975, 106, 118, AS50, , , , , AS50
1660409468, , 33.728, -118.0578, 1000, 107, 117, AS50, , , , , AS50
1660409468, , 33.728, -118.0578, 1000, 107, 117, AS50, , , , , AS50
1660409474, , 33.7271, -118.054, 1000, 107, 116, AS50, , , , , AS50
1660409474, , 33.7271, -118.054, 1000, 107, 116, AS50, , , , , AS50
1660409477, , 33.7266, -118.0522, 1025, 106, 115, AS50, , , , , AS50
1660409477, , 33.7266, -118.0522, 1025, 106, 115, AS50, , , , , AS50
1660409480, , 33.7261, -118.0502, 1050, 106, 115, AS50, , , , , AS50
1660409486, , 33.7252, -118.0464, 1050, 104, 115, AS50, , , , , AS50
1660409486, , 33.7252, -118.0464, 1050, 104, 115, AS50, , , , , AS50
1660409489, , 33.7248, -118.0446, 1050, 104, 115, AS50, , , , , AS50
1660409489, , 33.7248, -118.0446, 1050, 104, 115, AS50, , , , , AS50
1660409492, , 33.7244, -118.0429, 1050, 104, 116, AS50, , , , , AS50
1660409492, , 33.7244, -118.0429, 1050, 104, 116, AS50, , , , , AS50
1660409498, , 33.7235, -118.039, 1050, 105, 118, AS50, , , , , AS50
1660409501, , 33.7231, -118.037, 1050, 105, 119, AS50, , , , , AS50
1660409501, , 33.7231, -118.037, 1050, 105, 119, AS50, , , , , AS50
1660409504, , 33.7227, -118.035, 1050, 105, 119, AS50, , , , , AS50
1660409504, , 33.7227, -118.035, 1050, 105, 119, AS50, , , , , AS50
1660409510, , 33.7218, -118.0314, 1050, 105, 118, AS50, , , , , AS50
1660409510, , 33.7218, -118.0314, 1050, 105, 118, AS50, , , , , AS50
1660409513, , 33.7214, -118.0295, 1050, 105, 118, AS50, , , , , AS50
1660409516, , 33.7209, -118.0276, 1050, 106, 117, AS50, , , , , AS50
1660409516, , 33.7209, -118.0276, 1050, 106, 117, AS50, , , , , AS50
1660409522, , 33.7199, -118.0237, 1075, 106, 116, AS50, , , , , AS50
1660409522, , 33.7199, -118.0237, 1075, 106, 116, AS50, , , , , AS50
1660409525, , 33.7195, -118.0219, 1075, 106, 117, AS50, , , , , AS50
1660409525, , 33.7195, -118.0219, 1075, 106, 117, AS50, , , , , AS50
1660409528, , 33.7191, -118.0201, 1075, 104, 118, AS50, , , , , AS50
1660409534, , 33.7183, -118.016, 1050, 102, 118, AS50, , , , , AS50
1660409534, , 33.7183, -118.016, 1050, 102, 118, AS50, , , , , AS50
1660409537, , 33.718, -118.0141, 1050, 102, 119, AS50, , , , , AS50
1660409537, , 33.718, -118.0141, 1050, 102, 119, AS50, , , , , AS50
1660409540, , 33.7176, -118.0122, 1050, 101, 119, AS50, , , , , AS50
1660409546, , 33.717, -118.0086, 1050, 101, 120, AS50, , , , , AS50
1660409546, , 33.717, -118.0086, 1050, 101, 120, AS50, , , , , AS50
1660409549, , 33.7166, -118.0064, 1025, 101, 120, AS50, , , , , AS50
1660409549, , 33.7166, -118.0064, 1025, 101, 120, AS50, , , , , AS50
1660409552, , 33.7163, -118.0045, 1025, 101, 119, AS50, , , , , AS50
1660409552, , 33.7163, -118.0045, 1025, 101, 119, AS50, , , , , AS50
1660409558, , 33.7156, -118.0006, 1050, 102, 117, AS50, , , , , AS50
1660409561, , 33.7152, -117.9987, 1050, 103, 117, AS50, , , , , AS50
1660409561, , 33.7152, -117.9987, 1050, 103, 117, AS50, , , , , AS50
1660409564, , 33.7149, -117.9971, 1050, 103, 118, AS50, , , , , AS50
1660409564, , 33.7149, -117.9971, 1050, 103, 118, AS50, , , , , AS50
1660409570, , 33.7141, -117.9929, 1025, 103, 119, AS50, , , , , AS50
1660409570, , 33.7141, -117.9929, 1025, 103, 119, AS50, , , , , AS50
1660409573, , 33.7137, -117.9909, 1025, 102, 120, AS50, , , , , AS50
1660409576, , 33.7133, -117.9889, 1000, 103, 120, AS50, , , , , AS50
1660409576, , 33.7133, -117.9889, 1000, 103, 120, AS50, , , , , AS50
1660409582, , 33.7126, -117.9851, 1000, 102, 120, AS50, , , , , AS50
1660409582, , 33.7126, -117.9851, 1000, 102, 120, AS50, , , , , AS50
1660409585, , 33.7122, -117.9832, 1000, 104, 119, AS50, , , , , AS50
1660409585, , 33.7122, -117.9832, 1000, 104, 119, AS50, , , , , AS50
1660409588, , 33.7117, -117.9812, 1000, 104, 120, AS50, , , , , AS50
1660409594, , 33.7108, -117.9773, 1000, 107, 119, AS50, , , , , AS50
1660409594, , 33.7108, -117.9773, 1000, 107, 119, AS50, , , , , AS50
1660409597, , 33.7102, -117.9754, 1025, 108, 118, AS50, , , , , AS50
1660409597, , 33.7102, -117.9754, 1025, 108, 118, AS50, , , , , AS50
1660409600, , 33.7099, -117.9743, 1000, 108, 120, AS50, , , , , AS50
1660409600, , 33.7099, -117.9743, 1000, 108, 120, AS50, , , , , AS50
1660409606, , 33.7086, -117.9697, 1000, 109, 120, AS50, , , , , AS50
1660409609, , 33.7081, -117.9681, 1025, 109, 120, AS50, , , , , AS50
1660409609, , 33.7081, -117.9681, 1025, 109, 120, AS50, , , , , AS50
1660409612, , 33.7076, -117.9664, 1000, 110, 119, AS50, , , , , AS50
1660409612, , 33.7076, -117.9664, 1000, 110, 119, AS50, , , , , AS50
1660409618, , 33.7062, -117.9623, 1025, 112, 118, AS50, , , , , AS50
1660409618, , 33.7062, -117.9623, 1025, 112, 118, AS50, , , , , AS50
1660409621, , 33.7057, -117.9608, 1000, 112, 118, AS50, , , , , AS50
1660409624, , 33.7049, -117.9586, 1000, 112, 119, AS50, , , , , AS50
1660409624, , 33.7049, -117.9586, 1000, 112, 119, AS50, , , , , AS50
1660409630, , 33.7037, -117.9552, 1000, 114, 118, AS50, , , , , AS50
1660409630, , 33.7037, -117.9552, 1000, 114, 118, AS50, , , , , AS50
1660409633, , 33.703, -117.9533, 1050, 113, 116, AS50, , , , , AS50
1660409636, , 33.7026, -117.9522, 1100, 112, 112, AS50, , , , , AS50
1660409636, , 33.7026, -117.9522, 1100, 112, 112, AS50, , , , , AS50
1660409642, , 33.7011, -117.948, 1125, 113, 114, AS50, , , , , AS50
1660409642, , 33.7011, -117.948, 1125, 113, 114, AS50, , , , , AS50
1660409645, , 33.7005, -117.9464, 1125, 113, 115, AS50, , , , , AS50
1660409645, , 33.7005, -117.9464, 1125, 113, 115, AS50, , , , , AS50
1660409648, , 33.6999, -117.9445, 1125, 113, 115, AS50, , , , , AS50
1660409654, , 33.6986, -117.9408, 1125, 112, 116, AS50, , , , , AS50
1660409654, , 33.6986, -117.9408, 1125, 112, 116, AS50, , , , , AS50
1660409657, , 33.698, -117.939, 1100, 111, 118, AS50, , , , , AS50
1660409657, , 33.698, -117.939, 1100, 111, 118, AS50, , , , , AS50
1660409660, , 33.6975, -117.9376, 1100, 111, 119, AS50, , , , , AS50
1660409660, , 33.6975, -117.9376, 1100, 111, 119, AS50, , , , , AS50
1660409666, , 33.6962, -117.9335, 1050, 110, 120, AS50, , , , , AS50
1660409669, , 33.6957, -117.9319, 1075, 110, 120, AS50, , , , , AS50
1660409669, , 33.6957, -117.9319, 1075, 110, 120, AS50, , , , , AS50
1660409672, , 33.6951, -117.9298, 1050, 110, 121, AS50, , , , , AS50
1660409672, , 33.6951, -117.9298, 1050, 110, 121, AS50, , , , , AS50
1660409675, , 33.6945, -117.9279, 1025, 110, 120, AS50, , , , , AS50
1660409675, , 33.6945, -117.9279, 1025, 110, 120, AS50, , , , , AS50
1660409681, , 33.6933, -117.924, 1050, 109, 119, AS50, , , , , AS50
1660409684, , 33.693, -117.9229, 1050, 109, 119, AS50, , , , , AS50
1660409684, , 33.693, -117.9229, 1050, 109, 119, AS50, , , , , AS50
1660409687, , 33.6923, -117.9204, 1050, 109, 119, AS50, , , , , AS50
1660409687, , 33.6923, -117.9204, 1050, 109, 119, AS50, , , , , AS50
1660409693, , 33.6912, -117.9167, 1050, 108, 120, AS50, , , , , AS50
1660409693, , 33.6912, -117.9167, 1050, 108, 120, AS50, , , , , AS50
1660409696, , 33.6907, -117.9148, 1050, 108, 120, AS50, , , , , AS50
1660409699, , 33.6903, -117.9135, 1025, 107, 120, AS50, , , , , AS50
1660409699, , 33.6903, -117.9135, 1025, 107, 120, AS50, , , , , AS50
1660409705, , 33.6891, -117.9088, 1025, 106, 120, AS50, , , , , AS50
1660409705, , 33.6891, -117.9088, 1025, 106, 120, AS50, , , , , AS50
1660409708, , 33.6887, -117.9072, 1000, 107, 120, AS50, , , , , AS50
1660409708, , 33.6887, -117.9072, 1000, 107, 120, AS50, , , , , AS50
1660409711, , 33.6883, -117.906, 1025, 107, 119, AS50, , , , , AS50
1660409717, , 33.6871, -117.9014, 1075, 107, 116, AS50, , , , , AS50
1660409717, , 33.6871, -117.9014, 1075, 107, 116, AS50, , , , , AS50
1660409720, , 33.6866, -117.8996, 1100, 107, 115, AS50, , , , , AS50
1660409720, , 33.6866, -117.8996, 1100, 107, 115, AS50, , , , , AS50
1660409723, , 33.6862, -117.8979, 1125, 107, 113, AS50, , , , , AS50
1660409723, , 33.6862, -117.8979, 1125, 107, 113, AS50, , , , , AS50
1660409729, , 33.6853, -117.8946, 1175, 107, 112, AS50, , , , , AS50
1660409729, , 33.6853, -117.8946, 1175, 107, 112, AS50, , , , , AS50
1660409729, , 33.6853, -117.8946, 1175, 107, 112, AS50, , , , , AS50
1660409735, , 33.6843, -117.8908, 1200, 108, 111, AS50, , , , , AS50
1660409735, , 33.6843, -117.8908, 1200, 108, 111, AS50, , , , , AS50
1660409741, , 33.6835, -117.888, 1250, 108, 111, AS50, , , , , AS50
1660409741, , 33.6835, -117.888, 1250, 108, 111, AS50, , , , , AS50
1660409746, , 33.6825, -117.8845, 1275, 108, 111, AS50, , , , , AS50
1660409746, , 33.6825, -117.8845, 1275, 108, 111, AS50, , , , , AS50
1660409746, , 33.6825, -117.8845, 1275, 108, 111, AS50, , , , , AS50
1660409753, , 33.6812, -117.88, 1350, 108, 108, AS50, , , , , AS50
1660409753, , 33.6812, -117.88, 1350, 108, 108, AS50, , , , , AS50
1660409756, , 33.6808, -117.8788, 1375, 108, 108, AS50, , , , , AS50
1660409756, , 33.6808, -117.8788, 1375, 108, 108, AS50, , , , , AS50
1660409759, , 33.6802, -117.8767, 1425, 109, 106, AS50, , , , , AS50
1660409766, , 33.6793, -117.8734, 1500, 109, 105, AS50, , , , , AS50
1660409766, , 33.6793, -117.8734, 1500, 109, 105, AS50, , , , , AS50
1660409768, , 33.6788, -117.8719, 1500, 109, 106, AS50, , , , , AS50
1660409768, , 33.6788, -117.8719, 1500, 109, 106, AS50, , , , , AS50
1660409771, , 33.6786, -117.8713, 1525, 110, 106, AS50, , , , , AS50
1660409771, , 33.6786, -117.8713, 1525, 110, 106, AS50, , , , , AS50
1660409778, , 33.6771, -117.8664, 1575, 110, 107, AS50, , , , , AS50
1660409780, , 33.6768, -117.8654, 1575, 110, 107, AS50, , , , , AS50
1660409780, , 33.6768, -117.8654, 1575, 110, 107, AS50, , , , , AS50
1660409783, , 33.6764, -117.8642, 1600, 111, 108, AS50, , , , , AS50
1660409783, , 33.6764, -117.8642, 1600, 111, 108, AS50, , , , , AS50
1660409786, , 33.6756, -117.8617, 1600, 111, 108, AS50, , , , , AS50
1660409786, , 33.6756, -117.8617, 1600, 111, 108, AS50, , , , , AS50
1660409790, , 33.6749, -117.8594, 1600, 111, 110, AS50, , , , , AS50
1660409795, , 33.6741, -117.8571, 1600, 110, 111, AS50, , , , , AS50
1660409795, , 33.6741, -117.8571, 1600, 110, 111, AS50, , , , , AS50
1660409800, , 33.6734, -117.8545, 1625, 109, 111, AS50, , , , , AS50
1660409800, , 33.6734, -117.8545, 1625, 109, 111, AS50, , , , , AS50
1660409804, , 33.6725, -117.8517, 1600, 109, 112, AS50, , , , , AS50
1660409804, , 33.6725, -117.8517, 1600, 109, 112, AS50, , , , , AS50
1660409808, , 33.672, -117.8496, 1600, 108, 112, AS50, , , , , AS50
1660409814, , 33.6709, -117.8456, 1600, 106, 114, AS50, , , , , AS50
1660409814, , 33.6709, -117.8456, 1600, 106, 114, AS50, , , , , AS50
1660409817, , 33.6704, -117.8437, 1625, 106, 114, AS50, , , , , AS50
1660409817, , 33.6704, -117.8437, 1625, 106, 114, AS50, , , , , AS50
1660409819, , 33.67, -117.842, 1625, 107, 115, AS50, , , , , AS50
1660409819, , 33.67, -117.842, 1625, 107, 115, AS50, , , , , AS50
1660409826, , 33.6691, -117.8387, 1600, 107, 116, AS50, , , , , AS50
1660409828, , 33.6685, -117.8365, 1600, 106, 117, AS50, , , , , AS50
1660409828, , 33.6685, -117.8365, 1600, 106, 117, AS50, , , , , AS50
1660409832, , 33.6681, -117.8344, 1600, 105, 116, AS50, , , , , AS50
1660409832, , 33.6681, -117.8344, 1600, 105, 116, AS50, , , , , AS50
1660409836, , 33.6674, -117.8319, 1600, 105, 116, AS50, , , , , AS50
1660409836, , 33.6674, -117.8319, 1600, 105, 116, AS50, , , , , AS50
1660409840, , 33.6669, -117.8297, 1625, 105, 113, AS50, , , , , AS50
1660409844, , 33.6664, -117.8271, 1650, 104, 110, AS50, , , , , AS50
1660409844, , 33.6664, -117.8271, 1650, 104, 110, AS50, , , , , AS50
1660409849, , 33.6658, -117.8247, 1675, 104, 109, AS50, , , , , AS50
1660409849, , 33.6658, -117.8247, 1675, 104, 109, AS50, , , , , AS50
1660409852, , 33.6653, -117.8225, 1700, 105, 110, AS50, , , , , AS50
1660409852, , 33.6653, -117.8225, 1700, 105, 110, AS50, , , , , AS50
1660409856, , 33.665, -117.8211, 1750, 104, 108, AS50, , , , , AS50
1660409861, , 33.6642, -117.8177, 1775, 103, 107, AS50, , , , , AS50
1660409861, , 33.6642, -117.8177, 1775, 103, 107, AS50, , , , , AS50
1660409865, , 33.6637, -117.8149, 1800, 102, 107, AS50, , , , , AS50
1660409865, , 33.6637, -117.8149, 1800, 102, 107, AS50, , , , , AS50
1660409868, , 33.6634, -117.8131, 1850, 100, 106, AS50, , , , , AS50
1660409868, , 33.6634, -117.8131, 1850, 100, 106, AS50, , , , , AS50
1660409873, , 33.6629, -117.8102, 1900, 100, 105, AS50, , , , , AS50
1660409876, , 33.6627, -117.8086, 1925, 99, 105, AS50, , , , , AS50
1660409876, , 33.6627, -117.8086, 1925, 99, 105, AS50, , , , , AS50
1660409880, , 33.6624, -117.8061, 1950, 99, 104, AS50, , , , , AS50
1660409880, , 33.6624, -117.8061, 1950, 99, 104, AS50, , , , , AS50
1660409886, , 33.6619, -117.8029, 2000, 99, 104, AS50, , , , , AS50
1660409886, , 33.6619, -117.8029, 2000, 99, 104, AS50, , , , , AS50
1660409889, , 33.6617, -117.801, 2025, 99, 104, AS50, , , , , AS50
1660409892, , 33.6614, -117.7995, 2025, 99, 104, AS50, , , , , AS50
1660409892, , 33.6614, -117.7995, 2025, 99, 104, AS50, , , , , AS50
1660409897, , 33.661, -117.7963, 2075, 100, 104, AS50, , , , , AS50
1660409897, , 33.661, -117.7963, 2075, 100, 104, AS50, , , , , AS50
1660409901, , 33.6607, -117.7945, 2100, 100, 105, AS50, , , , , AS50
1660409903, , 33.6605, -117.7932, 2100, 100, 105, AS50, , , , , AS50
1660409903, , 33.6605, -117.7932, 2100, 100, 105, AS50, , , , , AS50
1660409910, , 33.6598, -117.789, 2150, 102, 106, AS50, , , , , AS50
1660409910, , 33.6598, -117.789, 2150, 102, 106, AS50, , , , , AS50
1660409913, , 33.6594, -117.7872, 2150, 102, 106, AS50, , , , , AS50
1660409913, , 33.6594, -117.7872, 2150, 102, 106, AS50, , , , , AS50
1660409916, , 33.6591, -117.7856, 2125, 104, 107, AS50, , , , , AS50
1660409922, , 33.6584, -117.7829, 2200, 106, 100, AS50, , , , , AS50
1660409922, , 33.6584, -117.7829, 2200, 106, 100, AS50, , , , , AS50
1660409925, , 33.658, -117.781, 2300, 105, 95, AS50, , , , , AS50
1660409925, , 33.658, -117.781, 2300, 105, 95, AS50, , , , , AS50
1660409928, , 33.6575, -117.779, 2375, 105, 91, AS50, , , , , AS50
1660409928, , 33.6575, -117.779, 2375, 105, 91, AS50, , , , , AS50
1660409933, , 33.6572, -117.7775, 2500, 105, 87, AS50, , , , , AS50
1660409937, , 33.6566, -117.775, 2550, 105, 83, AS50, , , , , AS50
1660409937, , 33.6566, -117.775, 2550, 105, 83, AS50, , , , , AS50
1660409940, , 33.6563, -117.7737, 2650, 105, 80, AS50, , , , , AS50
1660409940, , 33.6563, -117.7737, 2650, 105, 80, AS50, , , , , AS50
1660409944, , 33.6559, -117.7719, 2750, 105, 74, AS50, , , , , AS50
1660409944, , 33.6559, -117.7719, 2750, 105, 74, AS50, , , , , AS50
1660409948, , 33.6556, -117.7703, 2850, 104, 73, AS50, , , , , AS50
1660409948, , 33.6556, -117.7703, 2850, 104, 73, AS50, , , , , AS50
1660409952, , 33.6553, -117.769, 2925, 103, 73, AS50, , , , , AS50
1660409958, , 33.6548, -117.7663, 3000, 103, 83, AS50, , , , , AS50
1660409958, , 33.6548, -117.7663, 3000, 103, 83, AS50, , , , , AS50
1660409961, , 33.6545, -117.7649, 3000, 103, 87, AS50, , , , , AS50
1660409961, , 33.6545, -117.7649, 3000, 103, 87, AS50, , , , , AS50
1660409963, , 33.6543, -117.7639, 3000, 103, 91, AS50, , , , , AS50
1660409970, , 33.6536, -117.7602, 3000, 100, 99, AS50, , , , , AS50
1660409970, , 33.6536, -117.7602, 3000, 100, 99, AS50, , , , , AS50
1660409973, , 33.6535, -117.7588, 3000, 99, 103, AS50, , , , , AS50
1660409973, , 33.6535, -117.7588, 3000, 99, 103, AS50, , , , , AS50
1660409975, , 33.6533, -117.7575, 3000, 99, 103, AS50, , , , , AS50
1660409975, , 33.6533, -117.7575, 3000, 99, 103, AS50, , , , , AS50
1660409982, , 33.6527, -117.7533, 3000, 99, 108, AS50, , , , , AS50
1660409984, , 33.6525, -117.7521, 3000, 99, 108, AS50, , , , , AS50
1660409984, , 33.6525, -117.7521, 3000, 99, 108, AS50, , , , , AS50
1660409987, , 33.6524, -117.7511, 3000, 98, 109, AS50, , , , , AS50
1660409987, , 33.6524, -117.7511, 3000, 98, 109, AS50, , , , , AS50
1660409994, , 33.6517, -117.746, 2975, 97, 111, AS50, , , , , AS50
1660409994, , 33.6517, -117.746, 2975, 97, 111, AS50, , , , , AS50
1660409997, , 33.6516, -117.7452, 2975, 97, 112, AS50, , , , , AS50
1660410000, , 33.6513, -117.7421, 2950, 97, 112, AS50, , , , , AS50
1660410000, , 33.6513, -117.7421, 2950, 97, 112, AS50, , , , , AS50
1660410006, , 33.6509, -117.7388, 2925, 98, 113, AS50, , , , , AS50
1660410006, , 33.6509, -117.7388, 2925, 98, 113, AS50, , , , , AS50
1660410009, , 33.6508, -117.7377, 2900, 97, 113, AS50, , , , , AS50
1660410009, , 33.6508, -117.7377, 2900, 97, 113, AS50, , , , , AS50
1660410012, , 33.6506, -117.736, 2900, 97, 113, AS50, , , , , AS50
1660410018, , 33.6502, -117.7324, 2950, 96, 109, AS50, , , , , AS50
1660410018, , 33.6502, -117.7324, 2950, 96, 109, AS50, , , , , AS50
1660410018, , 33.6502, -117.7324, 2950, 96, 109, AS50, , , , , AS50
1660410018, , 33.6502, -117.7324, 2950, 96, 109, AS50, , , , , AS50
1660410026, , 33.6498, -117.7284, 2975, 97, 107, AS50, , , , , AS50
1660410030, , 33.6493, -117.7242, 3000, 97, 104, AS50, , , , , AS50
1660410032, , 33.6492, -117.7229, 3000, 97, 104, AS50, , , , , AS50
1660410032, , 33.6492, -117.7229, 3000, 97, 104, AS50, , , , , AS50
1660410036, , 33.6489, -117.7206, 3000, 97, 105, AS50, , , , , AS50
1660410036, , 33.6489, -117.7206, 3000, 97, 105, AS50, , , , , AS50
1660410042, , 33.6485, -117.7171, 3000, 98, 108, AS50, , , , , AS50
1660410045, , 33.6483, -117.7156, 2975, 97, 109, AS50, , , , , AS50
1660410045, , 33.6483, -117.7156, 2975, 97, 109, AS50, , , , , AS50
1660410048, , 33.6481, -117.7137, 2950, 98, 110, AS50, , , , , AS50
1660410048, , 33.6481, -117.7137, 2950, 98, 110, AS50, , , , , AS50
1660410054, , 33.6478, -117.7109, 2950, 97, 111, AS50, , , , , AS50
1660410054, , 33.6478, -117.7109, 2950, 97, 111, AS50, , , , , AS50
1660410057, , 33.6475, -117.7084, 2950, 96, 109, AS50, , , , , AS50
1660410060, , 33.6473, -117.7062, 2950, 96, 108, AS50, , , , , AS50
1660410060, , 33.6473, -117.7062, 2950, 96, 108, AS50, , , , , AS50
1660410065, , 33.647, -117.7035, 2950, 96, 108, AS50, , , , , AS50
1660410065, , 33.647, -117.7035, 2950, 96, 108, AS50, , , , , AS50
1660410069, , 33.6468, -117.7012, 2925, 96, 109, AS50, , , , , AS50
1660410069, , 33.6468, -117.7012, 2925, 96, 109, AS50, , , , , AS50
1660410073, , 33.6465, -117.6988, 2925, 97, 109, AS50, , , , , AS50
1660410077, , 33.6463, -117.6959, 2900, 96, 109, AS50, , , , , AS50
1660410077, , 33.6463, -117.6959, 2900, 96, 109, AS50, , , , , AS50
1660410081, , 33.646, -117.6936, 2925, 97, 109, AS50, , , , , AS50
1660410081, , 33.646, -117.6936, 2925, 97, 109, AS50, , , , , AS50
1660410084, , 33.6459, -117.6923, 2925, 95, 107, AS50, , , , , AS50
1660410090, , 33.6456, -117.6887, 2950, 95, 106, AS50, , , , , AS50
1660410090, , 33.6456, -117.6887, 2950, 95, 106, AS50, , , , , AS50
1660410094, , 33.6454, -117.6861, 2950, 94, 107, AS50, , , , , AS50
1660410094, , 33.6454, -117.6861, 2950, 94, 107, AS50, , , , , AS50
1660410094, , 33.6454, -117.6861, 2950, 94, 107, AS50, , , , , AS50
1660410094, , 33.6454, -117.6861, 2950, 94, 107, AS50, , , , , AS50
1660410098, , 33.6453, -117.6839, 2950, 94, 107, AS50, , , , , AS50
1660410105, , 33.645, -117.6794, 2950, 94, 107, AS50, , , , , AS50
1660410105, , 33.645, -117.6794, 2950, 94, 107, AS50, , , , , AS50
1660410108, , 33.6449, -117.6776, 2950, 94, 107, AS50, , , , , AS50
1660410108, , 33.6449, -117.6776, 2950, 94, 107, AS50, , , , , AS50
1660410111, , 33.6448, -117.6766, 2975, 93, 106, AS50, , , , , AS50
1660410111, , 33.6448, -117.6766, 2975, 93, 106, AS50, , , , , AS50
1660410117, , 33.6446, -117.6727, 3000, 93, 106, AS50, , , , , AS50
1660410117, , 33.6446, -117.6727, 3000, 93, 106, AS50, , , , , AS50
1660410120, , 33.6445, -117.6713, 3000, 94, 106, AS50, , , , , AS50
1660410125, , 33.6443, -117.6684, 3000, 94, 106, AS50, , , , , AS50
1660410125, , 33.6443, -117.6684, 3000, 94, 106, AS50, , , , , AS50
1660410129, , 33.6441, -117.6653, 3000, 94, 106, AS50, , , , , AS50
1660410129, , 33.6441, -117.6653, 3000, 94, 106, AS50, , , , , AS50
1660410129, , 33.6441, -117.6653, 3000, 94, 106, AS50, , , , , AS50
1660410129, , 33.6441, -117.6653, 3000, 94, 106, AS50, , , , , AS50
1660410138, , 33.6438, -117.6606, 3050, 96, 105, AS50, , , , , AS50
1660410142, , 33.6435, -117.6578, 3050, 96, 106, AS50, , , , , AS50
1660410142, , 33.6435, -117.6578, 3050, 96, 106, AS50, , , , , AS50
1660410142, , 33.6435, -117.6578, 3050, 96, 106, AS50, , , , , AS50
1660410142, , 33.6435, -117.6578, 3050, 96, 106, AS50, , , , , AS50
1660410147, , 33.6432, -117.6548, 3050, 96, 107, AS50, , , , , AS50
1660410147, , 33.6432, -117.6548, 3050, 96, 107, AS50, , , , , AS50
1660410151, , 33.6429, -117.6525, 3050, 96, 107, AS50, , , , , AS50
1660410155, , 33.6427, -117.6501, 3050, 95, 108, AS50, , , , , AS50
1660410155, , 33.6427, -117.6501, 3050, 95, 108, AS50, , , , , AS50
1660410159, , 33.6427, -117.6492, 3050, 95, 109, AS50, , , , , AS50
1660410159, , 33.6427, -117.6492, 3050, 95, 109, AS50, , , , , AS50
1660410163, , 33.6423, -117.6455, 3050, 96, 108, AS50, , , , , AS50
1660410167, , 33.6421, -117.6428, 3050, 95, 108, AS50, , , , , AS50
1660410167, , 33.6421, -117.6428, 3050, 95, 108, AS50, , , , , AS50
1660410174, , 33.6417, -117.6385, 3050, 96, 109, AS50, , , , , AS50
1660410174, , 33.6417, -117.6385, 3050, 96, 109, AS50, , , , , AS50
1660410176, , 33.6416, -117.6374, 3050, 96, 110, AS50, , , , , AS50
1660410176, , 33.6416, -117.6374, 3050, 96, 110, AS50, , , , , AS50
1660410180, , 33.6414, -117.6349, 3050, 97, 111, AS50, , , , , AS50
1660410186, , 33.6411, -117.6321, 3025, 97, 111, AS50, , , , , AS50
1660410186, , 33.6411, -117.6321, 3025, 97, 111, AS50, , , , , AS50
1660410189, , 33.6408, -117.6294, 3000, 97, 111, AS50, , , , , AS50
1660410189, , 33.6408, -117.6294, 3000, 97, 111, AS50, , , , , AS50
1660410193, , 33.6406, -117.6267, 3000, 95, 111, AS50, , , , , AS50
1660410197, , 33.6404, -117.6245, 3000, 95, 110, AS50, , , , , AS50
1660410197, , 33.6404, -117.6245, 3000, 95, 110, AS50, , , , , AS50
1660410201, , 33.6402, -117.6223, 3000, 95, 111, AS50, , , , , AS50
1660410201, , 33.6402, -117.6223, 3000, 95, 111, AS50, , , , , AS50
1660410205, , 33.64, -117.6192, 2975, 96, 111, AS50, , , , , AS50
1660410205, , 33.64, -117.6192, 2975, 96, 111, AS50, , , , , AS50
1660410209, , 33.6398, -117.6172, 2975, 96, 111, AS50, , , , , AS50
1660410213, , 33.6396, -117.6151, 2975, 95, 112, AS50, , , , , AS50
1660410213, , 33.6396, -117.6151, 2975, 95, 112, AS50, , , , , AS50
1660410217, , 33.6394, -117.6126, 2975, 95, 111, AS50, , , , , AS50
1660410217, , 33.6394, -117.6126, 2975, 95, 111, AS50, , , , , AS50
1660410221, , 33.6392, -117.6095, 2975, 95, 111, AS50, , , , , AS50
1660410221, , 33.6392, -117.6095, 2975, 95, 111, AS50, , , , , AS50
1660410225, , 33.6389, -117.6072, 2975, 96, 110, AS50, , , , , AS50
1660410229, , 33.6387, -117.6049, 2975, 97, 111, AS50, , , , , AS50
1660410229, , 33.6387, -117.6049, 2975, 97, 111, AS50, , , , , AS50
1660410232, , 33.6385, -117.6031, 2950, 97, 111, AS50, , , , , AS50
1660410232, , 33.6385, -117.6031, 2950, 97, 111, AS50, , , , , AS50
1660410237, , 33.6382, -117.5998, 2950, 95, 110, AS50, , , , , AS50
1660410237, , 33.6382, -117.5998, 2950, 95, 110, AS50, , , , , AS50
1660410241, , 33.6381, -117.5975, 2975, 93, 109, AS50, , , , , AS50
1660410241, , 33.6381, -117.5975, 2975, 93, 109, AS50, , , , , AS50
1660410245, , 33.6379, -117.5949, 3000, 93, 107, AS50, , , , , AS50
1660410249, , 33.6378, -117.5928, 3025, 93, 106, AS50, , , , , AS50
1660410249, , 33.6378, -117.5928, 3025, 93, 106, AS50, , , , , AS50
1660410253, , 33.6377, -117.5903, 3050, 92, 106, AS50, , , , , AS50
1660410253, , 33.6377, -117.5903, 3050, 92, 106, AS50, , , , , AS50
1660410258, , 33.6376, -117.5876, 3050, 93, 106, AS50, , , , , AS50
1660410258, , 33.6376, -117.5876, 3050, 93, 106, AS50, , , , , AS50
1660410262, , 33.6375, -117.5853, 3075, 93, 106, AS50, , , , , AS50
1660410266, , 33.6373, -117.5829, 3100, 93, 107, AS50, , , , , AS50
1660410266, , 33.6373, -117.5829, 3100, 93, 107, AS50, , , , , AS50
1660410270, , 33.6372, -117.5803, 3100, 93, 107, AS50, , , , , AS50
1660410270, , 33.6372, -117.5803, 3100, 93, 107, AS50, , , , , AS50
1660410270, , 33.6372, -117.5803, 3100, 93, 107, AS50, , , , , AS50
1660410278, , 33.637, -117.5759, 3100, 93, 109, AS50, , , , , AS50
1660410278, , 33.637, -117.5759, 3100, 93, 109, AS50, , , , , AS50
1660410282, , 33.6368, -117.5731, 3075, 94, 110, AS50, , , , , AS50
1660410282, , 33.6368, -117.5731, 3075, 94, 110, AS50, , , , , AS50
1660410286, , 33.6367, -117.5708, 3075, 95, 110, AS50, , , , , AS50
1660410286, , 33.6367, -117.5708, 3075, 95, 110, AS50, , , , , AS50
1660410290, , 33.6365, -117.5683, 3050, 95, 111, AS50, , , , , AS50
1660410290, , 33.6365, -117.5683, 3050, 95, 111, AS50, , , , , AS50
1660410294, , 33.6364, -117.5661, 3050, 93, 110, AS50, , , , , AS50
1660410298, , 33.6363, -117.5636, 3075, 93, 110, AS50, , , , , AS50
1660410298, , 33.6363, -117.5636, 3075, 93, 110, AS50, , , , , AS50
1660410302, , 33.6362, -117.561, 3075, 91, 109, AS50, , , , , AS50
1660410302, , 33.6362, -117.561, 3075, 91, 109, AS50, , , , , AS50
1660410306, , 33.6362, -117.5586, 3075, 90, 109, AS50, , , , , AS50
1660410310, , 33.6361, -117.5562, 3075, 90, 109, AS50, , , , , AS50
1660410310, , 33.6361, -117.5562, 3075, 90, 109, AS50, , , , , AS50
1660410310, , 33.6361, -117.5562, 3075, 90, 109, AS50, , , , , AS50
1660410310, , 33.6361, -117.5562, 3075, 90, 109, AS50, , , , , AS50
1660410318, , 33.6361, -117.5512, 3100, 91, 110, AS50, , , , , AS50
1660410318, , 33.6361, -117.5512, 3100, 91, 110, AS50, , , , , AS50
1660410322, , 33.636, -117.5491, 3100, 90, 110, AS50, , , , , AS50
1660410326, , 33.636, -117.5463, 3100, 90, 109, AS50, , , , , AS50
1660410326, , 33.636, -117.5463, 3100, 90, 109, AS50, , , , , AS50
1660410326, , 33.636, -117.5463, 3100, 90, 109, AS50, , , , , AS50
1660410326, , 33.636, -117.5463, 3100, 90, 109, AS50, , , , , AS50
1660410334, , 33.6359, -117.5417, 3100, 92, 109, AS50, , , , , AS50
1660410334, , 33.6359, -117.5417, 3100, 92, 109, AS50, , , , , AS50
1660410338, , 33.6357, -117.5394, 3125, 94, 109, AS50, , , , , AS50
1660410338, , 33.6357, -117.5394, 3125, 94, 109, AS50, , , , , AS50
1660410338, , 33.6357, -117.5394, 3125, 94, 109, AS50, , , , , AS50
1660410343, , 33.6355, -117.5361, 3125, 94, 109, AS50, , , , , AS50
1660410343, , 33.6355, -117.5361, 3125, 94, 109, AS50, , , , , AS50
1660410348, , 33.6353, -117.5332, 3150, 94, 107, AS50, , , , , AS50
1660410348, , 33.6353, -117.5332, 3150, 94, 107, AS50, , , , , AS50
1660410352, , 33.6352, -117.532, 3150, 92, 107, AS50, , , , , AS50
1660410356, , 33.6351, -117.5284, 3175, 90, 107, AS50, , , , , AS50
1660410356, , 33.6351, -117.5284, 3175, 90, 107, AS50, , , , , AS50
1660410360, , 33.6351, -117.5259, 3175, 90, 107, AS50, , , , , AS50
1660410360, , 33.6351, -117.5259, 3175, 90, 107, AS50, , , , , AS50
1660410365, , 33.6352, -117.5233, 3225, 90, 106, AS50, , , , , AS50
1660410365, , 33.6352, -117.5233, 3225, 90, 106, AS50, , , , , AS50
1660410365, , 33.6352, -117.5233, 3225, 90, 106, AS50, , , , , AS50
1660410371, , 33.6352, -117.5196, 3275, 89, 106, AS50, , , , , AS50
1660410371, , 33.6352, -117.5196, 3275, 89, 106, AS50, , , , , AS50
1660410376, , 33.6352, -117.5168, 3300, 90, 108, AS50, , , , , AS50
1660410376, , 33.6352, -117.5168, 3300, 90, 108, AS50, , , , , AS50
1660410380, , 33.6352, -117.5141, 3325, 91, 109, AS50, , , , , AS50
1660410385, , 33.6351, -117.5112, 3325, 90, 111, AS50, , , , , AS50
1660410385, , 33.6351, -117.5112, 3325, 90, 111, AS50, , , , , AS50
1660410390, , 33.635, -117.5079, 3350, 92, 112, AS50, , , , , AS50
1660410390, , 33.635, -117.5079, 3350, 92, 112, AS50, , , , , AS50
1660410390, , 33.635, -117.5079, 3350, 92, 112, AS50, , , , , AS50
1660410390, , 33.635, -117.5079, 3350, 92, 112, AS50, , , , , AS50
1660410398, , 33.6348, -117.5028, 3350, 93, 112, AS50, , , , , AS50
1660410398, , 33.6348, -117.5028, 3350, 93, 112, AS50, , , , , AS50
1660410398, , 33.6348, -117.5028, 3350, 93, 112, AS50, , , , , AS50
1660410403, , 33.6347, -117.4999, 3350, 93, 113, AS50, , , , , AS50
1660410403, , 33.6347, -117.4999, 3350, 93, 113, AS50, , , , , AS50
1660410407, , 33.6346, -117.4975, 3350, 94, 113, AS50, , , , , AS50
1660410407, , 33.6346, -117.4975, 3350, 94, 113, AS50, , , , , AS50
1660410411, , 33.6344, -117.4947, 3350, 94, 114, AS50, , , , , AS50
1660410415, , 33.6343, -117.4924, 3300, 94, 115, AS50, , , , , AS50
1660410415, , 33.6343, -117.4924, 3300, 94, 115, AS50, , , , , AS50
1660410419, , 33.6341, -117.4894, 3325, 92, 117, AS50, , , , , AS50
1660410419, , 33.6341, -117.4894, 3325, 92, 117, AS50, , , , , AS50
1660410423, , 33.6341, -117.4872, 3325, 92, 117, AS50, , , , , AS50
1660410423, , 33.6341, -117.4872, 3325, 92, 117, AS50, , , , , AS50
1660410429, , 33.6339, -117.4833, 3350, 92, 117, AS50, , , , , AS50
1660410429, , 33.6339, -117.4833, 3350, 92, 117, AS50, , , , , AS50
1660410429, , 33.6339, -117.4833, 3350, 92, 117, AS50, , , , , AS50
1660410435, , 33.6337, -117.4796, 3350, 93, 115, AS50, , , , , AS50
1660410435, , 33.6337, -117.4796, 3350, 93, 115, AS50, , , , , AS50
1660410441, , 33.6335, -117.4757, 3350, 93, 114, AS50, , , , , AS50
1660410441, , 33.6335, -117.4757, 3350, 93, 114, AS50, , , , , AS50
1660410446, , 33.6333, -117.4725, 3400, 94, 112, AS50, , , , , AS50
1660410449, , 33.6332, -117.4707, 3425, 93, 112, AS50, , , , , AS50
1660410449, , 33.6332, -117.4707, 3425, 93, 112, AS50, , , , , AS50
1660410452, , 33.6331, -117.4686, 3450, 93, 112, AS50, , , , , AS50
1660410452, , 33.6331, -117.4686, 3450, 93, 112, AS50, , , , , AS50
1660410457, , 33.633, -117.4658, 3500, 91, 111, AS50, , , , , AS50
1660410457, , 33.633, -117.4658, 3500, 91, 111, AS50, , , , , AS50
1660410461, , 33.6329, -117.4634, 3525, 91, 110, AS50, , , , , AS50
1660410464, , 33.6329, -117.4615, 3550, 90, 110, AS50, , , , , AS50
1660410464, , 33.6329, -117.4615, 3550, 90, 110, AS50, , , , , AS50
1660410468, , 33.6329, -117.4585, 3550, 90, 110, AS50, , , , , AS50
1660410468, , 33.6329, -117.4585, 3550, 90, 110, AS50, , , , , AS50
1660410473, , 33.6329, -117.4559, 3575, 90, 110, AS50, , , , , AS50
1660410476, , 33.633, -117.4539, 3550, 88, 112, AS50, , , , , AS50
1660410476, , 33.633, -117.4539, 3550, 88, 112, AS50, , , , , AS50
1660410480, , 33.6331, -117.4514, 3575, 88, 115, AS50, , , , , AS50
1660410480, , 33.6331, -117.4514, 3575, 88, 115, AS50, , , , , AS50
1660410484, , 33.6331, -117.4496, 3500, 89, 117, AS50, , , , , AS50
1660410484, , 33.6331, -117.4496, 3500, 89, 117, AS50, , , , , AS50
1660410488, , 33.6331, -117.4472, 3550, 89, 118, AS50, , , , , AS50
1660410492, , 33.6332, -117.4437, 3550, 88, 118, AS50, , , , , AS50
1660410492, , 33.6332, -117.4437, 3550, 88, 118, AS50, , , , , AS50
1660410496, , 33.6333, -117.442, 3500, 88, 118, AS50, , , , , AS50
1660410496, , 33.6333, -117.442, 3500, 88, 118, AS50, , , , , AS50
1660410500, , 33.6334, -117.4381, 3500, 89, 119, AS50, , , , , AS50
1660410500, , 33.6334, -117.4381, 3500, 89, 119, AS50, , , , , AS50
1660410504, , 33.6333, -117.4365, 3500, 91, 119, AS50, , , , , AS50
1660410509, , 33.6333, -117.4325, 3500, 90, 118, AS50, , , , , AS50
1660410509, , 33.6333, -117.4325, 3500, 90, 118, AS50, , , , , AS50
1660410513, , 33.6332, -117.4301, 3525, 88, 112, AS50, , , , , AS50
1660410513, , 33.6332, -117.4301, 3525, 88, 112, AS50, , , , , AS50
1660410517, , 33.6332, -117.4279, 3500, 91, 119, AS50, , , , , AS50
1660410517, , 33.6332, -117.4279, 3500, 91, 119, AS50, , , , , AS50
1660410521, , 33.633, -117.4247, 3500, 91, 119, AS50, , , , , AS50
1660410524, , 33.6329, -117.4226, 3500, 94, 117, AS50, , , , , AS50
1660410524, , 33.6329, -117.4226, 3500, 94, 117, AS50, , , , , AS50
1660410530, , 33.6326, -117.4187, 3575, 95, 118, AS50, , , , , AS50
1660410530, , 33.6326, -117.4187, 3575, 95, 118, AS50, , , , , AS50
1660410532, , 33.6325, -117.417, 3550, 94, 118, AS50, , , , , AS50
1660410532, , 33.6325, -117.417, 3550, 94, 118, AS50, , , , , AS50
1660410536, , 33.6324, -117.4154, 3575, 95, 118, AS50, , , , , AS50
1660410542, , 33.6321, -117.4122, 3600, 95, 117, AS50, , , , , AS50
1660410542, , 33.6321, -117.4122, 3600, 95, 117, AS50, , , , , AS50
1660410542, , 33.6321, -117.4122, 3600, 95, 117, AS50, , , , , AS50
1660410542, , 33.6321, -117.4122, 3600, 95, 117, AS50, , , , , AS50
1660410550, , 33.6316, -117.406, 3575, 94, 115, AS50, , , , , AS50
1660410550, , 33.6316, -117.406, 3575, 94, 115, AS50, , , , , AS50
1660410554, , 33.6315, -117.4038, 3650, 94, 114, AS50, , , , , AS50
1660410557, , 33.6313, -117.4012, 3650, 94, 114, AS50, , , , , AS50
1660410557, , 33.6313, -117.4012, 3650, 94, 114, AS50, , , , , AS50
1660410560, , 33.6312, -117.3994, 3650, 95, 114, AS50, , , , , AS50
1660410560, , 33.6312, -117.3994, 3650, 95, 114, AS50, , , , , AS50
1660410566, , 33.6308, -117.3956, 3650, 97, 113, AS50, , , , , AS50
1660410569, , 33.6305, -117.3936, 3700, 98, 111, AS50, , , , , AS50
1660410569, , 33.6305, -117.3936, 3700, 98, 111, AS50, , , , , AS50
1660410572, , 33.6303, -117.392, 3725, 99, 111, AS50, , , , , AS50
1660410572, , 33.6303, -117.392, 3725, 99, 111, AS50, , , , , AS50
1660410578, , 33.6297, -117.3882, 3750, 101, 115, AS50, , , , , AS50
1660410578, , 33.6297, -117.3882, 3750, 101, 115, AS50, , , , , AS50
1660410581, , 33.6294, -117.3863, 3750, 102, 115, AS50, , , , , AS50
1660410584, , 33.629, -117.3844, 3775, 104, 116, AS50, , , , , AS50
1660410584, , 33.629, -117.3844, 3775, 104, 116, AS50, , , , , AS50
1660410590, , 33.628, -117.3807, 3775, 108, 115, AS50, , , , , AS50
1660410590, , 33.628, -117.3807, 3775, 108, 115, AS50, , , , , AS50
1660410593, , 33.6275, -117.379, 3750, 109, 117, AS50, , , , , AS50
1660410593, , 33.6275, -117.379, 3750, 109, 117, AS50, , , , , AS50
1660410595, , 33.6271, -117.3775, 3750, 109, 116, AS50, , , , , AS50
1660410601, , 33.6259, -117.3737, 3700, 109, 116, AS50, , , , , AS50
1660410601, , 33.6259, -117.3737, 3700, 109, 116, AS50, , , , , AS50
1660410605, , 33.6254, -117.3718, 3700, 110, 116, AS50, , , , , AS50
1660410605, , 33.6254, -117.3718, 3700, 110, 116, AS50, , , , , AS50
1660410608, , 33.6247, -117.3697, 3725, 111, 117, AS50, , , , , AS50
1660410608, , 33.6247, -117.3697, 3725, 111, 117, AS50, , , , , AS50
1660410614, , 33.6235, -117.366, 3650, 110, 118, AS50, , , , , AS50
1660410617, , 33.623, -117.3644, 3675, 110, 119, AS50, , , , , AS50
1660410617, , 33.623, -117.3644, 3675, 110, 119, AS50, , , , , AS50
1660410620, , 33.6223, -117.3623, 3625, 110, 120, AS50, , , , , AS50
1660410620, , 33.6223, -117.3623, 3625, 110, 120, AS50, , , , , AS50
1660410623, , 33.6218, -117.3604, 3625, 109, 122, AS50, , , , , AS50
1660410623, , 33.6218, -117.3604, 3625, 109, 122, AS50, , , , , AS50
1660410632, , 33.62, -117.3546, 3525, 110, 122, AS50, , , , , AS50
1660410632, , 33.62, -117.3546, 3525, 110, 122, AS50, , , , , AS50
1660410636, , 33.6193, -117.3521, 3550, 109, 123, AS50, , , , , AS50
1660410636, , 33.6193, -117.3521, 3550, 109, 123, AS50, , , , , AS50
1660410641, , 33.6183, -117.3491, 3525, 109, 124, AS50, , , , , AS50
1660410641, , 33.6183, -117.3491, 3525, 109, 124, AS50, , , , , AS50
1660410641, , 33.6183, -117.3491, 3525, 109, 124, AS50, , , , , AS50
1660410645, , 33.6175, -117.3462, 3400, 109, 125, AS50, , , , , AS50
1660410645, , 33.6175, -117.3462, 3400, 109, 125, AS50, , , , , AS50
1660410653, , 33.616, -117.3414, 3325, 110, 125, AS50, , , , , AS50
1660410653, , 33.616, -117.3414, 3325, 110, 125, AS50, , , , , AS50
1660410656, , 33.6153, -117.339, 3375, 109, 124, AS50, , , , , AS50
1660410656, , 33.6153, -117.339, 3375, 109, 124, AS50, , , , , AS50
1660410659, , 33.6147, -117.337, 3375, 109, 123, AS50, , , , , AS50
1660410659, , 33.6147, -117.337, 3375, 109, 123, AS50, , , , , AS50
1660410665, , 33.6135, -117.3332, 3325, 109, 124, AS50, , , , , AS50
1660410667, , 33.6132, -117.332, 3300, 109, 123, AS50, , , , , AS50
1660410667, , 33.6132, -117.332, 3300, 109, 123, AS50, , , , , AS50
1660410671, , 33.6125, -117.3296, 3300, 109, 123, AS50, , , , , AS50
1660410671, , 33.6125, -117.3296, 3300, 109, 123, AS50, , , , , AS50
1660410677, , 33.6113, -117.3257, 3275, 110, 121, AS50, , , , , AS50
1660410677, , 33.6113, -117.3257, 3275, 110, 121, AS50, , , , , AS50
1660410680, , 33.6106, -117.3237, 3225, 111, 122, AS50, , , , , AS50
1660410683, , 33.61, -117.322, 3225, 112, 121, AS50, , , , , AS50
1660410683, , 33.61, -117.322, 3225, 112, 121, AS50, , , , , AS50
1660410689, , 33.6087, -117.3182, 3175, 113, 122, AS50, , , , , AS50
1660410689, , 33.6087, -117.3182, 3175, 113, 122, AS50, , , , , AS50
1660410692, , 33.608, -117.3163, 3150, 114, 121, AS50, , , , , AS50
1660410692, , 33.608, -117.3163, 3150, 114, 121, AS50, , , , , AS50
1660410697, , 33.6069, -117.3133, 3100, 114, 122, AS50, , , , , AS50
1660410701, , 33.6062, -117.3116, 3100, 114, 122, AS50, , , , , AS50
1660410701, , 33.6062, -117.3116, 3100, 114, 122, AS50, , , , , AS50
1660410704, , 33.6051, -117.3087, 3050, 114, 121, AS50, , , , , AS50
1660410704, , 33.6051, -117.3087, 3050, 114, 121, AS50, , , , , AS50
1660410706, , 33.6046, -117.3075, 3050, 115, 120, AS50, , , , , AS50
1660410706, , 33.6046, -117.3075, 3050, 115, 120, AS50, , , , , AS50
1660410712, , 33.6031, -117.3039, 3025, 117, 119, AS50, , , , , AS50
1660410716, , 33.6022, -117.3023, 2975, 120, 118, AS50, , , , , AS50
1660410716, , 33.6022, -117.3023, 2975, 120, 118, AS50, , , , , AS50
1660410719, , 33.6012, -117.3002, 2950, 120, 118, AS50, , , , , AS50
1660410719, , 33.6012, -117.3002, 2950, 120, 118, AS50, , , , , AS50
1660410725, , 33.5996, -117.297, 2925, 121, 117, AS50, , , , , AS50
1660410725, , 33.5996, -117.297, 2925, 121, 117, AS50, , , , , AS50
1660410729, , 33.5985, -117.2949, 2925, 122, 115, AS50, , , , , AS50
1660410733, , 33.5973, -117.2927, 2925, 122, 116, AS50, , , , , AS50
1660410733, , 33.5973, -117.2927, 2925, 122, 116, AS50, , , , , AS50
1660410735, , 33.5966, -117.2913, 2900, 123, 117, AS50, , , , , AS50
1660410735, , 33.5966, -117.2913, 2900, 123, 117, AS50, , , , , AS50
1660410742, , 33.595, -117.2885, 2900, 121, 117, AS50, , , , , AS50
1660410742, , 33.595, -117.2885, 2900, 121, 117, AS50, , , , , AS50
1660410744, , 33.5939, -117.2862, 2825, 120, 117, AS50, , , , , AS50
1660410748, , 33.593, -117.2844, 2850, 119, 119, AS50, , , , , AS50
1660410748, , 33.593, -117.2844, 2850, 119, 119, AS50, , , , , AS50
1660410754, , 33.5914, -117.2808, 2800, 119, 120, AS50, , , , , AS50
1660410754, , 33.5914, -117.2808, 2800, 119, 120, AS50, , , , , AS50
1660410757, , 33.5906, -117.2791, 2800, 119, 120, AS50, , , , , AS50
1660410757, , 33.5906, -117.2791, 2800, 119, 120, AS50, , , , , AS50
1660410759, , 33.5898, -117.2775, 2775, 119, 121, AS50, , , , , AS50
1660410766, , 33.588, -117.2737, 2750, 119, 122, AS50, , , , , AS50
1660410766, , 33.588, -117.2737, 2750, 119, 122, AS50, , , , , AS50
1660410769, , 33.5872, -117.2719, 2675, 119, 122, AS50, , , , , AS50
1660410771, , 33.5865, -117.2704, 2700, 119, 121, AS50, , , , , AS50
1660410771, , 33.5865, -117.2704, 2700, 119, 121, AS50, , , , , AS50
1660410778, , 33.5849, -117.2666, 2675, 114, 119, AS50, , , , , AS50
1660410778, , 33.5849, -117.2666, 2675, 114, 119, AS50, , , , , AS50
1660410781, , 33.5844, -117.2651, 2675, 113, 120, AS50, , , , , AS50
1660410781, , 33.5844, -117.2651, 2675, 113, 120, AS50, , , , , AS50
1660410781, , 33.5844, -117.2651, 2675, 113, 120, AS50, , , , , AS50
1660410784, , 33.5836, -117.263, 2675, 114, 119, AS50, , , , , AS50
1660410784, , 33.5836, -117.263, 2675, 114, 119, AS50, , , , , AS50
1660410790, , 33.5822, -117.2594, 2650, 113, 119, AS50, , , , , AS50
1660410790, , 33.5822, -117.2594, 2650, 113, 119, AS50, , , , , AS50
1660410797, , 33.5805, -117.2547, 2675, 112, 118, AS50, , , , , AS50
1660410797, , 33.5805, -117.2547, 2675, 112, 118, AS50, , , , , AS50
1660410801, , 33.5798, -117.2528, 2675, 112, 117, AS50, , , , , AS50
1660410803, , 33.5793, -117.2511, 2650, 112, 117, AS50, , , , , AS50
1660410803, , 33.5793, -117.2511, 2650, 112, 117, AS50, , , , , AS50
1660410809, , 33.5781, -117.2475, 2650, 111, 117, AS50, , , , , AS50
1660410809, , 33.5781, -117.2475, 2650, 111, 117, AS50, , , , , AS50
1660410813, , 33.5774, -117.2454, 2625, 110, 118, AS50, , , , , AS50
1660410813, , 33.5774, -117.2454, 2625, 110, 118, AS50, , , , , AS50
1660410815, , 33.5769, -117.2438, 2625, 110, 117, AS50, , , , , AS50
1660410822, , 33.5757, -117.24, 2625, 110, 117, AS50, , , , , AS50
1660410822, , 33.5757, -117.24, 2625, 110, 117, AS50, , , , , AS50
1660410825, , 33.5751, -117.2383, 2600, 112, 118, AS50, , , , , AS50
1660410825, , 33.5751, -117.2383, 2600, 112, 118, AS50, , , , , AS50
1660410828, , 33.5744, -117.2363, 2600, 115, 118, AS50, , , , , AS50
1660412716, , 33.532, -117.2351, 3275, 280, 113, AS50, , , , , AS50
1660412716, , 33.532, -117.2351, 3275, 280, 113, AS50, , , , , AS50
1660412722, , 33.5326, -117.2388, 3275, 279, 112, AS50, , , , , AS50
1660412725, , 33.5328, -117.2404, 3275, 279, 112, AS50, , , , , AS50
1660412725, , 33.5328, -117.2404, 3275, 279, 112, AS50, , , , , AS50
1660412728, , 33.5331, -117.2424, 3275, 279, 112, AS50, , , , , AS50
1660412728, , 33.5331, -117.2424, 3275, 279, 112, AS50, , , , , AS50
1660412734, , 33.5336, -117.246, 3275, 279, 113, AS50, , , , , AS50
1660412734, , 33.5336, -117.246, 3275, 279, 113, AS50, , , , , AS50
1660412737, , 33.5338, -117.248, 3300, 278, 116, AS50, , , , , AS50
1660412740, , 33.5341, -117.25, 3250, 279, 117, AS50, , , , , AS50
1660412740, , 33.5341, -117.25, 3250, 279, 117, AS50, , , , , AS50
1660412746, , 33.5347, -117.2536, 3225, 281, 117, AS50, , , , , AS50
1660412746, , 33.5347, -117.2536, 3225, 281, 117, AS50, , , , , AS50
1660412749, , 33.535, -117.2555, 3300, 280, 115, AS50, , , , , AS50
1660412749, , 33.535, -117.2555, 3300, 280, 115, AS50, , , , , AS50
1660412752, , 33.5353, -117.2574, 3275, 280, 112, AS50, , , , , AS50
1660412758, , 33.5359, -117.2611, 3350, 279, 110, AS50, , , , , AS50
1660412758, , 33.5359, -117.2611, 3350, 279, 110, AS50, , , , , AS50
1660412761, , 33.5361, -117.2628, 3350, 279, 109, AS50, , , , , AS50
1660412761, , 33.5361, -117.2628, 3350, 279, 109, AS50, , , , , AS50
1660412764, , 33.5364, -117.2646, 3375, 279, 108, AS50, , , , , AS50
1660412764, , 33.5364, -117.2646, 3375, 279, 108, AS50, , , , , AS50
1660412769, , 33.5368, -117.2676, 3425, 278, 107, AS50, , , , , AS50
1660412773, , 33.5371, -117.2702, 3450, 277, 108, AS50, , , , , AS50
1660412773, , 33.5371, -117.2702, 3450, 277, 108, AS50, , , , , AS50
1660412776, , 33.5373, -117.2719, 3400, 276, 109, AS50, , , , , AS50
1660412776, , 33.5373, -117.2719, 3400, 276, 109, AS50, , , , , AS50
1660412782, , 33.5377, -117.2756, 3450, 279, 112, AS50, , , , , AS50
1660412782, , 33.5377, -117.2756, 3450, 279, 112, AS50, , , , , AS50
1660412785, , 33.5379, -117.2775, 3400, 278, 113, AS50, , , , , AS50
1660412788, , 33.5381, -117.2794, 3450, 278, 112, AS50, , , , , AS50
1660412788, , 33.5381, -117.2794, 3450, 278, 112, AS50, , , , , AS50
1660412794, , 33.5386, -117.283, 3450, 278, 113, AS50, , , , , AS50
1660412794, , 33.5386, -117.283, 3450, 278, 113, AS50, , , , , AS50
1660412797, , 33.5388, -117.2848, 3425, 277, 113, AS50, , , , , AS50
1660412797, , 33.5388, -117.2848, 3425, 277, 113, AS50, , , , , AS50
1660412800, , 33.539, -117.2867, 3425, 278, 113, AS50, , , , , AS50
1660412806, , 33.5395, -117.2906, 3450, 277, 113, AS50, , , , , AS50
1660412806, , 33.5395, -117.2906, 3450, 277, 113, AS50, , , , , AS50
1660412809, , 33.5397, -117.2923, 3450, 277, 113, AS50, , , , , AS50
1660412809, , 33.5397, -117.2923, 3450, 277, 113, AS50, , , , , AS50
1660412812, , 33.5399, -117.2943, 3450, 278, 114, AS50, , , , , AS50
1660412812, , 33.5399, -117.2943, 3450, 278, 114, AS50, , , , , AS50
1660412818, , 33.5403, -117.2982, 3450, 277, 114, AS50, , , , , AS50
1660412821, , 33.5405, -117.2998, 3450, 277, 114, AS50, , , , , AS50
1660412821, , 33.5405, -117.2998, 3450, 277, 114, AS50, , , , , AS50
1660412824, , 33.5407, -117.3018, 3475, 277, 113, AS50, , , , , AS50
1660412824, , 33.5407, -117.3018, 3475, 277, 113, AS50, , , , , AS50
1660412830, , 33.5411, -117.3056, 3500, 276, 112, AS50, , , , , AS50
1660412830, , 33.5411, -117.3056, 3500, 276, 112, AS50, , , , , AS50
1660412833, , 33.5413, -117.3074, 3500, 276, 112, AS50, , , , , AS50
1660412836, , 33.5415, -117.3093, 3450, 277, 112, AS50, , , , , AS50
1660412836, , 33.5415, -117.3093, 3450, 277, 112, AS50, , , , , AS50
1660412842, , 33.5419, -117.313, 3525, 278, 114, AS50, , , , , AS50
1660412842, , 33.5419, -117.313, 3525, 278, 114, AS50, , , , , AS50
1660412845, , 33.5421, -117.3149, 3500, 277, 115, AS50, , , , , AS50
1660412845, , 33.5421, -117.3149, 3500, 277, 115, AS50, , , , , AS50
1660412848, , 33.5424, -117.3165, 3500, 278, 114, AS50, , , , , AS50
1660412854, , 33.5428, -117.3203, 3525, 277, 112, AS50, , , , , AS50
1660412854, , 33.5428, -117.3203, 3525, 277, 112, AS50, , , , , AS50
1660412857, , 33.543, -117.3224, 3500, 277, 111, AS50, , , , , AS50
1660412857, , 33.543, -117.3224, 3500, 277, 111, AS50, , , , , AS50
1660412860, , 33.5432, -117.3243, 3525, 277, 112, AS50, , , , , AS50
1660412860, , 33.5432, -117.3243, 3525, 277, 112, AS50, , , , , AS50
1660412866, , 33.5436, -117.328, 3500, 277, 112, AS50, , , , , AS50
1660412869, , 33.5438, -117.3299, 3500, 277, 113, AS50, , , , , AS50
1660412869, , 33.5438, -117.3299, 3500, 277, 113, AS50, , , , , AS50
1660412872, , 33.5441, -117.3318, 3500, 277, 114, AS50, , , , , AS50
1660412872, , 33.5441, -117.3318, 3500, 277, 114, AS50, , , , , AS50
1660412878, , 33.5445, -117.3353, 3500, 277, 116, AS50, , , , , AS50
1660412880, , 33.5446, -117.3369, 3500, 277, 116, AS50, , , , , AS50
1660412880, , 33.5446, -117.3369, 3500, 277, 116, AS50, , , , , AS50
1660412884, , 33.5449, -117.3395, 3500, 277, 114, AS50, , , , , AS50
1660412884, , 33.5449, -117.3395, 3500, 277, 114, AS50, , , , , AS50
1660412890, , 33.5453, -117.3431, 3500, 278, 114, AS50, , , , , AS50
1660412890, , 33.5453, -117.3431, 3500, 278, 114, AS50, , , , , AS50
1660412893, , 33.5456, -117.345, 3500, 278, 114, AS50, , , , , AS50
1660412896, , 33.5458, -117.3469, 3500, 278, 114, AS50, , , , , AS50
1660412896, , 33.5458, -117.3469, 3500, 278, 114, AS50, , , , , AS50
1660412902, , 33.5463, -117.3508, 3475, 278, 114, AS50, , , , , AS50
1660412902, , 33.5463, -117.3508, 3475, 278, 114, AS50, , , , , AS50
1660412905, , 33.5465, -117.3527, 3450, 278, 114, AS50, , , , , AS50
1660412905, , 33.5465, -117.3527, 3450, 278, 114, AS50, , , , , AS50
1660412908, , 33.5467, -117.3543, 3425, 278, 114, AS50, , , , , AS50
1660412914, , 33.5472, -117.358, 3450, 279, 114, AS50, , , , , AS50
1660412914, , 33.5472, -117.358, 3450, 279, 114, AS50, , , , , AS50
1660412917, , 33.5475, -117.3602, 3450, 279, 115, AS50, , , , , AS50
1660412917, , 33.5475, -117.3602, 3450, 279, 115, AS50, , , , , AS50
1660412920, , 33.5478, -117.3619, 3450, 280, 116, AS50, , , , , AS50
1660412920, , 33.5478, -117.3619, 3450, 280, 116, AS50, , , , , AS50
1660412926, , 33.5484, -117.366, 3500, 281, 119, AS50, , , , , AS50
1660412929, , 33.5487, -117.3678, 3475, 281, 120, AS50, , , , , AS50
1660412929, , 33.5487, -117.3678, 3475, 281, 120, AS50, , , , , AS50
1660412932, , 33.549, -117.37, 3450, 281, 121, AS50, , , , , AS50
1660412932, , 33.549, -117.37, 3450, 281, 121, AS50, , , , , AS50
1660412938, , 33.5497, -117.3737, 3450, 281, 122, AS50, , , , , AS50
1660412938, , 33.5497, -117.3737, 3450, 281, 122, AS50, , , , , AS50
1660412941, , 33.5499, -117.375, 3450, 281, 121, AS50, , , , , AS50
1660412944, , 33.5504, -117.3775, 3450, 282, 121, AS50, , , , , AS50
1660412944, , 33.5504, -117.3775, 3450, 282, 121, AS50, , , , , AS50
1660412947, , 33.5508, -117.3798, 3475, 282, 121, AS50, , , , , AS50
1660412947, , 33.5508, -117.3798, 3475, 282, 121, AS50, , , , , AS50
1660412949, , 33.551, -117.3808, 3425, 282, 121, AS50, , , , , AS50
1660412949, , 33.551, -117.3808, 3425, 282, 121, AS50, , , , , AS50
1660412954, , 33.5517, -117.3844, 3450, 282, 118, AS50, , , , , AS50
1660412959, , 33.5522, -117.3872, 3450, 282, 120, AS50, , , , , AS50
1660412959, , 33.5522, -117.3872, 3450, 282, 120, AS50, , , , , AS50
1660412962, , 33.5526, -117.3894, 3450, 282, 120, AS50, , , , , AS50
1660412962, , 33.5526, -117.3894, 3450, 282, 120, AS50, , , , , AS50
1660412967, , 33.5532, -117.3924, 3475, 283, 120, AS50, , , , , AS50
1660412973, , 33.5541, -117.3968, 3450, 283, 120, AS50, , , , , AS50
1660412973, , 33.5541, -117.3968, 3450, 283, 120, AS50, , , , , AS50
1660412977, , 33.5545, -117.3984, 3450, 285, 120, AS50, , , , , AS50
1660412977, , 33.5545, -117.3984, 3450, 285, 120, AS50, , , , , AS50
1660412978, , 33.5548, -117.3997, 3425, 286, 119, AS50, , , , , AS50
1660412978, , 33.5548, -117.3997, 3425, 286, 119, AS50, , , , , AS50
1660412986, , 33.5561, -117.4045, 3400, 287, 118, AS50, , , , , AS50
1660412989, , 33.5566, -117.4066, 3400, 287, 119, AS50, , , , , AS50
1660412989, , 33.5566, -117.4066, 3400, 287, 119, AS50, , , , , AS50
1660412992, , 33.557, -117.4081, 3425, 287, 119, AS50, , , , , AS50
1660412992, , 33.557, -117.4081, 3425, 287, 119, AS50, , , , , AS50
1660412998, , 33.558, -117.4116, 3400, 288, 122, AS50, , , , , AS50
1660412998, , 33.558, -117.4116, 3400, 288, 122, AS50, , , , , AS50
1660412998, , 33.558, -117.4116, 3400, 288, 122, AS50, , , , , AS50
1660413002, , 33.5589, -117.415, 3425, 287, 123, AS50, , , , , AS50
