//Timestamp, ICAO, Latitude_deg, Longitude_deg, Altitude_ft, Heading_deg, GroundSpeed_kts, AircraftType, RegistrationNum, Departure, Arrival, FlightNumber1, FlightNumber2
1660401438, , 33.1274, -117.6754, 17075, 292, 246, B350, , , , , B350
1660401438, , 33.1274, -117.6754, 17075, 292, 246, B350, , , , , B350
1660401441, , 33.1284, -117.6783, 17200, 292, 243, B350, , , , , B350
1660401441, , 33.1284, -117.6783, 17200, 292, 243, B350, , , , , B350
1660401444, , 33.1298, -117.6822, 17325, 292, 241, B350, , , , , B350
1660401450, , 33.1326, -117.69, 17550, 293, 236, B350, , , , , B350
1660401450, , 33.1326, -117.69, 17550, 293, 236, B350, , , , , B350
1660401454, , 33.1341, -117.6942, 17675, 293, 232, B350, , , , , B350
1660401454, , 33.1341, -117.6942, 17675, 293, 232, B350, , , , , B350
1660401456, , 33.1351, -117.697, 17775, 293, 232, B350, , , , , B350
1660401456, , 33.1351, -117.697, 17775, 293, 232, B350, , , , , B350
1660401459, , 33.1364, -117.7007, 17875, 293, 230, B350, , , , , B350
1660401459, , 33.1364, -117.7007, 17875, 293, 230, B350, , , , , B350
1660401465, , 33.1383, -117.7059, 18075, 292, 227, B350, , , , , B350
1660401468, , 33.14, -117.7108, 18200, 292, 224, B350, , , , , B350
1660401468, , 33.14, -117.7108, 18200, 292, 224, B350, , , , , B350
1660401474, , 33.1425, -117.7177, 18375, 292, 222, B350, , , , , B350
1660401474, , 33.1425, -117.7177, 18375, 292, 222, B350, , , , , B350
1660401477, , 33.1438, -117.7213, 18475, 293, 221, B350, , , , , B350
1660401477, , 33.1438, -117.7213, 18475, 293, 221, B350, , , , , B350
1660401480, , 33.145, -117.7247, 18575, 292, 220, B350, , , , , B350
1660401486, , 33.1472, -117.7309, 18725, 293, 219, B350, , , , , B350
1660401486, , 33.1472, -117.7309, 18725, 293, 219, B350, , , , , B350
1660401489, , 33.1484, -117.7342, 18825, 293, 217, B350, , , , , B350
1660401489, , 33.1484, -117.7342, 18825, 293, 217, B350, , , , , B350
1660401492, , 33.1497, -117.738, 18925, 293, 217, B350, , , , , B350
1660401492, , 33.1497, -117.738, 18925, 293, 217, B350, , , , , B350
1660401495, , 33.1505, -117.7402, 19025, 293, 216, B350, , , , , B350
1660401502, , 33.1534, -117.7483, 19200, 293, 214, B350, , , , , B350
1660401502, , 33.1534, -117.7483, 19200, 293, 214, B350, , , , , B350
1660401504, , 33.1545, -117.7511, 19300, 293, 214, B350, , , , , B350
1660401504, , 33.1545, -117.7511, 19300, 293, 214, B350, , , , , B350
1660401508, , 33.1557, -117.7545, 19375, 292, 214, B350, , , , , B350
1660401508, , 33.1557, -117.7545, 19375, 292, 214, B350, , , , , B350
1660401514, , 33.158, -117.761, 19525, 292, 212, B350, , , , , B350
1660401517, , 33.159, -117.7638, 19625, 293, 211, B350, , , , , B350
1660401517, , 33.159, -117.7638, 19625, 293, 211, B350, , , , , B350
1660401519, , 33.1603, -117.7674, 19700, 292, 212, B350, , , , , B350
1660401519, , 33.1603, -117.7674, 19700, 292, 212, B350, , , , , B350
1660401526, , 33.1627, -117.7743, 19875, 292, 210, B350, , , , , B350
1660401526, , 33.1627, -117.7743, 19875, 292, 210, B350, , , , , B350
1660401529, , 33.1638, -117.7775, 19950, 293, 209, B350, , , , , B350
1660401529, , 33.1638, -117.7775, 19950, 293, 209, B350, , , , , B350
1660401532, , 33.1647, -117.78, 20025, 292, 209, B350, , , , , B350
1660401538, , 33.1671, -117.7868, 20175, 292, 208, B350, , , , , B350
1660401538, , 33.1671, -117.7868, 20175, 292, 208, B350, , , , , B350
1660401541, , 33.1683, -117.7901, 20275, 292, 207, B350, , , , , B350
1660401541, , 33.1683, -117.7901, 20275, 292, 207, B350, , , , , B350
1660401544, , 33.1695, -117.7934, 20325, 292, 207, B350, , , , , B350
1660401544, , 33.1695, -117.7934, 20325, 292, 207, B350, , , , , B350
1660401550, , 33.1717, -117.7995, 20475, 293, 206, B350, , , , , B350
1660401553, , 33.1728, -117.8025, 20550, 292, 206, B350, , , , , B350
1660401553, , 33.1728, -117.8025, 20550, 292, 206, B350, , , , , B350
1660401556, , 33.1737, -117.8052, 20625, 292, 205, B350, , , , , B350
1660401556, , 33.1737, -117.8052, 20625, 292, 205, B350, , , , , B350
1660401562, , 33.1762, -117.8121, 20775, 292, 205, B350, , , , , B350
1660401562, , 33.1762, -117.8121, 20775, 292, 205, B350, , , , , B350
1660401565, , 33.1772, -117.8151, 20850, 292, 205, B350, , , , , B350
1660401565, , 33.1772, -117.8151, 20850, 292, 205, B350, , , , , B350
1660401568, , 33.1784, -117.8184, 20925, 293, 204, B350, , , , , B350
1660401574, , 33.1806, -117.8246, 21050, 293, 204, B350, , , , , B350
1660401574, , 33.1806, -117.8246, 21050, 293, 204, B350, , , , , B350
1660401577, , 33.1818, -117.8279, 21125, 293, 204, B350, , , , , B350
1660401577, , 33.1818, -117.8279, 21125, 293, 204, B350, , , , , B350
1660401580, , 33.1827, -117.8304, 21200, 293, 204, B350, , , , , B350
1660401580, , 33.1827, -117.8304, 21200, 293, 204, B350, , , , , B350
1660401586, , 33.1851, -117.8373, 21325, 293, 204, B350, , , , , B350
1660401589, , 33.1862, -117.8403, 21400, 293, 204, B350, , , , , B350
1660401589, , 33.1862, -117.8403, 21400, 293, 204, B350, , , , , B350
1660401592, , 33.1872, -117.8432, 21450, 293, 204, B350, , , , , B350
1660401592, , 33.1872, -117.8432, 21450, 293, 204, B350, , , , , B350
1660401598, , 33.1895, -117.8493, 21600, 293, 204, B350, , , , , B350
1660401601, , 33.1907, -117.8526, 21650, 294, 204, B350, , , , , B350
1660401601, , 33.1907, -117.8526, 21650, 294, 204, B350, , , , , B350
1660401604, , 33.1919, -117.8556, 21700, 298, 204, B350, , , , , B350
1660401610, , 33.1946, -117.8607, 21825, 305, 204, B350, , , , , B350
1660401610, , 33.1946, -117.8607, 21825, 305, 204, B350, , , , , B350
1660401613, , 33.1968, -117.864, 21875, 309, 204, B350, , , , , B350
1660401613, , 33.1968, -117.864, 21875, 309, 204, B350, , , , , B350
1660401616, , 33.1986, -117.8663, 21950, 312, 204, B350, , , , , B350
1660401616, , 33.1986, -117.8663, 21950, 312, 204, B350, , , , , B350
1660401622, , 33.2027, -117.8708, 22075, 320, 204, B350, , , , , B350
1660401625, , 33.2052, -117.873, 22125, 323, 204, B350, , , , , B350
1660401625, , 33.2052, -117.873, 22125, 323, 204, B350, , , , , B350
1660401628, , 33.2073, -117.8749, 22175, 323, 205, B350, , , , , B350
1660401628, , 33.2073, -117.8749, 22175, 323, 205, B350, , , , , B350
1660401634, , 33.2121, -117.8792, 22300, 322, 205, B350, , , , , B350
1660401634, , 33.2121, -117.8792, 22300, 322, 205, B350, , , , , B350
1660401637, , 33.2142, -117.8812, 22350, 321, 205, B350, , , , , B350
1660401640, , 33.2165, -117.8834, 22425, 320, 204, B350, , , , , B350
1660401640, , 33.2165, -117.8834, 22425, 320, 204, B350, , , , , B350
1660401646, , 33.2209, -117.8877, 22550, 320, 205, B350, , , , , B350
1660401646, , 33.2209, -117.8877, 22550, 320, 205, B350, , , , , B350
1660401649, , 33.2231, -117.8899, 22600, 319, 205, B350, , , , , B350
1660401649, , 33.2231, -117.8899, 22600, 319, 205, B350, , , , , B350
1660401652, , 33.2255, -117.8923, 22675, 319, 205, B350, , , , , B350
1660401652, , 33.2255, -117.8923, 22675, 319, 205, B350, , , , , B350
1660401658, , 33.2298, -117.8965, 22800, 319, 205, B350, , , , , B350
1660401661, , 33.2319, -117.8987, 22850, 319, 205, B350, , , , , B350
1660401661, , 33.2319, -117.8987, 22850, 319, 205, B350, , , , , B350
1660401664, , 33.2343, -117.901, 22925, 320, 205, B350, , , , , B350
1660401664, , 33.2343, -117.901, 22925, 320, 205, B350, , , , , B350
1660401670, , 33.2384, -117.9052, 23025, 320, 205, B350, , , , , B350
1660401670, , 33.2384, -117.9052, 23025, 320, 205, B350, , , , , B350
1660401673, , 33.2407, -117.9074, 23100, 320, 205, B350, , , , , B350
1660401676, , 33.2428, -117.9094, 23150, 320, 206, B350, , , , , B350
1660401676, , 33.2428, -117.9094, 23150, 320, 206, B350, , , , , B350
1660401682, , 33.2472, -117.9138, 23275, 320, 206, B350, , , , , B350
1660401682, , 33.2472, -117.9138, 23275, 320, 206, B350, , , , , B350
1660401685, , 33.2497, -117.9163, 23325, 320, 206, B350, , , , , B350
1660401685, , 33.2497, -117.9163, 23325, 320, 206, B350, , , , , B350
1660401688, , 33.2519, -117.9184, 23400, 320, 206, B350, , , , , B350
1660401694, , 33.2558, -117.9222, 23500, 320, 206, B350, , , , , B350
1660401694, , 33.2558, -117.9222, 23500, 320, 206, B350, , , , , B350
1660401697, , 33.2585, -117.9249, 23575, 320, 206, B350, , , , , B350
1660401697, , 33.2585, -117.9249, 23575, 320, 206, B350, , , , , B350
1660401700, , 33.2606, -117.927, 23625, 320, 206, B350, , , , , B350
1660401700, , 33.2606, -117.927, 23625, 320, 206, B350, , , , , B350
1660401706, , 33.2651, -117.9313, 23750, 320, 206, B350, , , , , B350
1660401709, , 33.2674, -117.9336, 23800, 320, 206, B350, , , , , B350
1660401709, , 33.2674, -117.9336, 23800, 320, 206, B350, , , , , B350
1660401712, , 33.2695, -117.9356, 23850, 320, 206, B350, , , , , B350
1660401712, , 33.2695, -117.9356, 23850, 320, 206, B350, , , , , B350
1660401715, , 33.272, -117.938, 23925, 320, 205, B350, , , , , B350
1660401715, , 33.272, -117.938, 23925, 320, 205, B350, , , , , B350
1660401719, , 33.2749, -117.9409, 24000, 320, 205, B350, , , , , B350
1660401719, , 33.2749, -117.9409, 24000, 320, 205, B350, , , , , B350
1660401725, , 33.2793, -117.9452, 24125, 320, 205, B350, , , , , B350
1660401728, , 33.2815, -117.9473, 24175, 320, 205, B350, , , , , B350
1660401728, , 33.2815, -117.9473, 24175, 320, 205, B350, , , , , B350
1660401731, , 33.2836, -117.9494, 24225, 320, 205, B350, , , , , B350
1660401731, , 33.2836, -117.9494, 24225, 320, 205, B350, , , , , B350
1660401738, , 33.2883, -117.9539, 24350, 320, 204, B350, , , , , B350
1660401738, , 33.2883, -117.9539, 24350, 320, 204, B350, , , , , B350
1660401740, , 33.2902, -117.9558, 24400, 320, 204, B350, , , , , B350
1660401743, , 33.2924, -117.958, 24475, 320, 204, B350, , , , , B350
1660401743, , 33.2924, -117.958, 24475, 320, 204, B350, , , , , B350
1660401749, , 33.2969, -117.9623, 24600, 320, 204, B350, , , , , B350
1660401749, , 33.2969, -117.9623, 24600, 320, 204, B350, , , , , B350
1660401752, , 33.299, -117.9644, 24650, 320, 203, B350, , , , , B350
1660401756, , 33.3012, -117.9666, 24700, 320, 203, B350, , , , , B350
1660401756, , 33.3012, -117.9666, 24700, 320, 203, B350, , , , , B350
1660401761, , 33.3057, -117.9709, 24825, 320, 203, B350, , , , , B350
1660401761, , 33.3057, -117.9709, 24825, 320, 203, B350, , , , , B350
1660401764, , 33.3078, -117.973, 24875, 320, 203, B350, , , , , B350
1660401764, , 33.3078, -117.973, 24875, 320, 203, B350, , , , , B350
1660401768, , 33.3101, -117.9753, 24925, 320, 203, B350, , , , , B350
1660401774, , 33.3146, -117.9796, 25050, 320, 203, B350, , , , , B350
1660401774, , 33.3146, -117.9796, 25050, 320, 203, B350, , , , , B350
1660401777, , 33.3168, -117.9818, 25100, 320, 203, B350, , , , , B350
1660401777, , 33.3168, -117.9818, 25100, 320, 203, B350, , , , , B350
1660401779, , 33.3186, -117.9836, 25150, 320, 203, B350, , , , , B350
1660401779, , 33.3186, -117.9836, 25150, 320, 203, B350, , , , , B350
1660401786, , 33.3234, -117.9882, 25250, 320, 203, B350, , , , , B350
1660401786, , 33.3234, -117.9882, 25250, 320, 203, B350, , , , , B350
1660401789, , 33.3256, -117.9904, 25300, 320, 204, B350, , , , , B350
1660401792, , 33.3279, -117.9926, 25350, 320, 204, B350, , , , , B350
1660401792, , 33.3279, -117.9926, 25350, 320, 204, B350, , , , , B350
1660401798, , 33.3321, -117.9967, 25450, 320, 204, B350, , , , , B350
1660401798, , 33.3321, -117.9967, 25450, 320, 204, B350, , , , , B350
1660401801, , 33.3344, -117.999, 25500, 320, 204, B350, , , , , B350
1660401801, , 33.3344, -117.999, 25500, 320, 204, B350, , , , , B350
1660401804, , 33.3366, -118.0012, 25550, 320, 204, B350, , , , , B350
1660401809, , 33.3407, -118.0052, 25650, 320, 204, B350, , , , , B350
1660401809, , 33.3407, -118.0052, 25650, 320, 204, B350, , , , , B350
1660401813, , 33.3432, -118.0077, 25700, 320, 204, B350, , , , , B350
1660401813, , 33.3432, -118.0077, 25700, 320, 204, B350, , , , , B350
1660401816, , 33.3451, -118.0095, 25750, 320, 204, B350, , , , , B350
1660401816, , 33.3451, -118.0095, 25750, 320, 204, B350, , , , , B350
1660401822, , 33.3497, -118.014, 25850, 320, 204, B350, , , , , B350
1660401825, , 33.352, -118.0162, 25900, 320, 204, B350, , , , , B350
1660401825, , 33.352, -118.0162, 25900, 320, 204, B350, , , , , B350
1660401828, , 33.3541, -118.0183, 25950, 320, 204, B350, , , , , B350
1660401828, , 33.3541, -118.0183, 25950, 320, 204, B350, , , , , B350
1660401834, , 33.3585, -118.0226, 26025, 320, 204, B350, , , , , B350
1660401834, , 33.3585, -118.0226, 26025, 320, 204, B350, , , , , B350
1660401837, , 33.3607, -118.0248, 26075, 320, 204, B350, , , , , B350
1660401840, , 33.3629, -118.0269, 26125, 320, 204, B350, , , , , B350
1660401840, , 33.3629, -118.0269, 26125, 320, 204, B350, , , , , B350
1660401846, , 33.3672, -118.0311, 26200, 320, 204, B350, , , , , B350
1660401846, , 33.3672, -118.0311, 26200, 320, 204, B350, , , , , B350
1660401849, , 33.3696, -118.0335, 26250, 320, 204, B350, , , , , B350
1660401849, , 33.3696, -118.0335, 26250, 320, 204, B350, , , , , B350
1660401852, , 33.3718, -118.0357, 26300, 320, 204, B350, , , , , B350
1660401856, , 33.3752, -118.039, 26350, 320, 204, B350, , , , , B350
1660401856, , 33.3752, -118.039, 26350, 320, 204, B350, , , , , B350
1660401862, , 33.379, -118.0427, 26425, 320, 204, B350, , , , , B350
1660401862, , 33.379, -118.0427, 26425, 320, 204, B350, , , , , B350
1660401862, , 33.379, -118.0427, 26425, 320, 204, B350, , , , , B350
1660401862, , 33.379, -118.0427, 26425, 320, 204, B350, , , , , B350
1660401870, , 33.3853, -118.0488, 26525, 320, 205, B350, , , , , B350
1660401874, , 33.3878, -118.0513, 26575, 320, 205, B350, , , , , B350
1660401874, , 33.3878, -118.0513, 26575, 320, 205, B350, , , , , B350
1660401877, , 33.3902, -118.0536, 26625, 320, 206, B350, , , , , B350
1660401877, , 33.3902, -118.0536, 26625, 320, 206, B350, , , , , B350
1660401879, , 33.3914, -118.0549, 26650, 320, 206, B350, , , , , B350
1660401879, , 33.3914, -118.0549, 26650, 320, 206, B350, , , , , B350
1660401885, , 33.3963, -118.0596, 26725, 320, 206, B350, , , , , B350
1660401888, , 33.3985, -118.0618, 26775, 320, 206, B350, , , , , B350
1660401888, , 33.3985, -118.0618, 26775, 320, 206, B350, , , , , B350
1660401894, , 33.4028, -118.066, 26850, 320, 206, B350, , , , , B350
1660401894, , 33.4028, -118.066, 26850, 320, 206, B350, , , , , B350
1660401897, , 33.405, -118.0682, 26900, 320, 206, B350, , , , , B350
1660401897, , 33.405, -118.0682, 26900, 320, 206, B350, , , , , B350
1660401901, , 33.408, -118.0711, 26950, 320, 206, B350, , , , , B350
1660401901, , 33.408, -118.0711, 26950, 320, 206, B350, , , , , B350
1660401904, , 33.409, -118.0721, 27000, 320, 206, B350, , , , , B350
1660401906, , 33.4109, -118.0739, 27025, 320, 206, B350, , , , , B350
1660401906, , 33.4109, -118.0739, 27025, 320, 206, B350, , , , , B350
1660401912, , 33.4159, -118.0788, 27125, 320, 206, B350, , , , , B350
1660401912, , 33.4159, -118.0788, 27125, 320, 206, B350, , , , , B350
1660401915, , 33.418, -118.0809, 27150, 320, 206, B350, , , , , B350
1660401921, , 33.4228, -118.0856, 27225, 320, 206, B350, , , , , B350
1660401921, , 33.4228, -118.0856, 27225, 320, 206, B350, , , , , B350
1660401924, , 33.4249, -118.0876, 27275, 320, 206, B350, , , , , B350
1660401924, , 33.4249, -118.0876, 27275, 320, 206, B350, , , , , B350
1660401927, , 33.4268, -118.0896, 27300, 320, 206, B350, , , , , B350
1660401927, , 33.4268, -118.0896, 27300, 320, 206, B350, , , , , B350
1660401933, , 33.4317, -118.0943, 27375, 320, 207, B350, , , , , B350
1660401936, , 33.4338, -118.0964, 27425, 320, 207, B350, , , , , B350
1660401936, , 33.4338, -118.0964, 27425, 320, 207, B350, , , , , B350
1660401939, , 33.4359, -118.0985, 27450, 320, 207, B350, , , , , B350
1660401939, , 33.4359, -118.0985, 27450, 320, 207, B350, , , , , B350
1660401945, , 33.4406, -118.103, 27525, 320, 208, B350, , , , , B350
1660401945, , 33.4406, -118.103, 27525, 320, 208, B350, , , , , B350
1660401948, , 33.4429, -118.1054, 27575, 320, 208, B350, , , , , B350
1660401948, , 33.4429, -118.1054, 27575, 320, 208, B350, , , , , B350
1660401951, , 33.4452, -118.1077, 27600, 320, 208, B350, , , , , B350
1660401957, , 33.4497, -118.1121, 27675, 320, 208, B350, , , , , B350
1660401957, , 33.4497, -118.1121, 27675, 320, 208, B350, , , , , B350
1660401961, , 33.4515, -118.1138, 27700, 320, 209, B350, , , , , B350
1660401961, , 33.4515, -118.1138, 27700, 320, 209, B350, , , , , B350
1660401964, , 33.4544, -118.1167, 27750, 320, 209, B350, , , , , B350
1660401964, , 33.4544, -118.1167, 27750, 320, 209, B350, , , , , B350
1660401969, , 33.4587, -118.1209, 27825, 320, 209, B350, , , , , B350
1660401973, , 33.461, -118.1231, 27875, 320, 209, B350, , , , , B350
1660401973, , 33.461, -118.1231, 27875, 320, 209, B350, , , , , B350
1660401976, , 33.4633, -118.1254, 27925, 320, 210, B350, , , , , B350
1660401976, , 33.4633, -118.1254, 27925, 320, 210, B350, , , , , B350
1660401981, , 33.4676, -118.1296, 27975, 320, 211, B350, , , , , B350
1660401985, , 33.4703, -118.1322, 28000, 320, 212, B350, , , , , B350
1660401985, , 33.4703, -118.1322, 28000, 320, 212, B350, , , , , B350
1660401988, , 33.4725, -118.1344, 28000, 320, 215, B350, , , , , B350
1660401988, , 33.4725, -118.1344, 28000, 320, 215, B350, , , , , B350
1660401994, , 33.4773, -118.1391, 28000, 320, 220, B350, , , , , B350
1660401994, , 33.4773, -118.1391, 28000, 320, 220, B350, , , , , B350
1660401997, , 33.4793, -118.1411, 28000, 320, 221, B350, , , , , B350
1660401997, , 33.4793, -118.1411, 28000, 320, 221, B350, , , , , B350
1660402000, , 33.4822, -118.1439, 28000, 320, 224, B350, , , , , B350
1660402006, , 33.487, -118.1487, 28000, 320, 228, B350, , , , , B350
1660402006, , 33.487, -118.1487, 28000, 320, 228, B350, , , , , B350
1660402008, , 33.489, -118.1506, 28000, 320, 230, B350, , , , , B350
1660402008, , 33.489, -118.1506, 28000, 320, 230, B350, , , , , B350
1660402012, , 33.4917, -118.1533, 28000, 320, 232, B350, , , , , B350
1660402012, , 33.4917, -118.1533, 28000, 320, 232, B350, , , , , B350
1660402017, , 33.4959, -118.1575, 28000, 320, 235, B350, , , , , B350
1660402020, , 33.4984, -118.1599, 28000, 320, 237, B350, , , , , B350
1660402020, , 33.4984, -118.1599, 28000, 320, 237, B350, , , , , B350
1660402025, , 33.5033, -118.1648, 28000, 320, 240, B350, , , , , B350
1660402025, , 33.5033, -118.1648, 28000, 320, 240, B350, , , , , B350
1660402028, , 33.506, -118.1674, 28000, 320, 242, B350, , , , , B350
1660402028, , 33.506, -118.1674, 28000, 320, 242, B350, , , , , B350
1660402031, , 33.5086, -118.17, 28000, 320, 243, B350, , , , , B350
1660402031, , 33.5086, -118.17, 28000, 320, 243, B350, , , , , B350
1660402038, , 33.5142, -118.1754, 28000, 320, 247, B350, , , , , B350
1660402040, , 33.516, -118.1772, 28000, 320, 248, B350, , , , , B350
1660402040, , 33.516, -118.1772, 28000, 320, 248, B350, , , , , B350
1660402044, , 33.5196, -118.1808, 28000, 320, 250, B350, , , , , B350
1660402044, , 33.5196, -118.1808, 28000, 320, 250, B350, , , , , B350
1660402050, , 33.5248, -118.1859, 28000, 320, 252, B350, , , , , B350
1660402050, , 33.5248, -118.1859, 28000, 320, 252, B350, , , , , B350
1660402053, , 33.5276, -118.1887, 28000, 320, 254, B350, , , , , B350
1660402056, , 33.5305, -118.1915, 28000, 320, 255, B350, , , , , B350
1660402056, , 33.5305, -118.1915, 28000, 320, 255, B350, , , , , B350
1660402062, , 33.5359, -118.1968, 28000, 320, 257, B350, , , , , B350
1660402062, , 33.5359, -118.1968, 28000, 320, 257, B350, , , , , B350
1660402065, , 33.5386, -118.1994, 28000, 320, 259, B350, , , , , B350
1660402065, , 33.5386, -118.1994, 28000, 320, 259, B350, , , , , B350
1660402069, , 33.5428, -118.2037, 28000, 320, 260, B350, , , , , B350
1660402072, , 33.5449, -118.2057, 28000, 320, 262, B350, , , , , B350
1660402072, , 33.5449, -118.2057, 28000, 320, 262, B350, , , , , B350
1660402078, , 33.5513, -118.212, 28000, 320, 264, B350, , , , , B350
1660402078, , 33.5513, -118.212, 28000, 320, 264, B350, , , , , B350
1660402081, , 33.5541, -118.2148, 28000, 320, 264, B350, , , , , B350
1660402081, , 33.5541, -118.2148, 28000, 320, 264, B350, , , , , B350
1660402084, , 33.5567, -118.2173, 28000, 320, 265, B350, , , , , B350
1660402084, , 33.5567, -118.2173, 28000, 320, 265, B350, , , , , B350
1660402087, , 33.5596, -118.2202, 28000, 320, 267, B350, , , , , B350
1660402093, , 33.5653, -118.2258, 28000, 320, 268, B350, , , , , B350
1660402093, , 33.5653, -118.2258, 28000, 320, 268, B350, , , , , B350
1660402096, , 33.5686, -118.2291, 28000, 320, 268, B350, , , , , B350
1660402096, , 33.5686, -118.2291, 28000, 320, 268, B350, , , , , B350
1660402099, , 33.5714, -118.2317, 28000, 321, 269, B350, , , , , B350
1660402099, , 33.5714, -118.2317, 28000, 321, 269, B350, , , , , B350
1660402105, , 33.5775, -118.2367, 28000, 327, 272, B350, , , , , B350
1660402108, , 33.5808, -118.239, 28000, 330, 273, B350, , , , , B350
1660402108, , 33.5808, -118.239, 28000, 330, 273, B350, , , , , B350
1660402112, , 33.5842, -118.241, 28000, 333, 274, B350, , , , , B350
1660402112, , 33.5842, -118.241, 28000, 333, 274, B350, , , , , B350
1660402118, , 33.5917, -118.245, 28000, 337, 275, B350, , , , , B350
1660402118, , 33.5917, -118.245, 28000, 337, 275, B350, , , , , B350
1660402119, , 33.5935, -118.2459, 28000, 337, 276, B350, , , , , B350
1660402119, , 33.5935, -118.2459, 28000, 337, 276, B350, , , , , B350
1660402124, , 33.5988, -118.2485, 28000, 338, 277, B350, , , , , B350
1660402126, , 33.6013, -118.2496, 28000, 340, 278, B350, , , , , B350
1660402126, , 33.6013, -118.2496, 28000, 340, 278, B350, , , , , B350
1660402126, , 33.6013, -118.2496, 28000, 340, 278, B350, , , , , B350
1660402126, , 33.6013, -118.2496, 28000, 340, 278, B350, , , , , B350
1660402126, , 33.6013, -118.2496, 28000, 340, 278, B350, , , , , B350
1660402126, , 33.6013, -118.2496, 28000, 340, 278, B350, , , , , B350
1660402142, , 33.6213, -118.2557, 28000, 347, 280, B350, , , , , B350
1660402145, , 33.6252, -118.2567, 28000, 347, 282, B350, , , , , B350
1660402145, , 33.6252, -118.2567, 28000, 347, 282, B350, , , , , B350
1660402148, , 33.6282, -118.2576, 28000, 346, 282, B350, , , , , B350
1660402148, , 33.6282, -118.2576, 28000, 346, 282, B350, , , , , B350
1660402154, , 33.6367, -118.26, 28000, 346, 283, B350, , , , , B350
1660402154, , 33.6367, -118.26, 28000, 346, 283, B350, , , , , B350
1660402157, , 33.6404, -118.2611, 28000, 346, 283, B350, , , , , B350
1660402157, , 33.6404, -118.2611, 28000, 346, 283, B350, , , , , B350
1660402160, , 33.6442, -118.2623, 28000, 345, 283, B350, , , , , B350
1660402166, , 33.652, -118.2646, 28000, 345, 284, B350, , , , , B350
1660402166, , 33.652, -118.2646, 28000, 345, 284, B350, , , , , B350
1660402168, , 33.6556, -118.2657, 28000, 345, 284, B350, , , , , B350
1660402168, , 33.6556, -118.2657, 28000, 345, 284, B350, , , , , B350
1660402172, , 33.6596, -118.267, 28000, 345, 285, B350, , , , , B350
1660402172, , 33.6596, -118.267, 28000, 345, 285, B350, , , , , B350
1660402178, , 33.6674, -118.2693, 28000, 345, 285, B350, , , , , B350
1660402181, , 33.6713, -118.2705, 28000, 345, 286, B350, , , , , B350
1660402181, , 33.6713, -118.2705, 28000, 345, 286, B350, , , , , B350
1660402184, , 33.6754, -118.2718, 28000, 345, 287, B350, , , , , B350
1660402184, , 33.6754, -118.2718, 28000, 345, 287, B350, , , , , B350
1660402190, , 33.6827, -118.2741, 28000, 345, 288, B350, , , , , B350
1660402190, , 33.6827, -118.2741, 28000, 345, 288, B350, , , , , B350
1660402193, , 33.6868, -118.2753, 28000, 345, 289, B350, , , , , B350
1660402193, , 33.6868, -118.2753, 28000, 345, 289, B350, , , , , B350
1660402196, , 33.6904, -118.2764, 28000, 345, 289, B350, , , , , B350
1660402202, , 33.699, -118.279, 28000, 345, 290, B350, , , , , B350
1660402202, , 33.699, -118.279, 28000, 345, 290, B350, , , , , B350
1660402205, , 33.7028, -118.2802, 28000, 345, 289, B350, , , , , B350
1660402210, , 33.7085, -118.2819, 28000, 345, 289, B350, , , , , B350
1660402210, , 33.7085, -118.2819, 28000, 345, 289, B350, , , , , B350
1660402213, , 33.7125, -118.2831, 28000, 345, 290, B350, , , , , B350
1660402213, , 33.7125, -118.2831, 28000, 345, 290, B350, , , , , B350
1660402216, , 33.7163, -118.2843, 28000, 345, 290, B350, , , , , B350
1660402216, , 33.7163, -118.2843, 28000, 345, 290, B350, , , , , B350
1660402222, , 33.7245, -118.2868, 28000, 345, 290, B350, , , , , B350
1660402222, , 33.7245, -118.2868, 28000, 345, 290, B350, , , , , B350
1660402225, , 33.7286, -118.288, 28000, 345, 291, B350, , , , , B350
1660402228, , 33.7323, -118.2891, 28000, 345, 291, B350, , , , , B350
1660402228, , 33.7323, -118.2891, 28000, 345, 291, B350, , , , , B350
1660402234, , 33.7404, -118.2916, 28000, 345, 291, B350, , , , , B350
1660402234, , 33.7404, -118.2916, 28000, 345, 291, B350, , , , , B350
1660402234, , 33.7404, -118.2916, 28000, 345, 291, B350, , , , , B350
1660402234, , 33.7404, -118.2916, 28000, 345, 291, B350, , , , , B350
1660402240, , 33.7483, -118.2939, 28000, 345, 292, B350, , , , , B350
1660402240, , 33.7483, -118.2939, 28000, 345, 292, B350, , , , , B350
1660402240, , 33.7483, -118.2939, 28000, 345, 292, B350, , , , , B350
1660402240, , 33.7483, -118.2939, 28000, 345, 292, B350, , , , , B350
1660402240, , 33.7483, -118.2939, 28000, 345, 292, B350, , , , , B350
1660402240, , 33.7483, -118.2939, 28000, 345, 292, B350, , , , , B350
1660402240, , 33.7483, -118.2939, 28000, 345, 292, B350, , , , , B350
1660402240, , 33.7483, -118.2939, 28000, 345, 292, B350, , , , , B350
1660402240, , 33.7483, -118.2939, 28000, 345, 292, B350, , , , , B350
1660413565, , 33.7502, -118.0149, 24700, 134, 306, B350, , , , , B350
1660413565, , 33.7502, -118.0149, 24700, 134, 306, B350, , , , , B350
1660413569, , 33.7467, -118.0107, 24675, 134, 305, B350, , , , , B350
1660413569, , 33.7467, -118.0107, 24675, 134, 305, B350, , , , , B350
1660413573, , 33.7421, -118.0052, 24625, 135, 306, B350, , , , , B350
1660413577, , 33.7383, -118.0007, 24600, 135, 305, B350, , , , , B350
1660413577, , 33.7383, -118.0007, 24600, 135, 305, B350, , , , , B350
1660413581, , 33.7358, -117.9977, 24550, 135, 306, B350, , , , , B350
1660413581, , 33.7358, -117.9977, 24550, 135, 306, B350, , , , , B350
1660413585, , 33.7307, -117.9917, 24525, 135, 305, B350, , , , , B350
1660413585, , 33.7307, -117.9917, 24525, 135, 305, B350, , , , , B350
1660413587, , 33.7283, -117.9889, 24500, 135, 304, B350, , , , , B350
1660413591, , 33.7244, -117.9844, 24450, 135, 305, B350, , , , , B350
1660413591, , 33.7244, -117.9844, 24450, 135, 305, B350, , , , , B350
1660413595, , 33.721, -117.9804, 24400, 135, 305, B350, , , , , B350
1660413595, , 33.721, -117.9804, 24400, 135, 305, B350, , , , , B350
1660413599, , 33.716, -117.9746, 24375, 135, 304, B350, , , , , B350
1660413603, , 33.7118, -117.9696, 24325, 135, 306, B350, , , , , B350
1660413603, , 33.7118, -117.9696, 24325, 135, 306, B350, , , , , B350
1660413607, , 33.7078, -117.965, 24300, 135, 304, B350, , , , , B350
1660413607, , 33.7078, -117.965, 24300, 135, 304, B350, , , , , B350
1660413611, , 33.7034, -117.9599, 24250, 135, 304, B350, , , , , B350
1660413611, , 33.7034, -117.9599, 24250, 135, 304, B350, , , , , B350
1660413615, , 33.6999, -117.9557, 24200, 135, 304, B350, , , , , B350
1660413619, , 33.696, -117.9512, 24175, 135, 304, B350, , , , , B350
1660413619, , 33.696, -117.9512, 24175, 135, 304, B350, , , , , B350
1660413623, , 33.692, -117.9465, 24125, 135, 305, B350, , , , , B350
1660413623, , 33.692, -117.9465, 24125, 135, 305, B350, , , , , B350
1660413627, , 33.6875, -117.9413, 24100, 135, 305, B350, , , , , B350
1660413627, , 33.6875, -117.9413, 24100, 135, 305, B350, , , , , B350
1660413631, , 33.6839, -117.937, 24050, 135, 305, B350, , , , , B350
1660413635, , 33.6799, -117.9324, 24025, 135, 304, B350, , , , , B350
1660413635, , 33.6799, -117.9324, 24025, 135, 304, B350, , , , , B350
1660413639, , 33.676, -117.9277, 23975, 135, 304, B350, , , , , B350
1660413643, , 33.6717, -117.9227, 23925, 135, 305, B350, , , , , B350
1660413643, , 33.6717, -117.9227, 23925, 135, 305, B350, , , , , B350
1660413647, , 33.6677, -117.9181, 23900, 135, 305, B350, , , , , B350
1660413647, , 33.6677, -117.9181, 23900, 135, 305, B350, , , , , B350
1660413651, , 33.6648, -117.9147, 23850, 135, 305, B350, , , , , B350
1660413651, , 33.6648, -117.9147, 23850, 135, 305, B350, , , , , B350
1660413655, , 33.6592, -117.908, 23800, 135, 305, B350, , , , , B350
1660413660, , 33.6541, -117.9021, 23750, 135, 305, B350, , , , , B350
1660413660, , 33.6541, -117.9021, 23750, 135, 305, B350, , , , , B350
1660413664, , 33.6504, -117.8977, 23725, 135, 304, B350, , , , , B350
1660413664, , 33.6504, -117.8977, 23725, 135, 304, B350, , , , , B350
1660413668, , 33.6467, -117.8933, 23675, 135, 304, B350, , , , , B350
1660413668, , 33.6467, -117.8933, 23675, 135, 304, B350, , , , , B350
1660413672, , 33.6426, -117.8885, 23600, 135, 306, B350, , , , , B350
1660413676, , 33.6386, -117.8838, 23500, 135, 308, B350, , , , , B350
1660413676, , 33.6386, -117.8838, 23500, 135, 308, B350, , , , , B350
1660413680, , 33.6351, -117.8796, 23400, 135, 309, B350, , , , , B350
1660413680, , 33.6351, -117.8796, 23400, 135, 309, B350, , , , , B350
1660413684, , 33.6298, -117.8734, 23325, 135, 310, B350, , , , , B350
1660413684, , 33.6298, -117.8734, 23325, 135, 310, B350, , , , , B350
1660413688, , 33.6259, -117.8688, 23225, 135, 311, B350, , , , , B350
1660413693, , 33.6209, -117.8628, 23125, 135, 313, B350, , , , , B350
1660413693, , 33.6209, -117.8628, 23125, 135, 313, B350, , , , , B350
1660413697, , 33.6163, -117.8575, 23025, 135, 314, B350, , , , , B350
1660413697, , 33.6163, -117.8575, 23025, 135, 314, B350, , , , , B350
1660413701, , 33.6119, -117.8523, 22925, 135, 316, B350, , , , , B350
1660413701, , 33.6119, -117.8523, 22925, 135, 316, B350, , , , , B350
1660413705, , 33.6076, -117.8473, 22850, 135, 316, B350, , , , , B350
1660413709, , 33.6062, -117.8455, 22775, 135, 317, B350, , , , , B350
1660413709, , 33.6062, -117.8455, 22775, 135, 317, B350, , , , , B350
1660413713, , 33.6008, -117.8391, 22700, 135, 317, B350, , , , , B350
1660413713, , 33.6008, -117.8391, 22700, 135, 317, B350, , , , , B350
1660413717, , 33.5972, -117.8349, 22575, 135, 318, B350, , , , , B350
1660413717, , 33.5972, -117.8349, 22575, 135, 318, B350, , , , , B350
1660413721, , 33.5916, -117.8283, 22500, 135, 318, B350, , , , , B350
1660413725, , 33.587, -117.8229, 22400, 135, 320, B350, , , , , B350
1660413725, , 33.587, -117.8229, 22400, 135, 320, B350, , , , , B350
1660413729, , 33.5835, -117.8188, 22300, 135, 320, B350, , , , , B350
1660413729, , 33.5835, -117.8188, 22300, 135, 320, B350, , , , , B350
1660413733, , 33.5788, -117.8133, 22225, 135, 321, B350, , , , , B350
1660413733, , 33.5788, -117.8133, 22225, 135, 321, B350, , , , , B350
1660413737, , 33.5754, -117.8091, 22125, 135, 321, B350, , , , , B350
1660413741, , 33.5712, -117.8043, 22025, 135, 321, B350, , , , , B350
1660413741, , 33.5712, -117.8043, 22025, 135, 321, B350, , , , , B350
1660413745, , 33.5663, -117.7986, 21950, 135, 322, B350, , , , , B350
1660413745, , 33.5663, -117.7986, 21950, 135, 322, B350, , , , , B350
1660413749, , 33.5625, -117.794, 21850, 135, 322, B350, , , , , B350
1660413749, , 33.5625, -117.794, 21850, 135, 322, B350, , , , , B350
1660413753, , 33.5586, -117.7895, 21750, 135, 323, B350, , , , , B350
1660413757, , 33.5542, -117.7843, 21700, 135, 323, B350, , , , , B350
1660413757, , 33.5542, -117.7843, 21700, 135, 323, B350, , , , , B350
1660413761, , 33.5491, -117.7784, 21600, 135, 323, B350, , , , , B350
1660413761, , 33.5491, -117.7784, 21600, 135, 323, B350, , , , , B350
1660413765, , 33.5452, -117.7737, 21475, 135, 323, B350, , , , , B350
1660413765, , 33.5452, -117.7737, 21475, 135, 323, B350, , , , , B350
1660413769, , 33.54, -117.7677, 21400, 135, 323, B350, , , , , B350
1660413773, , 33.5374, -117.7646, 21300, 135, 323, B350, , , , , B350
1660413773, , 33.5374, -117.7646, 21300, 135, 323, B350, , , , , B350
1660413777, , 33.5323, -117.7586, 21225, 135, 324, B350, , , , , B350
1660413777, , 33.5323, -117.7586, 21225, 135, 324, B350, , , , , B350
1660413781, , 33.5276, -117.753, 21125, 135, 324, B350, , , , , B350
1660413781, , 33.5276, -117.753, 21125, 135, 324, B350, , , , , B350
1660413785, , 33.5235, -117.7483, 21025, 135, 324, B350, , , , , B350
1660413789, , 33.5202, -117.7444, 20950, 135, 325, B350, , , , , B350
1660413789, , 33.5202, -117.7444, 20950, 135, 325, B350, , , , , B350
1660413793, , 33.5156, -117.7389, 20850, 135, 325, B350, , , , , B350
1660413793, , 33.5156, -117.7389, 20850, 135, 325, B350, , , , , B350
1660413797, , 33.5109, -117.7334, 20750, 135, 325, B350, , , , , B350
1660413797, , 33.5109, -117.7334, 20750, 135, 325, B350, , , , , B350
1660413801, , 33.5071, -117.7289, 20675, 135, 325, B350, , , , , B350
1660413805, , 33.5018, -117.7228, 20575, 135, 325, B350, , , , , B350
1660413805, , 33.5018, -117.7228, 20575, 135, 325, B350, , , , , B350
1660413809, , 33.4978, -117.7181, 20500, 135, 326, B350, , , , , B350
1660413809, , 33.4978, -117.7181, 20500, 135, 326, B350, , , , , B350
1660413813, , 33.4941, -117.7136, 20400, 135, 326, B350, , , , , B350
1660413813, , 33.4941, -117.7136, 20400, 135, 326, B350, , , , , B350
1660413817, , 33.4882, -117.7068, 20275, 135, 326, B350, , , , , B350
1660413821, , 33.486, -117.7041, 20200, 135, 328, B350, , , , , B350
1660413821, , 33.486, -117.7041, 20200, 135, 328, B350, , , , , B350
1660413825, , 33.4804, -117.6976, 20125, 135, 326, B350, , , , , B350
1660413825, , 33.4804, -117.6976, 20125, 135, 326, B350, , , , , B350
1660413829, , 33.4783, -117.6951, 20025, 135, 326, B350, , , , , B350
1660413829, , 33.4783, -117.6951, 20025, 135, 326, B350, , , , , B350
1660413833, , 33.4714, -117.687, 19925, 135, 326, B350, , , , , B350
1660413837, , 33.4675, -117.6824, 19850, 135, 326, B350, , , , , B350
1660413837, , 33.4675, -117.6824, 19850, 135, 326, B350, , , , , B350
1660413841, , 33.4629, -117.6771, 19725, 135, 327, B350, , , , , B350
1660413841, , 33.4629, -117.6771, 19725, 135, 327, B350, , , , , B350
1660413845, , 33.4586, -117.672, 19650, 135, 327, B350, , , , , B350
1660413845, , 33.4586, -117.672, 19650, 135, 327, B350, , , , , B350
1660413849, , 33.4547, -117.6674, 19550, 135, 328, B350, , , , , B350
1660413853, , 33.4513, -117.6635, 19475, 135, 328, B350, , , , , B350
1660413853, , 33.4513, -117.6635, 19475, 135, 328, B350, , , , , B350
1660413857, , 33.4458, -117.6571, 19350, 135, 327, B350, , , , , B350
1660413857, , 33.4458, -117.6571, 19350, 135, 327, B350, , , , , B350
1660413861, , 33.4415, -117.652, 19275, 135, 327, B350, , , , , B350
1660413865, , 33.4382, -117.6482, 19175, 135, 327, B350, , , , , B350
1660413865, , 33.4382, -117.6482, 19175, 135, 327, B350, , , , , B350
1660413869, , 33.433, -117.6421, 19100, 135, 327, B350, , , , , B350
1660413869, , 33.433, -117.6421, 19100, 135, 327, B350, , , , , B350
1660413873, , 33.4284, -117.6367, 19000, 135, 327, B350, , , , , B350
1660413873, , 33.4284, -117.6367, 19000, 135, 327, B350, , , , , B350
1660413878, , 33.423, -117.6303, 18875, 135, 326, B350, , , , , B350
1660413882, , 33.4187, -117.6254, 18800, 135, 326, B350, , , , , B350
1660413882, , 33.4187, -117.6254, 18800, 135, 326, B350, , , , , B350
1660413886, , 33.4155, -117.6216, 18700, 135, 326, B350, , , , , B350
1660413886, , 33.4155, -117.6216, 18700, 135, 326, B350, , , , , B350
1660413886, , 33.4155, -117.6216, 18700, 135, 326, B350, , , , , B350
1660413886, , 33.4155, -117.6216, 18700, 135, 326, B350, , , , , B350
1660413891, , 33.4105, -117.6158, 18600, 135, 326, B350, , , , , B350
1660413895, , 33.4057, -117.6101, 18500, 135, 326, B350, , , , , B350
1660413895, , 33.4057, -117.6101, 18500, 135, 326, B350, , , , , B350
1660413899, , 33.4006, -117.6041, 18400, 135, 326, B350, , , , , B350
1660413899, , 33.4006, -117.6041, 18400, 135, 326, B350, , , , , B350
1660413903, , 33.3955, -117.5982, 18300, 135, 327, B350, , , , , B350
1660413909, , 33.3886, -117.5901, 18150, 135, 327, B350, , , , , B350
1660413909, , 33.3886, -117.5901, 18150, 135, 327, B350, , , , , B350
1660413912, , 33.3853, -117.5863, 18075, 135, 328, B350, , , , , B350
1660413912, , 33.3853, -117.5863, 18075, 135, 328, B350, , , , , B350
1660413915, , 33.3823, -117.5827, 18000, 135, 327, B350, , , , , B350
1660413915, , 33.3823, -117.5827, 18000, 135, 327, B350, , , , , B350
1660413921, , 33.3763, -117.5758, 17875, 135, 327, B350, , , , , B350
1660413924, , 33.3723, -117.5711, 17800, 135, 326, B350, , , , , B350
1660413924, , 33.3723, -117.5711, 17800, 135, 326, B350, , , , , B350
1660413927, , 33.3697, -117.5681, 17750, 135, 327, B350, , , , , B350
1660413927, , 33.3697, -117.5681, 17750, 135, 327, B350, , , , , B350
1660413933, , 33.3629, -117.5601, 17600, 135, 327, B350, , , , , B350
1660413933, , 33.3629, -117.5601, 17600, 135, 327, B350, , , , , B350
1660413936, , 33.3593, -117.5559, 17525, 135, 327, B350, , , , , B350
1660413939, , 33.3564, -117.5525, 17450, 135, 327, B350, , , , , B350
1660413939, , 33.3564, -117.5525, 17450, 135, 327, B350, , , , , B350
1660413945, , 33.3504, -117.5455, 17250, 135, 328, B350, , , , , B350
1660413945, , 33.3504, -117.5455, 17250, 135, 328, B350, , , , , B350
1660413948, , 33.3465, -117.5409, 17200, 135, 328, B350, , , , , B350
1660413948, , 33.3465, -117.5409, 17200, 135, 328, B350, , , , , B350
1660413952, , 33.3432, -117.5371, 17125, 135, 327, B350, , , , , B350
1660413952, , 33.3432, -117.5371, 17125, 135, 327, B350, , , , , B350
1660413957, , 33.3365, -117.5293, 17000, 135, 327, B350, , , , , B350
1660413960, , 33.3332, -117.5255, 16925, 135, 326, B350, , , , , B350
1660413960, , 33.3332, -117.5255, 16925, 135, 326, B350, , , , , B350
1660413963, , 33.3299, -117.5216, 16850, 135, 326, B350, , , , , B350
1660413963, , 33.3299, -117.5216, 16850, 135, 326, B350, , , , , B350
1660413969, , 33.3235, -117.5142, 16725, 135, 325, B350, , , , , B350
1660413972, , 33.3202, -117.5103, 16650, 135, 325, B350, , , , , B350
1660413972, , 33.3202, -117.5103, 16650, 135, 325, B350, , , , , B350
1660413975, , 33.3169, -117.5065, 16575, 135, 325, B350, , , , , B350
1660413975, , 33.3169, -117.5065, 16575, 135, 325, B350, , , , , B350
1660413981, , 33.3113, -117.5, 16450, 135, 325, B350, , , , , B350
1660413981, , 33.3113, -117.5, 16450, 135, 325, B350, , , , , B350
1660413985, , 33.3071, -117.4951, 16375, 135, 325, B350, , , , , B350
1660413987, , 33.304, -117.4915, 16325, 135, 325, B350, , , , , B350
1660413987, , 33.304, -117.4915, 16325, 135, 325, B350, , , , , B350
1660413994, , 33.2976, -117.484, 16175, 135, 325, B350, , , , , B350
1660413994, , 33.2976, -117.484, 16175, 135, 325, B350, , , , , B350
1660413997, , 33.2942, -117.4801, 16100, 135, 326, B350, , , , , B350
1660413997, , 33.2942, -117.4801, 16100, 135, 326, B350, , , , , B350
1660414000, , 33.2907, -117.4761, 16025, 135, 326, B350, , , , , B350
1660414006, , 33.2842, -117.4685, 15900, 135, 327, B350, , , , , B350
1660414006, , 33.2842, -117.4685, 15900, 135, 327, B350, , , , , B350
1660414009, , 33.2809, -117.4646, 15825, 135, 327, B350, , , , , B350
1660414009, , 33.2809, -117.4646, 15825, 135, 327, B350, , , , , B350
1660414012, , 33.2794, -117.4629, 15750, 135, 327, B350, , , , , B350
1660414012, , 33.2794, -117.4629, 15750, 135, 327, B350, , , , , B350
1660414018, , 33.2714, -117.4535, 15625, 135, 327, B350, , , , , B350
1660414021, , 33.268, -117.4496, 15550, 135, 327, B350, , , , , B350
1660414021, , 33.268, -117.4496, 15550, 135, 327, B350, , , , , B350
1660414024, , 33.2646, -117.4456, 15475, 135, 327, B350, , , , , B350
1660414024, , 33.2646, -117.4456, 15475, 135, 327, B350, , , , , B350
1660414030, , 33.2581, -117.4381, 15325, 135, 326, B350, , , , , B350
1660414032, , 33.2553, -117.4348, 15275, 135, 326, B350, , , , , B350
1660414032, , 33.2553, -117.4348, 15275, 135, 326, B350, , , , , B350
1660414035, , 33.2521, -117.431, 15200, 135, 326, B350, , , , , B350
1660414035, , 33.2521, -117.431, 15200, 135, 326, B350, , , , , B350
1660414041, , 33.2463, -117.4247, 15075, 139, 326, B350, , , , , B350
1660414041, , 33.2463, -117.4247, 15075, 139, 326, B350, , , , , B350
1660414044, , 33.2419, -117.4205, 15000, 140, 325, B350, , , , , B350
1660414046, , 33.2412, -117.4198, 14975, 146, 324, B350, , , , , B350
1660414046, , 33.2412, -117.4198, 14975, 146, 324, B350, , , , , B350
1660414052, , 33.2323, -117.4137, 14950, 153, 320, B350, , , , , B350
1660414052, , 33.2323, -117.4137, 14950, 153, 320, B350, , , , , B350
1660414057, , 33.2281, -117.4115, 14950, 158, 316, B350, , , , , B350
1660414057, , 33.2281, -117.4115, 14950, 158, 316, B350, , , , , B350
1660414057, , 33.2281, -117.4115, 14950, 158, 316, B350, , , , , B350
1660414066, , 33.213, -117.4052, 14950, 162, 310, B350, , , , , B350
1660414066, , 33.213, -117.4052, 14950, 162, 310, B350, , , , , B350
1660414069, , 33.2099, -117.404, 14950, 162, 308, B350, , , , , B350
1660414069, , 33.2099, -117.404, 14950, 162, 308, B350, , , , , B350
1660414072, , 33.2056, -117.4023, 14950, 162, 307, B350, , , , , B350
1660414078, , 33.197, -117.3989, 14950, 161, 304, B350, , , , , B350
1660414078, , 33.197, -117.3989, 14950, 161, 304, B350, , , , , B350
1660414081, , 33.1932, -117.3974, 14950, 161, 302, B350, , , , , B350
1660414081, , 33.1932, -117.3974, 14950, 161, 302, B350, , , , , B350
1660414084, , 33.1895, -117.3959, 14950, 161, 302, B350, , , , , B350
1660414090, , 33.1818, -117.3928, 14950, 161, 300, B350, , , , , B350
1660414090, , 33.1818, -117.3928, 14950, 161, 300, B350, , , , , B350
1660414093, , 33.1771, -117.3909, 14950, 160, 299, B350, , , , , B350
1660414093, , 33.1771, -117.3909, 14950, 160, 299, B350, , , , , B350
1660414096, , 33.1732, -117.3893, 14950, 160, 298, B350, , , , , B350
1660414096, , 33.1732, -117.3893, 14950, 160, 298, B350, , , , , B350
1660414102, , 33.1653, -117.3859, 14950, 160, 296, B350, , , , , B350
1660414105, , 33.1619, -117.3845, 14950, 160, 296, B350, , , , , B350
1660414105, , 33.1619, -117.3845, 14950, 160, 296, B350, , , , , B350
1660414108, , 33.1579, -117.3828, 14950, 160, 295, B350, , , , , B350
1660414108, , 33.1579, -117.3828, 14950, 160, 295, B350, , , , , B350
1660414114, , 33.1501, -117.3796, 14950, 160, 294, B350, , , , , B350
1660414117, , 33.1469, -117.3783, 14950, 160, 294, B350, , , , , B350
1660414117, , 33.1469, -117.3783, 14950, 160, 294, B350, , , , , B350
1660414118, , 33.1454, -117.3776, 14950, 160, 293, B350, , , , , B350
1660414118, , 33.1454, -117.3776, 14950, 160, 293, B350, , , , , B350
1660414123, , 33.141, -117.3757, 14950, 160, 293, B350, , , , , B350
1660414123, , 33.141, -117.3757, 14950, 160, 293, B350, , , , , B350
1660414129, , 33.1311, -117.3716, 14950, 160, 292, B350, , , , , B350
1660414132, , 33.1267, -117.3697, 14950, 160, 292, B350, , , , , B350
1660414132, , 33.1267, -117.3697, 14950, 160, 292, B350, , , , , B350
