//Timestamp, ICAO, Latitude_deg, Longitude_deg, Altitude_ft, Heading_deg, GroundSpeed_kts, AircraftType, RegistrationNum, Departure, Arrival, FlightNumber1, FlightNumber2
1660403292, , 33.3517, -117.2512, 725, 194, 79, BE33, , , , , BE33
1660403292, , 33.3517, -117.2512, 725, 194, 79, BE33, , , , , BE33
1660403295, , 33.3507, -117.2515, 750, 194, 81, BE33, , , , , BE33
1660403295, , 33.3507, -117.2515, 750, 194, 81, BE33, , , , , BE33
1660403302, , 33.3483, -117.2522, 825, 193, 87, BE33, , , , , BE33
1660403305, , 33.3471, -117.2525, 875, 192, 89, BE33, , , , , BE33
1660403305, , 33.3471, -117.2525, 875, 192, 89, BE33, , , , , BE33
1660403308, , 33.3458, -117.2529, 925, 193, 92, BE33, , , , , BE33
1660403308, , 33.3458, -117.2529, 925, 193, 92, BE33, , , , , BE33
1660403313, , 33.3434, -117.2536, 1000, 193, 95, BE33, , , , , BE33
1660403313, , 33.3434, -117.2536, 1000, 193, 95, BE33, , , , , BE33
1660403317, , 33.342, -117.254, 1050, 192, 96, BE33, , , , , BE33
1660403320, , 33.3407, -117.2541, 1100, 180, 95, BE33, , , , , BE33
1660403320, , 33.3407, -117.2541, 1100, 180, 95, BE33, , , , , BE33
1660403326, , 33.3381, -117.2532, 1200, 152, 96, BE33, , , , , BE33
1660403326, , 33.3381, -117.2532, 1200, 152, 96, BE33, , , , , BE33
1660403329, , 33.337, -117.2521, 1250, 136, 97, BE33, , , , , BE33
1660403329, , 33.337, -117.2521, 1250, 136, 97, BE33, , , , , BE33
1660403332, , 33.3363, -117.251, 1275, 122, 97, BE33, , , , , BE33
1660403332, , 33.3363, -117.251, 1275, 122, 97, BE33, , , , , BE33
1660403337, , 33.3356, -117.2479, 1375, 93, 95, BE33, , , , , BE33
1660403340, , 33.3358, -117.2464, 1425, 76, 93, BE33, , , , , BE33
1660403340, , 33.3358, -117.2464, 1425, 76, 93, BE33, , , , , BE33
1660403344, , 33.3365, -117.2449, 1475, 58, 92, BE33, , , , , BE33
1660403344, , 33.3365, -117.2449, 1475, 58, 92, BE33, , , , , BE33
1660403350, , 33.3384, -117.243, 1525, 29, 98, BE33, , , , , BE33
1660403350, , 33.3384, -117.243, 1525, 29, 98, BE33, , , , , BE33
1660403353, , 33.3396, -117.2423, 1575, 23, 99, BE33, , , , , BE33
1660403356, , 33.341, -117.2417, 1625, 20, 99, BE33, , , , , BE33
1660403356, , 33.341, -117.2417, 1625, 20, 99, BE33, , , , , BE33
1660403362, , 33.3436, -117.2407, 1700, 17, 99, BE33, , , , , BE33
1660403362, , 33.3436, -117.2407, 1700, 17, 99, BE33, , , , , BE33
1660403365, , 33.345, -117.2401, 1750, 17, 100, BE33, , , , , BE33
1660403365, , 33.345, -117.2401, 1750, 17, 100, BE33, , , , , BE33
1660403368, , 33.3463, -117.2396, 1800, 16, 101, BE33, , , , , BE33
1660403374, , 33.349, -117.2387, 1875, 17, 102, BE33, , , , , BE33
1660403374, , 33.349, -117.2387, 1875, 17, 102, BE33, , , , , BE33
1660403377, , 33.3506, -117.2381, 1925, 16, 104, BE33, , , , , BE33
1660403377, , 33.3506, -117.2381, 1925, 16, 104, BE33, , , , , BE33
1660403380, , 33.3517, -117.2377, 1950, 17, 104, BE33, , , , , BE33
1660403380, , 33.3517, -117.2377, 1950, 17, 104, BE33, , , , , BE33
1660403386, , 33.3546, -117.2367, 2025, 17, 105, BE33, , , , , BE33
1660403389, , 33.3561, -117.2361, 2075, 16, 106, BE33, , , , , BE33
1660403389, , 33.3561, -117.2361, 2075, 16, 106, BE33, , , , , BE33
1660403392, , 33.3574, -117.2357, 2125, 16, 107, BE33, , , , , BE33
1660403392, , 33.3574, -117.2357, 2125, 16, 107, BE33, , , , , BE33
1660403526, , 33.4292, -117.2356, 3725, 314, 122, BE33, , , , , BE33
1660403529, , 33.4305, -117.2372, 3750, 314, 122, BE33, , , , , BE33
1660403529, , 33.4305, -117.2372, 3750, 314, 122, BE33, , , , , BE33
1660403532, , 33.4316, -117.2386, 3775, 314, 123, BE33, , , , , BE33
1660403532, , 33.4316, -117.2386, 3775, 314, 123, BE33, , , , , BE33
1660403538, , 33.434, -117.2416, 3850, 313, 123, BE33, , , , , BE33
1660403538, , 33.434, -117.2416, 3850, 313, 123, BE33, , , , , BE33
1660403541, , 33.4352, -117.2431, 3900, 314, 123, BE33, , , , , BE33
1660403544, , 33.4364, -117.2446, 3925, 314, 123, BE33, , , , , BE33
1660403544, , 33.4364, -117.2446, 3925, 314, 123, BE33, , , , , BE33
1660403550, , 33.4388, -117.2476, 4000, 313, 123, BE33, , , , , BE33
1660403550, , 33.4388, -117.2476, 4000, 313, 123, BE33, , , , , BE33
1660403552, , 33.4397, -117.2487, 4050, 312, 122, BE33, , , , , BE33
1660403552, , 33.4397, -117.2487, 4050, 312, 122, BE33, , , , , BE33
1660403556, , 33.4412, -117.2506, 4075, 312, 123, BE33, , , , , BE33
1660403562, , 33.4435, -117.2537, 4125, 313, 125, BE33, , , , , BE33
1660403562, , 33.4435, -117.2537, 4125, 313, 125, BE33, , , , , BE33
1660403565, , 33.4448, -117.2552, 4150, 313, 125, BE33, , , , , BE33
1660403565, , 33.4448, -117.2552, 4150, 313, 125, BE33, , , , , BE33
1660403568, , 33.446, -117.2567, 4200, 313, 125, BE33, , , , , BE33
1660403568, , 33.446, -117.2567, 4200, 313, 125, BE33, , , , , BE33
1660403573, , 33.4481, -117.2594, 4250, 312, 125, BE33, , , , , BE33
1660403573, , 33.4481, -117.2594, 4250, 312, 125, BE33, , , , , BE33
1660403577, , 33.4494, -117.2611, 4300, 312, 125, BE33, , , , , BE33
1660403580, , 33.4507, -117.2627, 4325, 313, 125, BE33, , , , , BE33
1660403580, , 33.4507, -117.2627, 4325, 313, 125, BE33, , , , , BE33
1660403586, , 33.4531, -117.2658, 4400, 314, 125, BE33, , , , , BE33
1660403586, , 33.4531, -117.2658, 4400, 314, 125, BE33, , , , , BE33
1660403589, , 33.4543, -117.2672, 4425, 313, 125, BE33, , , , , BE33
1660403589, , 33.4543, -117.2672, 4425, 313, 125, BE33, , , , , BE33
1660403592, , 33.4555, -117.2687, 4450, 313, 125, BE33, , , , , BE33
1660403598, , 33.4579, -117.2719, 4525, 312, 125, BE33, , , , , BE33
1660403598, , 33.4579, -117.2719, 4525, 312, 125, BE33, , , , , BE33
1660403601, , 33.459, -117.2732, 4550, 312, 125, BE33, , , , , BE33
1660403601, , 33.459, -117.2732, 4550, 312, 125, BE33, , , , , BE33
1660403604, , 33.4602, -117.2748, 4600, 312, 125, BE33, , , , , BE33
1660403604, , 33.4602, -117.2748, 4600, 312, 125, BE33, , , , , BE33
1660403608, , 33.4618, -117.2769, 4625, 312, 124, BE33, , , , , BE33
1660403608, , 33.4618, -117.2769, 4625, 312, 124, BE33, , , , , BE33
1660403614, , 33.4642, -117.28, 4700, 312, 124, BE33, , , , , BE33
1660403617, , 33.4651, -117.2811, 4750, 313, 124, BE33, , , , , BE33
1660403617, , 33.4651, -117.2811, 4750, 313, 124, BE33, , , , , BE33
1660403620, , 33.4665, -117.2829, 4775, 313, 124, BE33, , , , , BE33
1660403620, , 33.4665, -117.2829, 4775, 313, 124, BE33, , , , , BE33
1660403626, , 33.469, -117.286, 4850, 313, 124, BE33, , , , , BE33
1660403626, , 33.469, -117.286, 4850, 313, 124, BE33, , , , , BE33
1660403629, , 33.4702, -117.2875, 4875, 313, 123, BE33, , , , , BE33
1660403632, , 33.4714, -117.289, 4925, 313, 121, BE33, , , , , BE33
1660403632, , 33.4714, -117.289, 4925, 313, 121, BE33, , , , , BE33
1660403638, , 33.4735, -117.2917, 5000, 312, 120, BE33, , , , , BE33
1660403638, , 33.4735, -117.2917, 5000, 312, 120, BE33, , , , , BE33
1660403641, , 33.4746, -117.2931, 5050, 313, 119, BE33, , , , , BE33
1660403641, , 33.4746, -117.2931, 5050, 313, 119, BE33, , , , , BE33
1660403644, , 33.4758, -117.2946, 5075, 313, 120, BE33, , , , , BE33
1660403647, , 33.4771, -117.2963, 5125, 313, 120, BE33, , , , , BE33
1660403647, , 33.4771, -117.2963, 5125, 313, 120, BE33, , , , , BE33
1660403652, , 33.479, -117.2987, 5175, 312, 120, BE33, , , , , BE33
1660403652, , 33.479, -117.2987, 5175, 312, 120, BE33, , , , , BE33
1660403655, , 33.4802, -117.3002, 5200, 312, 119, BE33, , , , , BE33
1660403655, , 33.4802, -117.3002, 5200, 312, 119, BE33, , , , , BE33
1660403661, , 33.4822, -117.3028, 5275, 312, 119, BE33, , , , , BE33
1660403664, , 33.4834, -117.3044, 5300, 312, 120, BE33, , , , , BE33
1660403664, , 33.4834, -117.3044, 5300, 312, 120, BE33, , , , , BE33
1660403670, , 33.4858, -117.3074, 5375, 313, 120, BE33, , , , , BE33
1660403670, , 33.4858, -117.3074, 5375, 313, 120, BE33, , , , , BE33
1660403673, , 33.487, -117.3089, 5400, 313, 120, BE33, , , , , BE33
1660403673, , 33.487, -117.3089, 5400, 313, 120, BE33, , , , , BE33
1660403676, , 33.4882, -117.3104, 5425, 312, 120, BE33, , , , , BE33
1660403676, , 33.4882, -117.3104, 5425, 312, 120, BE33, , , , , BE33
1660403682, , 33.4904, -117.3132, 5500, 313, 121, BE33, , , , , BE33
1660403685, , 33.4915, -117.3147, 5525, 313, 121, BE33, , , , , BE33
1660403685, , 33.4915, -117.3147, 5525, 313, 121, BE33, , , , , BE33
1660403688, , 33.4927, -117.3161, 5550, 314, 122, BE33, , , , , BE33
1660403688, , 33.4927, -117.3161, 5550, 314, 122, BE33, , , , , BE33
1660403691, , 33.4939, -117.3176, 5575, 313, 123, BE33, , , , , BE33
1660403691, , 33.4939, -117.3176, 5575, 313, 123, BE33, , , , , BE33
1660403697, , 33.4962, -117.3205, 5650, 313, 123, BE33, , , , , BE33
1660403700, , 33.4975, -117.3223, 5650, 312, 123, BE33, , , , , BE33
1660403700, , 33.4975, -117.3223, 5650, 312, 123, BE33, , , , , BE33
1660403703, , 33.4988, -117.3238, 5700, 313, 124, BE33, , , , , BE33
1660403703, , 33.4988, -117.3238, 5700, 313, 124, BE33, , , , , BE33
1660403709, , 33.5011, -117.3267, 5750, 314, 125, BE33, , , , , BE33
1660403709, , 33.5011, -117.3267, 5750, 314, 125, BE33, , , , , BE33
1660403713, , 33.5027, -117.3287, 5775, 314, 125, BE33, , , , , BE33
1660403716, , 33.504, -117.3301, 5800, 314, 125, BE33, , , , , BE33
1660403716, , 33.504, -117.3301, 5800, 314, 125, BE33, , , , , BE33
1660403719, , 33.5044, -117.3306, 5825, 313, 126, BE33, , , , , BE33
1660403719, , 33.5044, -117.3306, 5825, 313, 126, BE33, , , , , BE33
1660403726, , 33.5076, -117.3348, 5850, 312, 130, BE33, , , , , BE33
1660403726, , 33.5076, -117.3348, 5850, 312, 130, BE33, , , , , BE33
1660403729, , 33.5088, -117.3363, 5875, 313, 131, BE33, , , , , BE33
1660403729, , 33.5088, -117.3363, 5875, 313, 131, BE33, , , , , BE33
1660403732, , 33.5103, -117.3381, 5900, 313, 131, BE33, , , , , BE33
1660403738, , 33.5129, -117.3414, 5950, 314, 132, BE33, , , , , BE33
1660403738, , 33.5129, -117.3414, 5950, 314, 132, BE33, , , , , BE33
1660403741, , 33.5138, -117.3425, 5975, 314, 131, BE33, , , , , BE33
1660403741, , 33.5138, -117.3425, 5975, 314, 131, BE33, , , , , BE33
1660403743, , 33.5153, -117.3442, 6000, 314, 131, BE33, , , , , BE33
1660403743, , 33.5153, -117.3442, 6000, 314, 131, BE33, , , , , BE33
1660403750, , 33.5179, -117.3476, 6050, 312, 132, BE33, , , , , BE33
1660403752, , 33.5191, -117.3491, 6075, 312, 132, BE33, , , , , BE33
1660403752, , 33.5191, -117.3491, 6075, 312, 132, BE33, , , , , BE33
1660403755, , 33.5202, -117.3505, 6100, 313, 133, BE33, , , , , BE33
1660403755, , 33.5202, -117.3505, 6100, 313, 133, BE33, , , , , BE33
1660403762, , 33.523, -117.354, 6150, 314, 132, BE33, , , , , BE33
1660403762, , 33.523, -117.354, 6150, 314, 132, BE33, , , , , BE33
1660403765, , 33.5242, -117.3555, 6175, 314, 133, BE33, , , , , BE33
1660403768, , 33.5257, -117.3573, 6200, 314, 132, BE33, , , , , BE33
1660403768, , 33.5257, -117.3573, 6200, 314, 132, BE33, , , , , BE33
1660403774, , 33.5282, -117.3604, 6250, 313, 132, BE33, , , , , BE33
1660403774, , 33.5282, -117.3604, 6250, 313, 132, BE33, , , , , BE33
1660403776, , 33.5293, -117.3618, 6275, 313, 133, BE33, , , , , BE33
1660403776, , 33.5293, -117.3618, 6275, 313, 133, BE33, , , , , BE33
1660403780, , 33.5306, -117.3634, 6300, 312, 132, BE33, , , , , BE33
1660403786, , 33.5331, -117.3667, 6350, 313, 132, BE33, , , , , BE33
1660403786, , 33.5331, -117.3667, 6350, 313, 132, BE33, , , , , BE33
1660403789, , 33.5346, -117.3685, 6375, 313, 132, BE33, , , , , BE33
1660403789, , 33.5346, -117.3685, 6375, 313, 132, BE33, , , , , BE33
1660403792, , 33.5357, -117.3699, 6400, 314, 132, BE33, , , , , BE33
1660403792, , 33.5357, -117.3699, 6400, 314, 132, BE33, , , , , BE33
1660403798, , 33.5381, -117.3729, 6450, 313, 132, BE33, , , , , BE33
1660403801, , 33.5395, -117.3746, 6475, 313, 133, BE33, , , , , BE33
1660403801, , 33.5395, -117.3746, 6475, 313, 133, BE33, , , , , BE33
1660403804, , 33.541, -117.3766, 6475, 312, 134, BE33, , , , , BE33
1660403804, , 33.541, -117.3766, 6475, 312, 134, BE33, , , , , BE33
1660403807, , 33.5417, -117.3774, 6475, 312, 135, BE33, , , , , BE33
1660403807, , 33.5417, -117.3774, 6475, 312, 135, BE33, , , , , BE33
1660403812, , 33.5443, -117.3808, 6500, 313, 138, BE33, , , , , BE33
1660403812, , 33.5443, -117.3808, 6500, 313, 138, BE33, , , , , BE33
1660403818, , 33.5472, -117.3844, 6500, 314, 140, BE33, , , , , BE33
1660403821, , 33.5485, -117.386, 6500, 315, 142, BE33, , , , , BE33
1660403821, , 33.5485, -117.386, 6500, 315, 142, BE33, , , , , BE33
1660403824, , 33.5499, -117.3877, 6500, 314, 144, BE33, , , , , BE33
1660403824, , 33.5499, -117.3877, 6500, 314, 144, BE33, , , , , BE33
1660403830, , 33.5528, -117.3912, 6500, 313, 146, BE33, , , , , BE33
1660403830, , 33.5528, -117.3912, 6500, 313, 146, BE33, , , , , BE33
1660403833, , 33.5542, -117.3929, 6500, 313, 147, BE33, , , , , BE33
1660403836, , 33.5555, -117.3947, 6475, 313, 149, BE33, , , , , BE33
1660403836, , 33.5555, -117.3947, 6475, 313, 149, BE33, , , , , BE33
1660403842, , 33.5584, -117.3983, 6475, 313, 151, BE33, , , , , BE33
1660403842, , 33.5584, -117.3983, 6475, 313, 151, BE33, , , , , BE33
1660403845, , 33.5599, -117.4001, 6475, 314, 152, BE33, , , , , BE33
1660403845, , 33.5599, -117.4001, 6475, 314, 152, BE33, , , , , BE33
1660403848, , 33.5616, -117.4022, 6475, 314, 152, BE33, , , , , BE33
1660403851, , 33.5628, -117.4037, 6500, 313, 151, BE33, , , , , BE33
1660403851, , 33.5628, -117.4037, 6500, 313, 151, BE33, , , , , BE33
1660403858, , 33.5662, -117.408, 6500, 313, 152, BE33, , , , , BE33
1660403858, , 33.5662, -117.408, 6500, 313, 152, BE33, , , , , BE33
1660403860, , 33.5674, -117.4095, 6525, 313, 149, BE33, , , , , BE33
1660403860, , 33.5674, -117.4095, 6525, 313, 149, BE33, , , , , BE33
1660403863, , 33.569, -117.4114, 6575, 313, 147, BE33, , , , , BE33
1660403869, , 33.5717, -117.4148, 6650, 314, 144, BE33, , , , , BE33
1660403869, , 33.5717, -117.4148, 6650, 314, 144, BE33, , , , , BE33
1660403872, , 33.5726, -117.4159, 6675, 313, 142, BE33, , , , , BE33
1660403872, , 33.5726, -117.4159, 6675, 313, 142, BE33, , , , , BE33
1660403875, , 33.5744, -117.4182, 6700, 313, 142, BE33, , , , , BE33
1660403875, , 33.5744, -117.4182, 6700, 313, 142, BE33, , , , , BE33
1660403881, , 33.5772, -117.4219, 6750, 312, 138, BE33, , , , , BE33
1660403884, , 33.5783, -117.4233, 6800, 312, 136, BE33, , , , , BE33
1660403884, , 33.5783, -117.4233, 6800, 312, 136, BE33, , , , , BE33
1660403887, , 33.5794, -117.4248, 6850, 312, 133, BE33, , , , , BE33
1660403887, , 33.5794, -117.4248, 6850, 312, 133, BE33, , , , , BE33
1660403893, , 33.582, -117.4282, 6925, 312, 130, BE33, , , , , BE33
1660403893, , 33.582, -117.4282, 6925, 312, 130, BE33, , , , , BE33
1660403897, , 33.5834, -117.4299, 6950, 312, 130, BE33, , , , , BE33
1660403900, , 33.5846, -117.4315, 6975, 312, 130, BE33, , , , , BE33
1660403900, , 33.5846, -117.4315, 6975, 312, 130, BE33, , , , , BE33
1660403905, , 33.5871, -117.4348, 7025, 311, 130, BE33, , , , , BE33
1660403905, , 33.5871, -117.4348, 7025, 311, 130, BE33, , , , , BE33
1660403909, , 33.5884, -117.4364, 7050, 312, 130, BE33, , , , , BE33
1660403909, , 33.5884, -117.4364, 7050, 312, 130, BE33, , , , , BE33
1660403911, , 33.5895, -117.4379, 7075, 312, 130, BE33, , , , , BE33
1660403911, , 33.5895, -117.4379, 7075, 312, 130, BE33, , , , , BE33
1660403917, , 33.592, -117.4411, 7125, 313, 130, BE33, , , , , BE33
1660403921, , 33.5933, -117.4427, 7125, 313, 130, BE33, , , , , BE33
1660403921, , 33.5933, -117.4427, 7125, 313, 130, BE33, , , , , BE33
1660403924, , 33.5946, -117.4444, 7150, 312, 129, BE33, , , , , BE33
1660403924, , 33.5946, -117.4444, 7150, 312, 129, BE33, , , , , BE33
1660403929, , 33.5968, -117.4473, 7200, 312, 128, BE33, , , , , BE33
1660403929, , 33.5968, -117.4473, 7200, 312, 128, BE33, , , , , BE33
1660403933, , 33.5982, -117.4491, 7225, 313, 128, BE33, , , , , BE33
1660403935, , 33.5993, -117.4505, 7250, 313, 128, BE33, , , , , BE33
1660403935, , 33.5993, -117.4505, 7250, 313, 128, BE33, , , , , BE33
1660403942, , 33.602, -117.4538, 7300, 314, 128, BE33, , , , , BE33
1660403942, , 33.602, -117.4538, 7300, 314, 128, BE33, , , , , BE33
1660403945, , 33.6032, -117.4553, 7325, 313, 128, BE33, , , , , BE33
1660403945, , 33.6032, -117.4553, 7325, 313, 128, BE33, , , , , BE33
1660403948, , 33.6044, -117.4568, 7350, 312, 128, BE33, , , , , BE33
1660403953, , 33.6065, -117.4596, 7400, 312, 126, BE33, , , , , BE33
1660403953, , 33.6065, -117.4596, 7400, 312, 126, BE33, , , , , BE33
1660403957, , 33.6078, -117.4613, 7425, 312, 126, BE33, , , , , BE33
1660403957, , 33.6078, -117.4613, 7425, 312, 126, BE33, , , , , BE33
1660403959, , 33.6089, -117.4627, 7450, 313, 126, BE33, , , , , BE33
1660403959, , 33.6089, -117.4627, 7450, 313, 126, BE33, , , , , BE33
1660403966, , 33.6116, -117.4661, 7525, 313, 125, BE33, , , , , BE33
1660403966, , 33.6116, -117.4661, 7525, 313, 125, BE33, , , , , BE33
1660403969, , 33.6129, -117.4676, 7525, 313, 125, BE33, , , , , BE33
1660403972, , 33.6138, -117.4689, 7575, 313, 125, BE33, , , , , BE33
1660403972, , 33.6138, -117.4689, 7575, 313, 125, BE33, , , , , BE33
1660403978, , 33.6163, -117.472, 7600, 312, 125, BE33, , , , , BE33
1660403978, , 33.6163, -117.472, 7600, 312, 125, BE33, , , , , BE33
1660403981, , 33.6174, -117.4736, 7625, 312, 125, BE33, , , , , BE33
1660403981, , 33.6174, -117.4736, 7625, 312, 125, BE33, , , , , BE33
1660403984, , 33.6187, -117.4751, 7650, 312, 125, BE33, , , , , BE33
1660403990, , 33.6211, -117.4782, 7700, 313, 125, BE33, , , , , BE33
1660403990, , 33.6211, -117.4782, 7700, 313, 125, BE33, , , , , BE33
1660403993, , 33.6222, -117.4796, 7725, 313, 124, BE33, , , , , BE33
1660403993, , 33.6222, -117.4796, 7725, 313, 124, BE33, , , , , BE33
1660403995, , 33.6233, -117.481, 7750, 314, 125, BE33, , , , , BE33
1660403995, , 33.6233, -117.481, 7750, 314, 125, BE33, , , , , BE33
1660404002, , 33.6258, -117.4841, 7800, 314, 125, BE33, , , , , BE33
1660404005, , 33.6271, -117.4856, 7825, 314, 125, BE33, , , , , BE33
1660404005, , 33.6271, -117.4856, 7825, 314, 125, BE33, , , , , BE33
1660404007, , 33.6283, -117.4872, 7850, 313, 124, BE33, , , , , BE33
1660404014, , 33.6306, -117.4901, 7900, 313, 124, BE33, , , , , BE33
1660404014, , 33.6306, -117.4901, 7900, 313, 124, BE33, , , , , BE33
1660404017, , 33.6316, -117.4913, 7925, 312, 123, BE33, , , , , BE33
1660404017, , 33.6316, -117.4913, 7925, 312, 123, BE33, , , , , BE33
1660404020, , 33.6329, -117.4931, 7950, 312, 124, BE33, , , , , BE33
1660404020, , 33.6329, -117.4931, 7950, 312, 124, BE33, , , , , BE33
1660404026, , 33.6354, -117.4963, 8000, 312, 123, BE33, , , , , BE33
1660404029, , 33.6367, -117.498, 8025, 313, 123, BE33, , , , , BE33
1660404029, , 33.6367, -117.498, 8025, 313, 123, BE33, , , , , BE33
1660404032, , 33.6376, -117.4991, 8050, 313, 124, BE33, , , , , BE33
1660404032, , 33.6376, -117.4991, 8050, 313, 124, BE33, , , , , BE33
1660404037, , 33.6397, -117.5017, 8100, 314, 123, BE33, , , , , BE33
1660404037, , 33.6397, -117.5017, 8100, 314, 123, BE33, , , , , BE33
1660404041, , 33.6413, -117.5038, 8125, 313, 123, BE33, , , , , BE33
1660404044, , 33.6424, -117.5051, 8150, 312, 123, BE33, , , , , BE33
1660404044, , 33.6424, -117.5051, 8150, 312, 123, BE33, , , , , BE33
1660404050, , 33.6448, -117.5083, 8200, 312, 123, BE33, , , , , BE33
1660404050, , 33.6448, -117.5083, 8200, 312, 123, BE33, , , , , BE33
1660404053, , 33.646, -117.5098, 8225, 313, 123, BE33, , , , , BE33
1660404053, , 33.646, -117.5098, 8225, 313, 123, BE33, , , , , BE33
1660404056, , 33.6472, -117.5113, 8250, 313, 123, BE33, , , , , BE33
1660404062, , 33.6497, -117.5144, 8300, 313, 123, BE33, , , , , BE33
1660404062, , 33.6497, -117.5144, 8300, 313, 123, BE33, , , , , BE33
1660404065, , 33.6507, -117.5158, 8325, 313, 123, BE33, , , , , BE33
1660404065, , 33.6507, -117.5158, 8325, 313, 123, BE33, , , , , BE33
1660404068, , 33.6519, -117.5173, 8350, 313, 123, BE33, , , , , BE33
1660404068, , 33.6519, -117.5173, 8350, 313, 123, BE33, , , , , BE33
1660404074, , 33.6543, -117.5203, 8400, 313, 123, BE33, , , , , BE33
1660404077, , 33.6555, -117.5219, 8425, 313, 123, BE33, , , , , BE33
1660404077, , 33.6555, -117.5219, 8425, 313, 123, BE33, , , , , BE33
1660404081, , 33.6566, -117.5232, 8450, 314, 123, BE33, , , , , BE33
1660404081, , 33.6566, -117.5232, 8450, 314, 123, BE33, , , , , BE33
1660404084, , 33.6581, -117.5252, 8475, 313, 123, BE33, , , , , BE33
1660404084, , 33.6581, -117.5252, 8475, 313, 123, BE33, , , , , BE33
1660404090, , 33.6605, -117.5281, 8525, 313, 122, BE33, , , , , BE33
1660404093, , 33.6617, -117.5296, 8550, 313, 123, BE33, , , , , BE33
1660404093, , 33.6617, -117.5296, 8550, 313, 123, BE33, , , , , BE33
1660404095, , 33.6627, -117.5309, 8575, 312, 122, BE33, , , , , BE33
1660404095, , 33.6627, -117.5309, 8575, 312, 122, BE33, , , , , BE33
1660404102, , 33.6652, -117.5341, 8625, 313, 123, BE33, , , , , BE33
1660404102, , 33.6652, -117.5341, 8625, 313, 123, BE33, , , , , BE33
1660404104, , 33.6661, -117.5352, 8650, 313, 122, BE33, , , , , BE33
1660404107, , 33.6673, -117.5368, 8675, 313, 122, BE33, , , , , BE33
1660404107, , 33.6673, -117.5368, 8675, 313, 122, BE33, , , , , BE33
1660404114, , 33.6698, -117.5399, 8725, 314, 122, BE33, , , , , BE33
1660404114, , 33.6698, -117.5399, 8725, 314, 122, BE33, , , , , BE33
1660404116, , 33.6706, -117.541, 8725, 314, 122, BE33, , , , , BE33
1660404116, , 33.6706, -117.541, 8725, 314, 122, BE33, , , , , BE33
1660404120, , 33.6716, -117.5422, 8775, 313, 121, BE33, , , , , BE33
1660404120, , 33.6716, -117.5422, 8775, 313, 121, BE33, , , , , BE33
1660404124, , 33.6736, -117.5448, 8825, 312, 120, BE33, , , , , BE33
1660404130, , 33.6761, -117.5479, 8875, 313, 118, BE33, , , , , BE33
1660404130, , 33.6761, -117.5479, 8875, 313, 118, BE33, , , , , BE33
1660404133, , 33.6772, -117.5493, 8900, 313, 119, BE33, , , , , BE33
1660404133, , 33.6772, -117.5493, 8900, 313, 119, BE33, , , , , BE33
1660404135, , 33.678, -117.5503, 8925, 313, 119, BE33, , , , , BE33
1660404135, , 33.678, -117.5503, 8925, 313, 119, BE33, , , , , BE33
1660404140, , 33.6796, -117.5523, 8950, 313, 120, BE33, , , , , BE33
1660404145, , 33.6817, -117.555, 8975, 312, 121, BE33, , , , , BE33
1660404145, , 33.6817, -117.555, 8975, 312, 121, BE33, , , , , BE33
1660404149, , 33.6834, -117.5573, 9000, 312, 121, BE33, , , , , BE33
1660404149, , 33.6834, -117.5573, 9000, 312, 121, BE33, , , , , BE33
1660404152, , 33.6846, -117.5588, 9025, 313, 122, BE33, , , , , BE33
1660404155, , 33.6857, -117.5602, 9050, 313, 123, BE33, , , , , BE33
1660404155, , 33.6857, -117.5602, 9050, 313, 123, BE33, , , , , BE33
1660404161, , 33.6882, -117.5633, 9075, 314, 123, BE33, , , , , BE33
1660404161, , 33.6882, -117.5633, 9075, 314, 123, BE33, , , , , BE33
1660404164, , 33.6891, -117.5644, 9100, 313, 125, BE33, , , , , BE33
1660404164, , 33.6891, -117.5644, 9100, 313, 125, BE33, , , , , BE33
1660404167, , 33.6905, -117.5662, 9100, 313, 127, BE33, , , , , BE33
1660404173, , 33.6929, -117.5693, 9125, 313, 128, BE33, , , , , BE33
1660404173, , 33.6929, -117.5693, 9125, 313, 128, BE33, , , , , BE33
1660404176, , 33.694, -117.5706, 9150, 313, 128, BE33, , , , , BE33
1660404176, , 33.694, -117.5706, 9150, 313, 128, BE33, , , , , BE33
1660404179, , 33.6954, -117.5724, 9175, 314, 128, BE33, , , , , BE33
1660404179, , 33.6954, -117.5724, 9175, 314, 128, BE33, , , , , BE33
1660404185, , 33.698, -117.5755, 9200, 313, 128, BE33, , , , , BE33
1660404185, , 33.698, -117.5755, 9200, 313, 128, BE33, , , , , BE33
1660404188, , 33.6992, -117.5771, 9225, 313, 128, BE33, , , , , BE33
1660404194, , 33.7012, -117.5796, 9250, 313, 129, BE33, , , , , BE33
1660404194, , 33.7012, -117.5796, 9250, 313, 129, BE33, , , , , BE33
1660404194, , 33.7012, -117.5796, 9250, 313, 129, BE33, , , , , BE33
1660404194, , 33.7012, -117.5796, 9250, 313, 129, BE33, , , , , BE33
1660404200, , 33.7039, -117.583, 9300, 313, 128, BE33, , , , , BE33
1660404206, , 33.7064, -117.5862, 9325, 313, 128, BE33, , , , , BE33
1660404206, , 33.7064, -117.5862, 9325, 313, 128, BE33, , , , , BE33
1660404209, , 33.7077, -117.5877, 9350, 313, 128, BE33, , , , , BE33
1660404209, , 33.7077, -117.5877, 9350, 313, 128, BE33, , , , , BE33
1660404212, , 33.7088, -117.5892, 9375, 313, 128, BE33, , , , , BE33
1660404212, , 33.7088, -117.5892, 9375, 313, 128, BE33, , , , , BE33
1660404215, , 33.7101, -117.5909, 9400, 313, 128, BE33, , , , , BE33
1660404222, , 33.7128, -117.5943, 9450, 313, 128, BE33, , , , , BE33
1660404222, , 33.7128, -117.5943, 9450, 313, 128, BE33, , , , , BE33
1660404225, , 33.7144, -117.5962, 9450, 313, 128, BE33, , , , , BE33
1660404225, , 33.7144, -117.5962, 9450, 313, 128, BE33, , , , , BE33
1660404228, , 33.7157, -117.5979, 9475, 313, 128, BE33, , , , , BE33
1660404228, , 33.7157, -117.5979, 9475, 313, 128, BE33, , , , , BE33
1660404234, , 33.7179, -117.6007, 9525, 313, 128, BE33, , , , , BE33
1660404237, , 33.719, -117.6021, 9550, 312, 128, BE33, , , , , BE33
1660404237, , 33.719, -117.6021, 9550, 312, 128, BE33, , , , , BE33
1660404239, , 33.7198, -117.6031, 9550, 312, 128, BE33, , , , , BE33
1660404239, , 33.7198, -117.6031, 9550, 312, 128, BE33, , , , , BE33
1660404243, , 33.7217, -117.6055, 9575, 313, 128, BE33, , , , , BE33
1660404243, , 33.7217, -117.6055, 9575, 313, 128, BE33, , , , , BE33
1660404249, , 33.7242, -117.6088, 9625, 313, 128, BE33, , , , , BE33
1660404252, , 33.7253, -117.6102, 9625, 313, 128, BE33, , , , , BE33
1660404252, , 33.7253, -117.6102, 9625, 313, 128, BE33, , , , , BE33
1660404255, , 33.7266, -117.6117, 9650, 313, 128, BE33, , , , , BE33
1660404255, , 33.7266, -117.6117, 9650, 313, 128, BE33, , , , , BE33
1660404261, , 33.7292, -117.615, 9700, 313, 128, BE33, , , , , BE33
1660404261, , 33.7292, -117.615, 9700, 313, 128, BE33, , , , , BE33
1660404264, , 33.7303, -117.6163, 9700, 313, 128, BE33, , , , , BE33
1660404264, , 33.7303, -117.6163, 9700, 313, 128, BE33, , , , , BE33
1660404270, , 33.7327, -117.6195, 9750, 313, 128, BE33, , , , , BE33
1660404273, , 33.7341, -117.6212, 9775, 312, 128, BE33, , , , , BE33
1660404273, , 33.7341, -117.6212, 9775, 312, 128, BE33, , , , , BE33
1660404276, , 33.7354, -117.6228, 9800, 312, 128, BE33, , , , , BE33
1660404276, , 33.7354, -117.6228, 9800, 312, 128, BE33, , , , , BE33
1660404282, , 33.7376, -117.6256, 9825, 312, 128, BE33, , , , , BE33
1660404282, , 33.7376, -117.6256, 9825, 312, 128, BE33, , , , , BE33
1660404285, , 33.739, -117.6275, 9850, 313, 128, BE33, , , , , BE33
1660404288, , 33.7402, -117.629, 9875, 313, 128, BE33, , , , , BE33
1660404288, , 33.7402, -117.629, 9875, 313, 128, BE33, , , , , BE33
1660404294, , 33.7423, -117.6317, 9900, 313, 128, BE33, , , , , BE33
1660404294, , 33.7423, -117.6317, 9900, 313, 128, BE33, , , , , BE33
1660404297, , 33.7439, -117.6336, 9925, 313, 127, BE33, , , , , BE33
1660404297, , 33.7439, -117.6336, 9925, 313, 127, BE33, , , , , BE33
1660404300, , 33.745, -117.6351, 9950, 313, 127, BE33, , , , , BE33
1660404306, , 33.7469, -117.6375, 9975, 312, 127, BE33, , , , , BE33
1660404306, , 33.7469, -117.6375, 9975, 312, 127, BE33, , , , , BE33
1660404309, , 33.7484, -117.6395, 10000, 312, 126, BE33, , , , , BE33
1660404309, , 33.7484, -117.6395, 10000, 312, 126, BE33, , , , , BE33
1660404312, , 33.7495, -117.6411, 10025, 312, 127, BE33, , , , , BE33
1660404312, , 33.7495, -117.6411, 10025, 312, 127, BE33, , , , , BE33
1660404318, , 33.7515, -117.6437, 10050, 313, 127, BE33, , , , , BE33
1660404321, , 33.7532, -117.6457, 10075, 313, 127, BE33, , , , , BE33
1660404321, , 33.7532, -117.6457, 10075, 313, 127, BE33, , , , , BE33
