//Timestamp, ICAO, Latitude_deg, Longitude_deg, Altitude_ft, Heading_deg, GroundSpeed_kts, AircraftType, RegistrationNum, Departure, Arrival, FlightNumber1, FlightNumber2
1660424586, , 33.7504, -118.4167, 4600, 194, 163, BE55, , , , , BE55
1660424586, , 33.7504, -118.4167, 4600, 194, 163, BE55, , , , , BE55
1660424589, , 33.7481, -118.4174, 4600, 194, 164, BE55, , , , , BE55
1660424589, , 33.7481, -118.4174, 4600, 194, 164, BE55, , , , , BE55
1660424592, , 33.7459, -118.4181, 4600, 194, 165, BE55, , , , , BE55
1660424592, , 33.7459, -118.4181, 4600, 194, 165, BE55, , , , , BE55
1660424598, , 33.7414, -118.4196, 4575, 195, 167, BE55, , , , , BE55
1660424601, , 33.7391, -118.4204, 4575, 196, 168, BE55, , , , , BE55
1660424601, , 33.7391, -118.4204, 4575, 196, 168, BE55, , , , , BE55
1660424604, , 33.737, -118.4211, 4575, 196, 168, BE55, , , , , BE55
1660424604, , 33.737, -118.4211, 4575, 196, 168, BE55, , , , , BE55
1660424610, , 33.7329, -118.4227, 4575, 197, 169, BE55, , , , , BE55
1660424610, , 33.7329, -118.4227, 4575, 197, 169, BE55, , , , , BE55
1660424613, , 33.7303, -118.4236, 4575, 197, 169, BE55, , , , , BE55
1660424615, , 33.7287, -118.4242, 4575, 197, 169, BE55, , , , , BE55
1660424615, , 33.7287, -118.4242, 4575, 197, 169, BE55, , , , , BE55
1660424622, , 33.7232, -118.4262, 4575, 196, 171, BE55, , , , , BE55
1660424622, , 33.7232, -118.4262, 4575, 196, 171, BE55, , , , , BE55
1660424625, , 33.7215, -118.4268, 4575, 196, 171, BE55, , , , , BE55
1660424625, , 33.7215, -118.4268, 4575, 196, 171, BE55, , , , , BE55
1660424628, , 33.7208, -118.4271, 4575, 195, 172, BE55, , , , , BE55
1660424634, , 33.7146, -118.4292, 4575, 195, 173, BE55, , , , , BE55
1660424634, , 33.7146, -118.4292, 4575, 195, 173, BE55, , , , , BE55
1660424637, , 33.7119, -118.4301, 4575, 196, 173, BE55, , , , , BE55
1660424637, , 33.7119, -118.4301, 4575, 196, 173, BE55, , , , , BE55
1660424640, , 33.7099, -118.4308, 4575, 196, 174, BE55, , , , , BE55
1660424640, , 33.7099, -118.4308, 4575, 196, 174, BE55, , , , , BE55
1660424646, , 33.7048, -118.4326, 4575, 196, 174, BE55, , , , , BE55
1660424649, , 33.7027, -118.4334, 4575, 197, 173, BE55, , , , , BE55
1660424649, , 33.7027, -118.4334, 4575, 197, 173, BE55, , , , , BE55
1660424652, , 33.7004, -118.4343, 4575, 197, 174, BE55, , , , , BE55
1660424652, , 33.7004, -118.4343, 4575, 197, 174, BE55, , , , , BE55
1660424655, , 33.6979, -118.4352, 4575, 197, 173, BE55, , , , , BE55
1660424655, , 33.6979, -118.4352, 4575, 197, 173, BE55, , , , , BE55
1660424660, , 33.6944, -118.4365, 4575, 196, 173, BE55, , , , , BE55
1660424664, , 33.6913, -118.4376, 4575, 196, 171, BE55, , , , , BE55
1660424664, , 33.6913, -118.4376, 4575, 196, 171, BE55, , , , , BE55
1660424669, , 33.6869, -118.4391, 4575, 195, 171, BE55, , , , , BE55
1660424669, , 33.6869, -118.4391, 4575, 195, 171, BE55, , , , , BE55
1660424673, , 33.6844, -118.44, 4575, 195, 170, BE55, , , , , BE55
1660424673, , 33.6844, -118.44, 4575, 195, 170, BE55, , , , , BE55
1660424676, , 33.6827, -118.4405, 4575, 195, 170, BE55, , , , , BE55
1660424682, , 33.6777, -118.4422, 4575, 195, 169, BE55, , , , , BE55
1660424682, , 33.6777, -118.4422, 4575, 195, 169, BE55, , , , , BE55
1660424685, , 33.6752, -118.443, 4575, 196, 169, BE55, , , , , BE55
1660424685, , 33.6752, -118.443, 4575, 196, 169, BE55, , , , , BE55
1660424688, , 33.673, -118.4438, 4575, 196, 168, BE55, , , , , BE55
1660424688, , 33.673, -118.4438, 4575, 196, 168, BE55, , , , , BE55
1660424694, , 33.6693, -118.4451, 4575, 196, 168, BE55, , , , , BE55
1660424697, , 33.6663, -118.4463, 4575, 197, 167, BE55, , , , , BE55
1660424697, , 33.6663, -118.4463, 4575, 197, 167, BE55, , , , , BE55
1660424700, , 33.6639, -118.4472, 4575, 197, 167, BE55, , , , , BE55
1660424700, , 33.6639, -118.4472, 4575, 197, 167, BE55, , , , , BE55
1660424706, , 33.6595, -118.4489, 4575, 197, 166, BE55, , , , , BE55
1660424706, , 33.6595, -118.4489, 4575, 197, 166, BE55, , , , , BE55
1660424708, , 33.6584, -118.4493, 4575, 197, 167, BE55, , , , , BE55
1660424712, , 33.6552, -118.4505, 4575, 197, 167, BE55, , , , , BE55
1660424712, , 33.6552, -118.4505, 4575, 197, 167, BE55, , , , , BE55
1660424717, , 33.6511, -118.452, 4575, 195, 167, BE55, , , , , BE55
1660424717, , 33.6511, -118.452, 4575, 195, 167, BE55, , , , , BE55
1660424721, , 33.6485, -118.4527, 4575, 194, 166, BE55, , , , , BE55
1660424721, , 33.6485, -118.4527, 4575, 194, 166, BE55, , , , , BE55
1660424723, , 33.6465, -118.4534, 4575, 194, 167, BE55, , , , , BE55
1660424729, , 33.6419, -118.4548, 4550, 194, 167, BE55, , , , , BE55
1660424729, , 33.6419, -118.4548, 4550, 194, 167, BE55, , , , , BE55
1660424733, , 33.6401, -118.4553, 4550, 194, 167, BE55, , , , , BE55
1660424733, , 33.6401, -118.4553, 4550, 194, 167, BE55, , , , , BE55
1660424735, , 33.6376, -118.4561, 4550, 195, 167, BE55, , , , , BE55
1660424735, , 33.6376, -118.4561, 4550, 195, 167, BE55, , , , , BE55
1660424741, , 33.6329, -118.4577, 4575, 195, 166, BE55, , , , , BE55
1660424745, , 33.6318, -118.4581, 4575, 195, 166, BE55, , , , , BE55
1660424745, , 33.6318, -118.4581, 4575, 195, 166, BE55, , , , , BE55
1660424747, , 33.6286, -118.4591, 4575, 195, 164, BE55, , , , , BE55
1660424747, , 33.6286, -118.4591, 4575, 195, 164, BE55, , , , , BE55
1660424753, , 33.6241, -118.4606, 4575, 195, 165, BE55, , , , , BE55
1660424753, , 33.6241, -118.4606, 4575, 195, 165, BE55, , , , , BE55
1660424756, , 33.6218, -118.4613, 4575, 194, 166, BE55, , , , , BE55
1660424759, , 33.6197, -118.4619, 4575, 193, 165, BE55, , , , , BE55
1660424759, , 33.6197, -118.4619, 4575, 193, 165, BE55, , , , , BE55
1660424765, , 33.6151, -118.4632, 4575, 193, 166, BE55, , , , , BE55
1660424765, , 33.6151, -118.4632, 4575, 193, 166, BE55, , , , , BE55
1660424769, , 33.6127, -118.4639, 4575, 194, 167, BE55, , , , , BE55
1660424769, , 33.6127, -118.4639, 4575, 194, 167, BE55, , , , , BE55
1660424772, , 33.6105, -118.4646, 4575, 195, 166, BE55, , , , , BE55
1660424778, , 33.6059, -118.4662, 4575, 196, 166, BE55, , , , , BE55
1660424778, , 33.6059, -118.4662, 4575, 196, 166, BE55, , , , , BE55
1660424781, , 33.6037, -118.467, 4575, 196, 166, BE55, , , , , BE55
1660424781, , 33.6037, -118.467, 4575, 196, 166, BE55, , , , , BE55
1660424786, , 33.6001, -118.4683, 4575, 196, 166, BE55, , , , , BE55
1660424786, , 33.6001, -118.4683, 4575, 196, 166, BE55, , , , , BE55
1660424788, , 33.5983, -118.4689, 4575, 196, 165, BE55, , , , , BE55
1660424792, , 33.5964, -118.4696, 4575, 195, 166, BE55, , , , , BE55
1660424792, , 33.5964, -118.4696, 4575, 195, 166, BE55, , , , , BE55
1660424798, , 33.5913, -118.4712, 4575, 194, 166, BE55, , , , , BE55
1660424798, , 33.5913, -118.4712, 4575, 194, 166, BE55, , , , , BE55
1660424800, , 33.5897, -118.4717, 4575, 194, 166, BE55, , , , , BE55
1660424800, , 33.5897, -118.4717, 4575, 194, 166, BE55, , , , , BE55
1660424804, , 33.5867, -118.4727, 4575, 194, 167, BE55, , , , , BE55
1660424809, , 33.5824, -118.474, 4550, 195, 167, BE55, , , , , BE55
1660424809, , 33.5824, -118.474, 4550, 195, 167, BE55, , , , , BE55
1660424812, , 33.5804, -118.4747, 4550, 195, 167, BE55, , , , , BE55
1660424812, , 33.5804, -118.4747, 4550, 195, 167, BE55, , , , , BE55
1660424816, , 33.5781, -118.4755, 4575, 196, 167, BE55, , , , , BE55
1660424816, , 33.5781, -118.4755, 4575, 196, 167, BE55, , , , , BE55
1660424821, , 33.5733, -118.4772, 4575, 196, 166, BE55, , , , , BE55
1660424825, , 33.5712, -118.478, 4575, 196, 166, BE55, , , , , BE55
1660424825, , 33.5712, -118.478, 4575, 196, 166, BE55, , , , , BE55
1660424827, , 33.5693, -118.4787, 4575, 196, 167, BE55, , , , , BE55
1660424827, , 33.5693, -118.4787, 4575, 196, 167, BE55, , , , , BE55
1660424834, , 33.5644, -118.4804, 4575, 195, 167, BE55, , , , , BE55
1660424837, , 33.5623, -118.4811, 4575, 195, 166, BE55, , , , , BE55
1660424837, , 33.5623, -118.4811, 4575, 195, 166, BE55, , , , , BE55
1660424839, , 33.56, -118.4818, 4575, 194, 167, BE55, , , , , BE55
1660424839, , 33.56, -118.4818, 4575, 194, 167, BE55, , , , , BE55
1660424846, , 33.5554, -118.4832, 4550, 193, 168, BE55, , , , , BE55
1660424846, , 33.5554, -118.4832, 4550, 193, 168, BE55, , , , , BE55
1660424848, , 33.5533, -118.4838, 4550, 193, 168, BE55, , , , , BE55
1660424852, , 33.5506, -118.4846, 4550, 194, 168, BE55, , , , , BE55
1660424852, , 33.5506, -118.4846, 4550, 194, 168, BE55, , , , , BE55
1660424858, , 33.5462, -118.486, 4575, 195, 168, BE55, , , , , BE55
1660424858, , 33.5462, -118.486, 4575, 195, 168, BE55, , , , , BE55
1660424861, , 33.5443, -118.4866, 4575, 195, 168, BE55, , , , , BE55
1660424861, , 33.5443, -118.4866, 4575, 195, 168, BE55, , , , , BE55
1660424864, , 33.542, -118.4874, 4575, 196, 167, BE55, , , , , BE55
1660424870, , 33.5372, -118.4891, 4575, 196, 167, BE55, , , , , BE55
1660424870, , 33.5372, -118.4891, 4575, 196, 167, BE55, , , , , BE55
1660424873, , 33.535, -118.4899, 4575, 195, 167, BE55, , , , , BE55
1660424873, , 33.535, -118.4899, 4575, 195, 167, BE55, , , , , BE55
1660424876, , 33.5328, -118.4906, 4575, 195, 167, BE55, , , , , BE55
1660424876, , 33.5328, -118.4906, 4575, 195, 167, BE55, , , , , BE55
1660424882, , 33.5282, -118.492, 4575, 194, 167, BE55, , , , , BE55
1660424885, , 33.5259, -118.4928, 4575, 193, 167, BE55, , , , , BE55
1660424885, , 33.5259, -118.4928, 4575, 193, 167, BE55, , , , , BE55
1660424888, , 33.5237, -118.4934, 4575, 193, 167, BE55, , , , , BE55
1660424888, , 33.5237, -118.4934, 4575, 193, 167, BE55, , , , , BE55
1660424894, , 33.5192, -118.4947, 4550, 194, 168, BE55, , , , , BE55
1660424894, , 33.5192, -118.4947, 4550, 194, 168, BE55, , , , , BE55
1660424897, , 33.5171, -118.4953, 4550, 194, 168, BE55, , , , , BE55
1660424900, , 33.5145, -118.4962, 4550, 194, 168, BE55, , , , , BE55
1660424900, , 33.5145, -118.4962, 4550, 194, 168, BE55, , , , , BE55
1660424906, , 33.51, -118.4977, 4575, 196, 168, BE55, , , , , BE55
1660424906, , 33.51, -118.4977, 4575, 196, 168, BE55, , , , , BE55
1660424909, , 33.508, -118.4984, 4575, 197, 167, BE55, , , , , BE55
1660424909, , 33.508, -118.4984, 4575, 197, 167, BE55, , , , , BE55
1660424912, , 33.5056, -118.4994, 4575, 198, 167, BE55, , , , , BE55
1660424918, , 33.5013, -118.5011, 4575, 199, 167, BE55, , , , , BE55
1660424918, , 33.5013, -118.5011, 4575, 199, 167, BE55, , , , , BE55
1660424921, , 33.499, -118.5021, 4575, 199, 167, BE55, , , , , BE55
1660424921, , 33.499, -118.5021, 4575, 199, 167, BE55, , , , , BE55
1660424924, , 33.4972, -118.5029, 4575, 199, 167, BE55, , , , , BE55
1660424930, , 33.4924, -118.505, 4575, 199, 167, BE55, , , , , BE55
1660424930, , 33.4924, -118.505, 4575, 199, 167, BE55, , , , , BE55
1660424933, , 33.4902, -118.5058, 4575, 199, 167, BE55, , , , , BE55
1660424933, , 33.4902, -118.5058, 4575, 199, 167, BE55, , , , , BE55
1660424936, , 33.488, -118.5067, 4575, 197, 167, BE55, , , , , BE55
1660424936, , 33.488, -118.5067, 4575, 197, 167, BE55, , , , , BE55
1660424942, , 33.4838, -118.5082, 4575, 195, 168, BE55, , , , , BE55
1660424945, , 33.4817, -118.5089, 4550, 195, 168, BE55, , , , , BE55
1660424945, , 33.4817, -118.5089, 4550, 195, 168, BE55, , , , , BE55
1660424948, , 33.4789, -118.5098, 4550, 195, 168, BE55, , , , , BE55
1660424948, , 33.4789, -118.5098, 4550, 195, 168, BE55, , , , , BE55
1660424954, , 33.4747, -118.5112, 4550, 196, 168, BE55, , , , , BE55
1660424954, , 33.4747, -118.5112, 4550, 196, 168, BE55, , , , , BE55
1660424957, , 33.4728, -118.5118, 4550, 194, 168, BE55, , , , , BE55
1660424961, , 33.4688, -118.5128, 4575, 190, 168, BE55, , , , , BE55
1660424961, , 33.4688, -118.5128, 4575, 190, 168, BE55, , , , , BE55
1660424964, , 33.4668, -118.5133, 4575, 189, 167, BE55, , , , , BE55
1660424964, , 33.4668, -118.5133, 4575, 189, 167, BE55, , , , , BE55
1660424970, , 33.4621, -118.5142, 4575, 188, 167, BE55, , , , , BE55
1660424970, , 33.4621, -118.5142, 4575, 188, 167, BE55, , , , , BE55
1660424973, , 33.4595, -118.5146, 4575, 188, 167, BE55, , , , , BE55
1660424976, , 33.4585, -118.5148, 4575, 189, 167, BE55, , , , , BE55
1660424976, , 33.4585, -118.5148, 4575, 189, 167, BE55, , , , , BE55
1660424982, , 33.453, -118.5159, 4575, 188, 168, BE55, , , , , BE55
1660424982, , 33.453, -118.5159, 4575, 188, 168, BE55, , , , , BE55
1660424985, , 33.4509, -118.5163, 4575, 188, 167, BE55, , , , , BE55
1660424985, , 33.4509, -118.5163, 4575, 188, 167, BE55, , , , , BE55
1660424988, , 33.4482, -118.5167, 4575, 186, 168, BE55, , , , , BE55
1660424994, , 33.444, -118.517, 4575, 182, 167, BE55, , , , , BE55
1660424994, , 33.444, -118.517, 4575, 182, 167, BE55, , , , , BE55
1660424997, , 33.4412, -118.5172, 4575, 181, 168, BE55, , , , , BE55
1660424997, , 33.4412, -118.5172, 4575, 181, 168, BE55, , , , , BE55
1660425000, , 33.4393, -118.5172, 4575, 181, 168, BE55, , , , , BE55
1660425000, , 33.4393, -118.5172, 4575, 181, 168, BE55, , , , , BE55
1660425006, , 33.4341, -118.5174, 4575, 180, 168, BE55, , , , , BE55
1660425009, , 33.4324, -118.5173, 4575, 179, 168, BE55, , , , , BE55
1660425009, , 33.4324, -118.5173, 4575, 179, 168, BE55, , , , , BE55
1660425012, , 33.4296, -118.5172, 4575, 176, 168, BE55, , , , , BE55
1660425012, , 33.4296, -118.5172, 4575, 176, 168, BE55, , , , , BE55
1660425018, , 33.426, -118.5169, 4575, 175, 167, BE55, , , , , BE55
1660425018, , 33.426, -118.5169, 4575, 175, 167, BE55, , , , , BE55
1660425021, , 33.4227, -118.5166, 4575, 175, 167, BE55, , , , , BE55
1660425024, , 33.4199, -118.5163, 4575, 175, 167, BE55, , , , , BE55
1660425024, , 33.4199, -118.5163, 4575, 175, 167, BE55, , , , , BE55
1660425030, , 33.4157, -118.5159, 4625, 176, 164, BE55, , , , , BE55
1660425030, , 33.4157, -118.5159, 4625, 176, 164, BE55, , , , , BE55
1660425033, , 33.4135, -118.5158, 4675, 177, 161, BE55, , , , , BE55
1660425033, , 33.4135, -118.5158, 4675, 177, 161, BE55, , , , , BE55
1660425036, , 33.4109, -118.5156, 4725, 177, 158, BE55, , , , , BE55
1660425039, , 33.4095, -118.5155, 4750, 176, 156, BE55, , , , , BE55
1660425039, , 33.4095, -118.5155, 4750, 176, 156, BE55, , , , , BE55
1660425045, , 33.4045, -118.5151, 4825, 175, 153, BE55, , , , , BE55
1660425045, , 33.4045, -118.5151, 4825, 175, 153, BE55, , , , , BE55
1660425048, , 33.4024, -118.5149, 4850, 175, 152, BE55, , , , , BE55
1660425048, , 33.4024, -118.5149, 4850, 175, 152, BE55, , , , , BE55
1660425051, , 33.4004, -118.5147, 4875, 175, 151, BE55, , , , , BE55
1660425057, , 33.3966, -118.5143, 4925, 174, 149, BE55, , , , , BE55
1660425057, , 33.3966, -118.5143, 4925, 174, 149, BE55, , , , , BE55
1660425060, , 33.3941, -118.5139, 4950, 172, 148, BE55, , , , , BE55
1660425060, , 33.3941, -118.5139, 4950, 172, 148, BE55, , , , , BE55
1660425063, , 33.3931, -118.5137, 4975, 172, 148, BE55, , , , , BE55
1660425063, , 33.3931, -118.5137, 4975, 172, 148, BE55, , , , , BE55
1660425069, , 33.3881, -118.5129, 5000, 171, 147, BE55, , , , , BE55
1660425072, , 33.3862, -118.5126, 5025, 168, 146, BE55, , , , , BE55
1660425075, , 33.3845, -118.5121, 5025, 168, 147, BE55, , , , , BE55
1660425075, , 33.3845, -118.5121, 5025, 168, 147, BE55, , , , , BE55
1660425081, , 33.38, -118.5108, 5100, 166, 145, BE55, , , , , BE55
1660425081, , 33.38, -118.5108, 5100, 166, 145, BE55, , , , , BE55
1660425084, , 33.3781, -118.5103, 5125, 165, 144, BE55, , , , , BE55
1660425084, , 33.3781, -118.5103, 5125, 165, 144, BE55, , , , , BE55
1660425087, , 33.3766, -118.5097, 5150, 164, 143, BE55, , , , , BE55
1660425093, , 33.3725, -118.5082, 5200, 161, 141, BE55, , , , , BE55
1660425093, , 33.3725, -118.5082, 5200, 161, 141, BE55, , , , , BE55
1660425097, , 33.3704, -118.5074, 5225, 161, 141, BE55, , , , , BE55
1660425097, , 33.3704, -118.5074, 5225, 161, 141, BE55, , , , , BE55
1660425100, , 33.369, -118.5068, 5250, 160, 140, BE55, , , , , BE55
1660425100, , 33.369, -118.5068, 5250, 160, 140, BE55, , , , , BE55
1660425105, , 33.3649, -118.5052, 5300, 162, 140, BE55, , , , , BE55
1660425108, , 33.3632, -118.5046, 5325, 161, 139, BE55, , , , , BE55
1660425108, , 33.3632, -118.5046, 5325, 161, 139, BE55, , , , , BE55
1660425111, , 33.3614, -118.5038, 5350, 159, 139, BE55, , , , , BE55
1660425111, , 33.3614, -118.5038, 5350, 159, 139, BE55, , , , , BE55
1660425117, , 33.3577, -118.5021, 5375, 157, 138, BE55, , , , , BE55
1660425117, , 33.3577, -118.5021, 5375, 157, 138, BE55, , , , , BE55
1660425120, , 33.3559, -118.5011, 5400, 154, 139, BE55, , , , , BE55
1660425123, , 33.3542, -118.5001, 5425, 153, 139, BE55, , , , , BE55
1660425123, , 33.3542, -118.5001, 5425, 153, 139, BE55, , , , , BE55
1660425130, , 33.3508, -118.4979, 5450, 150, 139, BE55, , , , , BE55
1660425130, , 33.3508, -118.4979, 5450, 150, 139, BE55, , , , , BE55
1660425132, , 33.3493, -118.4969, 5475, 149, 140, BE55, , , , , BE55
1660425132, , 33.3493, -118.4969, 5475, 149, 140, BE55, , , , , BE55
1660425136, , 33.3474, -118.4955, 5500, 147, 140, BE55, , , , , BE55
1660425141, , 33.3442, -118.4929, 5525, 145, 140, BE55, , , , , BE55
1660425141, , 33.3442, -118.4929, 5525, 145, 140, BE55, , , , , BE55
1660425144, , 33.3426, -118.4916, 5550, 144, 140, BE55, , , , , BE55
1660425144, , 33.3426, -118.4916, 5550, 144, 140, BE55, , , , , BE55
1660425148, , 33.341, -118.4902, 5550, 143, 142, BE55, , , , , BE55
1660425148, , 33.341, -118.4902, 5550, 143, 142, BE55, , , , , BE55
1660425153, , 33.3377, -118.4872, 5525, 143, 145, BE55, , , , , BE55
1660425156, , 33.3361, -118.4858, 5525, 143, 147, BE55, , , , , BE55
1660425156, , 33.3361, -118.4858, 5525, 143, 147, BE55, , , , , BE55
1660425160, , 33.3353, -118.4851, 5525, 142, 149, BE55, , , , , BE55
1660425160, , 33.3353, -118.4851, 5525, 142, 149, BE55, , , , , BE55
1660425166, , 33.3312, -118.4809, 5525, 137, 152, BE55, , , , , BE55
1660425169, , 33.3296, -118.4792, 5525, 136, 153, BE55, , , , , BE55
1660425169, , 33.3296, -118.4792, 5525, 136, 153, BE55, , , , , BE55
1660425172, , 33.328, -118.4773, 5525, 135, 154, BE55, , , , , BE55
1660425172, , 33.328, -118.4773, 5525, 135, 154, BE55, , , , , BE55
1660425178, , 33.3248, -118.4735, 5525, 133, 156, BE55, , , , , BE55
1660425178, , 33.3248, -118.4735, 5525, 133, 156, BE55, , , , , BE55
1660425181, , 33.3233, -118.4716, 5525, 133, 157, BE55, , , , , BE55
1660425183, , 33.3225, -118.4706, 5525, 133, 157, BE55, , , , , BE55
1660425183, , 33.3225, -118.4706, 5525, 133, 157, BE55, , , , , BE55
1660425189, , 33.3195, -118.4662, 5525, 126, 159, BE55, , , , , BE55
1660425189, , 33.3195, -118.4662, 5525, 126, 159, BE55, , , , , BE55
1660425193, , 33.318, -118.4636, 5525, 124, 160, BE55, , , , , BE55
1660425193, , 33.318, -118.4636, 5525, 124, 160, BE55, , , , , BE55
1660425196, , 33.3167, -118.4613, 5525, 123, 161, BE55, , , , , BE55
1660425202, , 33.3144, -118.4568, 5500, 121, 162, BE55, , , , , BE55
1660425202, , 33.3144, -118.4568, 5500, 121, 162, BE55, , , , , BE55
1660425204, , 33.3133, -118.4547, 5500, 120, 163, BE55, , , , , BE55
1660425204, , 33.3133, -118.4547, 5500, 120, 163, BE55, , , , , BE55
1660425208, , 33.3124, -118.4527, 5500, 118, 163, BE55, , , , , BE55
1660425208, , 33.3124, -118.4527, 5500, 118, 163, BE55, , , , , BE55
1660425213, , 33.3101, -118.4476, 5500, 118, 164, BE55, , , , , BE55
1660425217, , 33.3088, -118.4449, 5500, 118, 165, BE55, , , , , BE55
1660425217, , 33.3088, -118.4449, 5500, 118, 165, BE55, , , , , BE55
1660425220, , 33.308, -118.443, 5500, 116, 165, BE55, , , , , BE55
1660425220, , 33.308, -118.443, 5500, 116, 165, BE55, , , , , BE55
1660425226, , 33.306, -118.4374, 5500, 112, 166, BE55, , , , , BE55
1660425226, , 33.306, -118.4374, 5500, 112, 166, BE55, , , , , BE55
1660425229, , 33.3051, -118.435, 5500, 111, 166, BE55, , , , , BE55
1660425229, , 33.3051, -118.435, 5500, 111, 166, BE55, , , , , BE55
1660425232, , 33.3043, -118.4323, 5500, 110, 166, BE55, , , , , BE55
1660425238, , 33.3027, -118.4273, 5525, 110, 166, BE55, , , , , BE55
1660425238, , 33.3027, -118.4273, 5525, 110, 166, BE55, , , , , BE55
1660425241, , 33.3018, -118.4245, 5525, 110, 166, BE55, , , , , BE55
1660425241, , 33.3018, -118.4245, 5525, 110, 166, BE55, , , , , BE55
1660425244, , 33.3012, -118.4226, 5525, 110, 165, BE55, , , , , BE55
1660425244, , 33.3012, -118.4226, 5525, 110, 165, BE55, , , , , BE55
1660425250, , 33.2995, -118.4168, 5525, 106, 166, BE55, , , , , BE55
1660425252, , 33.2992, -118.4154, 5525, 106, 166, BE55, , , , , BE55
1660425252, , 33.2992, -118.4154, 5525, 106, 166, BE55, , , , , BE55
1660425256, , 33.2985, -118.4117, 5525, 102, 167, BE55, , , , , BE55
1660425256, , 33.2985, -118.4117, 5525, 102, 167, BE55, , , , , BE55
1660425262, , 33.2975, -118.4061, 5500, 101, 169, BE55, , , , , BE55
1660425262, , 33.2975, -118.4061, 5500, 101, 169, BE55, , , , , BE55
1660425264, , 33.2972, -118.4042, 5500, 100, 169, BE55, , , , , BE55
1660425268, , 33.2968, -118.4012, 5500, 100, 170, BE55, , , , , BE55
1660425268, , 33.2968, -118.4012, 5500, 100, 170, BE55, , , , , BE55
1660425273, , 33.2959, -118.3953, 5500, 99, 170, BE55, , , , , BE55
1660425273, , 33.2959, -118.3953, 5500, 99, 170, BE55, , , , , BE55
1660425277, , 33.2955, -118.3924, 5500, 99, 169, BE55, , , , , BE55
1660425277, , 33.2955, -118.3924, 5500, 99, 169, BE55, , , , , BE55
1660425280, , 33.2951, -118.3895, 5500, 99, 169, BE55, , , , , BE55
1660425286, , 33.2943, -118.3837, 5525, 99, 168, BE55, , , , , BE55
1660425286, , 33.2943, -118.3837, 5525, 99, 168, BE55, , , , , BE55
1660425290, , 33.2938, -118.3801, 5525, 99, 168, BE55, , , , , BE55
1660425290, , 33.2938, -118.3801, 5525, 99, 168, BE55, , , , , BE55
1660425290, , 33.2938, -118.3801, 5525, 99, 168, BE55, , , , , BE55
1660425298, , 33.2928, -118.3725, 5525, 99, 168, BE55, , , , , BE55
1660425298, , 33.2928, -118.3725, 5525, 99, 168, BE55, , , , , BE55
1660425300, , 33.2925, -118.3702, 5525, 99, 168, BE55, , , , , BE55
1660425300, , 33.2925, -118.3702, 5525, 99, 168, BE55, , , , , BE55
1660425305, , 33.2919, -118.3665, 5525, 99, 168, BE55, , , , , BE55
1660425305, , 33.2919, -118.3665, 5525, 99, 168, BE55, , , , , BE55
1660425309, , 33.2914, -118.363, 5500, 100, 167, BE55, , , , , BE55
1660425312, , 33.2909, -118.3595, 5500, 98, 168, BE55, , , , , BE55
1660425312, , 33.2909, -118.3595, 5500, 98, 168, BE55, , , , , BE55
1660425315, , 33.2907, -118.3571, 5500, 95, 168, BE55, , , , , BE55
1660425315, , 33.2907, -118.3571, 5500, 95, 168, BE55, , , , , BE55
1660425322, , 33.2907, -118.3505, 5500, 86, 169, BE55, , , , , BE55
1660425322, , 33.2907, -118.3505, 5500, 86, 169, BE55, , , , , BE55
1660425325, , 33.2909, -118.3476, 5500, 85, 168, BE55, , , , , BE55
1660425328, , 33.2911, -118.3449, 5500, 84, 168, BE55, , , , , BE55
1660425328, , 33.2911, -118.3449, 5500, 84, 168, BE55, , , , , BE55
1660425334, , 33.2916, -118.3393, 5500, 82, 168, BE55, , , , , BE55
1660425334, , 33.2916, -118.3393, 5500, 82, 168, BE55, , , , , BE55
1660425336, , 33.2918, -118.3377, 5500, 82, 168, BE55, , , , , BE55
1660425336, , 33.2918, -118.3377, 5500, 82, 168, BE55, , , , , BE55
1660425340, , 33.2925, -118.3339, 5500, 77, 169, BE55, , , , , BE55
1660425340, , 33.2925, -118.3339, 5500, 77, 169, BE55, , , , , BE55
1660425345, , 33.2937, -118.3289, 5500, 72, 169, BE55, , , , , BE55
1660425349, , 33.2946, -118.3258, 5500, 71, 170, BE55, , , , , BE55
1660425349, , 33.2946, -118.3258, 5500, 71, 170, BE55, , , , , BE55
1660425352, , 33.2953, -118.3235, 5500, 69, 169, BE55, , , , , BE55
1660425352, , 33.2953, -118.3235, 5500, 69, 169, BE55, , , , , BE55
1660425358, , 33.2974, -118.3179, 5500, 62, 169, BE55, , , , , BE55
1660425358, , 33.2974, -118.3179, 5500, 62, 169, BE55, , , , , BE55
1660425361, , 33.2982, -118.3164, 5500, 57, 169, BE55, , , , , BE55
1660425364, , 33.2999, -118.3135, 5500, 53, 170, BE55, , , , , BE55
1660425364, , 33.2999, -118.3135, 5500, 53, 170, BE55, , , , , BE55
1660425369, , 33.3024, -118.3098, 5500, 48, 170, BE55, , , , , BE55
1660425369, , 33.3024, -118.3098, 5500, 48, 170, BE55, , , , , BE55
1660425373, , 33.3046, -118.3072, 5500, 43, 170, BE55, , , , , BE55
1660425373, , 33.3046, -118.3072, 5500, 43, 170, BE55, , , , , BE55
1660425376, , 33.3064, -118.3053, 5500, 40, 170, BE55, , , , , BE55
1660425382, , 33.31, -118.3024, 5500, 33, 170, BE55, , , , , BE55
1660425382, , 33.31, -118.3024, 5500, 33, 170, BE55, , , , , BE55
1660425385, , 33.3123, -118.3006, 5500, 32, 171, BE55, , , , , BE55
1660425385, , 33.3123, -118.3006, 5500, 32, 171, BE55, , , , , BE55
1660425388, , 33.3137, -118.2996, 5500, 31, 170, BE55, , , , , BE55
1660425388, , 33.3137, -118.2996, 5500, 31, 170, BE55, , , , , BE55
1660425394, , 33.3179, -118.2969, 5500, 24, 170, BE55, , , , , BE55
1660425397, , 33.3206, -118.2956, 5500, 20, 170, BE55, , , , , BE55
1660425397, , 33.3206, -118.2956, 5500, 20, 170, BE55, , , , , BE55
1660425400, , 33.323, -118.2946, 5500, 19, 171, BE55, , , , , BE55
1660425400, , 33.323, -118.2946, 5500, 19, 171, BE55, , , , , BE55
1660425406, , 33.3275, -118.2931, 5500, 14, 170, BE55, , , , , BE55
1660425406, , 33.3275, -118.2931, 5500, 14, 170, BE55, , , , , BE55
1660425409, , 33.3295, -118.2925, 5500, 13, 170, BE55, , , , , BE55
1660425412, , 33.3323, -118.2917, 5500, 12, 171, BE55, , , , , BE55
1660425412, , 33.3323, -118.2917, 5500, 12, 171, BE55, , , , , BE55
1660425417, , 33.3361, -118.2909, 5525, 10, 170, BE55, , , , , BE55
1660425417, , 33.3361, -118.2909, 5525, 10, 170, BE55, , , , , BE55
1660425421, , 33.3395, -118.2902, 5525, 9, 170, BE55, , , , , BE55
1660425421, , 33.3395, -118.2902, 5525, 9, 170, BE55, , , , , BE55
1660425424, , 33.3419, -118.2897, 5525, 8, 169, BE55, , , , , BE55
1660425430, , 33.3466, -118.2891, 5525, 4, 170, BE55, , , , , BE55
1660425430, , 33.3466, -118.2891, 5525, 4, 170, BE55, , , , , BE55
1660425434, , 33.3497, -118.2891, 5500, 1, 171, BE55, , , , , BE55
1660425434, , 33.3497, -118.2891, 5500, 1, 171, BE55, , , , , BE55
1660425437, , 33.3519, -118.289, 5500, 1, 171, BE55, , , , , BE55
1660425437, , 33.3519, -118.289, 5500, 1, 171, BE55, , , , , BE55
1660425440, , 33.3542, -118.2891, 5500, 359, 172, BE55, , , , , BE55
1660425443, , 33.3564, -118.2891, 5475, 358, 173, BE55, , , , , BE55
1660425443, , 33.3564, -118.2891, 5475, 358, 173, BE55, , , , , BE55
1660425448, , 33.3607, -118.2892, 5450, 358, 175, BE55, , , , , BE55
1660425448, , 33.3607, -118.2892, 5450, 358, 175, BE55, , , , , BE55
1660425453, , 33.3652, -118.2894, 5400, 358, 178, BE55, , , , , BE55
1660425453, , 33.3652, -118.2894, 5400, 358, 178, BE55, , , , , BE55
1660425457, , 33.3668, -118.2894, 5375, 359, 179, BE55, , , , , BE55
1660425460, , 33.3707, -118.2895, 5350, 359, 180, BE55, , , , , BE55
1660425460, , 33.3707, -118.2895, 5350, 359, 180, BE55, , , , , BE55
1660425466, , 33.3756, -118.2895, 5325, 359, 180, BE55, , , , , BE55
1660425466, , 33.3756, -118.2895, 5325, 359, 180, BE55, , , , , BE55
1660425469, , 33.3784, -118.2896, 5325, 358, 180, BE55, , , , , BE55
1660425469, , 33.3784, -118.2896, 5325, 358, 180, BE55, , , , , BE55
1660425472, , 33.3807, -118.2897, 5300, 357, 180, BE55, , , , , BE55
1660425478, , 33.3859, -118.29, 5275, 356, 181, BE55, , , , , BE55
1660425478, , 33.3859, -118.29, 5275, 356, 181, BE55, , , , , BE55
1660425481, , 33.3883, -118.2902, 5225, 356, 182, BE55, , , , , BE55
1660425481, , 33.3883, -118.2902, 5225, 356, 182, BE55, , , , , BE55
1660425484, , 33.3907, -118.2903, 5200, 357, 184, BE55, , , , , BE55
1660425490, , 33.3956, -118.2905, 5125, 358, 187, BE55, , , , , BE55
1660425490, , 33.3956, -118.2905, 5125, 358, 187, BE55, , , , , BE55
1660425493, , 33.3989, -118.2906, 5075, 358, 188, BE55, , , , , BE55
1660425493, , 33.3989, -118.2906, 5075, 358, 188, BE55, , , , , BE55
1660425495, , 33.4008, -118.2907, 5050, 357, 189, BE55, , , , , BE55
1660425495, , 33.4008, -118.2907, 5050, 357, 189, BE55, , , , , BE55
1660425502, , 33.4067, -118.2911, 4950, 356, 192, BE55, , , , , BE55
1660425505, , 33.4092, -118.2914, 4900, 356, 193, BE55, , , , , BE55
1660425505, , 33.4092, -118.2914, 4900, 356, 193, BE55, , , , , BE55
1660425508, , 33.4124, -118.2916, 4850, 355, 194, BE55, , , , , BE55
1660425508, , 33.4124, -118.2916, 4850, 355, 194, BE55, , , , , BE55
1660425514, , 33.4174, -118.292, 4750, 356, 195, BE55, , , , , BE55
1660425514, , 33.4174, -118.292, 4750, 356, 195, BE55, , , , , BE55
1660425517, , 33.4198, -118.2922, 4750, 357, 194, BE55, , , , , BE55
1660425520, , 33.4224, -118.2923, 4775, 357, 190, BE55, , , , , BE55
1660425520, , 33.4224, -118.2923, 4775, 357, 190, BE55, , , , , BE55
1660425526, , 33.4281, -118.2926, 4750, 356, 187, BE55, , , , , BE55
1660425526, , 33.4281, -118.2926, 4750, 356, 187, BE55, , , , , BE55
1660425529, , 33.4303, -118.2928, 4725, 356, 186, BE55, , , , , BE55
1660425529, , 33.4303, -118.2928, 4725, 356, 186, BE55, , , , , BE55
1660425532, , 33.4333, -118.293, 4675, 356, 186, BE55, , , , , BE55
1660425535, , 33.4356, -118.2933, 4650, 355, 186, BE55, , , , , BE55
1660425535, , 33.4356, -118.2933, 4650, 355, 186, BE55, , , , , BE55
1660425541, , 33.4411, -118.2939, 4575, 353, 187, BE55, , , , , BE55
1660425541, , 33.4411, -118.2939, 4575, 353, 187, BE55, , , , , BE55
1660425544, , 33.4436, -118.2942, 4550, 353, 186, BE55, , , , , BE55
1660425544, , 33.4436, -118.2942, 4550, 353, 186, BE55, , , , , BE55
1660425550, , 33.4484, -118.2948, 4550, 355, 182, BE55, , , , , BE55
1660425553, , 33.4513, -118.295, 4550, 357, 180, BE55, , , , , BE55
1660425553, , 33.4513, -118.295, 4550, 357, 180, BE55, , , , , BE55
1660425556, , 33.4533, -118.2951, 4575, 358, 178, BE55, , , , , BE55
1660425556, , 33.4533, -118.2951, 4575, 358, 178, BE55, , , , , BE55
1660425560, , 33.4569, -118.2952, 4575, 358, 175, BE55, , , , , BE55
1660425560, , 33.4569, -118.2952, 4575, 358, 175, BE55, , , , , BE55
1660425564, , 33.46, -118.2953, 4600, 358, 173, BE55, , , , , BE55
1660425568, , 33.463, -118.2954, 4575, 358, 173, BE55, , , , , BE55
1660425568, , 33.463, -118.2954, 4575, 358, 173, BE55, , , , , BE55
1660425572, , 33.4666, -118.2956, 4550, 357, 172, BE55, , , , , BE55
1660425572, , 33.4666, -118.2956, 4550, 357, 172, BE55, , , , , BE55
1660425576, , 33.4695, -118.2958, 4550, 356, 172, BE55, , , , , BE55
1660425576, , 33.4695, -118.2958, 4550, 356, 172, BE55, , , , , BE55
1660425578, , 33.4716, -118.296, 4550, 356, 171, BE55, , , , , BE55
1660425583, , 33.4748, -118.2963, 4525, 354, 170, BE55, , , , , BE55
1660425583, , 33.4748, -118.2963, 4525, 354, 170, BE55, , , , , BE55
1660425587, , 33.4783, -118.2967, 4525, 354, 169, BE55, , , , , BE55
1660425587, , 33.4783, -118.2967, 4525, 354, 169, BE55, , , , , BE55
1660425591, , 33.4812, -118.297, 4525, 355, 169, BE55, , , , , BE55
1660425591, , 33.4812, -118.297, 4525, 355, 169, BE55, , , , , BE55
1660425595, , 33.4838, -118.2972, 4525, 356, 169, BE55, , , , , BE55
1660425599, , 33.4877, -118.2974, 4550, 357, 169, BE55, , , , , BE55
1660425599, , 33.4877, -118.2974, 4550, 357, 169, BE55, , , , , BE55
1660425603, , 33.4908, -118.2975, 4550, 358, 168, BE55, , , , , BE55
1660425603, , 33.4908, -118.2975, 4550, 358, 168, BE55, , , , , BE55
1660425607, , 33.4939, -118.2977, 4550, 357, 168, BE55, , , , , BE55
1660425607, , 33.4939, -118.2977, 4550, 357, 168, BE55, , , , , BE55
1660425611, , 33.4967, -118.2978, 4550, 356, 168, BE55, , , , , BE55
1660425615, , 33.4997, -118.298, 4550, 356, 168, BE55, , , , , BE55
1660425615, , 33.4997, -118.298, 4550, 356, 168, BE55, , , , , BE55
1660425619, , 33.5032, -118.2982, 4550, 357, 169, BE55, , , , , BE55
1660425619, , 33.5032, -118.2982, 4550, 357, 169, BE55, , , , , BE55
1660425623, , 33.5048, -118.2983, 4550, 358, 169, BE55, , , , , BE55
1660425628, , 33.5088, -118.2983, 4550, 359, 169, BE55, , , , , BE55
1660425628, , 33.5088, -118.2983, 4550, 359, 169, BE55, , , , , BE55
1660425632, , 33.5135, -118.2984, 4550, 358, 169, BE55, , , , , BE55
1660425632, , 33.5135, -118.2984, 4550, 358, 169, BE55, , , , , BE55
1660425636, , 33.5152, -118.2984, 4550, 357, 169, BE55, , , , , BE55
1660425636, , 33.5152, -118.2984, 4550, 357, 169, BE55, , , , , BE55
1660425640, , 33.5196, -118.2986, 4550, 357, 169, BE55, , , , , BE55
1660425640, , 33.5196, -118.2986, 4550, 357, 169, BE55, , , , , BE55
1660425644, , 33.5226, -118.2988, 4550, 358, 170, BE55, , , , , BE55
1660425649, , 33.5273, -118.2988, 4550, 358, 170, BE55, , , , , BE55
1660425649, , 33.5273, -118.2988, 4550, 358, 170, BE55, , , , , BE55
1660425652, , 33.5297, -118.2989, 4550, 358, 170, BE55, , , , , BE55
1660425652, , 33.5297, -118.2989, 4550, 358, 170, BE55, , , , , BE55
1660425655, , 33.5322, -118.299, 4550, 357, 169, BE55, , , , , BE55
1660425661, , 33.5367, -118.2993, 4550, 357, 169, BE55, , , , , BE55
1660425661, , 33.5367, -118.2993, 4550, 357, 169, BE55, , , , , BE55
1660425665, , 33.5391, -118.2994, 4550, 358, 170, BE55, , , , , BE55
1660425665, , 33.5391, -118.2994, 4550, 358, 170, BE55, , , , , BE55
1660425667, , 33.5414, -118.2993, 4550, 359, 170, BE55, , , , , BE55
1660425667, , 33.5414, -118.2993, 4550, 359, 170, BE55, , , , , BE55
1660425674, , 33.5462, -118.2995, 4550, 358, 170, BE55, , , , , BE55
1660425678, , 33.5498, -118.2996, 4550, 358, 169, BE55, , , , , BE55
1660425678, , 33.5498, -118.2996, 4550, 358, 169, BE55, , , , , BE55
1660425681, , 33.5521, -118.2997, 4550, 357, 169, BE55, , , , , BE55
1660425684, , 33.5545, -118.2998, 4550, 355, 170, BE55, , , , , BE55
1660425684, , 33.5545, -118.2998, 4550, 355, 170, BE55, , , , , BE55
1660425689, , 33.5582, -118.3003, 4525, 353, 172, BE55, , , , , BE55
1660425689, , 33.5582, -118.3003, 4525, 353, 172, BE55, , , , , BE55
1660425693, , 33.5613, -118.3007, 4525, 353, 172, BE55, , , , , BE55
1660425693, , 33.5613, -118.3007, 4525, 353, 172, BE55, , , , , BE55
1660425695, , 33.5633, -118.3008, 4525, 353, 172, BE55, , , , , BE55
1660425702, , 33.5685, -118.3011, 4525, 358, 172, BE55, , , , , BE55
1660425702, , 33.5685, -118.3011, 4525, 358, 172, BE55, , , , , BE55
1660425705, , 33.5712, -118.3012, 4525, 359, 172, BE55, , , , , BE55
1660425705, , 33.5712, -118.3012, 4525, 359, 172, BE55, , , , , BE55
1660425708, , 33.5736, -118.3012, 4525, 359, 172, BE55, , , , , BE55
1660425708, , 33.5736, -118.3012, 4525, 359, 172, BE55, , , , , BE55
1660425714, , 33.5781, -118.3013, 4525, 358, 171, BE55, , , , , BE55
1660425714, , 33.5781, -118.3013, 4525, 358, 171, BE55, , , , , BE55
1660425717, , 33.5804, -118.3014, 4525, 357, 171, BE55, , , , , BE55
1660425720, , 33.5829, -118.3015, 4525, 357, 171, BE55, , , , , BE55
1660425720, , 33.5829, -118.3015, 4525, 357, 171, BE55, , , , , BE55
1660425724, , 33.5863, -118.3017, 4525, 357, 172, BE55, , , , , BE55
1660425724, , 33.5863, -118.3017, 4525, 357, 172, BE55, , , , , BE55
1660425728, , 33.5892, -118.3018, 4500, 357, 172, BE55, , , , , BE55
1660425728, , 33.5892, -118.3018, 4500, 357, 172, BE55, , , , , BE55
1660425734, , 33.5938, -118.302, 4500, 358, 172, BE55, , , , , BE55
1660425737, , 33.5959, -118.302, 4500, 360, 172, BE55, , , , , BE55
1660425737, , 33.5959, -118.302, 4500, 360, 172, BE55, , , , , BE55
1660425742, , 33.6003, -118.3019, 4500, 357, 172, BE55, , , , , BE55
1660425742, , 33.6003, -118.3019, 4500, 357, 172, BE55, , , , , BE55
1660425745, , 33.6023, -118.3019, 4500, 357, 172, BE55, , , , , BE55
1660425745, , 33.6023, -118.3019, 4500, 357, 172, BE55, , , , , BE55
1660425748, , 33.6052, -118.3018, 4500, 357, 171, BE55, , , , , BE55
1660425753, , 33.6078, -118.3019, 4500, 359, 172, BE55, , , , , BE55
1660425753, , 33.6078, -118.3019, 4500, 359, 172, BE55, , , , , BE55
1660425757, , 33.6122, -118.302, 4500, 358, 171, BE55, , , , , BE55
1660425757, , 33.6122, -118.302, 4500, 358, 171, BE55, , , , , BE55
1660425758, , 33.6129, -118.302, 4500, 358, 171, BE55, , , , , BE55
1660425758, , 33.6129, -118.302, 4500, 358, 171, BE55, , , , , BE55
1660425763, , 33.6172, -118.3022, 4500, 359, 171, BE55, , , , , BE55
1660425769, , 33.6224, -118.3022, 4500, 359, 171, BE55, , , , , BE55
1660425769, , 33.6224, -118.3022, 4500, 359, 171, BE55, , , , , BE55
1660425773, , 33.6251, -118.3022, 4500, 359, 172, BE55, , , , , BE55
1660425773, , 33.6251, -118.3022, 4500, 359, 172, BE55, , , , , BE55
1660425775, , 33.6271, -118.3023, 4475, 359, 173, BE55, , , , , BE55
1660425782, , 33.6321, -118.3025, 4425, 357, 176, BE55, , , , , BE55
1660425782, , 33.6321, -118.3025, 4425, 357, 176, BE55, , , , , BE55
1660425785, , 33.634, -118.3026, 4400, 357, 177, BE55, , , , , BE55
1660425785, , 33.634, -118.3026, 4400, 357, 177, BE55, , , , , BE55
1660425788, , 33.6373, -118.3028, 4375, 357, 179, BE55, , , , , BE55
1660425788, , 33.6373, -118.3028, 4375, 357, 179, BE55, , , , , BE55
1660425794, , 33.6424, -118.303, 4300, 359, 182, BE55, , , , , BE55
1660425797, , 33.6449, -118.3029, 4275, 1, 183, BE55, , , , , BE55
1660425797, , 33.6449, -118.3029, 4275, 1, 183, BE55, , , , , BE55
1660425800, , 33.6473, -118.3028, 4225, 2, 184, BE55, , , , , BE55
1660425800, , 33.6473, -118.3028, 4225, 2, 184, BE55, , , , , BE55
1660425806, , 33.6523, -118.3024, 4175, 4, 185, BE55, , , , , BE55
1660425806, , 33.6523, -118.3024, 4175, 4, 185, BE55, , , , , BE55
1660425808, , 33.6545, -118.3022, 4175, 4, 185, BE55, , , , , BE55
1660425812, , 33.6578, -118.3019, 4150, 4, 185, BE55, , , , , BE55
1660425812, , 33.6578, -118.3019, 4150, 4, 185, BE55, , , , , BE55
1660425818, , 33.6629, -118.3015, 4100, 3, 184, BE55, , , , , BE55
1660425818, , 33.6629, -118.3015, 4100, 3, 184, BE55, , , , , BE55
1660425821, , 33.6654, -118.3013, 4100, 3, 183, BE55, , , , , BE55
1660425821, , 33.6654, -118.3013, 4100, 3, 183, BE55, , , , , BE55
1660425824, , 33.6676, -118.3011, 4075, 3, 183, BE55, , , , , BE55
1660425830, , 33.673, -118.3007, 4075, 3, 181, BE55, , , , , BE55
1660425830, , 33.673, -118.3007, 4075, 3, 181, BE55, , , , , BE55
1660425833, , 33.6753, -118.3005, 4050, 4, 179, BE55, , , , , BE55
1660425833, , 33.6753, -118.3005, 4050, 4, 179, BE55, , , , , BE55
1660425836, , 33.678, -118.3002, 4050, 5, 178, BE55, , , , , BE55
1660425836, , 33.678, -118.3002, 4050, 5, 178, BE55, , , , , BE55
1660425842, , 33.6827, -118.2997, 4025, 4, 177, BE55, , , , , BE55
1660425845, , 33.6854, -118.2995, 4000, 4, 178, BE55, , , , , BE55
1660425845, , 33.6854, -118.2995, 4000, 4, 178, BE55, , , , , BE55
1660425848, , 33.6881, -118.2993, 3975, 2, 179, BE55, , , , , BE55
1660425848, , 33.6881, -118.2993, 3975, 2, 179, BE55, , , , , BE55
1660425854, , 33.6924, -118.299, 3900, 2, 182, BE55, , , , , BE55
1660425854, , 33.6924, -118.299, 3900, 2, 182, BE55, , , , , BE55
1660425857, , 33.6954, -118.2989, 3850, 2, 183, BE55, , , , , BE55
1660425860, , 33.6981, -118.2988, 3800, 1, 184, BE55, , , , , BE55
1660425860, , 33.6981, -118.2988, 3800, 1, 184, BE55, , , , , BE55
1660425866, , 33.7032, -118.2987, 3750, 1, 185, BE55, , , , , BE55
1660425866, , 33.7032, -118.2987, 3750, 1, 185, BE55, , , , , BE55
1660425869, , 33.7054, -118.2987, 3725, 359, 185, BE55, , , , , BE55
1660425872, , 33.7085, -118.2987, 3725, 359, 184, BE55, , , , , BE55
1660425872, , 33.7085, -118.2987, 3725, 359, 184, BE55, , , , , BE55
1660425878, , 33.7136, -118.299, 3675, 356, 184, BE55, , , , , BE55
1660425878, , 33.7136, -118.299, 3675, 356, 184, BE55, , , , , BE55
1660425882, , 33.717, -118.2992, 3625, 355, 184, BE55, , , , , BE55
1660425882, , 33.717, -118.2992, 3625, 355, 184, BE55, , , , , BE55
1660425886, , 33.72, -118.2995, 3575, 355, 185, BE55, , , , , BE55
1660425888, , 33.7223, -118.2997, 3525, 356, 187, BE55, , , , , BE55
1660425888, , 33.7223, -118.2997, 3525, 356, 187, BE55, , , , , BE55
1660425892, , 33.7252, -118.2999, 3500, 356, 187, BE55, , , , , BE55
1660425892, , 33.7252, -118.2999, 3500, 356, 187, BE55, , , , , BE55
1660425898, , 33.7301, -118.3001, 3500, 359, 185, BE55, , , , , BE55
1660425898, , 33.7301, -118.3001, 3500, 359, 185, BE55, , , , , BE55
1660425900, , 33.7322, -118.3002, 3475, 359, 184, BE55, , , , , BE55
1660425903, , 33.7354, -118.3002, 3475, 359, 183, BE55, , , , , BE55
1660425903, , 33.7354, -118.3002, 3475, 359, 183, BE55, , , , , BE55
1660425910, , 33.7405, -118.3003, 3475, 358, 181, BE55, , , , , BE55
1660425910, , 33.7405, -118.3003, 3475, 358, 181, BE55, , , , , BE55
1660425912, , 33.7424, -118.3003, 3450, 358, 181, BE55, , , , , BE55
1660425912, , 33.7424, -118.3003, 3450, 358, 181, BE55, , , , , BE55
1660425916, , 33.7456, -118.3004, 3425, 358, 181, BE55, , , , , BE55
1660425922, , 33.7506, -118.3006, 3350, 358, 183, BE55, , , , , BE55
1660425922, , 33.7506, -118.3006, 3350, 358, 183, BE55, , , , , BE55
1660425924, , 33.7529, -118.3007, 3300, 359, 184, BE55, , , , , BE55
1660425924, , 33.7529, -118.3007, 3300, 359, 184, BE55, , , , , BE55
