//Timestamp, ICAO, Latitude_deg, Longitude_deg, Altitude_ft, Heading_deg, GroundSpeed_kts, AircraftType, RegistrationNum, Departure, Arrival, FlightNumber1, FlightNumber2
1660396354, , 33.6679, -117.8715, 0, 271, 0, , , , , , BLOCKED
1660396354, , 33.6679, -117.8715, 0, 271, 0, , , , , , BLOCKED
1660396357, , 33.6679, -117.8715, 0, 242, 0, , , , , , BLOCKED
1660396357, , 33.6679, -117.8715, 0, 242, 0, , , , , , BLOCKED
1660396361, , 33.6679, -117.8715, 0, 242, 0, , , , , , BLOCKED
1660396361, , 33.6679, -117.8715, 0, 242, 0, , , , , , BLOCKED
1660396366, , 33.6679, -117.8715, 0, 223, 0, , , , , , BLOCKED
1660396366, , 33.6679, -117.8715, 0, 223, 0, , , , , , BLOCKED
1660396370, , 33.6679, -117.8715, 0, 223, 0, , , , , , BLOCKED
1660396373, , 33.6679, -117.8715, 0, 180, 0, , , , , , BLOCKED
1660396373, , 33.6679, -117.8715, 0, 180, 0, , , , , , BLOCKED
1660396378, , 33.6679, -117.8715, 0, 314, 0, , , , , , BLOCKED
1660396378, , 33.6679, -117.8715, 0, 314, 0, , , , , , BLOCKED
1660396381, , 33.668, -117.8716, 0, 315, 6, , , , , , BLOCKED
1660396381, , 33.668, -117.8716, 0, 315, 6, , , , , , BLOCKED
1660396385, , 33.668, -117.8717, 0, 315, 8, , , , , , BLOCKED
1660396385, , 33.668, -117.8717, 0, 315, 8, , , , , , BLOCKED
1660396390, , 33.6682, -117.8718, 0, 356, 9, , , , , , BLOCKED
1660396393, , 33.6684, -117.8717, 0, 25, 11, , , , , , BLOCKED
1660396393, , 33.6684, -117.8717, 0, 25, 11, , , , , , BLOCKED
1660396397, , 33.6685, -117.8716, 0, 39, 12, , , , , , BLOCKED
1660396397, , 33.6685, -117.8716, 0, 39, 12, , , , , , BLOCKED
1660396399, , 33.6686, -117.8715, 0, 39, 13, , , , , , BLOCKED
1660396399, , 33.6686, -117.8715, 0, 39, 13, , , , , , BLOCKED
1660396403, , 33.6688, -117.8713, 0, 42, 15, , , , , , BLOCKED
1660396409, , 33.6692, -117.8709, 0, 39, 16, , , , , , BLOCKED
1660396409, , 33.6692, -117.8709, 0, 39, 16, , , , , , BLOCKED
1660396413, , 33.6694, -117.8707, 0, 42, 16, , , , , , BLOCKED
1660396413, , 33.6694, -117.8707, 0, 42, 16, , , , , , BLOCKED
1660396417, , 33.6696, -117.8704, 0, 39, 17, , , , , , BLOCKED
1660396417, , 33.6696, -117.8704, 0, 39, 17, , , , , , BLOCKED
1660396418, , 33.6697, -117.8704, 0, 39, 17, , , , , , BLOCKED
1660396418, , 33.6697, -117.8704, 0, 39, 17, , , , , , BLOCKED
1660396425, , 33.6701, -117.87, 0, 39, 17, , , , , , BLOCKED
1660396429, , 33.6703, -117.8697, 0, 42, 17, , , , , , BLOCKED
1660396429, , 33.6703, -117.8697, 0, 42, 17, , , , , , BLOCKED
1660396433, , 33.6706, -117.8694, 0, 39, 17, , , , , , BLOCKED
1660396433, , 33.6706, -117.8694, 0, 39, 17, , , , , , BLOCKED
1660396437, , 33.6708, -117.8692, 0, 42, 17, , , , , , BLOCKED
1660396437, , 33.6708, -117.8692, 0, 42, 17, , , , , , BLOCKED
1660396442, , 33.6711, -117.8689, 0, 39, 16, , , , , , BLOCKED
1660396445, , 33.6713, -117.8688, 0, 36, 16, , , , , , BLOCKED
1660396445, , 33.6713, -117.8688, 0, 36, 16, , , , , , BLOCKED
1660396450, , 33.6716, -117.8685, 0, 30, 16, , , , , , BLOCKED
1660396450, , 33.6716, -117.8685, 0, 30, 16, , , , , , BLOCKED
1660396453, , 33.6718, -117.8683, 0, 30, 15, , , , , , BLOCKED
1660396453, , 33.6718, -117.8683, 0, 30, 15, , , , , , BLOCKED
1660396456, , 33.672, -117.8682, 0, 28, 15, , , , , , BLOCKED
1660396461, , 33.6723, -117.868, 0, 25, 15, , , , , , BLOCKED
1660396461, , 33.6723, -117.868, 0, 25, 15, , , , , , BLOCKED
1660396461, , 33.6723, -117.868, 0, 25, 15, , , , , , BLOCKED
1660396461, , 33.6723, -117.868, 0, 25, 15, , , , , , BLOCKED
1660396461, , 33.6723, -117.868, 0, 25, 15, , , , , , BLOCKED
1660396461, , 33.6723, -117.868, 0, 25, 15, , , , , , BLOCKED
1660396471, , 33.673, -117.8678, 0, 354, 12, , , , , , BLOCKED
1660396477, , 33.6733, -117.8678, 0, 33, 10, , , , , , BLOCKED
1660396477, , 33.6733, -117.8678, 0, 33, 10, , , , , , BLOCKED
1660396481, , 33.6734, -117.8677, 0, 39, 8, , , , , , BLOCKED
1660396481, , 33.6734, -117.8677, 0, 39, 8, , , , , , BLOCKED
1660396485, , 33.6735, -117.8676, 0, 39, 4, , , , , , BLOCKED
1660396485, , 33.6735, -117.8676, 0, 39, 4, , , , , , BLOCKED
1660396488, , 33.6735, -117.8676, 0, 39, 1, , , , , , BLOCKED
1660396488, , 33.6735, -117.8676, 0, 39, 1, , , , , , BLOCKED
1660396492, , 33.6735, -117.8676, 0, 39, 1, , , , , , BLOCKED
1660396496, , 33.6735, -117.8676, 0, 39, 1, , , , , , BLOCKED
1660396496, , 33.6735, -117.8676, 0, 39, 1, , , , , , BLOCKED
1660396501, , 33.6735, -117.8676, 0, 39, 1, , , , , , BLOCKED
1660396501, , 33.6735, -117.8676, 0, 39, 1, , , , , , BLOCKED
1660396506, , 33.6735, -117.8676, 0, 39, 1, , , , , , BLOCKED
1660396506, , 33.6735, -117.8676, 0, 39, 1, , , , , , BLOCKED
1660396509, , 33.6735, -117.8676, 0, 39, 1, , , , , , BLOCKED
1660396512, , 33.6735, -117.8676, 0, 39, 1, , , , , , BLOCKED
1660396512, , 33.6735, -117.8676, 0, 39, 1, , , , , , BLOCKED
1660396517, , 33.6735, -117.8676, 0, 39, 0, , , , , , BLOCKED
1660396517, , 33.6735, -117.8676, 0, 39, 0, , , , , , BLOCKED
1660396517, , 33.6735, -117.8676, 0, 39, 0, , , , , , BLOCKED
1660396517, , 33.6735, -117.8676, 0, 39, 0, , , , , , BLOCKED
1660396517, , 33.6735, -117.8676, 0, 39, 0, , , , , , BLOCKED
1660396517, , 33.6735, -117.8676, 0, 39, 0, , , , , , BLOCKED
1660396527, , 33.6735, -117.8676, 0, 39, 0, , , , , , BLOCKED
1660396532, , 33.6735, -117.8676, 0, 39, 0, , , , , , BLOCKED
1660396532, , 33.6735, -117.8676, 0, 39, 0, , , , , , BLOCKED
1660396537, , 33.6735, -117.8676, 0, 39, 0, , , , , , BLOCKED
1660396537, , 33.6735, -117.8676, 0, 39, 0, , , , , , BLOCKED
1660396537, , 33.6735, -117.8676, 0, 39, 0, , , , , , BLOCKED
1660396537, , 33.6735, -117.8676, 0, 39, 0, , , , , , BLOCKED
1660396542, , 33.6735, -117.8676, 0, 39, 0, , , , , , BLOCKED
1660396547, , 33.6735, -117.8676, 0, 39, 0, , , , , , BLOCKED
1660396547, , 33.6735, -117.8676, 0, 39, 0, , , , , , BLOCKED
1660396552, , 33.6735, -117.8676, 0, 39, 0, , , , , , BLOCKED
1660396552, , 33.6735, -117.8676, 0, 39, 0, , , , , , BLOCKED
1660396557, , 33.6735, -117.8676, 0, 39, 0, , , , , , BLOCKED
1660396557, , 33.6735, -117.8676, 0, 39, 0, , , , , , BLOCKED
1660396562, , 33.6735, -117.8676, 0, 39, 0, , , , , , BLOCKED
1660396562, , 33.6735, -117.8676, 0, 39, 0, , , , , , BLOCKED
1660396562, , 33.6735, -117.8676, 0, 39, 0, , , , , , BLOCKED
1660396567, , 33.6735, -117.8676, 0, 39, 0, , , , , , BLOCKED
1660396567, , 33.6735, -117.8676, 0, 39, 0, , , , , , BLOCKED
1660396572, , 33.6735, -117.8676, 0, 39, 0, , , , , , BLOCKED
1660396572, , 33.6735, -117.8676, 0, 39, 0, , , , , , BLOCKED
1660396577, , 33.6735, -117.8676, 0, 39, 0, , , , , , BLOCKED
1660396577, , 33.6735, -117.8676, 0, 39, 0, , , , , , BLOCKED
1660396577, , 33.6735, -117.8676, 0, 39, 0, , , , , , BLOCKED
1660396577, , 33.6735, -117.8676, 0, 39, 0, , , , , , BLOCKED
1660396577, , 33.6735, -117.8676, 0, 39, 0, , , , , , BLOCKED
1660396587, , 33.6735, -117.8676, 0, 39, 0, , , , , , BLOCKED
1660396587, , 33.6735, -117.8676, 0, 39, 0, , , , , , BLOCKED
1660396592, , 33.6735, -117.8676, 0, 39, 0, , , , , , BLOCKED
1660396592, , 33.6735, -117.8676, 0, 39, 0, , , , , , BLOCKED
1660396597, , 33.6735, -117.8676, 0, 39, 0, , , , , , BLOCKED
1660396597, , 33.6735, -117.8676, 0, 39, 0, , , , , , BLOCKED
1660396597, , 33.6735, -117.8676, 0, 39, 0, , , , , , BLOCKED
1660396602, , 33.6735, -117.8676, 0, 39, 0, , , , , , BLOCKED
1660396602, , 33.6735, -117.8676, 0, 39, 0, , , , , , BLOCKED
1660396607, , 33.6735, -117.8676, 0, 39, 0, , , , , , BLOCKED
1660396607, , 33.6735, -117.8676, 0, 39, 0, , , , , , BLOCKED
1660396612, , 33.6735, -117.8676, 0, 39, 0, , , , , , BLOCKED
1660396612, , 33.6735, -117.8676, 0, 39, 0, , , , , , BLOCKED
1660396618, , 33.6735, -117.8676, 0, 39, 0, , , , , , BLOCKED
1660396618, , 33.6735, -117.8676, 0, 39, 0, , , , , , BLOCKED
1660396618, , 33.6735, -117.8676, 0, 39, 0, , , , , , BLOCKED
1660396618, , 33.6735, -117.8676, 0, 39, 0, , , , , , BLOCKED
1660396618, , 33.6735, -117.8676, 0, 39, 0, , , , , , BLOCKED
1660396618, , 33.6735, -117.8676, 0, 39, 0, , , , , , BLOCKED
1660396618, , 33.6735, -117.8676, 0, 39, 0, , , , , , BLOCKED
1660396633, , 33.6735, -117.8676, 0, 39, 0, , , , , , BLOCKED
1660396633, , 33.6735, -117.8676, 0, 39, 0, , , , , , BLOCKED
1660396633, , 33.6735, -117.8676, 0, 39, 0, , , , , , BLOCKED
1660396633, , 33.6735, -117.8676, 0, 39, 0, , , , , , BLOCKED
1660396633, , 33.6735, -117.8676, 0, 39, 0, , , , , , BLOCKED
1660396633, , 33.6735, -117.8676, 0, 39, 0, , , , , , BLOCKED
1660396633, , 33.6735, -117.8676, 0, 39, 0, , , , , , BLOCKED
1660396648, , 33.6735, -117.8676, 0, 39, 0, , , , , , BLOCKED
1660396648, , 33.6735, -117.8676, 0, 39, 0, , , , , , BLOCKED
1660396652, , 33.6735, -117.8676, 0, 39, 0, , , , , , BLOCKED
1660396652, , 33.6735, -117.8676, 0, 39, 0, , , , , , BLOCKED
1660396652, , 33.6735, -117.8676, 0, 39, 0, , , , , , BLOCKED
1660396657, , 33.6735, -117.8676, 0, 39, 0, , , , , , BLOCKED
1660396657, , 33.6735, -117.8676, 0, 39, 0, , , , , , BLOCKED
1660396662, , 33.6735, -117.8676, 0, 39, 0, , , , , , BLOCKED
1660396662, , 33.6735, -117.8676, 0, 39, 0, , , , , , BLOCKED
1660396667, , 33.6735, -117.8676, 0, 39, 0, , , , , , BLOCKED
1660396667, , 33.6735, -117.8676, 0, 39, 0, , , , , , BLOCKED
1660396672, , 33.6735, -117.8676, 0, 39, 0, , , , , , BLOCKED
1660396677, , 33.6735, -117.8676, 0, 39, 0, , , , , , BLOCKED
1660396677, , 33.6735, -117.8676, 0, 39, 0, , , , , , BLOCKED
1660396682, , 33.6735, -117.8676, 0, 39, 0, , , , , , BLOCKED
1660396682, , 33.6735, -117.8676, 0, 39, 0, , , , , , BLOCKED
1660396682, , 33.6735, -117.8676, 0, 39, 0, , , , , , BLOCKED
1660396682, , 33.6735, -117.8676, 0, 39, 0, , , , , , BLOCKED
1660396687, , 33.6735, -117.8676, 0, 39, 0, , , , , , BLOCKED
1660396692, , 33.6735, -117.8676, 0, 39, 0, , , , , , BLOCKED
1660396692, , 33.6735, -117.8676, 0, 39, 0, , , , , , BLOCKED
1660396697, , 33.6735, -117.8676, 0, 39, 0, , , , , , BLOCKED
1660396697, , 33.6735, -117.8676, 0, 39, 0, , , , , , BLOCKED
1660396697, , 33.6735, -117.8676, 0, 39, 0, , , , , , BLOCKED
1660396697, , 33.6735, -117.8676, 0, 39, 0, , , , , , BLOCKED
1660396702, , 33.6735, -117.8676, 0, 39, 0, , , , , , BLOCKED
1660396702, , 33.6735, -117.8676, 0, 39, 0, , , , , , BLOCKED
1660396702, , 33.6735, -117.8676, 0, 39, 0, , , , , , BLOCKED
1660396712, , 33.6735, -117.8676, 0, 39, 0, , , , , , BLOCKED
1660396712, , 33.6735, -117.8676, 0, 39, 0, , , , , , BLOCKED
1660396717, , 33.6735, -117.8676, 0, 39, 0, , , , , , BLOCKED
1660396717, , 33.6735, -117.8676, 0, 39, 0, , , , , , BLOCKED
1660396717, , 33.6735, -117.8676, 0, 39, 0, , , , , , BLOCKED
1660396717, , 33.6735, -117.8676, 0, 39, 0, , , , , , BLOCKED
1660396722, , 33.6735, -117.8676, 0, 39, 0, , , , , , BLOCKED
1660396727, , 33.6735, -117.8676, 0, 39, 0, , , , , , BLOCKED
1660396727, , 33.6735, -117.8676, 0, 39, 0, , , , , , BLOCKED
1660396732, , 33.6735, -117.8676, 0, 39, 0, , , , , , BLOCKED
1660396732, , 33.6735, -117.8676, 0, 39, 0, , , , , , BLOCKED
1660396737, , 33.6735, -117.8676, 0, 39, 0, , , , , , BLOCKED
1660396737, , 33.6735, -117.8676, 0, 39, 0, , , , , , BLOCKED
1660396737, , 33.6735, -117.8676, 0, 39, 0, , , , , , BLOCKED
1660396737, , 33.6735, -117.8676, 0, 39, 0, , , , , , BLOCKED
1660396737, , 33.6735, -117.8676, 0, 39, 0, , , , , , BLOCKED
1660396748, , 33.6736, -117.8675, 0, 33, 8, , , , , , BLOCKED
1660396748, , 33.6736, -117.8675, 0, 33, 8, , , , , , BLOCKED
1660396750, , 33.6737, -117.8674, 0, 30, 10, , , , , , BLOCKED
1660396750, , 33.6737, -117.8674, 0, 30, 10, , , , , , BLOCKED
1660396750, , 33.6737, -117.8674, 0, 30, 10, , , , , , BLOCKED
1660396750, , 33.6737, -117.8674, 0, 30, 10, , , , , , BLOCKED
1660396761, , 33.6742, -117.8671, 0, 28, 14, , , , , , BLOCKED
1660396761, , 33.6742, -117.8671, 0, 28, 14, , , , , , BLOCKED
1660396761, , 33.6742, -117.8671, 0, 28, 14, , , , , , BLOCKED
1660396769, , 33.6747, -117.8668, 0, 28, 16, , , , , , BLOCKED
1660396769, , 33.6747, -117.8668, 0, 28, 16, , , , , , BLOCKED
1660396771, , 33.6748, -117.8667, 0, 28, 16, , , , , , BLOCKED
1660396771, , 33.6748, -117.8667, 0, 28, 16, , , , , , BLOCKED
1660396778, , 33.6753, -117.8664, 0, 28, 17, , , , , , BLOCKED
1660396778, , 33.6753, -117.8664, 0, 28, 17, , , , , , BLOCKED
1660396781, , 33.6756, -117.8662, 0, 28, 16, , , , , , BLOCKED
1660396785, , 33.6758, -117.8661, 0, 28, 16, , , , , , BLOCKED
1660396789, , 33.676, -117.8659, 0, 28, 16, , , , , , BLOCKED
1660396789, , 33.676, -117.8659, 0, 28, 16, , , , , , BLOCKED
1660396792, , 33.6762, -117.8658, 0, 28, 16, , , , , , BLOCKED
1660396792, , 33.6762, -117.8658, 0, 28, 16, , , , , , BLOCKED
1660396792, , 33.6762, -117.8658, 0, 28, 16, , , , , , BLOCKED
1660396792, , 33.6762, -117.8658, 0, 28, 16, , , , , , BLOCKED
1660396792, , 33.6762, -117.8658, 0, 28, 16, , , , , , BLOCKED
1660396792, , 33.6762, -117.8658, 0, 28, 16, , , , , , BLOCKED
1660396805, , 33.6771, -117.8652, 0, 28, 15, , , , , , BLOCKED
1660396809, , 33.6774, -117.8651, 0, 28, 15, , , , , , BLOCKED
1660396809, , 33.6774, -117.8651, 0, 28, 15, , , , , , BLOCKED
1660396813, , 33.6777, -117.8649, 0, 28, 15, , , , , , BLOCKED
1660396813, , 33.6777, -117.8649, 0, 28, 15, , , , , , BLOCKED
1660396815, , 33.6778, -117.8648, 0, 28, 15, , , , , , BLOCKED
1660396815, , 33.6778, -117.8648, 0, 28, 15, , , , , , BLOCKED
1660396815, , 33.6778, -117.8648, 0, 28, 15, , , , , , BLOCKED
1660396825, , 33.6784, -117.8644, 0, 28, 15, , , , , , BLOCKED
1660396825, , 33.6784, -117.8644, 0, 28, 15, , , , , , BLOCKED
1660396825, , 33.6784, -117.8644, 0, 28, 15, , , , , , BLOCKED
1660396825, , 33.6784, -117.8644, 0, 28, 15, , , , , , BLOCKED
1660396825, , 33.6784, -117.8644, 0, 28, 15, , , , , , BLOCKED
1660396825, , 33.6784, -117.8644, 0, 28, 15, , , , , , BLOCKED
1660396834, , 33.679, -117.864, 0, 28, 15, , , , , , BLOCKED
1660396834, , 33.679, -117.864, 0, 28, 15, , , , , , BLOCKED
1660396838, , 33.6792, -117.8639, 0, 28, 15, , , , , , BLOCKED
1660396838, , 33.6792, -117.8639, 0, 28, 15, , , , , , BLOCKED
1660396838, , 33.6792, -117.8639, 0, 28, 15, , , , , , BLOCKED
1660396838, , 33.6792, -117.8639, 0, 28, 15, , , , , , BLOCKED
1660396838, , 33.6792, -117.8639, 0, 28, 15, , , , , , BLOCKED
1660396852, , 33.68, -117.8637, 0, 298, 11, , , , , , BLOCKED
1660396852, , 33.68, -117.8637, 0, 298, 11, , , , , , BLOCKED
1660396852, , 33.68, -117.8637, 0, 298, 11, , , , , , BLOCKED
1660396859, , 33.6802, -117.8641, 0, 298, 12, , , , , , BLOCKED
1660396859, , 33.6802, -117.8641, 0, 298, 12, , , , , , BLOCKED
1660396864, , 33.6803, -117.8644, 0, 298, 12, , , , , , BLOCKED
1660396864, , 33.6803, -117.8644, 0, 298, 12, , , , , , BLOCKED
1660396870, , 33.6805, -117.8647, 0, 300, 12, , , , , , BLOCKED
1660396870, , 33.6805, -117.8647, 0, 300, 12, , , , , , BLOCKED
1660396870, , 33.6805, -117.8648, 0, 300, 12, , , , , , BLOCKED
1660396870, , 33.6805, -117.8648, 0, 300, 12, , , , , , BLOCKED
1660396875, , 33.6806, -117.865, 0, 306, 12, , , , , , BLOCKED
1660396880, , 33.6808, -117.8653, 0, 303, 11, , , , , , BLOCKED
1660396880, , 33.6808, -117.8653, 0, 303, 11, , , , , , BLOCKED
1660396885, , 33.6809, -117.8655, 0, 261, 8, , , , , , BLOCKED
1660396885, , 33.6809, -117.8655, 0, 261, 8, , , , , , BLOCKED
1660396885, , 33.6809, -117.8655, 0, 261, 8, , , , , , BLOCKED
1660396885, , 33.6809, -117.8655, 0, 261, 8, , , , , , BLOCKED
1660396892, , 33.6806, -117.8658, 0, 208, 20, , , , , , BLOCKED
1660396897, , 33.6799, -117.8662, 0, 208, 38, , , , , , BLOCKED
1660396897, , 33.6799, -117.8662, 0, 208, 38, , , , , , BLOCKED
1660396900, , 33.6794, -117.8665, 0, 208, 48, , , , , , BLOCKED
1660396900, , 33.6794, -117.8665, 0, 208, 48, , , , , , BLOCKED
1660396900, , 33.6794, -117.8665, 0, 208, 48, , , , , , BLOCKED
1660396900, , 33.6794, -117.8665, 0, 208, 48, , , , , , BLOCKED
1660396907, , 33.6776, -117.8677, 100, 208, 68, , , , , , BLOCKED
1660396907, , 33.6776, -117.8677, 100, 208, 68, , , , , , BLOCKED
1660396911, , 33.6762, -117.8686, 100, 208, 78, , , , , , BLOCKED
1660396911, , 33.6762, -117.8686, 100, 208, 78, , , , , , BLOCKED
1660396911, , 33.6762, -117.8686, 100, 208, 78, , , , , , BLOCKED
1660396922, , 33.6727, -117.8708, 125, 208, 92, , , , , , BLOCKED
1660396922, , 33.6727, -117.8708, 125, 208, 92, , , , , , BLOCKED
1660396922, , 33.6727, -117.8708, 125, 208, 92, , , , , , BLOCKED
1660396922, , 33.6727, -117.8708, 125, 208, 92, , , , , , BLOCKED
1660396927, , 33.6708, -117.8721, 200, 209, 94, , , , , , BLOCKED
1660396927, , 33.6708, -117.8721, 200, 209, 94, , , , , , BLOCKED
1660396931, , 33.6695, -117.8729, 225, 210, 95, , , , , , BLOCKED
1660396935, , 33.6678, -117.8741, 275, 210, 99, , , , , , BLOCKED
1660396935, , 33.6678, -117.8741, 275, 210, 99, , , , , , BLOCKED
1660396941, , 33.6649, -117.876, 350, 206, 100, , , , , , BLOCKED
1660396941, , 33.6649, -117.876, 350, 206, 100, , , , , , BLOCKED
1660396944, , 33.6636, -117.8765, 400, 189, 99, , , , , , BLOCKED
1660396944, , 33.6636, -117.8765, 400, 189, 99, , , , , , BLOCKED
1660396947, , 33.6623, -117.8765, 450, 180, 99, , , , , , BLOCKED
1660396953, , 33.6595, -117.8757, 525, 157, 101, , , , , , BLOCKED
1660396953, , 33.6595, -117.8757, 525, 157, 101, , , , , , BLOCKED
1660396956, , 33.6583, -117.875, 550, 153, 102, , , , , , BLOCKED
1660396956, , 33.6583, -117.875, 550, 153, 102, , , , , , BLOCKED
1660396959, , 33.657, -117.8742, 600, 153, 102, , , , , , BLOCKED
1660396959, , 33.657, -117.8742, 600, 153, 102, , , , , , BLOCKED
1660396965, , 33.6544, -117.8727, 675, 153, 105, , , , , , BLOCKED
1660396965, , 33.6544, -117.8727, 675, 153, 105, , , , , , BLOCKED
1660396968, , 33.653, -117.8719, 700, 154, 105, , , , , , BLOCKED
1660396972, , 33.6513, -117.8709, 750, 155, 106, , , , , , BLOCKED
1660396972, , 33.6513, -117.8709, 750, 155, 106, , , , , , BLOCKED
1660396976, , 33.6496, -117.87, 800, 155, 107, , , , , , BLOCKED
1660396976, , 33.6496, -117.87, 800, 155, 107, , , , , , BLOCKED
1660396979, , 33.6482, -117.8692, 850, 157, 107, , , , , , BLOCKED
1660396979, , 33.6482, -117.8692, 850, 157, 107, , , , , , BLOCKED
1660396983, , 33.6464, -117.8684, 925, 158, 107, , , , , , BLOCKED
1660396988, , 33.6441, -117.8673, 1000, 159, 107, , , , , , BLOCKED
1660396988, , 33.6441, -117.8673, 1000, 159, 107, , , , , , BLOCKED
1660396994, , 33.6411, -117.866, 1075, 159, 106, , , , , , BLOCKED
1660396994, , 33.6411, -117.866, 1075, 159, 106, , , , , , BLOCKED
1660396997, , 33.6398, -117.8654, 1125, 159, 106, , , , , , BLOCKED
1660396997, , 33.6398, -117.8654, 1125, 159, 106, , , , , , BLOCKED
1660397002, , 33.6376, -117.8643, 1200, 156, 105, , , , , , BLOCKED
1660397002, , 33.6376, -117.8643, 1200, 156, 105, , , , , , BLOCKED
1660397005, , 33.6363, -117.8636, 1250, 155, 105, , , , , , BLOCKED
1660397006, , 33.6359, -117.8633, 1275, 154, 105, , , , , , BLOCKED
1660397006, , 33.6359, -117.8633, 1275, 154, 105, , , , , , BLOCKED
1660397014, , 33.6326, -117.8613, 1375, 149, 105, , , , , , BLOCKED
1660397014, , 33.6326, -117.8613, 1375, 149, 105, , , , , , BLOCKED
1660397017, , 33.6314, -117.8604, 1400, 147, 107, , , , , , BLOCKED
1660397020, , 33.6303, -117.8594, 1450, 142, 107, , , , , , BLOCKED
1660397020, , 33.6303, -117.8594, 1450, 142, 107, , , , , , BLOCKED
1660397026, , 33.628, -117.8568, 1525, 133, 107, , , , , , BLOCKED
1660397026, , 33.628, -117.8568, 1525, 133, 107, , , , , , BLOCKED
1660397029, , 33.627, -117.8555, 1550, 132, 108, , , , , , BLOCKED
1660397029, , 33.627, -117.8555, 1550, 132, 108, , , , , , BLOCKED
1660397032, , 33.6259, -117.8541, 1600, 132, 109, , , , , , BLOCKED
1660397032, , 33.6259, -117.8541, 1600, 132, 109, , , , , , BLOCKED
1660397038, , 33.624, -117.8516, 1675, 133, 110, , , , , , BLOCKED
1660397041, , 33.6228, -117.8501, 1700, 134, 111, , , , , , BLOCKED
1660397041, , 33.6228, -117.8501, 1700, 134, 111, , , , , , BLOCKED
1660397044, , 33.6217, -117.8488, 1750, 135, 111, , , , , , BLOCKED
1660397044, , 33.6217, -117.8488, 1750, 135, 111, , , , , , BLOCKED
1660397050, , 33.6194, -117.8462, 1825, 136, 111, , , , , , BLOCKED
1660397050, , 33.6194, -117.8462, 1825, 136, 111, , , , , , BLOCKED
1660397052, , 33.6184, -117.8451, 1850, 137, 111, , , , , , BLOCKED
1660397052, , 33.6184, -117.8451, 1850, 137, 111, , , , , , BLOCKED
1660397056, , 33.6172, -117.8438, 1900, 137, 112, , , , , , BLOCKED
1660397062, , 33.6149, -117.8412, 1975, 137, 113, , , , , , BLOCKED
1660397062, , 33.6149, -117.8412, 1975, 137, 113, , , , , , BLOCKED
1660397065, , 33.6136, -117.8399, 2000, 138, 114, , , , , , BLOCKED
1660397065, , 33.6136, -117.8399, 2000, 138, 114, , , , , , BLOCKED
1660397068, , 33.6124, -117.8386, 2050, 138, 114, , , , , , BLOCKED
1660397068, , 33.6124, -117.8386, 2050, 138, 114, , , , , , BLOCKED
1660397074, , 33.61, -117.8361, 2100, 139, 116, , , , , , BLOCKED
1660397077, , 33.6087, -117.8347, 2150, 139, 117, , , , , , BLOCKED
1660397077, , 33.6087, -117.8347, 2150, 139, 117, , , , , , BLOCKED
1660397080, , 33.6075, -117.8335, 2175, 139, 117, , , , , , BLOCKED
1660397080, , 33.6075, -117.8335, 2175, 139, 117, , , , , , BLOCKED
1660397086, , 33.6051, -117.8309, 2225, 138, 117, , , , , , BLOCKED
1660397086, , 33.6051, -117.8309, 2225, 138, 117, , , , , , BLOCKED
1660397089, , 33.6042, -117.83, 2275, 138, 117, , , , , , BLOCKED
1660397094, , 33.6024, -117.8281, 2300, 138, 119, , , , , , BLOCKED
1660397094, , 33.6024, -117.8281, 2300, 138, 119, , , , , , BLOCKED
1660397098, , 33.6001, -117.8257, 2375, 138, 119, , , , , , BLOCKED
1660397098, , 33.6001, -117.8257, 2375, 138, 119, , , , , , BLOCKED
1660397101, , 33.5987, -117.8242, 2400, 137, 120, , , , , , BLOCKED
1660397101, , 33.5987, -117.8242, 2400, 137, 120, , , , , , BLOCKED
1660397104, , 33.5975, -117.8228, 2425, 136, 120, , , , , , BLOCKED
1660397104, , 33.5975, -117.8228, 2425, 136, 120, , , , , , BLOCKED
1660397110, , 33.595, -117.8199, 2500, 135, 122, , , , , , BLOCKED
1660397113, , 33.594, -117.8187, 2525, 135, 122, , , , , , BLOCKED
1660397113, , 33.594, -117.8187, 2525, 135, 122, , , , , , BLOCKED
1660397116, , 33.5926, -117.817, 2550, 135, 123, , , , , , BLOCKED
1660397116, , 33.5926, -117.817, 2550, 135, 123, , , , , , BLOCKED
1660397122, , 33.5903, -117.8142, 2625, 134, 121, , , , , , BLOCKED
1660397122, , 33.5903, -117.8142, 2625, 134, 121, , , , , , BLOCKED
1660397125, , 33.5891, -117.8127, 2675, 133, 120, , , , , , BLOCKED
1660397130, , 33.5874, -117.8106, 2750, 133, 119, , , , , , BLOCKED
1660397130, , 33.5874, -117.8106, 2750, 133, 119, , , , , , BLOCKED
1660397132, , 33.5868, -117.8099, 2775, 134, 118, , , , , , BLOCKED
1660397132, , 33.5868, -117.8099, 2775, 134, 118, , , , , , BLOCKED
1660397135, , 33.5851, -117.8079, 2825, 134, 118, , , , , , BLOCKED
1660397135, , 33.5851, -117.8079, 2825, 134, 118, , , , , , BLOCKED
1660397142, , 33.5826, -117.8051, 2900, 136, 119, , , , , , BLOCKED
1660397142, , 33.5826, -117.8051, 2900, 136, 119, , , , , , BLOCKED
1660397142, , 33.5826, -117.8051, 2900, 136, 119, , , , , , BLOCKED
1660397149, , 33.5796, -117.8014, 2975, 134, 119, , , , , , BLOCKED
1660397149, , 33.5796, -117.8014, 2975, 134, 119, , , , , , BLOCKED
1660397152, , 33.5785, -117.8001, 3000, 133, 119, , , , , , BLOCKED
1660397152, , 33.5785, -117.8001, 3000, 133, 119, , , , , , BLOCKED
1660397155, , 33.5775, -117.7988, 3050, 132, 120, , , , , , BLOCKED
1660397155, , 33.5775, -117.7988, 3050, 132, 120, , , , , , BLOCKED
1660397161, , 33.5752, -117.7959, 3125, 133, 118, , , , , , BLOCKED
1660397165, , 33.5738, -117.7942, 3175, 133, 118, , , , , , BLOCKED
1660397165, , 33.5738, -117.7942, 3175, 133, 118, , , , , , BLOCKED
1660397168, , 33.5727, -117.7928, 3200, 133, 116, , , , , , BLOCKED
1660397168, , 33.5727, -117.7928, 3200, 133, 116, , , , , , BLOCKED
1660397173, , 33.5705, -117.79, 3300, 133, 115, , , , , , BLOCKED
1660397173, , 33.5705, -117.79, 3300, 133, 115, , , , , , BLOCKED
1660397177, , 33.5693, -117.7885, 3325, 133, 115, , , , , , BLOCKED
1660397177, , 33.5693, -117.7885, 3325, 133, 115, , , , , , BLOCKED
1660397180, , 33.5681, -117.787, 3375, 133, 115, , , , , , BLOCKED
1660397186, , 33.5658, -117.7842, 3425, 134, 115, , , , , , BLOCKED
1660397186, , 33.5658, -117.7842, 3425, 134, 115, , , , , , BLOCKED
1660397189, , 33.5647, -117.7829, 3450, 134, 116, , , , , , BLOCKED
1660397189, , 33.5647, -117.7829, 3450, 134, 116, , , , , , BLOCKED
1660397192, , 33.5637, -117.7817, 3475, 135, 117, , , , , , BLOCKED
1660397192, , 33.5637, -117.7817, 3475, 135, 117, , , , , , BLOCKED
1660397198, , 33.5613, -117.7787, 3525, 134, 118, , , , , , BLOCKED
1660397201, , 33.5603, -117.7775, 3550, 134, 118, , , , , , BLOCKED
1660397201, , 33.5603, -117.7775, 3550, 134, 118, , , , , , BLOCKED
1660397201, , 33.5603, -117.7775, 3550, 134, 118, , , , , , BLOCKED
1660397201, , 33.5603, -117.7775, 3550, 134, 118, , , , , , BLOCKED
1660397210, , 33.5568, -117.7732, 3625, 134, 119, , , , , , BLOCKED
1660397210, , 33.5568, -117.7732, 3625, 134, 119, , , , , , BLOCKED
1660397213, , 33.5556, -117.7718, 3650, 135, 120, , , , , , BLOCKED
1660397213, , 33.5556, -117.7718, 3650, 135, 120, , , , , , BLOCKED
1660397216, , 33.5544, -117.7704, 3675, 134, 120, , , , , , BLOCKED
1660397221, , 33.5521, -117.7676, 3725, 134, 122, , , , , , BLOCKED
1660397221, , 33.5521, -117.7676, 3725, 134, 122, , , , , , BLOCKED
1660397225, , 33.5508, -117.766, 3725, 135, 123, , , , , , BLOCKED
1660397225, , 33.5508, -117.766, 3725, 135, 123, , , , , , BLOCKED
1660397228, , 33.5495, -117.7646, 3750, 136, 124, , , , , , BLOCKED
1660397228, , 33.5495, -117.7646, 3750, 136, 124, , , , , , BLOCKED
1660397234, , 33.5469, -117.7617, 3825, 137, 123, , , , , , BLOCKED
1660397237, , 33.5457, -117.7604, 3850, 138, 123, , , , , , BLOCKED
1660397237, , 33.5457, -117.7604, 3850, 138, 123, , , , , , BLOCKED
1660397240, , 33.5445, -117.759, 3875, 137, 122, , , , , , BLOCKED
1660397240, , 33.5445, -117.759, 3875, 137, 122, , , , , , BLOCKED
1660397246, , 33.5421, -117.7565, 3950, 137, 120, , , , , , BLOCKED
1660397249, , 33.5406, -117.7549, 4000, 137, 118, , , , , , BLOCKED
1660397249, , 33.5406, -117.7549, 4000, 137, 118, , , , , , BLOCKED
1660397252, , 33.5396, -117.7538, 4050, 137, 118, , , , , , BLOCKED
1660397252, , 33.5396, -117.7538, 4050, 137, 118, , , , , , BLOCKED
1660397257, , 33.5372, -117.7511, 4125, 137, 118, , , , , , BLOCKED
1660397257, , 33.5372, -117.7511, 4125, 137, 118, , , , , , BLOCKED
1660397261, , 33.5359, -117.7496, 4150, 137, 119, , , , , , BLOCKED
1660397261, , 33.5359, -117.7496, 4150, 137, 119, , , , , , BLOCKED
1660397264, , 33.5346, -117.7482, 4175, 137, 120, , , , , , BLOCKED
1660397270, , 33.5322, -117.7455, 4225, 136, 121, , , , , , BLOCKED
1660397270, , 33.5322, -117.7455, 4225, 136, 121, , , , , , BLOCKED
1660397273, , 33.5309, -117.7441, 4250, 136, 123, , , , , , BLOCKED
1660397273, , 33.5309, -117.7441, 4250, 136, 123, , , , , , BLOCKED
1660397276, , 33.5296, -117.7426, 4275, 136, 123, , , , , , BLOCKED
1660397282, , 33.5271, -117.7398, 4325, 135, 124, , , , , , BLOCKED
1660397282, , 33.5271, -117.7398, 4325, 135, 124, , , , , , BLOCKED
1660397285, , 33.526, -117.7385, 4350, 135, 125, , , , , , BLOCKED
1660397285, , 33.526, -117.7385, 4350, 135, 125, , , , , , BLOCKED
1660397288, , 33.5247, -117.737, 4375, 136, 125, , , , , , BLOCKED
1660397288, , 33.5247, -117.737, 4375, 136, 125, , , , , , BLOCKED
1660397292, , 33.5229, -117.735, 4400, 136, 125, , , , , , BLOCKED
1660397292, , 33.5229, -117.735, 4400, 136, 125, , , , , , BLOCKED
1660397298, , 33.5204, -117.7322, 4450, 136, 125, , , , , , BLOCKED
1660397301, , 33.5191, -117.7308, 4475, 136, 125, , , , , , BLOCKED
1660397301, , 33.5191, -117.7308, 4475, 136, 125, , , , , , BLOCKED
1660397305, , 33.5176, -117.7291, 4525, 137, 127, , , , , , BLOCKED
1660397305, , 33.5176, -117.7291, 4525, 137, 127, , , , , , BLOCKED
1660397309, , 33.5159, -117.7272, 4525, 136, 128, , , , , , BLOCKED
1660397309, , 33.5159, -117.7272, 4525, 136, 128, , , , , , BLOCKED
1660397312, , 33.5144, -117.7255, 4550, 136, 128, , , , , , BLOCKED
1660397318, , 33.5118, -117.7226, 4600, 136, 130, , , , , , BLOCKED
1660397318, , 33.5118, -117.7226, 4600, 136, 130, , , , , , BLOCKED
1660397322, , 33.5101, -117.7207, 4625, 136, 130, , , , , , BLOCKED
1660397322, , 33.5101, -117.7207, 4625, 136, 130, , , , , , BLOCKED
1660397324, , 33.509, -117.7194, 4650, 136, 129, , , , , , BLOCKED
1660397324, , 33.509, -117.7194, 4650, 136, 129, , , , , , BLOCKED
1660397328, , 33.5075, -117.7177, 4700, 136, 128, , , , , , BLOCKED
1660397334, , 33.5049, -117.7148, 4750, 135, 129, , , , , , BLOCKED
1660397334, , 33.5049, -117.7148, 4750, 135, 129, , , , , , BLOCKED
1660397337, , 33.5036, -117.7132, 4775, 135, 130, , , , , , BLOCKED
1660397337, , 33.5036, -117.7132, 4775, 135, 130, , , , , , BLOCKED
1660397340, , 33.5023, -117.7117, 4800, 135, 130, , , , , , BLOCKED
1660397340, , 33.5023, -117.7117, 4800, 135, 130, , , , , , BLOCKED
1660397346, , 33.4998, -117.7087, 4825, 135, 130, , , , , , BLOCKED
1660397346, , 33.4998, -117.7087, 4825, 135, 130, , , , , , BLOCKED
1660397348, , 33.4985, -117.7072, 4850, 135, 131, , , , , , BLOCKED
1660397352, , 33.497, -117.7055, 4875, 135, 132, , , , , , BLOCKED
1660397352, , 33.497, -117.7055, 4875, 135, 132, , , , , , BLOCKED
1660397358, , 33.4944, -117.7026, 4900, 136, 134, , , , , , BLOCKED
1660397358, , 33.4944, -117.7026, 4900, 136, 134, , , , , , BLOCKED
1660397361, , 33.493, -117.7009, 4900, 136, 135, , , , , , BLOCKED
1660397361, , 33.493, -117.7009, 4900, 136, 135, , , , , , BLOCKED
1660397364, , 33.4917, -117.6995, 4925, 136, 135, , , , , , BLOCKED
1660397364, , 33.4917, -117.6995, 4925, 136, 135, , , , , , BLOCKED
1660397370, , 33.4888, -117.6963, 4975, 136, 133, , , , , , BLOCKED
1660397373, , 33.4875, -117.6948, 5000, 136, 133, , , , , , BLOCKED
1660397373, , 33.4875, -117.6948, 5000, 136, 133, , , , , , BLOCKED
1660397375, , 33.4864, -117.6935, 5025, 135, 133, , , , , , BLOCKED
1660397375, , 33.4864, -117.6935, 5025, 135, 133, , , , , , BLOCKED
1660397382, , 33.4835, -117.6901, 5075, 135, 133, , , , , , BLOCKED
1660397382, , 33.4835, -117.6901, 5075, 135, 133, , , , , , BLOCKED
1660397382, , 33.4835, -117.6901, 5075, 135, 133, , , , , , BLOCKED
1660397387, , 33.4811, -117.6874, 5125, 136, 133, , , , , , BLOCKED
1660397387, , 33.4811, -117.6874, 5125, 136, 133, , , , , , BLOCKED
1660397393, , 33.4785, -117.6845, 5150, 137, 133, , , , , , BLOCKED
1660397396, , 33.4771, -117.6829, 5200, 136, 134, , , , , , BLOCKED
1660397396, , 33.4771, -117.6829, 5200, 136, 134, , , , , , BLOCKED
1660397399, , 33.4757, -117.6813, 5200, 136, 134, , , , , , BLOCKED
1660397399, , 33.4757, -117.6813, 5200, 136, 134, , , , , , BLOCKED
1660397405, , 33.473, -117.6782, 5250, 136, 133, , , , , , BLOCKED
1660397405, , 33.473, -117.6782, 5250, 136, 133, , , , , , BLOCKED
1660397408, , 33.4716, -117.6768, 5275, 136, 133, , , , , , BLOCKED
1660397408, , 33.4716, -117.6768, 5275, 136, 133, , , , , , BLOCKED
1660397412, , 33.4702, -117.6752, 5300, 136, 134, , , , , , BLOCKED
1660397412, , 33.4702, -117.6752, 5300, 136, 134, , , , , , BLOCKED
1660397412, , 33.4702, -117.6752, 5300, 136, 134, , , , , , BLOCKED
1660397412, , 33.4702, -117.6752, 5300, 136, 134, , , , , , BLOCKED
1660397412, , 33.4702, -117.6752, 5300, 136, 134, , , , , , BLOCKED
1660397425, , 33.4638, -117.6681, 5375, 137, 135, , , , , , BLOCKED
1660397425, , 33.4638, -117.6681, 5375, 137, 135, , , , , , BLOCKED
1660397428, , 33.4623, -117.6665, 5400, 137, 136, , , , , , BLOCKED
1660397428, , 33.4623, -117.6665, 5400, 137, 136, , , , , , BLOCKED
1660397432, , 33.4609, -117.665, 5400, 137, 137, , , , , , BLOCKED
1660397436, , 33.4589, -117.6627, 5425, 137, 136, , , , , , BLOCKED
1660397436, , 33.4589, -117.6627, 5425, 137, 136, , , , , , BLOCKED
1660397441, , 33.4564, -117.6598, 5425, 135, 138, , , , , , BLOCKED
1660397441, , 33.4564, -117.6598, 5425, 135, 138, , , , , , BLOCKED
1660397445, , 33.4546, -117.6578, 5425, 135, 139, , , , , , BLOCKED
1660397445, , 33.4546, -117.6578, 5425, 135, 139, , , , , , BLOCKED
1660397448, , 33.4532, -117.6561, 5450, 135, 140, , , , , , BLOCKED
1660397454, , 33.4504, -117.6529, 5450, 136, 141, , , , , , BLOCKED
1660397454, , 33.4504, -117.6529, 5450, 136, 141, , , , , , BLOCKED
1660397456, , 33.4492, -117.6515, 5450, 135, 142, , , , , , BLOCKED
1660397456, , 33.4492, -117.6515, 5450, 135, 142, , , , , , BLOCKED
1660397458, , 33.4486, -117.6508, 5450, 135, 142, , , , , , BLOCKED
1660397458, , 33.4486, -117.6508, 5450, 135, 142, , , , , , BLOCKED
1660397461, , 33.4471, -117.6491, 5475, 135, 142, , , , , , BLOCKED
1660397461, , 33.4471, -117.6491, 5475, 135, 142, , , , , , BLOCKED
1660397469, , 33.4432, -117.6446, 5475, 135, 143, , , , , , BLOCKED
1660397472, , 33.4416, -117.6428, 5500, 136, 142, , , , , , BLOCKED
1660397472, , 33.4416, -117.6428, 5500, 136, 142, , , , , , BLOCKED
1660397475, , 33.4403, -117.6414, 5500, 136, 142, , , , , , BLOCKED
1660397475, , 33.4403, -117.6414, 5500, 136, 142, , , , , , BLOCKED
1660397481, , 33.4372, -117.6379, 5500, 136, 145, , , , , , BLOCKED
1660397481, , 33.4372, -117.6379, 5500, 136, 145, , , , , , BLOCKED
1660397484, , 33.4358, -117.6363, 5500, 136, 146, , , , , , BLOCKED
1660397487, , 33.4342, -117.6346, 5500, 136, 146, , , , , , BLOCKED
1660397487, , 33.4342, -117.6346, 5500, 136, 146, , , , , , BLOCKED
1660397493, , 33.4315, -117.6314, 5500, 136, 147, , , , , , BLOCKED
1660397493, , 33.4315, -117.6314, 5500, 136, 147, , , , , , BLOCKED
1660397496, , 33.4298, -117.6295, 5500, 136, 147, , , , , , BLOCKED
1660397496, , 33.4298, -117.6295, 5500, 136, 147, , , , , , BLOCKED
1660397499, , 33.4284, -117.6279, 5500, 136, 147, , , , , , BLOCKED
1660397499, , 33.4284, -117.6279, 5500, 136, 147, , , , , , BLOCKED
1660397505, , 33.4253, -117.6245, 5500, 136, 149, , , , , , BLOCKED
1660397508, , 33.424, -117.623, 5500, 136, 149, , , , , , BLOCKED
1660397508, , 33.424, -117.623, 5500, 136, 149, , , , , , BLOCKED
1660397511, , 33.4223, -117.6211, 5475, 136, 149, , , , , , BLOCKED
1660397511, , 33.4223, -117.6211, 5475, 136, 149, , , , , , BLOCKED
1660397518, , 33.4196, -117.6181, 5500, 136, 149, , , , , , BLOCKED
1660397518, , 33.4196, -117.6181, 5500, 136, 149, , , , , , BLOCKED
1660397520, , 33.4177, -117.6159, 5500, 137, 149, , , , , , BLOCKED
1660397523, , 33.4163, -117.6144, 5500, 137, 149, , , , , , BLOCKED
1660397523, , 33.4163, -117.6144, 5500, 137, 149, , , , , , BLOCKED
1660397529, , 33.4134, -117.6112, 5500, 137, 147, , , , , , BLOCKED
1660397529, , 33.4134, -117.6112, 5500, 137, 147, , , , , , BLOCKED
1660397533, , 33.4116, -117.6092, 5525, 137, 147, , , , , , BLOCKED
1660397533, , 33.4116, -117.6092, 5525, 137, 147, , , , , , BLOCKED
1660397536, , 33.4101, -117.6075, 5525, 136, 146, , , , , , BLOCKED
1660397536, , 33.4101, -117.6075, 5525, 136, 146, , , , , , BLOCKED
1660397542, , 33.4076, -117.6047, 5550, 136, 145, , , , , , BLOCKED
1660397545, , 33.4057, -117.6025, 5550, 136, 145, , , , , , BLOCKED
1660397545, , 33.4057, -117.6025, 5550, 136, 145, , , , , , BLOCKED
1660397547, , 33.4045, -117.6012, 5550, 136, 145, , , , , , BLOCKED
1660397547, , 33.4045, -117.6012, 5550, 136, 145, , , , , , BLOCKED
1660397553, , 33.4016, -117.5979, 5550, 136, 145, , , , , , BLOCKED
1660397553, , 33.4016, -117.5979, 5550, 136, 145, , , , , , BLOCKED
1660397555, , 33.4006, -117.5968, 5550, 136, 145, , , , , , BLOCKED
1660397555, , 33.4006, -117.5968, 5550, 136, 145, , , , , , BLOCKED
1660397562, , 33.397, -117.5929, 5525, 137, 148, , , , , , BLOCKED
1660397565, , 33.3955, -117.5913, 5550, 137, 148, , , , , , BLOCKED
1660397565, , 33.3955, -117.5913, 5550, 137, 148, , , , , , BLOCKED
1660397568, , 33.394, -117.5896, 5550, 136, 149, , , , , , BLOCKED
1660397568, , 33.394, -117.5896, 5550, 136, 149, , , , , , BLOCKED
1660397574, , 33.391, -117.5862, 5550, 136, 149, , , , , , BLOCKED
1660397574, , 33.391, -117.5862, 5550, 136, 149, , , , , , BLOCKED
1660397577, , 33.3896, -117.5847, 5550, 136, 150, , , , , , BLOCKED
1660397580, , 33.388, -117.5828, 5525, 136, 149, , , , , , BLOCKED
1660397580, , 33.388, -117.5828, 5525, 136, 149, , , , , , BLOCKED
1660397586, , 33.3851, -117.5795, 5525, 136, 151, , , , , , BLOCKED
1660397586, , 33.3851, -117.5795, 5525, 136, 151, , , , , , BLOCKED
1660397588, , 33.3836, -117.5778, 5525, 136, 151, , , , , , BLOCKED
1660397588, , 33.3836, -117.5778, 5525, 136, 151, , , , , , BLOCKED
1660397591, , 33.382, -117.5761, 5525, 136, 152, , , , , , BLOCKED
1660397591, , 33.382, -117.5761, 5525, 136, 152, , , , , , BLOCKED
1660397597, , 33.3789, -117.5725, 5500, 136, 152, , , , , , BLOCKED
1660397599, , 33.3776, -117.5711, 5500, 136, 152, , , , , , BLOCKED
1660397599, , 33.3776, -117.5711, 5500, 136, 152, , , , , , BLOCKED
1660397603, , 33.376, -117.5693, 5500, 136, 151, , , , , , BLOCKED
1660397603, , 33.376, -117.5693, 5500, 136, 151, , , , , , BLOCKED
1660397609, , 33.3727, -117.5656, 5525, 136, 150, , , , , , BLOCKED
1660397609, , 33.3727, -117.5656, 5525, 136, 150, , , , , , BLOCKED
1660397611, , 33.3718, -117.5645, 5525, 136, 149, , , , , , BLOCKED
1660397615, , 33.3696, -117.5621, 5525, 136, 149, , , , , , BLOCKED
1660397615, , 33.3696, -117.5621, 5525, 136, 149, , , , , , BLOCKED
1660397621, , 33.3667, -117.5588, 5525, 135, 149, , , , , , BLOCKED
1660397621, , 33.3667, -117.5588, 5525, 135, 149, , , , , , BLOCKED
1660397624, , 33.3652, -117.557, 5525, 135, 149, , , , , , BLOCKED
1660397624, , 33.3652, -117.557, 5525, 135, 149, , , , , , BLOCKED
1660397628, , 33.3637, -117.5553, 5525, 135, 149, , , , , , BLOCKED
1660397628, , 33.3637, -117.5553, 5525, 135, 149, , , , , , BLOCKED
1660397634, , 33.3608, -117.5518, 5525, 134, 150, , , , , , BLOCKED
1660397637, , 33.3596, -117.5503, 5525, 134, 150, , , , , , BLOCKED
1660397637, , 33.3596, -117.5503, 5525, 134, 150, , , , , , BLOCKED
1660397640, , 33.3579, -117.5483, 5525, 134, 151, , , , , , BLOCKED
1660397640, , 33.3579, -117.5483, 5525, 134, 151, , , , , , BLOCKED
1660397644, , 33.3555, -117.5454, 5500, 135, 151, , , , , , BLOCKED
1660397644, , 33.3555, -117.5454, 5500, 135, 151, , , , , , BLOCKED
1660397648, , 33.3539, -117.5435, 5500, 135, 152, , , , , , BLOCKED
1660397648, , 33.3539, -117.5435, 5500, 135, 152, , , , , , BLOCKED
1660397654, , 33.3509, -117.54, 5475, 136, 152, , , , , , BLOCKED
1660397657, , 33.3492, -117.5381, 5475, 136, 152, , , , , , BLOCKED
1660397657, , 33.3492, -117.5381, 5475, 136, 152, , , , , , BLOCKED
1660397660, , 33.3476, -117.5364, 5475, 137, 152, , , , , , BLOCKED
1660397660, , 33.3476, -117.5364, 5475, 137, 152, , , , , , BLOCKED
1660397666, , 33.3446, -117.533, 5450, 136, 152, , , , , , BLOCKED
1660397666, , 33.3446, -117.533, 5450, 136, 152, , , , , , BLOCKED
1660397669, , 33.343, -117.5312, 5475, 136, 151, , , , , , BLOCKED
1660397672, , 33.3414, -117.5294, 5475, 135, 150, , , , , , BLOCKED
1660397672, , 33.3414, -117.5294, 5475, 135, 150, , , , , , BLOCKED
1660397675, , 33.34, -117.5278, 5500, 135, 149, , , , , , BLOCKED
1660397675, , 33.34, -117.5278, 5500, 135, 149, , , , , , BLOCKED
1660397681, , 33.3376, -117.525, 5500, 135, 147, , , , , , BLOCKED
1660397681, , 33.3376, -117.525, 5500, 135, 147, , , , , , BLOCKED
1660397683, , 33.3361, -117.5232, 5525, 135, 147, , , , , , BLOCKED
1660397683, , 33.3361, -117.5232, 5525, 135, 147, , , , , , BLOCKED
1660397690, , 33.3329, -117.5195, 5525, 135, 148, , , , , , BLOCKED
1660397692, , 33.3316, -117.518, 5500, 135, 149, , , , , , BLOCKED
1660397692, , 33.3316, -117.518, 5500, 135, 149, , , , , , BLOCKED
1660397695, , 33.33, -117.516, 5500, 135, 149, , , , , , BLOCKED
1660397695, , 33.33, -117.516, 5500, 135, 149, , , , , , BLOCKED
1660397701, , 33.3269, -117.5125, 5500, 135, 150, , , , , , BLOCKED
1660397701, , 33.3269, -117.5125, 5500, 135, 150, , , , , , BLOCKED
1660397704, , 33.3254, -117.5107, 5500, 135, 151, , , , , , BLOCKED
1660397704, , 33.3254, -117.5107, 5500, 135, 151, , , , , , BLOCKED
1660397707, , 33.324, -117.509, 5475, 135, 152, , , , , , BLOCKED
1660397713, , 33.321, -117.5054, 5475, 135, 152, , , , , , BLOCKED
1660397713, , 33.321, -117.5054, 5475, 135, 152, , , , , , BLOCKED
1660397716, , 33.3196, -117.5038, 5450, 136, 152, , , , , , BLOCKED
1660397716, , 33.3196, -117.5038, 5450, 136, 152, , , , , , BLOCKED
1660397720, , 33.3179, -117.502, 5450, 137, 152, , , , , , BLOCKED
1660397720, , 33.3179, -117.502, 5450, 137, 152, , , , , , BLOCKED
1660397726, , 33.3146, -117.4984, 5450, 137, 152, , , , , , BLOCKED
1660397729, , 33.3131, -117.4967, 5450, 138, 152, , , , , , BLOCKED
1660397729, , 33.3131, -117.4967, 5450, 138, 152, , , , , , BLOCKED
1660397732, , 33.3115, -117.495, 5450, 138, 152, , , , , , BLOCKED
1660397732, , 33.3115, -117.495, 5450, 138, 152, , , , , , BLOCKED
1660397738, , 33.3083, -117.4917, 5450, 138, 151, , , , , , BLOCKED
1660397738, , 33.3083, -117.4917, 5450, 138, 151, , , , , , BLOCKED
1660397740, , 33.3069, -117.4902, 5450, 137, 151, , , , , , BLOCKED
1660397740, , 33.3069, -117.4902, 5450, 137, 151, , , , , , BLOCKED
1660397744, , 33.3052, -117.4883, 5475, 137, 150, , , , , , BLOCKED
1660397750, , 33.3023, -117.485, 5475, 136, 149, , , , , , BLOCKED
1660397750, , 33.3023, -117.485, 5475, 136, 149, , , , , , BLOCKED
1660397753, , 33.3007, -117.4833, 5475, 137, 148, , , , , , BLOCKED
1660397753, , 33.3007, -117.4833, 5475, 137, 148, , , , , , BLOCKED
1660397756, , 33.2991, -117.4815, 5500, 137, 147, , , , , , BLOCKED
1660397756, , 33.2991, -117.4815, 5500, 137, 147, , , , , , BLOCKED
1660397762, , 33.2961, -117.4782, 5500, 137, 147, , , , , , BLOCKED
1660397765, , 33.2946, -117.4766, 5500, 136, 147, , , , , , BLOCKED
1660397765, , 33.2946, -117.4766, 5500, 136, 147, , , , , , BLOCKED
1660397768, , 33.2931, -117.4749, 5525, 136, 147, , , , , , BLOCKED
1660397768, , 33.2931, -117.4749, 5525, 136, 147, , , , , , BLOCKED
1660397774, , 33.29, -117.4715, 5525, 137, 147, , , , , , BLOCKED
1660397774, , 33.29, -117.4715, 5525, 137, 147, , , , , , BLOCKED
1660397777, , 33.2885, -117.4699, 5500, 137, 147, , , , , , BLOCKED
1660397777, , 33.2885, -117.4699, 5500, 137, 147, , , , , , BLOCKED
1660397780, , 33.2869, -117.4682, 5500, 137, 148, , , , , , BLOCKED
1660397786, , 33.2841, -117.4649, 5500, 136, 148, , , , , , BLOCKED
1660397786, , 33.2841, -117.4649, 5500, 136, 148, , , , , , BLOCKED
1660397789, , 33.2823, -117.463, 5500, 136, 149, , , , , , BLOCKED
1660397789, , 33.2823, -117.463, 5500, 136, 149, , , , , , BLOCKED
1660397792, , 33.281, -117.4616, 5500, 136, 149, , , , , , BLOCKED
1660397792, , 33.281, -117.4616, 5500, 136, 149, , , , , , BLOCKED
1660397798, , 33.2779, -117.4581, 5475, 137, 150, , , , , , BLOCKED
1660397801, , 33.2763, -117.4564, 5500, 138, 148, , , , , , BLOCKED
1660397801, , 33.2763, -117.4564, 5500, 138, 148, , , , , , BLOCKED
1660397804, , 33.2746, -117.4546, 5525, 138, 148, , , , , , BLOCKED
1660397804, , 33.2746, -117.4546, 5525, 138, 148, , , , , , BLOCKED
1660397810, , 33.2715, -117.4513, 5575, 137, 144, , , , , , BLOCKED
1660397810, , 33.2715, -117.4513, 5575, 137, 144, , , , , , BLOCKED
1660397813, , 33.2702, -117.4498, 5575, 136, 145, , , , , , BLOCKED
1660397813, , 33.2702, -117.4498, 5575, 136, 145, , , , , , BLOCKED
1660397816, , 33.2689, -117.4484, 5575, 136, 145, , , , , , BLOCKED
1660397822, , 33.2659, -117.445, 5550, 136, 147, , , , , , BLOCKED
1660397822, , 33.2659, -117.445, 5550, 136, 147, , , , , , BLOCKED
1660397825, , 33.2643, -117.4432, 5525, 136, 147, , , , , , BLOCKED
1660397825, , 33.2643, -117.4432, 5525, 136, 147, , , , , , BLOCKED
1660397828, , 33.2628, -117.4414, 5525, 134, 149, , , , , , BLOCKED
1660397828, , 33.2628, -117.4414, 5525, 134, 149, , , , , , BLOCKED
1660397834, , 33.2601, -117.4379, 5475, 132, 152, , , , , , BLOCKED
1660397837, , 33.2585, -117.4359, 5425, 132, 153, , , , , , BLOCKED
1660397837, , 33.2585, -117.4359, 5425, 132, 153, , , , , , BLOCKED
1660397840, , 33.2572, -117.4342, 5375, 131, 154, , , , , , BLOCKED
1660397840, , 33.2572, -117.4342, 5375, 131, 154, , , , , , BLOCKED
1660397846, , 33.2543, -117.4304, 5300, 133, 156, , , , , , BLOCKED
1660397846, , 33.2543, -117.4304, 5300, 133, 156, , , , , , BLOCKED
1660397849, , 33.2525, -117.4282, 5250, 134, 156, , , , , , BLOCKED
1660397849, , 33.2525, -117.4282, 5250, 134, 156, , , , , , BLOCKED
1660397852, , 33.251, -117.4264, 5200, 135, 157, , , , , , BLOCKED
1660397855, , 33.2495, -117.4247, 5150, 135, 157, , , , , , BLOCKED
1660397855, , 33.2495, -117.4247, 5150, 135, 157, , , , , , BLOCKED
1660397861, , 33.2463, -117.421, 5100, 136, 157, , , , , , BLOCKED
1660397861, , 33.2463, -117.421, 5100, 136, 157, , , , , , BLOCKED
1660397864, , 33.2448, -117.4193, 5075, 136, 156, , , , , , BLOCKED
1660397864, , 33.2448, -117.4193, 5075, 136, 156, , , , , , BLOCKED
1660397867, , 33.2431, -117.4174, 5025, 136, 156, , , , , , BLOCKED
1660397867, , 33.2431, -117.4174, 5025, 136, 156, , , , , , BLOCKED
1660397874, , 33.2398, -117.4136, 4950, 135, 156, , , , , , BLOCKED
1660397877, , 33.2382, -117.4118, 4900, 135, 156, , , , , , BLOCKED
1660397877, , 33.2382, -117.4118, 4900, 135, 156, , , , , , BLOCKED
1660397879, , 33.2369, -117.4104, 4875, 136, 155, , , , , , BLOCKED
1660397879, , 33.2369, -117.4104, 4875, 136, 155, , , , , , BLOCKED
1660397886, , 33.2338, -117.4067, 4775, 136, 157, , , , , , BLOCKED
1660397886, , 33.2338, -117.4067, 4775, 136, 157, , , , , , BLOCKED
1660397888, , 33.2324, -117.4052, 4725, 136, 157, , , , , , BLOCKED
1660397891, , 33.2305, -117.403, 4675, 135, 156, , , , , , BLOCKED
1660397891, , 33.2305, -117.403, 4675, 135, 156, , , , , , BLOCKED
1660397895, , 33.2284, -117.4004, 4600, 134, 156, , , , , , BLOCKED
1660397895, , 33.2284, -117.4004, 4600, 134, 156, , , , , , BLOCKED
1660397899, , 33.2265, -117.3981, 4550, 134, 156, , , , , , BLOCKED
1660397905, , 33.2243, -117.3954, 4450, 132, 157, , , , , , BLOCKED
1660397905, , 33.2243, -117.3954, 4450, 132, 157, , , , , , BLOCKED
1660397908, , 33.2223, -117.3928, 4400, 132, 157, , , , , , BLOCKED
1660397908, , 33.2223, -117.3928, 4400, 132, 157, , , , , , BLOCKED
1660397910, , 33.2218, -117.3921, 4375, 131, 157, , , , , , BLOCKED
1660397910, , 33.2218, -117.3921, 4375, 131, 157, , , , , , BLOCKED
1660397917, , 33.2178, -117.3869, 4250, 131, 157, , , , , , BLOCKED
1660397917, , 33.2178, -117.3869, 4250, 131, 157, , , , , , BLOCKED
1660397920, , 33.2165, -117.3851, 4225, 132, 156, , , , , , BLOCKED
1660397923, , 33.2153, -117.3836, 4175, 131, 155, , , , , , BLOCKED
1660397923, , 33.2153, -117.3836, 4175, 131, 155, , , , , , BLOCKED
1660397928, , 33.2123, -117.3793, 4075, 130, 155, , , , , , BLOCKED
1660397928, , 33.2123, -117.3793, 4075, 130, 155, , , , , , BLOCKED
1660397933, , 33.2101, -117.3765, 4000, 131, 157, , , , , , BLOCKED
1660397933, , 33.2101, -117.3765, 4000, 131, 157, , , , , , BLOCKED
1660397938, , 33.2079, -117.3734, 3900, 131, 159, , , , , , BLOCKED
1660397942, , 33.2059, -117.3708, 3825, 131, 161, , , , , , BLOCKED
1660397942, , 33.2059, -117.3708, 3825, 131, 161, , , , , , BLOCKED
1660397942, , 33.2059, -117.3708, 3825, 131, 161, , , , , , BLOCKED
1660397942, , 33.2059, -117.3708, 3825, 131, 161, , , , , , BLOCKED
1660397947, , 33.2038, -117.368, 3725, 132, 162, , , , , , BLOCKED
1660397947, , 33.2038, -117.368, 3725, 132, 162, , , , , , BLOCKED
1660397951, , 33.2009, -117.3643, 3650, 132, 161, , , , , , BLOCKED
1660397951, , 33.2009, -117.3643, 3650, 132, 161, , , , , , BLOCKED
1660397955, , 33.1996, -117.3625, 3600, 131, 160, , , , , , BLOCKED
1660397959, , 33.1974, -117.3597, 3525, 131, 159, , , , , , BLOCKED
1660397959, , 33.1974, -117.3597, 3525, 131, 159, , , , , , BLOCKED
1660397964, , 33.1952, -117.3567, 3450, 131, 158, , , , , , BLOCKED
1660397964, , 33.1952, -117.3567, 3450, 131, 158, , , , , , BLOCKED
1660397969, , 33.1924, -117.353, 3325, 132, 157, , , , , , BLOCKED
1660397969, , 33.1924, -117.353, 3325, 132, 157, , , , , , BLOCKED
1660397973, , 33.1912, -117.3515, 3275, 132, 157, , , , , , BLOCKED
1660397976, , 33.1889, -117.3487, 3225, 132, 157, , , , , , BLOCKED
1660397976, , 33.1889, -117.3487, 3225, 132, 157, , , , , , BLOCKED
1660397982, , 33.186, -117.3451, 3150, 133, 152, , , , , , BLOCKED
1660397982, , 33.186, -117.3451, 3150, 133, 152, , , , , , BLOCKED
1660397985, , 33.1843, -117.3429, 3100, 133, 152, , , , , , BLOCKED
1660397985, , 33.1843, -117.3429, 3100, 133, 152, , , , , , BLOCKED
1660397988, , 33.1834, -117.3417, 3050, 133, 152, , , , , , BLOCKED
1660397993, , 33.1802, -117.3377, 2950, 133, 152, , , , , , BLOCKED
1660397993, , 33.1802, -117.3377, 2950, 133, 152, , , , , , BLOCKED
1660397997, , 33.1792, -117.3365, 2925, 133, 152, , , , , , BLOCKED
1660397997, , 33.1792, -117.3365, 2925, 133, 152, , , , , , BLOCKED
1660398000, , 33.1775, -117.3344, 2825, 133, 152, , , , , , BLOCKED
1660398000, , 33.1775, -117.3344, 2825, 133, 152, , , , , , BLOCKED
1660398005, , 33.1749, -117.3311, 2725, 133, 152, , , , , , BLOCKED
1660398010, , 33.1734, -117.3291, 2600, 132, 152, , , , , , BLOCKED
1660398010, , 33.1734, -117.3291, 2600, 132, 152, , , , , , BLOCKED
1660398010, , 33.1734, -117.3291, 2600, 132, 152, , , , , , BLOCKED
1660398010, , 33.1734, -117.3291, 2600, 132, 152, , , , , , BLOCKED
1660398018, , 33.1686, -117.323, 2400, 133, 153, , , , , , BLOCKED
1660398018, , 33.1686, -117.323, 2400, 133, 153, , , , , , BLOCKED
1660398018, , 33.1686, -117.323, 2400, 133, 153, , , , , , BLOCKED
1660398026, , 33.1648, -117.3182, 2200, 133, 151, , , , , , BLOCKED
1660398026, , 33.1648, -117.3182, 2200, 133, 151, , , , , , BLOCKED
1660398029, , 33.163, -117.3159, 2150, 133, 150, , , , , , BLOCKED
1660398029, , 33.163, -117.3159, 2150, 133, 150, , , , , , BLOCKED
1660398032, , 33.1616, -117.3141, 2075, 132, 149, , , , , , BLOCKED
1660398032, , 33.1616, -117.3141, 2075, 132, 149, , , , , , BLOCKED
1660398038, , 33.1589, -117.3106, 1950, 132, 148, , , , , , BLOCKED
1660398038, , 33.1589, -117.3106, 1950, 132, 148, , , , , , BLOCKED
1660398041, , 33.1575, -117.3089, 1900, 132, 147, , , , , , BLOCKED
1660398044, , 33.1561, -117.307, 1850, 132, 145, , , , , , BLOCKED
1660398044, , 33.1561, -117.307, 1850, 132, 145, , , , , , BLOCKED
1660398050, , 33.1533, -117.3035, 1750, 133, 145, , , , , , BLOCKED
1660398050, , 33.1533, -117.3035, 1750, 133, 145, , , , , , BLOCKED
1660398053, , 33.1518, -117.3016, 1700, 133, 143, , , , , , BLOCKED
1660398053, , 33.1518, -117.3016, 1700, 133, 143, , , , , , BLOCKED
1660398056, , 33.1503, -117.2998, 1650, 133, 142, , , , , , BLOCKED
1660398062, , 33.1477, -117.2964, 1550, 133, 141, , , , , , BLOCKED
1660398062, , 33.1477, -117.2964, 1550, 133, 141, , , , , , BLOCKED
1660398065, , 33.1465, -117.295, 1500, 132, 140, , , , , , BLOCKED
1660398065, , 33.1465, -117.295, 1500, 132, 140, , , , , , BLOCKED
1660398068, , 33.1452, -117.2932, 1450, 129, 139, , , , , , BLOCKED
1660398068, , 33.1452, -117.2932, 1450, 129, 139, , , , , , BLOCKED
1660398074, , 33.1429, -117.2896, 1375, 126, 136, , , , , , BLOCKED
1660398074, , 33.1429, -117.2896, 1375, 126, 136, , , , , , BLOCKED
1660398077, , 33.1417, -117.2876, 1350, 123, 135, , , , , , BLOCKED
1660398080, , 33.1407, -117.2857, 1325, 120, 134, , , , , , BLOCKED
1660398080, , 33.1407, -117.2857, 1325, 120, 134, , , , , , BLOCKED
1660398086, , 33.1392, -117.282, 1250, 110, 130, , , , , , BLOCKED
1660398086, , 33.1392, -117.282, 1250, 110, 130, , , , , , BLOCKED
1660398090, , 33.1388, -117.2788, 1250, 93, 127, , , , , , BLOCKED
1660398090, , 33.1388, -117.2788, 1250, 93, 127, , , , , , BLOCKED
1660398093, , 33.139, -117.2768, 1250, 81, 125, , , , , , BLOCKED
1660398095, , 33.1392, -117.2755, 1250, 74, 123, , , , , , BLOCKED
1660398095, , 33.1392, -117.2755, 1250, 74, 123, , , , , , BLOCKED
1660398102, , 33.1406, -117.2715, 1250, 68, 120, , , , , , BLOCKED
1660398102, , 33.1406, -117.2715, 1250, 68, 120, , , , , , BLOCKED
1660398102, , 33.1406, -117.2715, 1250, 68, 120, , , , , , BLOCKED
1660398102, , 33.1406, -117.2715, 1250, 68, 120, , , , , , BLOCKED
1660398110, , 33.1423, -117.2663, 1250, 67, 120, , , , , , BLOCKED
1660398110, , 33.1423, -117.2663, 1250, 67, 120, , , , , , BLOCKED
1660398114, , 33.1431, -117.2643, 1250, 67, 118, , , , , , BLOCKED
1660398118, , 33.1439, -117.2619, 1250, 65, 117, , , , , , BLOCKED
1660398118, , 33.1439, -117.2619, 1250, 65, 117, , , , , , BLOCKED
1660398122, , 33.1448, -117.2596, 1250, 69, 114, , , , , , BLOCKED
1660398122, , 33.1448, -117.2596, 1250, 69, 114, , , , , , BLOCKED
1660398122, , 33.1448, -117.2596, 1250, 69, 114, , , , , , BLOCKED
1660398122, , 33.1448, -117.2596, 1250, 69, 114, , , , , , BLOCKED
1660398130, , 33.1449, -117.2556, 1225, 113, 109, , , , , , BLOCKED
1660398134, , 33.1434, -117.2533, 1200, 139, 109, , , , , , BLOCKED
1660398134, , 33.1434, -117.2533, 1200, 139, 109, , , , , , BLOCKED
1660398134, , 33.1434, -117.2533, 1200, 139, 109, , , , , , BLOCKED
1660398134, , 33.1434, -117.2533, 1200, 139, 109, , , , , , BLOCKED
1660398138, , 33.1411, -117.252, 1125, 160, 112, , , , , , BLOCKED
1660398138, , 33.1411, -117.252, 1125, 160, 112, , , , , , BLOCKED
1660398143, , 33.1386, -117.2514, 1025, 172, 115, , , , , , BLOCKED
1660398143, , 33.1386, -117.2514, 1025, 172, 115, , , , , , BLOCKED
1660398147, , 33.1361, -117.2516, 1000, 187, 112, , , , , , BLOCKED
1660398151, , 33.1346, -117.2522, 975, 202, 109, , , , , , BLOCKED
1660398151, , 33.1346, -117.2522, 975, 202, 109, , , , , , BLOCKED
1660398155, , 33.1328, -117.2542, 875, 232, 109, , , , , , BLOCKED
1660398155, , 33.1328, -117.2542, 875, 232, 109, , , , , , BLOCKED
1660398160, , 33.1318, -117.2567, 750, 250, 110, , , , , , BLOCKED
1660398160, , 33.1318, -117.2567, 750, 250, 110, , , , , , BLOCKED
1660398164, , 33.1315, -117.2594, 650, 202, 109, , , , , , BLOCKED
1660398168, , 33.1312, -117.2613, 600, 262, 109, , , , , , BLOCKED
1660398168, , 33.1312, -117.2613, 600, 262, 109, , , , , , BLOCKED
1660398173, , 33.1308, -117.2641, 525, 259, 101, , , , , , BLOCKED
1660398173, , 33.1308, -117.2641, 525, 259, 101, , , , , , BLOCKED
1660398177, , 33.1304, -117.2664, 475, 259, 97, , , , , , BLOCKED
1660398177, , 33.1304, -117.2664, 475, 259, 97, , , , , , BLOCKED
1660398180, , 33.1302, -117.2682, 425, 259, 93, , , , , , BLOCKED
1660398181, , 33.1301, -117.2687, 425, 259, 93, , , , , , BLOCKED
1660398181, , 33.1301, -117.2687, 425, 259, 93, , , , , , BLOCKED
1660398186, , 33.1297, -117.271, 375, 259, 86, , , , , , BLOCKED
1660398186, , 33.1297, -117.271, 375, 259, 86, , , , , , BLOCKED
1660398191, , 33.1294, -117.2733, 350, 259, 77, , , , , , BLOCKED
1660398191, , 33.1294, -117.2733, 350, 259, 77, , , , , , BLOCKED
1660398196, , 33.129, -117.2751, 350, 259, 71, , , , , , BLOCKED
1660398196, , 33.129, -117.2751, 350, 259, 71, , , , , , BLOCKED
1660398196, , 33.129, -117.2751, 350, 259, 71, , , , , , BLOCKED
1660398196, , 33.129, -117.2751, 350, 259, 71, , , , , , BLOCKED
1660398196, , 33.129, -117.2751, 350, 259, 71, , , , , , BLOCKED
1660398206, , 33.1285, -117.2786, 350, 259, 68, , , , , , BLOCKED
1660398206, , 33.1285, -117.2786, 350, 259, 68, , , , , , BLOCKED
1660398206, , 33.1285, -117.2786, 350, 259, 68, , , , , , BLOCKED
1660398206, , 33.1285, -117.2786, 350, 259, 68, , , , , , BLOCKED
1660398206, , 33.1285, -117.2786, 350, 259, 68, , , , , , BLOCKED
1660398206, , 33.1285, -117.2786, 350, 259, 68, , , , , , BLOCKED
1660398206, , 33.1285, -117.2786, 350, 259, 68, , , , , , BLOCKED
1660398206, , 33.1285, -117.2786, 350, 259, 68, , , , , , BLOCKED
1660398206, , 33.1285, -117.2786, 350, 259, 68, , , , , , BLOCKED
1660398231, , 33.1272, -117.2864, 350, 259, 68, , , , , , BLOCKED
1660398231, , 33.1272, -117.2864, 350, 259, 68, , , , , , BLOCKED
1660398231, , 33.1272, -117.2864, 350, 259, 68, , , , , , BLOCKED
1660398231, , 33.1272, -117.2864, 350, 259, 68, , , , , , BLOCKED
1660398227, , 33.1278, -117.2821, 0, 241, 23, , , , , , BLOCKED
1660398241, , 33.1271, -117.2825, 0, 112, 26, , , , , , BLOCKED
1660398241, , 33.1271, -117.2825, 0, 112, 26, , , , , , BLOCKED
1660398241, , 33.1271, -117.2825, 0, 112, 26, , , , , , BLOCKED
1660398241, , 33.1271, -117.2825, 0, 112, 26, , , , , , BLOCKED
1660398245, , 33.1271, -117.2823, 0, 81, 28, , , , , , BLOCKED
1660398245, , 33.1271, -117.2823, 0, 81, 28, , , , , , BLOCKED
1660398245, , 33.1271, -117.2823, 0, 81, 28, , , , , , BLOCKED
1660398245, , 33.1271, -117.2823, 0, 81, 28, , , , , , BLOCKED
1660398245, , 33.1271, -117.2823, 0, 81, 28, , , , , , BLOCKED
1660398260, , 33.1273, -117.2812, 0, 78, 15, , , , , , BLOCKED
1660398260, , 33.1273, -117.2812, 0, 78, 15, , , , , , BLOCKED
1660398260, , 33.1273, -117.2812, 0, 78, 15, , , , , , BLOCKED
1660398260, , 33.1273, -117.2812, 0, 78, 15, , , , , , BLOCKED
1660398266, , 33.1274, -117.2807, 0, 78, 16, , , , , , BLOCKED
1660398266, , 33.1274, -117.2807, 0, 78, 16, , , , , , BLOCKED
1660398266, , 33.1274, -117.2807, 0, 78, 16, , , , , , BLOCKED
1660398266, , 33.1274, -117.2807, 0, 78, 16, , , , , , BLOCKED
1660398266, , 33.1274, -117.2807, 0, 78, 16, , , , , , BLOCKED
1660398266, , 33.1274, -117.2807, 0, 78, 16, , , , , , BLOCKED
1660398266, , 33.1274, -117.2807, 0, 78, 16, , , , , , BLOCKED
1660398280, , 33.1275, -117.2794, 0, 78, 34, , , , , , BLOCKED
1660398280, , 33.1275, -117.2794, 0, 78, 34, , , , , , BLOCKED
1660398280, , 33.1275, -117.2794, 0, 78, 34, , , , , , BLOCKED
1660398280, , 33.1275, -117.2794, 0, 78, 34, , , , , , BLOCKED
1660398280, , 33.1275, -117.2794, 0, 78, 34, , , , , , BLOCKED
1660398280, , 33.1275, -117.2794, 0, 78, 34, , , , , , BLOCKED
1660398280, , 33.1275, -117.2794, 0, 78, 34, , , , , , BLOCKED
1660398280, , 33.1275, -117.2794, 0, 78, 34, , , , , , BLOCKED
1660398280, , 33.1275, -117.2794, 0, 78, 34, , , , , , BLOCKED
1660398280, , 33.1275, -117.2794, 0, 78, 34, , , , , , BLOCKED
1660398280, , 33.1275, -117.2794, 0, 78, 34, , , , , , BLOCKED
1660398280, , 33.1275, -117.2794, 0, 78, 34, , , , , , BLOCKED
1660398280, , 33.1275, -117.2794, 0, 78, 34, , , , , , BLOCKED
1660398280, , 33.1275, -117.2794, 0, 78, 34, , , , , , BLOCKED
1660398316, , 33.128, -117.277, 0, 90, 10, , , , , , BLOCKED
1660398316, , 33.128, -117.277, 0, 90, 10, , , , , , BLOCKED
1660398322, , 33.1279, -117.2768, 0, 146, 8, , , , , , BLOCKED
1660398322, , 33.1279, -117.2768, 0, 146, 8, , , , , , BLOCKED
1660398326, , 33.1278, -117.2767, 0, 146, 6, , , , , , BLOCKED
1660398326, , 33.1278, -117.2767, 0, 146, 6, , , , , , BLOCKED
1660398328, , 33.1277, -117.2767, 0, 146, 5, , , , , , BLOCKED
1660398328, , 33.1277, -117.2767, 0, 146, 5, , , , , , BLOCKED
1660398328, , 33.1277, -117.2767, 0, 146, 5, , , , , , BLOCKED
1660398338, , 33.1277, -117.2764, 0, 146, 3, , , , , , BLOCKED
1660398338, , 33.1277, -117.2764, 0, 146, 3, , , , , , BLOCKED
1660398341, , 33.1277, -117.2764, 0, 146, 1, , , , , , BLOCKED
1660398341, , 33.1277, -117.2764, 0, 146, 1, , , , , , BLOCKED
1660398341, , 33.1277, -117.2764, 0, 146, 1, , , , , , BLOCKED
1660398341, , 33.1277, -117.2764, 0, 146, 1, , , , , , BLOCKED
1660398341, , 33.1277, -117.2764, 0, 146, 1, , , , , , BLOCKED
1660398341, , 33.1277, -117.2764, 0, 146, 1, , , , , , BLOCKED
1660398341, , 33.1277, -117.2764, 0, 146, 1, , , , , , BLOCKED
1660398341, , 33.1277, -117.2764, 0, 146, 1, , , , , , BLOCKED
1660398341, , 33.1277, -117.2764, 0, 146, 1, , , , , , BLOCKED
1660398341, , 33.1277, -117.2764, 0, 146, 1, , , , , , BLOCKED
1660398341, , 33.1277, -117.2764, 0, 146, 1, , , , , , BLOCKED
1660398341, , 33.1277, -117.2764, 0, 146, 1, , , , , , BLOCKED
1660398341, , 33.1277, -117.2764, 0, 146, 1, , , , , , BLOCKED
1660398341, , 33.1277, -117.2764, 0, 146, 1, , , , , , BLOCKED
1660398341, , 33.1277, -117.2764, 0, 146, 1, , , , , , BLOCKED
1660398341, , 33.1277, -117.2764, 0, 146, 1, , , , , , BLOCKED
1660398341, , 33.1277, -117.2764, 0, 146, 1, , , , , , BLOCKED
1660398341, , 33.1277, -117.2764, 0, 146, 1, , , , , , BLOCKED
1660398341, , 33.1277, -117.2764, 0, 146, 1, , , , , , BLOCKED
1660398341, , 33.1277, -117.2764, 0, 146, 1, , , , , , BLOCKED
1660398341, , 33.1277, -117.2764, 0, 146, 1, , , , , , BLOCKED
1660398341, , 33.1277, -117.2764, 0, 146, 1, , , , , , BLOCKED
1660398341, , 33.1277, -117.2764, 0, 146, 1, , , , , , BLOCKED
1660398341, , 33.1277, -117.2764, 0, 146, 1, , , , , , BLOCKED
1660398341, , 33.1277, -117.2764, 0, 146, 1, , , , , , BLOCKED
1660398341, , 33.1277, -117.2764, 0, 146, 1, , , , , , BLOCKED
1660398341, , 33.1277, -117.2764, 0, 146, 1, , , , , , BLOCKED
1660398341, , 33.1277, -117.2764, 0, 146, 1, , , , , , BLOCKED
1660398341, , 33.1277, -117.2764, 0, 146, 1, , , , , , BLOCKED
1660398341, , 33.1277, -117.2764, 0, 146, 1, , , , , , BLOCKED
1660398341, , 33.1277, -117.2764, 0, 146, 1, , , , , , BLOCKED
1660398341, , 33.1277, -117.2764, 0, 146, 1, , , , , , BLOCKED
1660398341, , 33.1277, -117.2764, 0, 146, 1, , , , , , BLOCKED
1660398341, , 33.1277, -117.2764, 0, 146, 1, , , , , , BLOCKED
1660398341, , 33.1277, -117.2764, 0, 146, 1, , , , , , BLOCKED
1660398341, , 33.1277, -117.2764, 0, 146, 1, , , , , , BLOCKED
1660398341, , 33.1277, -117.2764, 0, 146, 1, , , , , , BLOCKED
1660398341, , 33.1277, -117.2764, 0, 146, 1, , , , , , BLOCKED
1660398341, , 33.1277, -117.2764, 0, 146, 1, , , , , , BLOCKED
