//Timestamp, ICAO, Latitude_deg, Longitude_deg, Altitude_ft, Heading_deg, GroundSpeed_kts, AircraftType, RegistrationNum, Departure, Arrival, FlightNumber1, FlightNumber2
1660414496, , 33.68, -117.8638, 0, 309, 2, C170, , , , , C170
1660414496, , 33.68, -117.8638, 0, 309, 2, C170, , , , , C170
1660414496, , 33.68, -117.8638, 0, 309, 2, C170, , , , , C170
1660414496, , 33.68, -117.8638, 0, 309, 2, C170, , , , , C170
1660414496, , 33.68, -117.8638, 0, 309, 2, C170, , , , , C170
1660414496, , 33.68, -117.8638, 0, 309, 2, C170, , , , , C170
1660414496, , 33.68, -117.8638, 0, 309, 2, C170, , , , , C170
1660414496, , 33.68, -117.8638, 0, 309, 2, C170, , , , , C170
1660414496, , 33.68, -117.8638, 0, 309, 2, C170, , , , , C170
1660414496, , 33.68, -117.8638, 0, 309, 2, C170, , , , , C170
1660414496, , 33.68, -117.8638, 0, 309, 2, C170, , , , , C170
1660414496, , 33.68, -117.8638, 0, 309, 2, C170, , , , , C170
1660414496, , 33.68, -117.8638, 0, 309, 2, C170, , , , , C170
1660414496, , 33.68, -117.8638, 0, 309, 2, C170, , , , , C170
1660414496, , 33.68, -117.8638, 0, 309, 2, C170, , , , , C170
1660414496, , 33.68, -117.8638, 0, 309, 2, C170, , , , , C170
1660414496, , 33.68, -117.8638, 0, 309, 2, C170, , , , , C170
1660414496, , 33.68, -117.8638, 0, 309, 2, C170, , , , , C170
1660414496, , 33.68, -117.8638, 0, 309, 2, C170, , , , , C170
1660414496, , 33.68, -117.8638, 0, 309, 2, C170, , , , , C170
1660414496, , 33.68, -117.8638, 0, 309, 2, C170, , , , , C170
1660414496, , 33.68, -117.8638, 0, 309, 2, C170, , , , , C170
1660414496, , 33.68, -117.8638, 0, 309, 2, C170, , , , , C170
1660414496, , 33.68, -117.8638, 0, 309, 2, C170, , , , , C170
1660414496, , 33.68, -117.8638, 0, 309, 2, C170, , , , , C170
1660414496, , 33.68, -117.8638, 0, 309, 2, C170, , , , , C170
1660414496, , 33.68, -117.8638, 0, 309, 2, C170, , , , , C170
1660414496, , 33.68, -117.8638, 0, 309, 2, C170, , , , , C170
1660414496, , 33.68, -117.8638, 0, 309, 2, C170, , , , , C170
1660414496, , 33.68, -117.8638, 0, 309, 2, C170, , , , , C170
1660414496, , 33.68, -117.8638, 0, 309, 2, C170, , , , , C170
1660414496, , 33.68, -117.8638, 0, 309, 2, C170, , , , , C170
1660414496, , 33.68, -117.8638, 0, 309, 2, C170, , , , , C170
1660414496, , 33.68, -117.8638, 0, 309, 2, C170, , , , , C170
1660414496, , 33.68, -117.8638, 0, 309, 2, C170, , , , , C170
1660414496, , 33.68, -117.8638, 0, 309, 2, C170, , , , , C170
1660414496, , 33.68, -117.8638, 0, 309, 2, C170, , , , , C170
1660414496, , 33.68, -117.8638, 0, 309, 2, C170, , , , , C170
1660425539, , 33.6796, -117.8645, 0, 208, 42, C170, , , , , C170
1660425539, , 33.6796, -117.8645, 0, 208, 42, C170, , , , , C170
1660425539, , 33.6796, -117.8645, 0, 208, 42, C170, , , , , C170
1660425539, , 33.6796, -117.8645, 0, 208, 42, C170, , , , , C170
1660425539, , 33.6796, -117.8645, 0, 208, 42, C170, , , , , C170
1660425539, , 33.6796, -117.8645, 0, 208, 42, C170, , , , , C170
1660425539, , 33.6796, -117.8645, 0, 208, 42, C170, , , , , C170
1660425539, , 33.6796, -117.8645, 0, 208, 42, C170, , , , , C170
1660425539, , 33.6796, -117.8645, 0, 208, 42, C170, , , , , C170
1660425539, , 33.6796, -117.8645, 0, 208, 42, C170, , , , , C170
1660425539, , 33.6796, -117.8645, 0, 208, 42, C170, , , , , C170
1660425539, , 33.6796, -117.8645, 0, 208, 42, C170, , , , , C170
1660425539, , 33.6796, -117.8645, 0, 208, 42, C170, , , , , C170
1660425539, , 33.6796, -117.8645, 0, 208, 42, C170, , , , , C170
1660425539, , 33.6796, -117.8645, 0, 208, 42, C170, , , , , C170
1660425539, , 33.6796, -117.8645, 0, 208, 42, C170, , , , , C170
1660425539, , 33.6796, -117.8645, 0, 208, 42, C170, , , , , C170
1660425539, , 33.6796, -117.8645, 0, 208, 42, C170, , , , , C170
1660425539, , 33.6796, -117.8645, 0, 208, 42, C170, , , , , C170
1660425539, , 33.6796, -117.8645, 0, 208, 42, C170, , , , , C170
1660425539, , 33.6796, -117.8645, 0, 208, 42, C170, , , , , C170
1660425539, , 33.6796, -117.8645, 0, 208, 42, C170, , , , , C170
1660425539, , 33.6796, -117.8645, 0, 208, 42, C170, , , , , C170
1660425539, , 33.6796, -117.8645, 0, 208, 42, C170, , , , , C170
1660425539, , 33.6796, -117.8645, 0, 208, 42, C170, , , , , C170
1660425539, , 33.6796, -117.8645, 0, 208, 42, C170, , , , , C170
1660425539, , 33.6796, -117.8645, 0, 208, 42, C170, , , , , C170
1660425539, , 33.6796, -117.8645, 0, 208, 42, C170, , , , , C170
1660425539, , 33.6796, -117.8645, 0, 208, 42, C170, , , , , C170
1660425539, , 33.6796, -117.8645, 0, 208, 42, C170, , , , , C170
1660425539, , 33.6796, -117.8645, 0, 208, 42, C170, , , , , C170
1660425539, , 33.6796, -117.8645, 0, 208, 42, C170, , , , , C170
1660425539, , 33.6796, -117.8645, 0, 208, 42, C170, , , , , C170
1660425539, , 33.6796, -117.8645, 0, 208, 42, C170, , , , , C170
1660425539, , 33.6796, -117.8645, 0, 208, 42, C170, , , , , C170
1660425539, , 33.6796, -117.8645, 0, 208, 42, C170, , , , , C170
1660425539, , 33.6796, -117.8645, 0, 208, 42, C170, , , , , C170
1660425539, , 33.6796, -117.8645, 0, 208, 42, C170, , , , , C170
1660425646, , 33.672, -117.8682, 0, 210, 14, C170, , , , , C170
1660425648, , 33.6718, -117.8684, 0, 210, 14, C170, , , , , C170
1660425648, , 33.6718, -117.8684, 0, 210, 14, C170, , , , , C170
1660425648, , 33.6718, -117.8684, 0, 210, 14, C170, , , , , C170
1660425648, , 33.6718, -117.8684, 0, 210, 14, C170, , , , , C170
1660425648, , 33.6718, -117.8684, 0, 210, 14, C170, , , , , C170
1660425648, , 33.6718, -117.8684, 0, 210, 14, C170, , , , , C170
1660425648, , 33.6718, -117.8684, 0, 210, 14, C170, , , , , C170
1660425664, , 33.6709, -117.869, 0, 208, 12, C170, , , , , C170
1660425664, , 33.6709, -117.869, 0, 208, 12, C170, , , , , C170
1660425664, , 33.6709, -117.869, 0, 208, 12, C170, , , , , C170
1660425664, , 33.6709, -117.869, 0, 208, 12, C170, , , , , C170
1660425664, , 33.6709, -117.869, 0, 208, 12, C170, , , , , C170
1660425664, , 33.6709, -117.869, 0, 208, 12, C170, , , , , C170
1660425664, , 33.6709, -117.869, 0, 208, 12, C170, , , , , C170
1660425664, , 33.6709, -117.869, 0, 208, 12, C170, , , , , C170
1660425664, , 33.6709, -117.869, 0, 208, 12, C170, , , , , C170
1660425664, , 33.6709, -117.869, 0, 208, 12, C170, , , , , C170
1660425664, , 33.6709, -117.869, 0, 208, 12, C170, , , , , C170
1660425664, , 33.6709, -117.869, 0, 208, 12, C170, , , , , C170
1660425664, , 33.6709, -117.869, 0, 208, 12, C170, , , , , C170
1660425664, , 33.6709, -117.869, 0, 208, 12, C170, , , , , C170
1660425664, , 33.6709, -117.869, 0, 208, 12, C170, , , , , C170
1660425664, , 33.6709, -117.869, 0, 208, 12, C170, , , , , C170
1660425664, , 33.6709, -117.869, 0, 208, 12, C170, , , , , C170
1660425664, , 33.6709, -117.869, 0, 208, 12, C170, , , , , C170
1660425664, , 33.6709, -117.869, 0, 208, 12, C170, , , , , C170
1660425664, , 33.6709, -117.869, 0, 208, 12, C170, , , , , C170
1660425664, , 33.6709, -117.869, 0, 208, 12, C170, , , , , C170
1660425664, , 33.6709, -117.869, 0, 208, 12, C170, , , , , C170
1660425664, , 33.6709, -117.869, 0, 208, 12, C170, , , , , C170
1660425664, , 33.6709, -117.869, 0, 208, 12, C170, , , , , C170
1660425664, , 33.6709, -117.869, 0, 208, 12, C170, , , , , C170
1660425664, , 33.6709, -117.869, 0, 208, 12, C170, , , , , C170
1660425664, , 33.6709, -117.869, 0, 208, 12, C170, , , , , C170
1660425664, , 33.6709, -117.869, 0, 208, 12, C170, , , , , C170
1660425664, , 33.6709, -117.869, 0, 208, 12, C170, , , , , C170
1660425664, , 33.6709, -117.869, 0, 208, 12, C170, , , , , C170
1660425664, , 33.6709, -117.869, 0, 208, 12, C170, , , , , C170
1660425664, , 33.6709, -117.869, 0, 208, 12, C170, , , , , C170
1660425664, , 33.6709, -117.869, 0, 208, 12, C170, , , , , C170
1660425664, , 33.6709, -117.869, 0, 208, 12, C170, , , , , C170
1660425664, , 33.6709, -117.869, 0, 208, 12, C170, , , , , C170
1660425664, , 33.6709, -117.869, 0, 208, 12, C170, , , , , C170
1660425664, , 33.6709, -117.869, 0, 208, 12, C170, , , , , C170
1660425664, , 33.6709, -117.869, 0, 208, 12, C170, , , , , C170
