//Timestamp, ICAO, Latitude_deg, Longitude_deg, Altitude_ft, Heading_deg, GroundSpeed_kts, AircraftType, RegistrationNum, Departure, Arrival, FlightNumber1, FlightNumber2
1660399710, , 33.7531, -118.2067, 2500, 190, 75, C172, , , , , C172
1660399710, , 33.7531, -118.2067, 2500, 190, 75, C172, , , , , C172
1660399713, , 33.752, -118.2069, 2500, 189, 75, C172, , , , , C172
1660399713, , 33.752, -118.2069, 2500, 189, 75, C172, , , , , C172
1660399716, , 33.751, -118.2071, 2500, 188, 77, C172, , , , , C172
1660399722, , 33.7488, -118.2075, 2500, 187, 79, C172, , , , , C172
1660399722, , 33.7488, -118.2075, 2500, 187, 79, C172, , , , , C172
1660399725, , 33.7477, -118.2076, 2500, 187, 79, C172, , , , , C172
1660399725, , 33.7477, -118.2076, 2500, 187, 79, C172, , , , , C172
1660399728, , 33.7466, -118.2078, 2500, 188, 80, C172, , , , , C172
1660399728, , 33.7466, -118.2078, 2500, 188, 80, C172, , , , , C172
1660399734, , 33.7444, -118.2082, 2500, 187, 81, C172, , , , , C172
1660399734, , 33.7444, -118.2082, 2500, 187, 81, C172, , , , , C172
1660399737, , 33.7433, -118.2084, 2500, 187, 82, C172, , , , , C172
1660399740, , 33.742, -118.2086, 2500, 187, 83, C172, , , , , C172
1660399740, , 33.742, -118.2086, 2500, 187, 83, C172, , , , , C172
1660399743, , 33.741, -118.2088, 2500, 188, 84, C172, , , , , C172
1660399743, , 33.741, -118.2088, 2500, 188, 84, C172, , , , , C172
1660399749, , 33.7386, -118.2092, 2500, 189, 83, C172, , , , , C172
1660399749, , 33.7386, -118.2092, 2500, 189, 83, C172, , , , , C172
1660399752, , 33.7375, -118.2095, 2500, 189, 81, C172, , , , , C172
1660399755, , 33.7363, -118.2097, 2500, 189, 80, C172, , , , , C172
1660399755, , 33.7363, -118.2097, 2500, 189, 80, C172, , , , , C172
1660399761, , 33.7341, -118.2101, 2500, 189, 82, C172, , , , , C172
1660399761, , 33.7341, -118.2101, 2500, 189, 82, C172, , , , , C172
1660399764, , 33.7329, -118.2103, 2500, 189, 83, C172, , , , , C172
1660399764, , 33.7329, -118.2103, 2500, 189, 83, C172, , , , , C172
1660399767, , 33.7318, -118.2105, 2500, 189, 83, C172, , , , , C172
1660399773, , 33.7295, -118.2109, 2500, 183, 82, C172, , , , , C172
1660399773, , 33.7295, -118.2109, 2500, 183, 82, C172, , , , , C172
1660399776, , 33.7284, -118.2109, 2600, 176, 81, C172, , , , , C172
1660399776, , 33.7284, -118.2109, 2600, 176, 81, C172, , , , , C172
1660399779, , 33.7273, -118.2107, 2600, 164, 79, C172, , , , , C172
1660399779, , 33.7273, -118.2107, 2600, 164, 79, C172, , , , , C172
1660399785, , 33.7253, -118.2095, 2600, 141, 81, C172, , , , , C172
1660399785, , 33.7253, -118.2095, 2600, 141, 81, C172, , , , , C172
1660399788, , 33.7245, -118.2085, 2600, 132, 82, C172, , , , , C172
1660399791, , 33.7239, -118.2073, 2600, 117, 83, C172, , , , , C172
1660399791, , 33.7239, -118.2073, 2600, 117, 83, C172, , , , , C172
1660399797, , 33.7233, -118.2047, 2600, 96, 80, C172, , , , , C172
1660399800, , 33.7232, -118.2034, 2600, 93, 79, C172, , , , , C172
1660399800, , 33.7232, -118.2034, 2600, 93, 79, C172, , , , , C172
1660399803, , 33.7232, -118.2021, 2600, 93, 79, C172, , , , , C172
1660399803, , 33.7232, -118.2021, 2600, 93, 79, C172, , , , , C172
1660399809, , 33.7229, -118.1994, 2600, 100, 84, C172, , , , , C172
1660399809, , 33.7229, -118.1994, 2600, 100, 84, C172, , , , , C172
1660399812, , 33.7226, -118.198, 2600, 105, 87, C172, , , , , C172
1660399812, , 33.7226, -118.198, 2600, 105, 87, C172, , , , , C172
1660399815, , 33.7223, -118.1966, 2600, 106, 85, C172, , , , , C172
1660399818, , 33.7219, -118.1952, 2600, 106, 82, C172, , , , , C172
1660399818, , 33.7219, -118.1952, 2600, 106, 82, C172, , , , , C172
1660399825, , 33.7213, -118.1927, 2700, 105, 76, C172, , , , , C172
1660399825, , 33.7213, -118.1927, 2700, 105, 76, C172, , , , , C172
1660399828, , 33.721, -118.1913, 2700, 104, 77, C172, , , , , C172
1660399828, , 33.721, -118.1913, 2700, 104, 77, C172, , , , , C172
1660399831, , 33.7207, -118.1898, 2700, 105, 77, C172, , , , , C172
1660399837, , 33.7201, -118.1874, 2600, 105, 76, C172, , , , , C172
1660399837, , 33.7201, -118.1874, 2600, 105, 76, C172, , , , , C172
1660399841, , 33.7198, -118.1861, 2600, 103, 76, C172, , , , , C172
1660399841, , 33.7198, -118.1861, 2600, 103, 76, C172, , , , , C172
1660399843, , 33.7196, -118.1849, 2600, 101, 76, C172, , , , , C172
1660399843, , 33.7196, -118.1849, 2600, 101, 76, C172, , , , , C172
1660399850, , 33.7191, -118.1823, 2600, 101, 78, C172, , , , , C172
1660399853, , 33.7189, -118.1811, 2500, 102, 78, C172, , , , , C172
1660399853, , 33.7189, -118.1811, 2500, 102, 78, C172, , , , , C172
1660399855, , 33.7187, -118.1798, 2500, 102, 77, C172, , , , , C172
1660399855, , 33.7187, -118.1798, 2500, 102, 77, C172, , , , , C172
1660399861, , 33.7182, -118.1774, 2500, 105, 77, C172, , , , , C172
1660399861, , 33.7182, -118.1774, 2500, 105, 77, C172, , , , , C172
1660399864, , 33.718, -118.1765, 2400, 109, 77, C172, , , , , C172
1660399864, , 33.718, -118.1765, 2400, 109, 77, C172, , , , , C172
1660399868, , 33.7173, -118.175, 2400, 126, 78, C172, , , , , C172
1660399874, , 33.7157, -118.1733, 2300, 151, 80, C172, , , , , C172
1660399874, , 33.7157, -118.1733, 2300, 151, 80, C172, , , , , C172
1660399877, , 33.7146, -118.1728, 2300, 165, 82, C172, , , , , C172
1660399877, , 33.7146, -118.1728, 2300, 165, 82, C172, , , , , C172
1660399880, , 33.7134, -118.1727, 2300, 183, 82, C172, , , , , C172
1660399880, , 33.7134, -118.1727, 2300, 183, 82, C172, , , , , C172
1660399886, , 33.7112, -118.1735, 2200, 207, 80, C172, , , , , C172
1660399889, , 33.7104, -118.1743, 2200, 223, 81, C172, , , , , C172
1660399889, , 33.7104, -118.1743, 2200, 223, 81, C172, , , , , C172
1660399892, , 33.7096, -118.1754, 2200, 234, 82, C172, , , , , C172
1660399892, , 33.7096, -118.1754, 2200, 234, 82, C172, , , , , C172
1660399897, , 33.7086, -118.1778, 2100, 251, 83, C172, , , , , C172
1660399897, , 33.7086, -118.1778, 2100, 251, 83, C172, , , , , C172
1660399901, , 33.7083, -118.1791, 2100, 258, 81, C172, , , , , C172
1660399901, , 33.7083, -118.1791, 2100, 258, 81, C172, , , , , C172
1660399903, , 33.7082, -118.1803, 2100, 260, 80, C172, , , , , C172
1660399909, , 33.7077, -118.183, 2100, 254, 76, C172, , , , , C172
1660399909, , 33.7077, -118.183, 2100, 254, 76, C172, , , , , C172
1660399913, , 33.7074, -118.1842, 2100, 250, 75, C172, , , , , C172
1660399913, , 33.7074, -118.1842, 2100, 250, 75, C172, , , , , C172
1660399916, , 33.707, -118.1854, 2000, 249, 74, C172, , , , , C172
1660399916, , 33.707, -118.1854, 2000, 249, 74, C172, , , , , C172
1660399921, , 33.7062, -118.1876, 2000, 247, 74, C172, , , , , C172
1660399925, , 33.7059, -118.1886, 2000, 251, 74, C172, , , , , C172
1660399925, , 33.7059, -118.1886, 2000, 251, 74, C172, , , , , C172
1660399928, , 33.7055, -118.1899, 2000, 254, 75, C172, , , , , C172
1660399928, , 33.7055, -118.1899, 2000, 254, 75, C172, , , , , C172
1660399934, , 33.705, -118.1925, 1900, 257, 75, C172, , , , , C172
1660399934, , 33.705, -118.1925, 1900, 257, 75, C172, , , , , C172
1660399937, , 33.7048, -118.1936, 1900, 254, 74, C172, , , , , C172
1660399940, , 33.7045, -118.1948, 1900, 251, 74, C172, , , , , C172
1660399940, , 33.7045, -118.1948, 1900, 251, 74, C172, , , , , C172
1660399946, , 33.7037, -118.1971, 1900, 246, 76, C172, , , , , C172
1660399946, , 33.7037, -118.1971, 1900, 246, 76, C172, , , , , C172
1660399948, , 33.7033, -118.1983, 1900, 243, 79, C172, , , , , C172
1660399948, , 33.7033, -118.1983, 1900, 243, 79, C172, , , , , C172
1660399952, , 33.7028, -118.1996, 1900, 245, 81, C172, , , , , C172
1660399952, , 33.7028, -118.1996, 1900, 245, 81, C172, , , , , C172
1660399958, , 33.7019, -118.202, 1900, 245, 81, C172, , , , , C172
1660399960, , 33.7014, -118.2033, 1900, 245, 82, C172, , , , , C172
1660399960, , 33.7014, -118.2033, 1900, 245, 82, C172, , , , , C172
1660399964, , 33.7008, -118.2047, 1900, 244, 84, C172, , , , , C172
1660399964, , 33.7008, -118.2047, 1900, 244, 84, C172, , , , , C172
1660399969, , 33.6999, -118.2071, 1900, 247, 84, C172, , , , , C172
1660399969, , 33.6999, -118.2071, 1900, 247, 84, C172, , , , , C172
1660399973, , 33.6994, -118.2085, 1900, 249, 84, C172, , , , , C172
1660399976, , 33.699, -118.2099, 1900, 249, 84, C172, , , , , C172
1660399976, , 33.699, -118.2099, 1900, 249, 84, C172, , , , , C172
1660399982, , 33.6982, -118.2126, 1900, 251, 85, C172, , , , , C172
1660399982, , 33.6982, -118.2126, 1900, 251, 85, C172, , , , , C172
1660399985, , 33.698, -118.2136, 1900, 253, 85, C172, , , , , C172
1660399985, , 33.698, -118.2136, 1900, 253, 85, C172, , , , , C172
1660399988, , 33.6976, -118.2152, 1900, 254, 86, C172, , , , , C172
1660399988, , 33.6976, -118.2152, 1900, 254, 86, C172, , , , , C172
1660399994, , 33.6969, -118.218, 1900, 255, 85, C172, , , , , C172
1660399997, , 33.6967, -118.2192, 2000, 255, 85, C172, , , , , C172
1660399997, , 33.6967, -118.2192, 2000, 255, 85, C172, , , , , C172
1660400000, , 33.6963, -118.2207, 2000, 254, 87, C172, , , , , C172
1660400000, , 33.6963, -118.2207, 2000, 254, 87, C172, , , , , C172
1660400006, , 33.6956, -118.2235, 2000, 252, 86, C172, , , , , C172
1660400006, , 33.6956, -118.2235, 2000, 252, 86, C172, , , , , C172
1660400009, , 33.6953, -118.2249, 2000, 252, 86, C172, , , , , C172
1660400012, , 33.6948, -118.2265, 2000, 251, 86, C172, , , , , C172
1660400012, , 33.6948, -118.2265, 2000, 251, 86, C172, , , , , C172
1660400015, , 33.6945, -118.2278, 2000, 250, 87, C172, , , , , C172
1660400015, , 33.6945, -118.2278, 2000, 250, 87, C172, , , , , C172
1660400022, , 33.6936, -118.2308, 2000, 250, 88, C172, , , , , C172
1660400022, , 33.6936, -118.2308, 2000, 250, 88, C172, , , , , C172
1660400025, , 33.6931, -118.2324, 2000, 250, 88, C172, , , , , C172
1660400025, , 33.6931, -118.2324, 2000, 250, 88, C172, , , , , C172
1660400028, , 33.6927, -118.2338, 2000, 249, 88, C172, , , , , C172
1660400034, , 33.6918, -118.2365, 2000, 248, 88, C172, , , , , C172
1660400034, , 33.6918, -118.2365, 2000, 248, 88, C172, , , , , C172
1660400037, , 33.6914, -118.2378, 2000, 248, 88, C172, , , , , C172
1660400037, , 33.6914, -118.2378, 2000, 248, 88, C172, , , , , C172
1660400040, , 33.6909, -118.2392, 2000, 247, 89, C172, , , , , C172
1660400040, , 33.6909, -118.2392, 2000, 247, 89, C172, , , , , C172
1660400046, , 33.69, -118.2419, 2000, 249, 88, C172, , , , , C172
1660400049, , 33.6895, -118.2435, 2000, 251, 86, C172, , , , , C172
1660400049, , 33.6895, -118.2435, 2000, 251, 86, C172, , , , , C172
1660400052, , 33.6893, -118.2444, 2000, 252, 86, C172, , , , , C172
1660400052, , 33.6893, -118.2444, 2000, 252, 86, C172, , , , , C172
1660400055, , 33.6888, -118.2462, 2000, 252, 86, C172, , , , , C172
1660400061, , 33.6881, -118.249, 2000, 252, 90, C172, , , , , C172
1660400061, , 33.6881, -118.249, 2000, 252, 90, C172, , , , , C172
1660400064, , 33.6877, -118.2505, 2000, 252, 90, C172, , , , , C172
1660400064, , 33.6877, -118.2505, 2000, 252, 90, C172, , , , , C172
1660400070, , 33.687, -118.2532, 2000, 252, 88, C172, , , , , C172
1660400070, , 33.687, -118.2532, 2000, 252, 88, C172, , , , , C172
1660400073, , 33.6866, -118.2547, 2000, 251, 87, C172, , , , , C172
1660400073, , 33.6866, -118.2547, 2000, 251, 87, C172, , , , , C172
1660400076, , 33.6862, -118.2559, 2000, 251, 87, C172, , , , , C172
1660400082, , 33.6854, -118.2587, 2000, 250, 87, C172, , , , , C172
1660400082, , 33.6854, -118.2587, 2000, 250, 87, C172, , , , , C172
1660400085, , 33.685, -118.2601, 2000, 250, 88, C172, , , , , C172
1660400085, , 33.685, -118.2601, 2000, 250, 88, C172, , , , , C172
1660400088, , 33.6846, -118.2614, 2000, 250, 88, C172, , , , , C172
1660400088, , 33.6846, -118.2614, 2000, 250, 88, C172, , , , , C172
1660400094, , 33.6838, -118.2645, 2100, 251, 88, C172, , , , , C172
1660400097, , 33.6835, -118.2652, 2100, 252, 89, C172, , , , , C172
1660400097, , 33.6835, -118.2652, 2100, 252, 89, C172, , , , , C172
1660400100, , 33.683, -118.2673, 2100, 253, 88, C172, , , , , C172
1660400100, , 33.683, -118.2673, 2100, 253, 88, C172, , , , , C172
1660400106, , 33.6825, -118.2702, 2100, 257, 89, C172, , , , , C172
1660400106, , 33.6825, -118.2702, 2100, 257, 89, C172, , , , , C172
1660400109, , 33.6822, -118.2717, 2100, 260, 90, C172, , , , , C172
1660400109, , 33.6822, -118.2717, 2100, 260, 90, C172, , , , , C172
1660400112, , 33.682, -118.2731, 2100, 262, 90, C172, , , , , C172
1660400118, , 33.6818, -118.2761, 2100, 265, 90, C172, , , , , C172
1660400118, , 33.6818, -118.2761, 2100, 265, 90, C172, , , , , C172
1660400121, , 33.6817, -118.2776, 2100, 264, 90, C172, , , , , C172
1660400121, , 33.6817, -118.2776, 2100, 264, 90, C172, , , , , C172
1660400124, , 33.6815, -118.2792, 2100, 262, 89, C172, , , , , C172
1660400124, , 33.6815, -118.2792, 2100, 262, 89, C172, , , , , C172
1660400130, , 33.6811, -118.282, 2100, 255, 89, C172, , , , , C172
1660400133, , 33.6807, -118.2835, 2100, 252, 89, C172, , , , , C172
1660400133, , 33.6807, -118.2835, 2100, 252, 89, C172, , , , , C172
1660400136, , 33.6803, -118.2849, 2100, 249, 90, C172, , , , , C172
1660400136, , 33.6803, -118.2849, 2100, 249, 90, C172, , , , , C172
1660400142, , 33.6794, -118.2878, 2100, 250, 92, C172, , , , , C172
1660400142, , 33.6794, -118.2878, 2100, 250, 92, C172, , , , , C172
1660400145, , 33.679, -118.2892, 2100, 252, 92, C172, , , , , C172
1660400145, , 33.679, -118.2892, 2100, 252, 92, C172, , , , , C172
1660400148, , 33.6786, -118.2906, 2100, 255, 91, C172, , , , , C172
1660400151, , 33.6783, -118.2923, 2100, 257, 91, C172, , , , , C172
1660400151, , 33.6783, -118.2923, 2100, 257, 91, C172, , , , , C172
1660400157, , 33.6778, -118.2951, 2100, 257, 89, C172, , , , , C172
1660400157, , 33.6778, -118.2951, 2100, 257, 89, C172, , , , , C172
1660400160, , 33.6775, -118.2966, 2100, 257, 89, C172, , , , , C172
1660400160, , 33.6775, -118.2966, 2100, 257, 89, C172, , , , , C172
1660400163, , 33.6773, -118.2981, 2100, 258, 89, C172, , , , , C172
1660400169, , 33.6769, -118.301, 2100, 263, 91, C172, , , , , C172
1660400169, , 33.6769, -118.301, 2100, 263, 91, C172, , , , , C172
1660400172, , 33.6767, -118.3026, 2100, 265, 92, C172, , , , , C172
1660400172, , 33.6767, -118.3026, 2100, 265, 92, C172, , , , , C172
1660400175, , 33.6766, -118.3039, 2100, 264, 91, C172, , , , , C172
1660400175, , 33.6766, -118.3039, 2100, 264, 91, C172, , , , , C172
1660400181, , 33.6764, -118.307, 2100, 261, 88, C172, , , , , C172
1660400181, , 33.6764, -118.307, 2100, 261, 88, C172, , , , , C172
1660400184, , 33.6762, -118.3083, 2200, 261, 88, C172, , , , , C172
1660400187, , 33.6759, -118.31, 2200, 261, 90, C172, , , , , C172
1660400187, , 33.6759, -118.31, 2200, 261, 90, C172, , , , , C172
1660400193, , 33.6756, -118.3131, 2100, 263, 92, C172, , , , , C172
1660400193, , 33.6756, -118.3131, 2100, 263, 92, C172, , , , , C172
1660400196, , 33.6755, -118.3145, 2100, 265, 92, C172, , , , , C172
1660400196, , 33.6755, -118.3145, 2100, 265, 92, C172, , , , , C172
1660400199, , 33.6754, -118.316, 2100, 266, 92, C172, , , , , C172
1660400205, , 33.6753, -118.3191, 2200, 271, 91, C172, , , , , C172
1660400205, , 33.6753, -118.3191, 2200, 271, 91, C172, , , , , C172
1660400208, , 33.6754, -118.3206, 2200, 272, 91, C172, , , , , C172
1660400208, , 33.6754, -118.3206, 2200, 272, 91, C172, , , , , C172
1660400211, , 33.6754, -118.3221, 2200, 271, 91, C172, , , , , C172
1660400211, , 33.6754, -118.3221, 2200, 271, 91, C172, , , , , C172
1660400217, , 33.6754, -118.3251, 2200, 266, 91, C172, , , , , C172
1660400217, , 33.6754, -118.3251, 2200, 266, 91, C172, , , , , C172
1660400220, , 33.6753, -118.3268, 2200, 263, 91, C172, , , , , C172
1660400224, , 33.6752, -118.3281, 2200, 264, 91, C172, , , , , C172
1660400224, , 33.6752, -118.3281, 2200, 264, 91, C172, , , , , C172
1660400230, , 33.675, -118.3315, 2200, 266, 92, C172, , , , , C172
1660400230, , 33.675, -118.3315, 2200, 266, 92, C172, , , , , C172
1660400232, , 33.6749, -118.3327, 2200, 268, 92, C172, , , , , C172
1660400232, , 33.6749, -118.3327, 2200, 268, 92, C172, , , , , C172
1660400236, , 33.6749, -118.334, 2200, 268, 92, C172, , , , , C172
1660400242, , 33.6747, -118.3376, 2200, 267, 91, C172, , , , , C172
1660400242, , 33.6747, -118.3376, 2200, 267, 91, C172, , , , , C172
1660400245, , 33.6747, -118.3389, 2200, 266, 91, C172, , , , , C172
1660400245, , 33.6747, -118.3389, 2200, 266, 91, C172, , , , , C172
1660400247, , 33.6746, -118.3405, 2200, 264, 91, C172, , , , , C172
1660400247, , 33.6746, -118.3405, 2200, 264, 91, C172, , , , , C172
1660400254, , 33.6743, -118.3434, 2200, 261, 92, C172, , , , , C172
1660400257, , 33.6741, -118.345, 2200, 261, 92, C172, , , , , C172
1660400257, , 33.6741, -118.345, 2200, 261, 92, C172, , , , , C172
1660400260, , 33.6738, -118.3466, 2200, 261, 92, C172, , , , , C172
1660400260, , 33.6738, -118.3466, 2200, 261, 92, C172, , , , , C172
1660400265, , 33.6735, -118.3496, 2200, 262, 90, C172, , , , , C172
1660400265, , 33.6735, -118.3496, 2200, 262, 90, C172, , , , , C172
1660400269, , 33.6734, -118.351, 2200, 264, 90, C172, , , , , C172
1660400269, , 33.6734, -118.351, 2200, 264, 90, C172, , , , , C172
1660400272, , 33.6732, -118.3527, 2200, 265, 91, C172, , , , , C172
1660400278, , 33.6731, -118.3555, 2200, 267, 92, C172, , , , , C172
1660400278, , 33.6731, -118.3555, 2200, 267, 92, C172, , , , , C172
1660400281, , 33.673, -118.3572, 2200, 268, 92, C172, , , , , C172
1660400281, , 33.673, -118.3572, 2200, 268, 92, C172, , , , , C172
1660400283, , 33.673, -118.3587, 2200, 268, 92, C172, , , , , C172
1660400290, , 33.673, -118.3618, 2200, 271, 92, C172, , , , , C172
1660400290, , 33.673, -118.3618, 2200, 271, 92, C172, , , , , C172
1660400293, , 33.673, -118.3633, 2200, 272, 91, C172, , , , , C172
1660400293, , 33.673, -118.3633, 2200, 272, 91, C172, , , , , C172
1660400296, , 33.6731, -118.3648, 2200, 274, 91, C172, , , , , C172
1660400296, , 33.6731, -118.3648, 2200, 274, 91, C172, , , , , C172
1660400302, , 33.6734, -118.3679, 2200, 278, 92, C172, , , , , C172
1660400305, , 33.6737, -118.3694, 2200, 279, 91, C172, , , , , C172
1660400305, , 33.6737, -118.3694, 2200, 279, 91, C172, , , , , C172
1660400308, , 33.6738, -118.3707, 2200, 279, 91, C172, , , , , C172
1660400308, , 33.6738, -118.3707, 2200, 279, 91, C172, , , , , C172
1660400314, , 33.6742, -118.3739, 2200, 276, 90, C172, , , , , C172
1660400314, , 33.6742, -118.3739, 2200, 276, 90, C172, , , , , C172
1660400317, , 33.6743, -118.3755, 2200, 273, 91, C172, , , , , C172
1660400317, , 33.6743, -118.3755, 2200, 273, 91, C172, , , , , C172
1660400320, , 33.6743, -118.377, 2200, 270, 91, C172, , , , , C172
1660400326, , 33.6741, -118.38, 2200, 259, 91, C172, , , , , C172
1660400326, , 33.6741, -118.38, 2200, 259, 91, C172, , , , , C172
1660400329, , 33.6738, -118.3815, 2200, 256, 91, C172, , , , , C172
1660400329, , 33.6738, -118.3815, 2200, 256, 91, C172, , , , , C172
1660400331, , 33.6735, -118.3827, 2200, 252, 91, C172, , , , , C172
1660400331, , 33.6735, -118.3827, 2200, 252, 91, C172, , , , , C172
1660400338, , 33.6727, -118.3857, 2200, 252, 90, C172, , , , , C172
1660400341, , 33.6725, -118.3866, 2200, 253, 90, C172, , , , , C172
1660400341, , 33.6725, -118.3866, 2200, 253, 90, C172, , , , , C172
1660400344, , 33.672, -118.3887, 2200, 255, 90, C172, , , , , C172
1660400344, , 33.672, -118.3887, 2200, 255, 90, C172, , , , , C172
1660400350, , 33.6715, -118.3918, 2200, 259, 91, C172, , , , , C172
1660400350, , 33.6715, -118.3918, 2200, 259, 91, C172, , , , , C172
1660400353, , 33.6713, -118.393, 2200, 262, 91, C172, , , , , C172
1660400356, , 33.6711, -118.3948, 2200, 261, 91, C172, , , , , C172
1660400356, , 33.6711, -118.3948, 2200, 261, 91, C172, , , , , C172
1660400362, , 33.6707, -118.3979, 2200, 259, 91, C172, , , , , C172
1660400362, , 33.6707, -118.3979, 2200, 259, 91, C172, , , , , C172
1660400364, , 33.6706, -118.3983, 2200, 258, 91, C172, , , , , C172
1660400364, , 33.6706, -118.3983, 2200, 258, 91, C172, , , , , C172
1660400367, , 33.6703, -118.4005, 2300, 258, 90, C172, , , , , C172
1660400367, , 33.6703, -118.4005, 2300, 258, 90, C172, , , , , C172
1660400374, , 33.6697, -118.4034, 2300, 259, 90, C172, , , , , C172
1660400376, , 33.6695, -118.4049, 2300, 259, 90, C172, , , , , C172
1660400376, , 33.6695, -118.4049, 2300, 259, 90, C172, , , , , C172
1660400380, , 33.6693, -118.4067, 2300, 260, 90, C172, , , , , C172
1660400380, , 33.6693, -118.4067, 2300, 260, 90, C172, , , , , C172
1660400383, , 33.6691, -118.4081, 2300, 261, 91, C172, , , , , C172
1660400383, , 33.6691, -118.4081, 2300, 261, 91, C172, , , , , C172
1660400390, , 33.6687, -118.4114, 2300, 263, 90, C172, , , , , C172
1660400392, , 33.6686, -118.4129, 2300, 263, 91, C172, , , , , C172
1660400392, , 33.6686, -118.4129, 2300, 263, 91, C172, , , , , C172
1660400396, , 33.6684, -118.4146, 2300, 264, 91, C172, , , , , C172
1660400401, , 33.6682, -118.4175, 2300, 264, 91, C172, , , , , C172
1660400401, , 33.6682, -118.4175, 2300, 264, 91, C172, , , , , C172
1660400405, , 33.6681, -118.4192, 2300, 264, 91, C172, , , , , C172
1660400405, , 33.6681, -118.4192, 2300, 264, 91, C172, , , , , C172
1660400408, , 33.668, -118.4201, 2300, 263, 91, C172, , , , , C172
1660400408, , 33.668, -118.4201, 2300, 263, 91, C172, , , , , C172
1660400413, , 33.6676, -118.4235, 2300, 262, 91, C172, , , , , C172
1660400417, , 33.6675, -118.4252, 2300, 261, 92, C172, , , , , C172
1660400417, , 33.6675, -118.4252, 2300, 261, 92, C172, , , , , C172
1660400419, , 33.6672, -118.4267, 2300, 260, 92, C172, , , , , C172
1660400419, , 33.6672, -118.4267, 2300, 260, 92, C172, , , , , C172
1660400426, , 33.6668, -118.4293, 2300, 256, 91, C172, , , , , C172
1660400426, , 33.6668, -118.4293, 2300, 256, 91, C172, , , , , C172
1660400429, , 33.6664, -118.4312, 2300, 254, 92, C172, , , , , C172
1660400432, , 33.666, -118.4327, 2300, 254, 91, C172, , , , , C172
1660400432, , 33.666, -118.4327, 2300, 254, 91, C172, , , , , C172
1660400438, , 33.6653, -118.4357, 2300, 252, 92, C172, , , , , C172
1660400438, , 33.6653, -118.4357, 2300, 252, 92, C172, , , , , C172
1660400441, , 33.6649, -118.437, 2300, 252, 92, C172, , , , , C172
1660400441, , 33.6649, -118.437, 2300, 252, 92, C172, , , , , C172
1660400444, , 33.6646, -118.4384, 2300, 252, 91, C172, , , , , C172
1660400450, , 33.6638, -118.4414, 2300, 253, 91, C172, , , , , C172
1660400450, , 33.6638, -118.4414, 2300, 253, 91, C172, , , , , C172
1660400453, , 33.6635, -118.4429, 2300, 254, 91, C172, , , , , C172
1660400453, , 33.6635, -118.4429, 2300, 254, 91, C172, , , , , C172
1660400456, , 33.6631, -118.4445, 2300, 255, 91, C172, , , , , C172
1660400456, , 33.6631, -118.4445, 2300, 255, 91, C172, , , , , C172
1660400462, , 33.6626, -118.4469, 2300, 256, 91, C172, , , , , C172
1660400462, , 33.6626, -118.4469, 2300, 256, 91, C172, , , , , C172
1660400465, , 33.6623, -118.4487, 2300, 253, 90, C172, , , , , C172
1660400468, , 33.6618, -118.4501, 2300, 247, 89, C172, , , , , C172
1660400468, , 33.6618, -118.4501, 2300, 247, 89, C172, , , , , C172
1660400474, , 33.6605, -118.4529, 2300, 228, 90, C172, , , , , C172
1660400474, , 33.6605, -118.4529, 2300, 228, 90, C172, , , , , C172
1660400477, , 33.6599, -118.4535, 2300, 219, 91, C172, , , , , C172
1660400477, , 33.6599, -118.4535, 2300, 219, 91, C172, , , , , C172
1660400479, , 33.6591, -118.4543, 2300, 209, 93, C172, , , , , C172
1660400486, , 33.6562, -118.4555, 2300, 188, 92, C172, , , , , C172
1660400486, , 33.6562, -118.4555, 2300, 188, 92, C172, , , , , C172
1660400489, , 33.6548, -118.4556, 2300, 181, 92, C172, , , , , C172
1660400489, , 33.6548, -118.4556, 2300, 181, 92, C172, , , , , C172
1660400492, , 33.6535, -118.4553, 2300, 164, 88, C172, , , , , C172
1660400492, , 33.6535, -118.4553, 2300, 164, 88, C172, , , , , C172
1660400498, , 33.6514, -118.4541, 2300, 144, 85, C172, , , , , C172
1660400499, , 33.6509, -118.4536, 2300, 144, 85, C172, , , , , C172
1660400499, , 33.6509, -118.4536, 2300, 144, 85, C172, , , , , C172
1660400506, , 33.6494, -118.4512, 2300, 119, 87, C172, , , , , C172
1660400506, , 33.6494, -118.4512, 2300, 119, 87, C172, , , , , C172
1660400509, , 33.6491, -118.45, 2300, 107, 87, C172, , , , , C172
1660400509, , 33.6491, -118.45, 2300, 107, 87, C172, , , , , C172
1660400512, , 33.6488, -118.4485, 2300, 98, 86, C172, , , , , C172
1660400512, , 33.6488, -118.4485, 2300, 98, 86, C172, , , , , C172
1660400517, , 33.6487, -118.4463, 2300, 90, 85, C172, , , , , C172
1660400522, , 33.6487, -118.4439, 2300, 86, 83, C172, , , , , C172
1660400522, , 33.6487, -118.4439, 2300, 86, 83, C172, , , , , C172
1660400524, , 33.6488, -118.443, 2300, 85, 82, C172, , , , , C172
1660400524, , 33.6488, -118.443, 2300, 85, 82, C172, , , , , C172
1660400527, , 33.6489, -118.4411, 2300, 80, 83, C172, , , , , C172
1660400527, , 33.6489, -118.4411, 2300, 80, 83, C172, , , , , C172
1660400533, , 33.6494, -118.4386, 2300, 74, 83, C172, , , , , C172
1660400537, , 33.6498, -118.4373, 2300, 71, 84, C172, , , , , C172
1660400537, , 33.6498, -118.4373, 2300, 71, 84, C172, , , , , C172
1660400540, , 33.6502, -118.436, 2300, 67, 84, C172, , , , , C172
1660400540, , 33.6502, -118.436, 2300, 67, 84, C172, , , , , C172
1660400546, , 33.6511, -118.4336, 2300, 64, 84, C172, , , , , C172
1660400546, , 33.6511, -118.4336, 2300, 64, 84, C172, , , , , C172
1660400548, , 33.6518, -118.432, 2300, 61, 84, C172, , , , , C172
1660400548, , 33.6518, -118.432, 2300, 61, 84, C172, , , , , C172
1660400552, , 33.6523, -118.4308, 2300, 61, 84, C172, , , , , C172
1660400557, , 33.6536, -118.4283, 2300, 59, 84, C172, , , , , C172
1660400557, , 33.6536, -118.4283, 2300, 59, 84, C172, , , , , C172
1660400561, , 33.6542, -118.4271, 2300, 58, 85, C172, , , , , C172
1660400561, , 33.6542, -118.4271, 2300, 58, 85, C172, , , , , C172
1660400563, , 33.6545, -118.4265, 2300, 58, 85, C172, , , , , C172
1660400563, , 33.6545, -118.4265, 2300, 58, 85, C172, , , , , C172
1660400570, , 33.656, -118.4234, 2300, 58, 85, C172, , , , , C172
1660400573, , 33.6566, -118.4223, 2300, 59, 85, C172, , , , , C172
1660400573, , 33.6566, -118.4223, 2300, 59, 85, C172, , , , , C172
1660400576, , 33.6572, -118.4211, 2300, 59, 85, C172, , , , , C172
1660400576, , 33.6572, -118.4211, 2300, 59, 85, C172, , , , , C172
1660400582, , 33.6584, -118.4185, 2300, 59, 85, C172, , , , , C172
1660400582, , 33.6584, -118.4185, 2300, 59, 85, C172, , , , , C172
1660400585, , 33.659, -118.4174, 2300, 60, 85, C172, , , , , C172
1660400585, , 33.659, -118.4174, 2300, 60, 85, C172, , , , , C172
1660400588, , 33.6596, -118.416, 2300, 61, 85, C172, , , , , C172
1660400593, , 33.6606, -118.4137, 2300, 61, 83, C172, , , , , C172
1660400593, , 33.6606, -118.4137, 2300, 61, 83, C172, , , , , C172
1660400597, , 33.6613, -118.4123, 2300, 59, 83, C172, , , , , C172
1660400597, , 33.6613, -118.4123, 2300, 59, 83, C172, , , , , C172
1660400600, , 33.6619, -118.4111, 2400, 57, 82, C172, , , , , C172
1660400600, , 33.6619, -118.4111, 2400, 57, 82, C172, , , , , C172
1660400606, , 33.6632, -118.4089, 2300, 55, 84, C172, , , , , C172
1660400609, , 33.6638, -118.4077, 2300, 54, 85, C172, , , , , C172
1660400609, , 33.6638, -118.4077, 2300, 54, 85, C172, , , , , C172
1660400612, , 33.6646, -118.4065, 2300, 54, 85, C172, , , , , C172
1660400612, , 33.6646, -118.4065, 2300, 54, 85, C172, , , , , C172
1660400618, , 33.666, -118.4043, 2300, 55, 84, C172, , , , , C172
1660400618, , 33.666, -118.4043, 2300, 55, 84, C172, , , , , C172
1660400620, , 33.6665, -118.4033, 2300, 60, 85, C172, , , , , C172
1660400624, , 33.6671, -118.4018, 2300, 66, 85, C172, , , , , C172
1660400624, , 33.6671, -118.4018, 2300, 66, 85, C172, , , , , C172
1660400630, , 33.6679, -118.399, 2400, 71, 83, C172, , , , , C172
1660400630, , 33.6679, -118.399, 2400, 71, 83, C172, , , , , C172
1660400633, , 33.6683, -118.3977, 2400, 73, 82, C172, , , , , C172
1660400633, , 33.6683, -118.3977, 2400, 73, 82, C172, , , , , C172
1660400636, , 33.6686, -118.3966, 2400, 73, 83, C172, , , , , C172
1660400636, , 33.6686, -118.3966, 2400, 73, 83, C172, , , , , C172
1660400642, , 33.6692, -118.3937, 2400, 76, 83, C172, , , , , C172
1660400645, , 33.6694, -118.3926, 2400, 77, 83, C172, , , , , C172
1660400645, , 33.6694, -118.3926, 2400, 77, 83, C172, , , , , C172
1660400648, , 33.6697, -118.391, 2400, 79, 84, C172, , , , , C172
1660400648, , 33.6697, -118.391, 2400, 79, 84, C172, , , , , C172
1660400654, , 33.6701, -118.3883, 2400, 81, 82, C172, , , , , C172
1660400654, , 33.6701, -118.3883, 2400, 81, 82, C172, , , , , C172
1660400657, , 33.6702, -118.387, 2400, 83, 82, C172, , , , , C172
1660400660, , 33.6703, -118.3856, 2400, 83, 82, C172, , , , , C172
1660400660, , 33.6703, -118.3856, 2400, 83, 82, C172, , , , , C172
1660400666, , 33.6707, -118.3828, 2400, 80, 83, C172, , , , , C172
1660400666, , 33.6707, -118.3828, 2400, 80, 83, C172, , , , , C172
1660400669, , 33.6709, -118.3816, 2400, 77, 84, C172, , , , , C172
1660400669, , 33.6709, -118.3816, 2400, 77, 84, C172, , , , , C172
1660400672, , 33.6712, -118.3801, 2400, 76, 84, C172, , , , , C172
1660400672, , 33.6712, -118.3801, 2400, 76, 84, C172, , , , , C172
1660400678, , 33.6718, -118.3774, 2400, 74, 83, C172, , , , , C172
1660400681, , 33.6721, -118.3761, 2400, 73, 83, C172, , , , , C172
1660400681, , 33.6721, -118.3761, 2400, 73, 83, C172, , , , , C172
1660400684, , 33.6724, -118.3748, 2400, 72, 82, C172, , , , , C172
1660400684, , 33.6724, -118.3748, 2400, 72, 82, C172, , , , , C172
1660400689, , 33.6731, -118.3723, 2400, 70, 83, C172, , , , , C172
1660400689, , 33.6731, -118.3723, 2400, 70, 83, C172, , , , , C172
1660400692, , 33.6732, -118.3721, 2400, 69, 84, C172, , , , , C172
1660400694, , 33.6737, -118.3703, 2400, 68, 83, C172, , , , , C172
1660400694, , 33.6737, -118.3703, 2400, 68, 83, C172, , , , , C172
1660400702, , 33.6748, -118.3672, 2400, 66, 82, C172, , , , , C172
1660400702, , 33.6748, -118.3672, 2400, 66, 82, C172, , , , , C172
1660400705, , 33.6753, -118.3659, 2400, 65, 82, C172, , , , , C172
1660400705, , 33.6753, -118.3659, 2400, 65, 82, C172, , , , , C172
1660400708, , 33.6757, -118.3648, 2400, 65, 82, C172, , , , , C172
1660400708, , 33.6757, -118.3648, 2400, 65, 82, C172, , , , , C172
1660400714, , 33.6768, -118.3619, 2400, 67, 84, C172, , , , , C172
1660400717, , 33.6771, -118.3607, 2400, 68, 84, C172, , , , , C172
1660400717, , 33.6771, -118.3607, 2400, 68, 84, C172, , , , , C172
1660400720, , 33.6776, -118.3594, 2400, 70, 85, C172, , , , , C172
1660400720, , 33.6776, -118.3594, 2400, 70, 85, C172, , , , , C172
1660400726, , 33.6783, -118.3566, 2400, 76, 84, C172, , , , , C172
1660400726, , 33.6783, -118.3566, 2400, 76, 84, C172, , , , , C172
1660400728, , 33.6784, -118.3562, 2400, 74, 85, C172, , , , , C172
1660400732, , 33.6785, -118.3542, 2400, 88, 84, C172, , , , , C172
1660400732, , 33.6785, -118.3542, 2400, 88, 84, C172, , , , , C172
1660400736, , 33.6785, -118.352, 2400, 93, 84, C172, , , , , C172
1660400736, , 33.6785, -118.352, 2400, 93, 84, C172, , , , , C172
1660400742, , 33.6784, -118.3501, 2400, 96, 83, C172, , , , , C172
1660400742, , 33.6784, -118.3501, 2400, 96, 83, C172, , , , , C172
1660400744, , 33.6782, -118.3481, 2400, 96, 82, C172, , , , , C172
1660400744, , 33.6782, -118.3481, 2400, 96, 82, C172, , , , , C172
1660400747, , 33.678, -118.3467, 2400, 96, 82, C172, , , , , C172
1660400752, , 33.6778, -118.3445, 2400, 94, 82, C172, , , , , C172
1660400752, , 33.6778, -118.3445, 2400, 94, 82, C172, , , , , C172
1660400756, , 33.6778, -118.3429, 2400, 93, 83, C172, , , , , C172
1660400756, , 33.6778, -118.3429, 2400, 93, 83, C172, , , , , C172
1660400762, , 33.6777, -118.3411, 2400, 90, 84, C172, , , , , C172
1660400762, , 33.6777, -118.3411, 2400, 90, 84, C172, , , , , C172
1660400765, , 33.6777, -118.3387, 2400, 89, 85, C172, , , , , C172
1660400768, , 33.6777, -118.3372, 2400, 88, 85, C172, , , , , C172
1660400768, , 33.6777, -118.3372, 2400, 88, 85, C172, , , , , C172
1660400774, , 33.6778, -118.3347, 2400, 87, 83, C172, , , , , C172
1660400774, , 33.6778, -118.3347, 2400, 87, 83, C172, , , , , C172
1660400777, , 33.6779, -118.3332, 2400, 87, 83, C172, , , , , C172
1660400777, , 33.6779, -118.3332, 2400, 87, 83, C172, , , , , C172
1660400780, , 33.6779, -118.3317, 2400, 87, 83, C172, , , , , C172
1660400780, , 33.6779, -118.3317, 2400, 87, 83, C172, , , , , C172
1660400786, , 33.678, -118.3289, 2400, 88, 84, C172, , , , , C172
1660400788, , 33.678, -118.3277, 2400, 89, 84, C172, , , , , C172
1660400788, , 33.678, -118.3277, 2400, 89, 84, C172, , , , , C172
1660400792, , 33.678, -118.3261, 2400, 90, 85, C172, , , , , C172
1660400792, , 33.678, -118.3261, 2400, 90, 85, C172, , , , , C172
1660400794, , 33.678, -118.3251, 2400, 90, 85, C172, , , , , C172
1660400794, , 33.678, -118.3251, 2400, 90, 85, C172, , , , , C172
1660400802, , 33.6783, -118.3217, 2500, 77, 82, C172, , , , , C172
1660400804, , 33.6786, -118.3204, 2500, 69, 83, C172, , , , , C172
1660400804, , 33.6786, -118.3204, 2500, 69, 83, C172, , , , , C172
1660400807, , 33.679, -118.3192, 2400, 63, 84, C172, , , , , C172
1660400807, , 33.679, -118.3192, 2400, 63, 84, C172, , , , , C172
1660400813, , 33.6805, -118.3167, 2400, 52, 87, C172, , , , , C172
1660400813, , 33.6805, -118.3167, 2400, 52, 87, C172, , , , , C172
1660400817, , 33.6812, -118.3155, 2400, 51, 87, C172, , , , , C172
1660400817, , 33.6812, -118.3155, 2400, 51, 87, C172, , , , , C172
1660400820, , 33.6819, -118.3144, 2400, 51, 87, C172, , , , , C172
1660400825, , 33.6835, -118.3122, 2400, 49, 85, C172, , , , , C172
1660400825, , 33.6835, -118.3122, 2400, 49, 85, C172, , , , , C172
1660400829, , 33.6844, -118.311, 2400, 49, 85, C172, , , , , C172
1660400829, , 33.6844, -118.311, 2400, 49, 85, C172, , , , , C172
1660400831, , 33.6851, -118.3101, 2400, 48, 85, C172, , , , , C172
1660400831, , 33.6851, -118.3101, 2400, 48, 85, C172, , , , , C172
1660400837, , 33.6866, -118.3078, 2400, 48, 86, C172, , , , , C172
1660400840, , 33.6875, -118.3067, 2400, 48, 86, C172, , , , , C172
1660400840, , 33.6875, -118.3067, 2400, 48, 86, C172, , , , , C172
1660400843, , 33.6882, -118.3058, 2400, 48, 86, C172, , , , , C172
1660400843, , 33.6882, -118.3058, 2400, 48, 86, C172, , , , , C172
1660400850, , 33.6898, -118.3035, 2400, 51, 86, C172, , , , , C172
1660400850, , 33.6898, -118.3035, 2400, 51, 86, C172, , , , , C172
1660400852, , 33.6906, -118.3023, 2400, 52, 86, C172, , , , , C172
1660400856, , 33.6913, -118.3012, 2500, 51, 86, C172, , , , , C172
1660400856, , 33.6913, -118.3012, 2500, 51, 86, C172, , , , , C172
1660400862, , 33.6926, -118.2992, 2500, 50, 85, C172, , , , , C172
1660400862, , 33.6926, -118.2992, 2500, 50, 85, C172, , , , , C172
1660400864, , 33.6934, -118.2981, 2500, 49, 85, C172, , , , , C172
1660400864, , 33.6934, -118.2981, 2500, 49, 85, C172, , , , , C172
1660400868, , 33.6943, -118.2968, 2500, 49, 85, C172, , , , , C172
1660400868, , 33.6943, -118.2968, 2500, 49, 85, C172, , , , , C172
1660400874, , 33.6958, -118.2947, 2500, 49, 85, C172, , , , , C172
1660400877, , 33.6967, -118.2936, 2500, 49, 85, C172, , , , , C172
1660400877, , 33.6967, -118.2936, 2500, 49, 85, C172, , , , , C172
1660400880, , 33.6974, -118.2925, 2500, 49, 86, C172, , , , , C172
1660400880, , 33.6974, -118.2925, 2500, 49, 86, C172, , , , , C172
1660400885, , 33.699, -118.2902, 2500, 50, 85, C172, , , , , C172
1660400885, , 33.699, -118.2902, 2500, 50, 85, C172, , , , , C172
1660400889, , 33.6998, -118.2891, 2500, 51, 85, C172, , , , , C172
1660400892, , 33.7005, -118.288, 2500, 51, 85, C172, , , , , C172
1660400892, , 33.7005, -118.288, 2500, 51, 85, C172, , , , , C172
1660400898, , 33.702, -118.2858, 2500, 52, 85, C172, , , , , C172
1660400898, , 33.702, -118.2858, 2500, 52, 85, C172, , , , , C172
1660400901, , 33.7026, -118.2848, 2500, 52, 86, C172, , , , , C172
1660400901, , 33.7026, -118.2848, 2500, 52, 86, C172, , , , , C172
1660400904, , 33.7034, -118.2835, 2500, 52, 86, C172, , , , , C172
1660400910, , 33.7048, -118.2812, 2500, 55, 86, C172, , , , , C172
1660400910, , 33.7048, -118.2812, 2500, 55, 86, C172, , , , , C172
1660400913, , 33.7055, -118.28, 2500, 56, 86, C172, , , , , C172
1660400913, , 33.7055, -118.28, 2500, 56, 86, C172, , , , , C172
1660400916, , 33.7061, -118.2789, 2500, 56, 85, C172, , , , , C172
1660400916, , 33.7061, -118.2789, 2500, 56, 85, C172, , , , , C172
1660400922, , 33.7075, -118.2764, 2500, 56, 86, C172, , , , , C172
1660400922, , 33.7075, -118.2764, 2500, 56, 86, C172, , , , , C172
1660400925, , 33.7081, -118.2753, 2500, 55, 87, C172, , , , , C172
1660400928, , 33.7088, -118.274, 2500, 56, 87, C172, , , , , C172
1660400928, , 33.7088, -118.274, 2500, 56, 87, C172, , , , , C172
1660400934, , 33.7101, -118.2715, 2500, 60, 88, C172, , , , , C172
1660400934, , 33.7101, -118.2715, 2500, 60, 88, C172, , , , , C172
1660400937, , 33.7106, -118.2705, 2500, 60, 88, C172, , , , , C172
1660400937, , 33.7106, -118.2705, 2500, 60, 88, C172, , , , , C172
1660400940, , 33.7113, -118.269, 2500, 61, 88, C172, , , , , C172
1660400946, , 33.7124, -118.2663, 2500, 64, 87, C172, , , , , C172
1660400946, , 33.7124, -118.2663, 2500, 64, 87, C172, , , , , C172
1660400949, , 33.7129, -118.2649, 2500, 66, 86, C172, , , , , C172
1660400949, , 33.7129, -118.2649, 2500, 66, 86, C172, , , , , C172
1660400952, , 33.7134, -118.2635, 2500, 70, 86, C172, , , , , C172
1660400952, , 33.7134, -118.2635, 2500, 70, 86, C172, , , , , C172
1660400958, , 33.7138, -118.2609, 2500, 87, 86, C172, , , , , C172
1660400958, , 33.7138, -118.2609, 2500, 87, 86, C172, , , , , C172
1660400961, , 33.7138, -118.2594, 2500, 98, 86, C172, , , , , C172
1660400964, , 33.7135, -118.258, 2400, 111, 88, C172, , , , , C172
1660400964, , 33.7135, -118.258, 2400, 111, 88, C172, , , , , C172
1660400970, , 33.7122, -118.2554, 2400, 129, 88, C172, , , , , C172
1660400970, , 33.7122, -118.2554, 2400, 129, 88, C172, , , , , C172
1660400973, , 33.7114, -118.2544, 2500, 136, 85, C172, , , , , C172
1660400973, , 33.7114, -118.2544, 2500, 136, 85, C172, , , , , C172
1660400976, , 33.7105, -118.2535, 2500, 141, 81, C172, , , , , C172
1660400982, , 33.7087, -118.2518, 2500, 143, 78, C172, , , , , C172
1660400982, , 33.7087, -118.2518, 2500, 143, 78, C172, , , , , C172
1660400985, , 33.7078, -118.2511, 2500, 142, 79, C172, , , , , C172
1660400985, , 33.7078, -118.2511, 2500, 142, 79, C172, , , , , C172
1660400988, , 33.707, -118.2502, 2500, 141, 81, C172, , , , , C172
1660400988, , 33.707, -118.2502, 2500, 141, 81, C172, , , , , C172
1660400994, , 33.7052, -118.2483, 2500, 138, 85, C172, , , , , C172
1660400994, , 33.7052, -118.2483, 2500, 138, 85, C172, , , , , C172
1660400994, , 33.7052, -118.2483, 2500, 138, 85, C172, , , , , C172
1660401002, , 33.7028, -118.2458, 2500, 139, 82, C172, , , , , C172
1660401002, , 33.7028, -118.2458, 2500, 139, 82, C172, , , , , C172
1660401002, , 33.7028, -118.2458, 2500, 139, 82, C172, , , , , C172
1660401007, , 33.7015, -118.2446, 2500, 139, 80, C172, , , , , C172
1660401007, , 33.7015, -118.2446, 2500, 139, 80, C172, , , , , C172
1660401011, , 33.7001, -118.2432, 2500, 139, 80, C172, , , , , C172
1660401011, , 33.7001, -118.2432, 2500, 139, 80, C172, , , , , C172
1660401017, , 33.6985, -118.2413, 2500, 136, 85, C172, , , , , C172
1660401017, , 33.6985, -118.2413, 2500, 136, 85, C172, , , , , C172
1660401020, , 33.6976, -118.2402, 2500, 135, 86, C172, , , , , C172
1660401023, , 33.6967, -118.2392, 2500, 133, 84, C172, , , , , C172
1660401023, , 33.6967, -118.2392, 2500, 133, 84, C172, , , , , C172
1660401029, , 33.6952, -118.2372, 2500, 130, 81, C172, , , , , C172
1660401029, , 33.6952, -118.2372, 2500, 130, 81, C172, , , , , C172
1660401032, , 33.6946, -118.2363, 2500, 129, 81, C172, , , , , C172
1660401032, , 33.6946, -118.2363, 2500, 129, 81, C172, , , , , C172
1660401035, , 33.6938, -118.235, 2500, 127, 82, C172, , , , , C172
1660401035, , 33.6938, -118.235, 2500, 127, 82, C172, , , , , C172
1660401041, , 33.6923, -118.2328, 2500, 125, 83, C172, , , , , C172
1660401044, , 33.6916, -118.2317, 2500, 125, 83, C172, , , , , C172
1660401044, , 33.6916, -118.2317, 2500, 125, 83, C172, , , , , C172
1660401047, , 33.6909, -118.2305, 2500, 127, 84, C172, , , , , C172
1660401047, , 33.6909, -118.2305, 2500, 127, 84, C172, , , , , C172
1660401053, , 33.6895, -118.2284, 2500, 132, 83, C172, , , , , C172
1660401053, , 33.6895, -118.2284, 2500, 132, 83, C172, , , , , C172
1660401056, , 33.6887, -118.2274, 2500, 135, 82, C172, , , , , C172
1660401059, , 33.6878, -118.2264, 2500, 138, 83, C172, , , , , C172
1660401059, , 33.6878, -118.2264, 2500, 138, 83, C172, , , , , C172
1660401065, , 33.686, -118.2248, 2500, 147, 85, C172, , , , , C172
1660401065, , 33.686, -118.2248, 2500, 147, 85, C172, , , , , C172
1660401068, , 33.6849, -118.224, 2500, 148, 85, C172, , , , , C172
1660401068, , 33.6849, -118.224, 2500, 148, 85, C172, , , , , C172
1660401071, , 33.6839, -118.2233, 2500, 147, 83, C172, , , , , C172
1660401071, , 33.6839, -118.2233, 2500, 147, 83, C172, , , , , C172
1660401078, , 33.682, -118.2216, 2500, 141, 80, C172, , , , , C172
1660401081, , 33.6814, -118.221, 2500, 141, 81, C172, , , , , C172
1660401081, , 33.6814, -118.221, 2500, 141, 81, C172, , , , , C172
1660401083, , 33.6803, -118.22, 2500, 140, 82, C172, , , , , C172
1660401083, , 33.6803, -118.22, 2500, 140, 82, C172, , , , , C172
1660401089, , 33.6785, -118.2182, 2500, 140, 83, C172, , , , , C172
1660401089, , 33.6785, -118.2182, 2500, 140, 83, C172, , , , , C172
1660401092, , 33.6776, -118.2173, 2500, 141, 84, C172, , , , , C172
1660401096, , 33.6766, -118.2165, 2500, 142, 84, C172, , , , , C172
1660401096, , 33.6766, -118.2165, 2500, 142, 84, C172, , , , , C172
1660401102, , 33.6748, -118.2148, 2500, 144, 82, C172, , , , , C172
1660401102, , 33.6748, -118.2148, 2500, 144, 82, C172, , , , , C172
1660401105, , 33.6738, -118.214, 2500, 145, 82, C172, , , , , C172
1660401105, , 33.6738, -118.214, 2500, 145, 82, C172, , , , , C172
1660401108, , 33.673, -118.2133, 2500, 146, 82, C172, , , , , C172
1660401108, , 33.673, -118.2133, 2500, 146, 82, C172, , , , , C172
1660401114, , 33.6709, -118.2118, 2500, 148, 83, C172, , , , , C172
1660401117, , 33.6699, -118.211, 2500, 148, 84, C172, , , , , C172
1660401117, , 33.6699, -118.211, 2500, 148, 84, C172, , , , , C172
1660401120, , 33.6689, -118.2103, 2500, 148, 84, C172, , , , , C172
1660401120, , 33.6689, -118.2103, 2500, 148, 84, C172, , , , , C172
1660401125, , 33.6671, -118.209, 2500, 149, 83, C172, , , , , C172
1660401125, , 33.6671, -118.209, 2500, 149, 83, C172, , , , , C172
1660401129, , 33.6659, -118.2082, 2500, 149, 83, C172, , , , , C172
1660401132, , 33.6649, -118.2075, 2500, 149, 83, C172, , , , , C172
1660401132, , 33.6649, -118.2075, 2500, 149, 83, C172, , , , , C172
1660401137, , 33.6629, -118.206, 2500, 145, 83, C172, , , , , C172
1660401137, , 33.6629, -118.206, 2500, 145, 83, C172, , , , , C172
1660401141, , 33.662, -118.2052, 2500, 143, 83, C172, , , , , C172
1660401141, , 33.662, -118.2052, 2500, 143, 83, C172, , , , , C172
1660401144, , 33.6612, -118.2044, 2500, 140, 83, C172, , , , , C172
1660401144, , 33.6612, -118.2044, 2500, 140, 83, C172, , , , , C172
1660401149, , 33.6595, -118.2027, 2500, 136, 84, C172, , , , , C172
1660401153, , 33.6585, -118.2014, 2500, 133, 83, C172, , , , , C172
1660401153, , 33.6585, -118.2014, 2500, 133, 83, C172, , , , , C172
1660401158, , 33.6573, -118.1998, 2500, 128, 82, C172, , , , , C172
1660401158, , 33.6573, -118.1998, 2500, 128, 82, C172, , , , , C172
1660401161, , 33.6567, -118.1989, 2600, 125, 82, C172, , , , , C172
1660401161, , 33.6567, -118.1989, 2600, 125, 82, C172, , , , , C172
1660401164, , 33.656, -118.1975, 2600, 123, 82, C172, , , , , C172
1660401170, , 33.655, -118.1955, 2600, 118, 84, C172, , , , , C172
1660401170, , 33.655, -118.1955, 2600, 118, 84, C172, , , , , C172
1660401172, , 33.6543, -118.1941, 2500, 119, 83, C172, , , , , C172
1660401172, , 33.6543, -118.1941, 2500, 119, 83, C172, , , , , C172
1660401176, , 33.6536, -118.1926, 2500, 122, 84, C172, , , , , C172
1660401176, , 33.6536, -118.1926, 2500, 122, 84, C172, , , , , C172
1660401182, , 33.6523, -118.1904, 2600, 128, 84, C172, , , , , C172
1660401182, , 33.6523, -118.1904, 2600, 128, 84, C172, , , , , C172
1660401185, , 33.6515, -118.1893, 2600, 132, 84, C172, , , , , C172
1660401189, , 33.6503, -118.188, 2600, 137, 83, C172, , , , , C172
1660401189, , 33.6503, -118.188, 2600, 137, 83, C172, , , , , C172
1660401191, , 33.6496, -118.1873, 2600, 141, 83, C172, , , , , C172
1660401191, , 33.6496, -118.1873, 2600, 141, 83, C172, , , , , C172
1660401198, , 33.6475, -118.1855, 2600, 148, 83, C172, , , , , C172
1660401198, , 33.6475, -118.1855, 2600, 148, 83, C172, , , , , C172
1660401201, , 33.6465, -118.1849, 2600, 151, 83, C172, , , , , C172
1660401204, , 33.6455, -118.1842, 2600, 154, 84, C172, , , , , C172
1660401204, , 33.6455, -118.1842, 2600, 154, 84, C172, , , , , C172
1660401210, , 33.6433, -118.1831, 2600, 159, 83, C172, , , , , C172
1660401210, , 33.6433, -118.1831, 2600, 159, 83, C172, , , , , C172
1660401213, , 33.6426, -118.1828, 2600, 160, 82, C172, , , , , C172
1660401213, , 33.6426, -118.1828, 2600, 160, 82, C172, , , , , C172
1660401216, , 33.6411, -118.1822, 2600, 164, 82, C172, , , , , C172
1660401216, , 33.6411, -118.1822, 2600, 164, 82, C172, , , , , C172
1660401222, , 33.6388, -118.1818, 2600, 180, 85, C172, , , , , C172
1660401225, , 33.6377, -118.1819, 2600, 187, 86, C172, , , , , C172
1660401225, , 33.6377, -118.1819, 2600, 187, 86, C172, , , , , C172
1660401228, , 33.6365, -118.1824, 2500, 203, 91, C172, , , , , C172
1660401228, , 33.6365, -118.1824, 2500, 203, 91, C172, , , , , C172
1660401234, , 33.6351, -118.1834, 2500, 230, 97, C172, , , , , C172
1660401234, , 33.6351, -118.1834, 2500, 230, 97, C172, , , , , C172
1660401237, , 33.6339, -118.1851, 2500, 241, 98, C172, , , , , C172
1660401240, , 33.6333, -118.1869, 2500, 245, 100, C172, , , , , C172
1660401240, , 33.6333, -118.1869, 2500, 245, 100, C172, , , , , C172
1660401244, , 33.633, -118.1891, 2500, 264, 91, C172, , , , , C172
1660401244, , 33.633, -118.1891, 2500, 264, 91, C172, , , , , C172
1660401247, , 33.6328, -118.1911, 2600, 266, 86, C172, , , , , C172
1660401247, , 33.6328, -118.1911, 2600, 266, 86, C172, , , , , C172
1660401253, , 33.6326, -118.1938, 2600, 264, 86, C172, , , , , C172
1660401253, , 33.6326, -118.1938, 2600, 264, 86, C172, , , , , C172
1660401256, , 33.6325, -118.1954, 2600, 261, 90, C172, , , , , C172
1660401260, , 33.6322, -118.1973, 2600, 260, 93, C172, , , , , C172
1660401260, , 33.6322, -118.1973, 2600, 260, 93, C172, , , , , C172
1660401262, , 33.632, -118.1985, 2500, 260, 93, C172, , , , , C172
1660401262, , 33.632, -118.1985, 2500, 260, 93, C172, , , , , C172
1660401270, , 33.6314, -118.2021, 2600, 258, 92, C172, , , , , C172
1660401270, , 33.6314, -118.2021, 2600, 258, 92, C172, , , , , C172
1660401273, , 33.6313, -118.2031, 2600, 259, 90, C172, , , , , C172
1660401276, , 33.631, -118.2052, 2600, 259, 90, C172, , , , , C172
1660401276, , 33.631, -118.2052, 2600, 259, 90, C172, , , , , C172
1660401281, , 33.6306, -118.2076, 2600, 261, 92, C172, , , , , C172
1660401281, , 33.6306, -118.2076, 2600, 261, 92, C172, , , , , C172
1660401285, , 33.6304, -118.2097, 2600, 261, 93, C172, , , , , C172
1660401285, , 33.6304, -118.2097, 2600, 261, 93, C172, , , , , C172
1660401288, , 33.6302, -118.2108, 2600, 261, 92, C172, , , , , C172
1660401288, , 33.6302, -118.2108, 2600, 261, 92, C172, , , , , C172
1660401291, , 33.63, -118.2125, 2600, 261, 92, C172, , , , , C172
1660401294, , 33.6298, -118.2145, 2600, 261, 91, C172, , , , , C172
1660401294, , 33.6298, -118.2145, 2600, 261, 91, C172, , , , , C172
1660401301, , 33.6294, -118.2179, 2600, 261, 92, C172, , , , , C172
1660401301, , 33.6294, -118.2179, 2600, 261, 92, C172, , , , , C172
1660401304, , 33.6292, -118.2195, 2600, 260, 92, C172, , , , , C172
1660401304, , 33.6292, -118.2195, 2600, 260, 92, C172, , , , , C172
1660401307, , 33.6289, -118.221, 2600, 260, 92, C172, , , , , C172
1660401313, , 33.6285, -118.224, 2600, 258, 92, C172, , , , , C172
1660401313, , 33.6285, -118.224, 2600, 258, 92, C172, , , , , C172
1660401316, , 33.6282, -118.2256, 2600, 258, 91, C172, , , , , C172
1660401316, , 33.6282, -118.2256, 2600, 258, 91, C172, , , , , C172
1660401322, , 33.6276, -118.2284, 2600, 256, 91, C172, , , , , C172
1660401322, , 33.6276, -118.2284, 2600, 256, 91, C172, , , , , C172
1660401325, , 33.6274, -118.2299, 2600, 255, 90, C172, , , , , C172
1660401328, , 33.627, -118.2314, 2600, 254, 91, C172, , , , , C172
1660401328, , 33.627, -118.2314, 2600, 254, 91, C172, , , , , C172
1660401334, , 33.6263, -118.2344, 2600, 251, 91, C172, , , , , C172
1660401334, , 33.6263, -118.2344, 2600, 251, 91, C172, , , , , C172
1660401337, , 33.6259, -118.2357, 2600, 250, 92, C172, , , , , C172
1660401337, , 33.6259, -118.2357, 2600, 250, 92, C172, , , , , C172
1660401340, , 33.6254, -118.2373, 2600, 250, 92, C172, , , , , C172
1660401346, , 33.6246, -118.2402, 2600, 252, 91, C172, , , , , C172
1660401346, , 33.6246, -118.2402, 2600, 252, 91, C172, , , , , C172
1660401349, , 33.6242, -118.2417, 2600, 255, 90, C172, , , , , C172
1660401349, , 33.6242, -118.2417, 2600, 255, 90, C172, , , , , C172
1660401352, , 33.6239, -118.2432, 2600, 258, 91, C172, , , , , C172
1660401352, , 33.6239, -118.2432, 2600, 258, 91, C172, , , , , C172
1660401355, , 33.6237, -118.2446, 2600, 262, 91, C172, , , , , C172
1660401361, , 33.6236, -118.2476, 2600, 270, 94, C172, , , , , C172
1660401361, , 33.6236, -118.2476, 2600, 270, 94, C172, , , , , C172
1660401364, , 33.6237, -118.2492, 2600, 272, 94, C172, , , , , C172
1660401364, , 33.6237, -118.2492, 2600, 272, 94, C172, , , , , C172
1660401370, , 33.6238, -118.2522, 2600, 274, 91, C172, , , , , C172
1660401370, , 33.6238, -118.2522, 2600, 274, 91, C172, , , , , C172
1660401373, , 33.6239, -118.2538, 2600, 275, 91, C172, , , , , C172
1660401373, , 33.6239, -118.2538, 2600, 275, 91, C172, , , , , C172
1660401376, , 33.624, -118.2554, 2700, 274, 89, C172, , , , , C172
1660401382, , 33.6242, -118.2581, 2800, 274, 84, C172, , , , , C172
1660401382, , 33.6242, -118.2581, 2800, 274, 84, C172, , , , , C172
1660401385, , 33.6243, -118.2597, 2800, 272, 84, C172, , , , , C172
1660401385, , 33.6243, -118.2597, 2800, 272, 84, C172, , , , , C172
1660401388, , 33.6243, -118.2609, 2800, 272, 83, C172, , , , , C172
1660401388, , 33.6243, -118.2609, 2800, 272, 83, C172, , , , , C172
1660401394, , 33.6246, -118.2636, 2900, 282, 83, C172, , , , , C172
1660401396, , 33.6248, -118.2647, 2900, 287, 83, C172, , , , , C172
1660401396, , 33.6248, -118.2647, 2900, 287, 83, C172, , , , , C172
1660401400, , 33.6254, -118.2664, 3000, 295, 84, C172, , , , , C172
1660401400, , 33.6254, -118.2664, 3000, 295, 84, C172, , , , , C172
1660401403, , 33.6258, -118.2672, 3000, 299, 84, C172, , , , , C172
1660401403, , 33.6258, -118.2672, 3000, 299, 84, C172, , , , , C172
1660401409, , 33.6274, -118.2697, 3000, 313, 82, C172, , , , , C172
1660401409, , 33.6274, -118.2697, 3000, 313, 82, C172, , , , , C172
1660401412, , 33.6282, -118.2707, 3000, 320, 82, C172, , , , , C172
1660401415, , 33.6292, -118.2716, 3100, 326, 82, C172, , , , , C172
1660401415, , 33.6292, -118.2716, 3100, 326, 82, C172, , , , , C172
1660401421, , 33.6311, -118.2727, 3100, 340, 82, C172, , , , , C172
1660401421, , 33.6311, -118.2727, 3100, 340, 82, C172, , , , , C172
1660401424, , 33.6323, -118.2731, 3100, 346, 84, C172, , , , , C172
1660401424, , 33.6323, -118.2731, 3100, 346, 84, C172, , , , , C172
1660401427, , 33.6336, -118.2734, 3100, 353, 84, C172, , , , , C172
1660401433, , 33.636, -118.2733, 3100, 7, 86, C172, , , , , C172
1660401433, , 33.636, -118.2733, 3100, 7, 86, C172, , , , , C172
1660401436, , 33.637, -118.273, 3100, 15, 88, C172, , , , , C172
1660401436, , 33.637, -118.273, 3100, 15, 88, C172, , , , , C172
1660401439, , 33.6381, -118.2726, 3100, 23, 89, C172, , , , , C172
1660401439, , 33.6381, -118.2726, 3100, 23, 89, C172, , , , , C172
1660401445, , 33.6406, -118.271, 3100, 31, 93, C172, , , , , C172
1660401448, , 33.6417, -118.2701, 3100, 32, 94, C172, , , , , C172
1660401448, , 33.6417, -118.2701, 3100, 32, 94, C172, , , , , C172
1660401451, , 33.6428, -118.2693, 3100, 30, 95, C172, , , , , C172
1660401451, , 33.6428, -118.2693, 3100, 30, 95, C172, , , , , C172
1660401457, , 33.6452, -118.2678, 3100, 26, 96, C172, , , , , C172
1660401458, , 33.7533, -118.0252, 6100, 129, 96, C172, , , , , C172
1660401457, , 33.6452, -118.2678, 3100, 26, 96, C172, , , , , C172
1660401458, , 33.7533, -118.0252, 6100, 129, 96, C172, , , , , C172
1660401460, , 33.6464, -118.2671, 3100, 23, 96, C172, , , , , C172
1660401461, , 33.7524, -118.0237, 6100, 122, 96, C172, , , , , C172
1660401460, , 33.6464, -118.2671, 3100, 23, 96, C172, , , , , C172
1660401461, , 33.7524, -118.0237, 6100, 122, 96, C172, , , , , C172
1660401463, , 33.6475, -118.2666, 3100, 22, 96, C172, , , , , C172
1660401464, , 33.7519, -118.0226, 6100, 115, 96, C172, , , , , C172
1660401469, , 33.6501, -118.2653, 3100, 22, 95, C172, , , , , C172
1660401470, , 33.7508, -118.0191, 6100, 106, 103, C172, , , , , C172
1660401469, , 33.6501, -118.2653, 3100, 22, 95, C172, , , , , C172
1660401470, , 33.7508, -118.0191, 6100, 106, 103, C172, , , , , C172
1660401472, , 33.6513, -118.2647, 3100, 23, 94, C172, , , , , C172
1660401473, , 33.7505, -118.0175, 6100, 105, 106, C172, , , , , C172
1660401472, , 33.6513, -118.2647, 3100, 23, 94, C172, , , , , C172
1660401473, , 33.7505, -118.0175, 6100, 105, 106, C172, , , , , C172
1660401476, , 33.6526, -118.2641, 3100, 22, 95, C172, , , , , C172
1660401476, , 33.75, -118.0158, 6100, 108, 108, C172, , , , , C172
1660401476, , 33.6526, -118.2641, 3100, 22, 95, C172, , , , , C172
1660401476, , 33.75, -118.0158, 6100, 108, 108, C172, , , , , C172
1660401481, , 33.6548, -118.263, 3100, 20, 95, C172, , , , , C172
1660401482, , 33.7489, -118.0124, 6100, 116, 108, C172, , , , , C172
1660401484, , 33.6562, -118.2623, 3100, 20, 95, C172, , , , , C172
1660401485, , 33.7481, -118.0109, 6100, 123, 111, C172, , , , , C172
1660401484, , 33.6562, -118.2623, 3100, 20, 95, C172, , , , , C172
1660401485, , 33.7481, -118.0109, 6100, 123, 111, C172, , , , , C172
1660401488, , 33.6574, -118.2619, 3100, 18, 96, C172, , , , , C172
1660401488, , 33.7471, -118.0094, 6100, 128, 111, C172, , , , , C172
1660401488, , 33.6574, -118.2619, 3100, 18, 96, C172, , , , , C172
1660401488, , 33.7471, -118.0094, 6100, 128, 111, C172, , , , , C172
1660401493, , 33.66, -118.2609, 3100, 16, 94, C172, , , , , C172
1660401494, , 33.7449, -118.0066, 6000, 137, 113, C172, , , , , C172
1660401493, , 33.66, -118.2609, 3100, 16, 94, C172, , , , , C172
1660401494, , 33.7449, -118.0066, 6000, 137, 113, C172, , , , , C172
1660401496, , 33.661, -118.2606, 3100, 17, 95, C172, , , , , C172
1660401497, , 33.7436, -118.0053, 6000, 141, 113, C172, , , , , C172
1660401499, , 33.6624, -118.26, 3100, 17, 95, C172, , , , , C172
1660401500, , 33.7424, -118.0042, 6000, 145, 112, C172, , , , , C172
1660401499, , 33.6624, -118.26, 3100, 17, 95, C172, , , , , C172
1660401500, , 33.7424, -118.0042, 6000, 145, 112, C172, , , , , C172
1660401505, , 33.665, -118.2591, 3100, 17, 95, C172, , , , , C172
1660401506, , 33.7398, -118.0023, 6000, 150, 112, C172, , , , , C172
1660401505, , 33.665, -118.2591, 3100, 17, 95, C172, , , , , C172
1660401506, , 33.7398, -118.0023, 6000, 150, 112, C172, , , , , C172
1660401508, , 33.6663, -118.2586, 3100, 16, 95, C172, , , , , C172
1660401509, , 33.7385, -118.0015, 6000, 153, 111, C172, , , , , C172
1660401508, , 33.6663, -118.2586, 3100, 16, 95, C172, , , , , C172
1660401509, , 33.7385, -118.0015, 6000, 153, 111, C172, , , , , C172
1660401512, , 33.6677, -118.2581, 3100, 15, 95, C172, , , , , C172
1660401512, , 33.737, -118.0006, 6000, 154, 110, C172, , , , , C172
1660401518, , 33.6702, -118.2573, 3100, 13, 95, C172, , , , , C172
1660401518, , 33.7343, -117.9989, 6000, 148, 108, C172, , , , , C172
1660401518, , 33.6702, -118.2573, 3100, 13, 95, C172, , , , , C172
1660401518, , 33.7343, -117.9989, 6000, 148, 108, C172, , , , , C172
1660401520, , 33.6714, -118.257, 3200, 13, 95, C172, , , , , C172
1660401521, , 33.733, -117.9979, 6000, 142, 107, C172, , , , , C172
1660401520, , 33.6714, -118.257, 3200, 13, 95, C172, , , , , C172
1660401521, , 33.733, -117.9979, 6000, 142, 107, C172, , , , , C172
1660401523, , 33.6727, -118.2566, 3200, 13, 95, C172, , , , , C172
1660401524, , 33.7319, -117.9967, 6000, 138, 107, C172, , , , , C172
1660401523, , 33.6727, -118.2566, 3200, 13, 95, C172, , , , , C172
1660401524, , 33.7319, -117.9967, 6000, 138, 107, C172, , , , , C172
1660401529, , 33.6752, -118.2558, 3200, 14, 96, C172, , , , , C172
1660401530, , 33.7297, -117.9942, 6000, 136, 108, C172, , , , , C172
1660401529, , 33.6752, -118.2558, 3200, 14, 96, C172, , , , , C172
1660401530, , 33.7297, -117.9942, 6000, 136, 108, C172, , , , , C172
1660401532, , 33.6765, -118.2554, 3200, 15, 96, C172, , , , , C172
1660401533, , 33.7286, -117.993, 6000, 136, 108, C172, , , , , C172
1660401536, , 33.678, -118.2549, 3200, 15, 95, C172, , , , , C172
1660401536, , 33.7275, -117.9917, 6000, 136, 108, C172, , , , , C172
1660401536, , 33.678, -118.2549, 3200, 15, 95, C172, , , , , C172
1660401536, , 33.7275, -117.9917, 6000, 136, 108, C172, , , , , C172
1660401541, , 33.6806, -118.2541, 3200, 14, 96, C172, , , , , C172
1660401539, , 33.7265, -117.9905, 6000, 133, 106, C172, , , , , C172
1660401541, , 33.6806, -118.2541, 3200, 14, 96, C172, , , , , C172
1660401539, , 33.7265, -117.9905, 6000, 133, 106, C172, , , , , C172
1660401545, , 33.6818, -118.2537, 3200, 14, 95, C172, , , , , C172
1660401545, , 33.7245, -117.9878, 6000, 130, 104, C172, , , , , C172
1660401545, , 33.6818, -118.2537, 3200, 14, 95, C172, , , , , C172
1660401545, , 33.7245, -117.9878, 6000, 130, 104, C172, , , , , C172
1660401548, , 33.6832, -118.2533, 3200, 17, 94, C172, , , , , C172
1660401548, , 33.7236, -117.9865, 6000, 129, 104, C172, , , , , C172
1660401553, , 33.6854, -118.2521, 3200, 30, 88, C172, , , , , C172
1660401551, , 33.7227, -117.9851, 6000, 127, 104, C172, , , , , C172
1660401553, , 33.6854, -118.2521, 3200, 30, 88, C172, , , , , C172
1660401551, , 33.7227, -117.9851, 6000, 127, 104, C172, , , , , C172
1660401557, , 33.6865, -118.2511, 3100, 40, 86, C172, , , , , C172
1660401558, , 33.721, -117.9823, 6000, 123, 107, C172, , , , , C172
1660401557, , 33.6865, -118.2511, 3100, 40, 86, C172, , , , , C172
1660401558, , 33.721, -117.9823, 6000, 123, 107, C172, , , , , C172
1660401560, , 33.6872, -118.2502, 3100, 48, 85, C172, , , , , C172
1660401560, , 33.7202, -117.9808, 6000, 125, 107, C172, , , , , C172
1660401560, , 33.6872, -118.2502, 3100, 48, 85, C172, , , , , C172
1660401560, , 33.7202, -117.9808, 6000, 125, 107, C172, , , , , C172
1660401566, , 33.6885, -118.2479, 3100, 57, 76, C172, , , , , C172
1660401563, , 33.7191, -117.9793, 6000, 130, 107, C172, , , , , C172
1660401566, , 33.6885, -118.2479, 3100, 57, 76, C172, , , , , C172
1660401563, , 33.7191, -117.9793, 6000, 130, 107, C172, , , , , C172
1660401569, , 33.6891, -118.2469, 3100, 57, 71, C172, , , , , C172
1660401570, , 33.7171, -117.9765, 6000, 132, 107, C172, , , , , C172
1660401572, , 33.6895, -118.246, 3100, 59, 69, C172, , , , , C172
1660401572, , 33.7162, -117.9753, 6000, 133, 106, C172, , , , , C172
1660401572, , 33.6895, -118.246, 3100, 59, 69, C172, , , , , C172
1660401572, , 33.7162, -117.9753, 6000, 133, 106, C172, , , , , C172
1660401578, , 33.6905, -118.2438, 3000, 62, 74, C172, , , , , C172
1660401575, , 33.7151, -117.974, 6000, 134, 106, C172, , , , , C172
1660401578, , 33.6905, -118.2438, 3000, 62, 74, C172, , , , , C172
1660401575, , 33.7151, -117.974, 6000, 134, 106, C172, , , , , C172
1660401580, , 33.691, -118.2428, 3000, 62, 74, C172, , , , , C172
1660401581, , 33.7129, -117.9716, 6000, 138, 105, C172, , , , , C172
1660401580, , 33.691, -118.2428, 3000, 62, 74, C172, , , , , C172
1660401581, , 33.7129, -117.9716, 6000, 138, 105, C172, , , , , C172
1660401583, , 33.6913, -118.2421, 2900, 57, 73, C172, , , , , C172
1660401585, , 33.7118, -117.9704, 6000, 139, 105, C172, , , , , C172
1660401590, , 33.6926, -118.24, 2900, 50, 71, C172, , , , , C172
1660401587, , 33.7108, -117.9693, 6000, 139, 105, C172, , , , , C172
1660401590, , 33.6926, -118.24, 2900, 50, 71, C172, , , , , C172
1660401587, , 33.7108, -117.9693, 6000, 139, 105, C172, , , , , C172
1660401593, , 33.6934, -118.2388, 2900, 48, 73, C172, , , , , C172
1660401593, , 33.7085, -117.9672, 6000, 143, 103, C172, , , , , C172
1660401593, , 33.6934, -118.2388, 2900, 48, 73, C172, , , , , C172
1660401593, , 33.7085, -117.9672, 6000, 143, 103, C172, , , , , C172
1660401595, , 33.694, -118.238, 2800, 46, 74, C172, , , , , C172
1660401596, , 33.7073, -117.9662, 6000, 145, 103, C172, , , , , C172
1660401602, , 33.6957, -118.2362, 2800, 38, 74, C172, , , , , C172
1660401600, , 33.7061, -117.9653, 6000, 146, 103, C172, , , , , C172
1660401602, , 33.6957, -118.2362, 2800, 38, 74, C172, , , , , C172
1660401600, , 33.7061, -117.9653, 6000, 146, 103, C172, , , , , C172
1660401605, , 33.6964, -118.2356, 2700, 34, 73, C172, , , , , C172
1660401605, , 33.7038, -117.9632, 6000, 141, 104, C172, , , , , C172
1660401608, , 33.6973, -118.2349, 2700, 33, 73, C172, , , , , C172
1660401609, , 33.7027, -117.9621, 6000, 136, 106, C172, , , , , C172
1660401608, , 33.6973, -118.2349, 2700, 33, 73, C172, , , , , C172
1660401609, , 33.7027, -117.9621, 6000, 136, 106, C172, , , , , C172
1660401613, , 33.6989, -118.2336, 2600, 32, 73, C172, , , , , C172
1660401612, , 33.7014, -117.9607, 6000, 135, 108, C172, , , , , C172
1660401613, , 33.6989, -118.2336, 2600, 32, 73, C172, , , , , C172
1660401612, , 33.7014, -117.9607, 6000, 135, 108, C172, , , , , C172
1660401616, , 33.6999, -118.2329, 2600, 32, 73, C172, , , , , C172
1660401618, , 33.6994, -117.9582, 5900, 137, 113, C172, , , , , C172
1660401616, , 33.6999, -118.2329, 2600, 32, 73, C172, , , , , C172
1660401618, , 33.6994, -117.9582, 5900, 137, 113, C172, , , , , C172
1660401620, , 33.7007, -118.2322, 2600, 31, 73, C172, , , , , C172
1660401621, , 33.6982, -117.957, 5900, 138, 114, C172, , , , , C172
1660401626, , 33.7025, -118.231, 2500, 29, 72, C172, , , , , C172
1660401624, , 33.6969, -117.9557, 6000, 140, 112, C172, , , , , C172
1660401626, , 33.7025, -118.231, 2500, 29, 72, C172, , , , , C172
1660401624, , 33.6969, -117.9557, 6000, 140, 112, C172, , , , , C172
1660401629, , 33.7033, -118.2303, 2500, 29, 72, C172, , , , , C172
1660401629, , 33.6945, -117.9534, 6000, 141, 112, C172, , , , , C172
1660401629, , 33.7033, -118.2303, 2500, 29, 72, C172, , , , , C172
1660401629, , 33.6945, -117.9534, 6000, 141, 112, C172, , , , , C172
1660401632, , 33.7042, -118.2298, 2500, 31, 72, C172, , , , , C172
1660401633, , 33.6931, -117.9521, 6000, 140, 112, C172, , , , , C172
1660401632, , 33.7042, -118.2298, 2500, 31, 72, C172, , , , , C172
1660401633, , 33.6931, -117.9521, 6000, 140, 112, C172, , , , , C172
1660401638, , 33.7059, -118.2284, 2400, 34, 74, C172, , , , , C172
1660401636, , 33.6919, -117.9508, 6000, 137, 111, C172, , , , , C172
1660401641, , 33.7067, -118.2277, 2400, 35, 73, C172, , , , , C172
1660401642, , 33.6899, -117.9484, 6000, 131, 110, C172, , , , , C172
1660401641, , 33.7067, -118.2277, 2400, 35, 73, C172, , , , , C172
1660401642, , 33.6899, -117.9484, 6000, 131, 110, C172, , , , , C172
1660401643, , 33.7074, -118.2271, 2300, 36, 73, C172, , , , , C172
1660401645, , 33.6888, -117.9468, 6000, 127, 109, C172, , , , , C172
1660401643, , 33.7074, -118.2271, 2300, 36, 73, C172, , , , , C172
1660401645, , 33.6888, -117.9468, 6000, 127, 109, C172, , , , , C172
1660401650, , 33.7089, -118.2258, 2300, 37, 72, C172, , , , , C172
1660401648, , 33.6881, -117.9455, 6000, 123, 110, C172, , , , , C172
1660401650, , 33.7089, -118.2258, 2300, 37, 72, C172, , , , , C172
1660401648, , 33.6881, -117.9455, 6000, 123, 110, C172, , , , , C172
1660401652, , 33.71, -118.2248, 2300, 37, 71, C172, , , , , C172
1660401654, , 33.6864, -117.9422, 6000, 122, 110, C172, , , , , C172
1660401652, , 33.71, -118.2248, 2300, 37, 71, C172, , , , , C172
1660401654, , 33.6864, -117.9422, 6000, 122, 110, C172, , , , , C172
1660401656, , 33.7108, -118.224, 2200, 39, 69, C172, , , , , C172
1660401657, , 33.6855, -117.9407, 6000, 124, 110, C172, , , , , C172
1660401662, , 33.7122, -118.2224, 2200, 51, 67, C172, , , , , C172
1660401660, , 33.6847, -117.9392, 6000, 125, 109, C172, , , , , C172
1660401662, , 33.7122, -118.2224, 2200, 51, 67, C172, , , , , C172
1660401660, , 33.6847, -117.9392, 6000, 125, 109, C172, , , , , C172
1660401665, , 33.7126, -118.2218, 2200, 57, 67, C172, , , , , C172
1660401666, , 33.6827, -117.9361, 6100, 128, 108, C172, , , , , C172
1660401665, , 33.7126, -118.2218, 2200, 57, 67, C172, , , , , C172
1660401666, , 33.6827, -117.9361, 6100, 128, 108, C172, , , , , C172
1660401668, , 33.7131, -118.2206, 2200, 66, 66, C172, , , , , C172
1660401669, , 33.6819, -117.935, 6100, 130, 109, C172, , , , , C172
1660401668, , 33.7131, -118.2206, 2200, 66, 66, C172, , , , , C172
1660401669, , 33.6819, -117.935, 6100, 130, 109, C172, , , , , C172
1660401674, , 33.7137, -118.2184, 2200, 74, 66, C172, , , , , C172
1660401672, , 33.6809, -117.9335, 6100, 130, 108, C172, , , , , C172
1660401677, , 33.714, -118.2173, 2200, 77, 66, C172, , , , , C172
1660401678, , 33.6788, -117.9306, 6100, 132, 108, C172, , , , , C172
1660401677, , 33.714, -118.2173, 2200, 77, 66, C172, , , , , C172
1660401678, , 33.6788, -117.9306, 6100, 132, 108, C172, , , , , C172
1660401680, , 33.7142, -118.2163, 2200, 77, 66, C172, , , , , C172
1660401681, , 33.6778, -117.9295, 6100, 133, 109, C172, , , , , C172
1660401680, , 33.7142, -118.2163, 2200, 77, 66, C172, , , , , C172
1660401681, , 33.6778, -117.9295, 6100, 133, 109, C172, , , , , C172
1660401686, , 33.7146, -118.2142, 2200, 78, 66, C172, , , , , C172
1660401684, , 33.6766, -117.928, 6100, 136, 111, C172, , , , , C172
1660401686, , 33.7146, -118.2142, 2200, 78, 66, C172, , , , , C172
1660401684, , 33.6766, -117.928, 6100, 136, 111, C172, , , , , C172
1660401689, , 33.7148, -118.213, 2200, 78, 67, C172, , , , , C172
1660401690, , 33.6745, -117.9256, 6100, 138, 112, C172, , , , , C172
1660401692, , 33.7149, -118.2119, 2200, 77, 68, C172, , , , , C172
1660401693, , 33.6732, -117.9243, 6100, 139, 114, C172, , , , , C172
1660401692, , 33.7149, -118.2119, 2200, 77, 68, C172, , , , , C172
1660401693, , 33.6732, -117.9243, 6100, 139, 114, C172, , , , , C172
1660401698, , 33.7154, -118.2097, 2200, 75, 72, C172, , , , , C172
1660401696, , 33.672, -117.9231, 6000, 142, 117, C172, , , , , C172
1660401698, , 33.7154, -118.2097, 2200, 75, 72, C172, , , , , C172
1660401696, , 33.672, -117.9231, 6000, 142, 117, C172, , , , , C172
1660401701, , 33.7157, -118.2084, 2200, 75, 74, C172, , , , , C172
1660401702, , 33.6693, -117.921, 6000, 149, 116, C172, , , , , C172
1660401701, , 33.7157, -118.2084, 2200, 75, 74, C172, , , , , C172
1660401702, , 33.6693, -117.921, 6000, 149, 116, C172, , , , , C172
1660401704, , 33.7159, -118.2073, 2200, 74, 73, C172, , , , , C172
1660401705, , 33.6679, -117.92, 6000, 149, 115, C172, , , , , C172
1660401710, , 33.7165, -118.2048, 2200, 72, 74, C172, , , , , C172
1660401708, , 33.6665, -117.919, 6100, 148, 114, C172, , , , , C172
1660401710, , 33.7165, -118.2048, 2200, 72, 74, C172, , , , , C172
1660401708, , 33.6665, -117.919, 6100, 148, 114, C172, , , , , C172
1660401713, , 33.7168, -118.2037, 2200, 71, 75, C172, , , , , C172
1660401714, , 33.6641, -117.9169, 6100, 142, 114, C172, , , , , C172
1660401713, , 33.7168, -118.2037, 2200, 71, 75, C172, , , , , C172
1660401714, , 33.6641, -117.9169, 6100, 142, 114, C172, , , , , C172
1660401716, , 33.7172, -118.2025, 2100, 71, 76, C172, , , , , C172
1660401717, , 33.6628, -117.9156, 6100, 139, 114, C172, , , , , C172
1660401716, , 33.7172, -118.2025, 2100, 71, 76, C172, , , , , C172
1660401717, , 33.6628, -117.9156, 6100, 139, 114, C172, , , , , C172
1660401722, , 33.7179, -118.1999, 2100, 70, 78, C172, , , , , C172
1660401720, , 33.6614, -117.9142, 6100, 137, 114, C172, , , , , C172
1660401722, , 33.7179, -118.1999, 2100, 70, 78, C172, , , , , C172
1660401720, , 33.6614, -117.9142, 6100, 137, 114, C172, , , , , C172
1660401725, , 33.7183, -118.1988, 2100, 69, 80, C172, , , , , C172
1660401726, , 33.6592, -117.9116, 6000, 133, 119, C172, , , , , C172
1660401728, , 33.7186, -118.1976, 2100, 68, 80, C172, , , , , C172
1660401729, , 33.6581, -117.9099, 6000, 129, 121, C172, , , , , C172
1660401728, , 33.7186, -118.1976, 2100, 68, 80, C172, , , , , C172
1660401729, , 33.6581, -117.9099, 6000, 129, 121, C172, , , , , C172
1660401734, , 33.7195, -118.195, 2100, 69, 82, C172, , , , , C172
1660401732, , 33.657, -117.9084, 6000, 128, 123, C172, , , , , C172
1660401734, , 33.7195, -118.195, 2100, 69, 82, C172, , , , , C172
1660401732, , 33.657, -117.9084, 6000, 128, 123, C172, , , , , C172
1660401737, , 33.7199, -118.1937, 2100, 68, 83, C172, , , , , C172
1660401738, , 33.6548, -117.9051, 6000, 128, 120, C172, , , , , C172
1660401737, , 33.7199, -118.1937, 2100, 68, 83, C172, , , , , C172
1660401738, , 33.6548, -117.9051, 6000, 128, 120, C172, , , , , C172
1660401740, , 33.7203, -118.1923, 2100, 68, 82, C172, , , , , C172
1660401741, , 33.6538, -117.9036, 6000, 129, 120, C172, , , , , C172
1660401746, , 33.7212, -118.1897, 2100, 68, 83, C172, , , , , C172
1660401744, , 33.6527, -117.9021, 6000, 129, 118, C172, , , , , C172
1660401746, , 33.7212, -118.1897, 2100, 68, 83, C172, , , , , C172
1660401744, , 33.6527, -117.9021, 6000, 129, 118, C172, , , , , C172
1660401749, , 33.7215, -118.1889, 2100, 68, 83, C172, , , , , C172
1660401750, , 33.6506, -117.8989, 6000, 127, 117, C172, , , , , C172
1660401749, , 33.7215, -118.1889, 2100, 68, 83, C172, , , , , C172
1660401750, , 33.6506, -117.8989, 6000, 127, 117, C172, , , , , C172
1660401752, , 33.722, -118.1871, 2100, 67, 85, C172, , , , , C172
1660401753, , 33.6498, -117.8976, 6000, 126, 118, C172, , , , , C172
1660401758, , 33.7229, -118.1846, 2100, 67, 84, C172, , , , , C172
1660401756, , 33.6488, -117.8959, 6000, 125, 119, C172, , , , , C172
1660401758, , 33.7229, -118.1846, 2100, 67, 84, C172, , , , , C172
1660401756, , 33.6488, -117.8959, 6000, 125, 119, C172, , , , , C172
1660401761, , 33.7233, -118.1833, 2100, 67, 85, C172, , , , , C172
1660401762, , 33.6467, -117.8926, 6000, 128, 120, C172, , , , , C172
1660401761, , 33.7233, -118.1833, 2100, 67, 85, C172, , , , , C172
1660401762, , 33.6467, -117.8926, 6000, 128, 120, C172, , , , , C172
1660401764, , 33.7238, -118.1819, 2100, 67, 85, C172, , , , , C172
1660401765, , 33.6456, -117.891, 6000, 131, 118, C172, , , , , C172
1660401764, , 33.7238, -118.1819, 2100, 67, 85, C172, , , , , C172
1660401765, , 33.6456, -117.891, 6000, 131, 118, C172, , , , , C172
1660401770, , 33.7246, -118.1793, 2100, 72, 82, C172, , , , , C172
1660401768, , 33.6445, -117.8895, 6000, 132, 116, C172, , , , , C172
1660401773, , 33.7249, -118.178, 2100, 82, 80, C172, , , , , C172
1660401774, , 33.6424, -117.8869, 6000, 135, 114, C172, , , , , C172
1660401773, , 33.7249, -118.178, 2100, 82, 80, C172, , , , , C172
1660401774, , 33.6424, -117.8869, 6000, 135, 114, C172, , , , , C172
1660401776, , 33.7249, -118.1767, 2100, 94, 79, C172, , , , , C172
1660401777, , 33.6411, -117.8854, 6000, 136, 113, C172, , , , , C172
1660401776, , 33.7249, -118.1767, 2100, 94, 79, C172, , , , , C172
1660401777, , 33.6411, -117.8854, 6000, 136, 113, C172, , , , , C172
1660401782, , 33.7244, -118.1741, 2100, 109, 79, C172, , , , , C172
1660401780, , 33.6401, -117.8843, 6000, 138, 114, C172, , , , , C172
1660401782, , 33.7244, -118.1741, 2100, 109, 79, C172, , , , , C172
1660401780, , 33.6401, -117.8843, 6000, 138, 114, C172, , , , , C172
1660401785, , 33.724, -118.173, 2100, 115, 80, C172, , , , , C172
1660401786, , 33.6376, -117.8818, 6000, 140, 117, C172, , , , , C172
1660401785, , 33.724, -118.173, 2100, 115, 80, C172, , , , , C172
1660401786, , 33.6376, -117.8818, 6000, 140, 117, C172, , , , , C172
1660401788, , 33.7234, -118.1716, 2100, 120, 81, C172, , , , , C172
1660401789, , 33.6363, -117.8806, 5900, 143, 118, C172, , , , , C172
1660401794, , 33.7221, -118.1693, 2100, 125, 85, C172, , , , , C172
1660401792, , 33.6347, -117.8793, 5900, 146, 118, C172, , , , , C172
1660401794, , 33.7221, -118.1693, 2100, 125, 85, C172, , , , , C172
1660401792, , 33.6347, -117.8793, 5900, 146, 118, C172, , , , , C172
1660401797, , 33.7214, -118.1681, 2100, 126, 85, C172, , , , , C172
1660401795, , 33.6334, -117.8783, 5900, 144, 118, C172, , , , , C172
1660401797, , 33.7214, -118.1681, 2100, 126, 85, C172, , , , , C172
1660401795, , 33.6334, -117.8783, 5900, 144, 118, C172, , , , , C172
1660401800, , 33.7209, -118.1673, 2100, 126, 84, C172, , , , , C172
1660401801, , 33.631, -117.8761, 5900, 143, 117, C172, , , , , C172
1660401800, , 33.7209, -118.1673, 2100, 126, 84, C172, , , , , C172
1660401801, , 33.631, -117.8761, 5900, 143, 117, C172, , , , , C172
1660401806, , 33.7195, -118.1649, 2100, 123, 80, C172, , , , , C172
1660401804, , 33.6294, -117.8747, 5900, 143, 117, C172, , , , , C172
1660401809, , 33.7188, -118.1637, 2100, 122, 79, C172, , , , , C172
1660401807, , 33.6282, -117.8736, 5900, 141, 116, C172, , , , , C172
1660401809, , 33.7188, -118.1637, 2100, 122, 79, C172, , , , , C172
1660401807, , 33.6282, -117.8736, 5900, 141, 116, C172, , , , , C172
1660401812, , 33.7182, -118.1626, 2100, 123, 80, C172, , , , , C172
1660401813, , 33.6257, -117.8711, 5900, 138, 118, C172, , , , , C172
1660401812, , 33.7182, -118.1626, 2100, 123, 80, C172, , , , , C172
1660401813, , 33.6257, -117.8711, 5900, 138, 118, C172, , , , , C172
1660401818, , 33.7169, -118.1603, 2100, 125, 83, C172, , , , , C172
1660401816, , 33.6245, -117.8697, 5900, 135, 120, C172, , , , , C172
1660401818, , 33.7169, -118.1603, 2100, 125, 83, C172, , , , , C172
1660401816, , 33.6245, -117.8697, 5900, 135, 120, C172, , , , , C172
1660401821, , 33.7163, -118.1592, 2100, 126, 83, C172, , , , , C172
1660401819, , 33.6235, -117.8684, 5800, 133, 121, C172, , , , , C172
1660401824, , 33.7156, -118.1582, 2100, 128, 82, C172, , , , , C172
1660401825, , 33.6211, -117.8652, 5700, 130, 122, C172, , , , , C172
1660401824, , 33.7156, -118.1582, 2100, 128, 82, C172, , , , , C172
1660401825, , 33.6211, -117.8652, 5700, 130, 122, C172, , , , , C172
1660401830, , 33.7141, -118.156, 2100, 131, 82, C172, , , , , C172
1660401829, , 33.62, -117.8635, 5700, 128, 122, C172, , , , , C172
1660401830, , 33.7141, -118.156, 2100, 131, 82, C172, , , , , C172
1660401829, , 33.62, -117.8635, 5700, 128, 122, C172, , , , , C172
1660401833, , 33.7134, -118.155, 2100, 135, 82, C172, , , , , C172
1660401831, , 33.6191, -117.8621, 5600, 127, 120, C172, , , , , C172
1660401833, , 33.7134, -118.155, 2100, 135, 82, C172, , , , , C172
1660401831, , 33.6191, -117.8621, 5600, 127, 120, C172, , , , , C172
1660401836, , 33.7125, -118.1541, 2100, 141, 82, C172, , , , , C172
1660401837, , 33.6172, -117.8588, 5600, 124, 117, C172, , , , , C172
1660401842, , 33.7105, -118.1527, 2100, 157, 84, C172, , , , , C172
1660401840, , 33.6161, -117.8572, 5500, 127, 116, C172, , , , , C172
1660401842, , 33.7105, -118.1527, 2100, 157, 84, C172, , , , , C172
1660401840, , 33.6161, -117.8572, 5500, 127, 116, C172, , , , , C172
1660401845, , 33.7093, -118.1523, 2100, 165, 85, C172, , , , , C172
1660401844, , 33.615, -117.8555, 5500, 131, 113, C172, , , , , C172
1660401845, , 33.7093, -118.1523, 2100, 165, 85, C172, , , , , C172
1660401844, , 33.615, -117.8555, 5500, 131, 113, C172, , , , , C172
1660401848, , 33.7081, -118.1521, 2100, 173, 85, C172, , , , , C172
1660401850, , 33.6131, -117.8532, 5500, 135, 110, C172, , , , , C172
1660401848, , 33.7081, -118.1521, 2100, 173, 85, C172, , , , , C172
1660401850, , 33.6131, -117.8532, 5500, 135, 110, C172, , , , , C172
1660401854, , 33.7058, -118.152, 2100, 184, 85, C172, , , , , C172
1660401853, , 33.6118, -117.8517, 5400, 135, 110, C172, , , , , C172
1660401857, , 33.7046, -118.1522, 2100, 190, 85, C172, , , , , C172
1660401855, , 33.6109, -117.8506, 5400, 135, 111, C172, , , , , C172
1660401857, , 33.7046, -118.1522, 2100, 190, 85, C172, , , , , C172
1660401855, , 33.6109, -117.8506, 5400, 135, 111, C172, , , , , C172
1660401860, , 33.7034, -118.1525, 2100, 193, 85, C172, , , , , C172
1660401861, , 33.6084, -117.8479, 5300, 138, 114, C172, , , , , C172
1660401860, , 33.7034, -118.1525, 2100, 193, 85, C172, , , , , C172
1660401861, , 33.6084, -117.8479, 5300, 138, 114, C172, , , , , C172
1660401866, , 33.7012, -118.1534, 2100, 201, 87, C172, , , , , C172
1660401865, , 33.6071, -117.8465, 5200, 137, 114, C172, , , , , C172
1660401866, , 33.7012, -118.1534, 2100, 201, 87, C172, , , , , C172
1660401865, , 33.6071, -117.8465, 5200, 137, 114, C172, , , , , C172
1660401869, , 33.7001, -118.154, 2100, 205, 88, C172, , , , , C172
1660401868, , 33.606, -117.8452, 5100, 137, 116, C172, , , , , C172
1660401872, , 33.6989, -118.1547, 2100, 206, 88, C172, , , , , C172
1660401874, , 33.6036, -117.8427, 5100, 139, 115, C172, , , , , C172
1660401872, , 33.6989, -118.1547, 2100, 206, 88, C172, , , , , C172
1660401874, , 33.6036, -117.8427, 5100, 139, 115, C172, , , , , C172
1660401878, , 33.6967, -118.156, 2100, 205, 89, C172, , , , , C172
1660401877, , 33.6024, -117.8414, 5000, 140, 114, C172, , , , , C172
1660401878, , 33.6967, -118.156, 2100, 205, 89, C172, , , , , C172
1660401877, , 33.6024, -117.8414, 5000, 140, 114, C172, , , , , C172
1660401881, , 33.6955, -118.1567, 2100, 207, 89, C172, , , , , C172
1660401880, , 33.6011, -117.8402, 5000, 139, 114, C172, , , , , C172
1660401881, , 33.6955, -118.1567, 2100, 207, 89, C172, , , , , C172
1660401880, , 33.6011, -117.8402, 5000, 139, 114, C172, , , , , C172
1660401884, , 33.6945, -118.1573, 2100, 208, 87, C172, , , , , C172
1660401886, , 33.5987, -117.8376, 4900, 138, 114, C172, , , , , C172
1660401887, , 33.6936, -118.158, 2100, 210, 86, C172, , , , , C172
1660401889, , 33.5976, -117.8364, 4900, 137, 110, C172, , , , , C172
1660401887, , 33.6936, -118.158, 2100, 210, 86, C172, , , , , C172
1660401889, , 33.5976, -117.8364, 4900, 137, 110, C172, , , , , C172
1660401893, , 33.6914, -118.1596, 2100, 214, 87, C172, , , , , C172
1660401892, , 33.5966, -117.8354, 4900, 138, 109, C172, , , , , C172
1660401893, , 33.6914, -118.1596, 2100, 214, 87, C172, , , , , C172
1660401892, , 33.5966, -117.8354, 4900, 138, 109, C172, , , , , C172
1660401896, , 33.6904, -118.1605, 2100, 216, 87, C172, , , , , C172
1660401898, , 33.5941, -117.8328, 4900, 139, 111, C172, , , , , C172
1660401896, , 33.6904, -118.1605, 2100, 216, 87, C172, , , , , C172
1660401898, , 33.5941, -117.8328, 4900, 139, 111, C172, , , , , C172
1660401899, , 33.6895, -118.1613, 2100, 219, 87, C172, , , , , C172
1660401901, , 33.5929, -117.8316, 4900, 137, 111, C172, , , , , C172
1660401899, , 33.6895, -118.1613, 2100, 219, 87, C172, , , , , C172
1660401901, , 33.5929, -117.8316, 4900, 137, 111, C172, , , , , C172
1660401905, , 33.6877, -118.1635, 2100, 232, 87, C172, , , , , C172
1660401904, , 33.5918, -117.8303, 4900, 136, 112, C172, , , , , C172
1660401908, , 33.6871, -118.1646, 2100, 240, 86, C172, , , , , C172
1660401910, , 33.5896, -117.8275, 4900, 130, 109, C172, , , , , C172
1660401908, , 33.6871, -118.1646, 2100, 240, 86, C172, , , , , C172
1660401910, , 33.5896, -117.8275, 4900, 130, 109, C172, , , , , C172
1660401911, , 33.6866, -118.166, 2100, 248, 86, C172, , , , , C172
1660401913, , 33.5886, -117.8261, 4900, 128, 108, C172, , , , , C172
1660401911, , 33.6866, -118.166, 2100, 248, 86, C172, , , , , C172
1660401913, , 33.5886, -117.8261, 4900, 128, 108, C172, , , , , C172
1660401917, , 33.6861, -118.1687, 2100, 263, 88, C172, , , , , C172
1660401916, , 33.5877, -117.8247, 4900, 126, 108, C172, , , , , C172
1660401920, , 33.686, -118.1702, 2100, 270, 88, C172, , , , , C172
1660401922, , 33.586, -117.8218, 4900, 126, 108, C172, , , , , C172
1660401920, , 33.686, -118.1702, 2100, 270, 88, C172, , , , , C172
1660401922, , 33.586, -117.8218, 4900, 126, 108, C172, , , , , C172
1660401923, , 33.6861, -118.1718, 2100, 277, 87, C172, , , , , C172
1660401925, , 33.5851, -117.8205, 4900, 129, 107, C172, , , , , C172
1660401923, , 33.6861, -118.1718, 2100, 277, 87, C172, , , , , C172
1660401925, , 33.5851, -117.8205, 4900, 129, 107, C172, , , , , C172
1660401929, , 33.6867, -118.1744, 2100, 293, 88, C172, , , , , C172
1660401928, , 33.5841, -117.819, 4900, 131, 106, C172, , , , , C172
1660401929, , 33.6867, -118.1744, 2100, 293, 88, C172, , , , , C172
1660401928, , 33.5841, -117.819, 4900, 131, 106, C172, , , , , C172
1660401932, , 33.6873, -118.1757, 2100, 300, 88, C172, , , , , C172
1660401934, , 33.5821, -117.8166, 5000, 134, 103, C172, , , , , C172
1660401935, , 33.6881, -118.1771, 2100, 308, 88, C172, , , , , C172
1660401937, , 33.581, -117.8153, 5000, 136, 104, C172, , , , , C172
1660401935, , 33.6881, -118.1771, 2100, 308, 88, C172, , , , , C172
1660401937, , 33.581, -117.8153, 5000, 136, 104, C172, , , , , C172
1660401941, , 33.6898, -118.179, 2100, 321, 86, C172, , , , , C172
1660401940, , 33.58, -117.8142, 5000, 137, 104, C172, , , , , C172
1660401941, , 33.6898, -118.179, 2100, 321, 86, C172, , , , , C172
1660401940, , 33.58, -117.8142, 5000, 137, 104, C172, , , , , C172
1660401944, , 33.6909, -118.1799, 2100, 326, 86, C172, , , , , C172
1660401946, , 33.5778, -117.8118, 5000, 138, 105, C172, , , , , C172
1660401944, , 33.6909, -118.1799, 2100, 326, 86, C172, , , , , C172
1660401946, , 33.5778, -117.8118, 5000, 138, 105, C172, , , , , C172
1660401947, , 33.6919, -118.1806, 2100, 330, 85, C172, , , , , C172
1660401949, , 33.5766, -117.8105, 5000, 139, 104, C172, , , , , C172
1660401947, , 33.6919, -118.1806, 2100, 330, 85, C172, , , , , C172
1660401949, , 33.5766, -117.8105, 5000, 139, 104, C172, , , , , C172
1660401953, , 33.694, -118.1819, 2100, 334, 85, C172, , , , , C172
1660401952, , 33.5757, -117.8097, 5000, 141, 104, C172, , , , , C172
1660401956, , 33.6951, -118.1825, 2100, 338, 84, C172, , , , , C172
1660401958, , 33.5732, -117.8074, 5000, 141, 106, C172, , , , , C172
1660401956, , 33.6951, -118.1825, 2100, 338, 84, C172, , , , , C172
1660401958, , 33.5732, -117.8074, 5000, 141, 106, C172, , , , , C172
1660401959, , 33.6961, -118.1829, 2100, 341, 85, C172, , , , , C172
1660401961, , 33.5722, -117.8064, 4900, 140, 107, C172, , , , , C172
1660401959, , 33.6961, -118.1829, 2100, 341, 85, C172, , , , , C172
1660401961, , 33.5722, -117.8064, 4900, 140, 107, C172, , , , , C172
1660401965, , 33.6984, -118.1837, 2100, 347, 86, C172, , , , , C172
1660401964, , 33.571, -117.8052, 4900, 141, 107, C172, , , , , C172
1660401965, , 33.6984, -118.1837, 2100, 347, 86, C172, , , , , C172
1660401964, , 33.571, -117.8052, 4900, 141, 107, C172, , , , , C172
1660401968, , 33.6997, -118.184, 2100, 349, 85, C172, , , , , C172
1660401970, , 33.5684, -117.8029, 4900, 143, 106, C172, , , , , C172
1660401971, , 33.7008, -118.1842, 2100, 351, 84, C172, , , , , C172
1660401973, , 33.5673, -117.8019, 4900, 142, 106, C172, , , , , C172
1660401971, , 33.7008, -118.1842, 2100, 351, 84, C172, , , , , C172
1660401973, , 33.5673, -117.8019, 4900, 142, 106, C172, , , , , C172
1660401978, , 33.7033, -118.1846, 2100, 354, 84, C172, , , , , C172
1660401976, , 33.5662, -117.8008, 4900, 140, 106, C172, , , , , C172
1660401978, , 33.7033, -118.1846, 2100, 354, 84, C172, , , , , C172
1660401976, , 33.5662, -117.8008, 4900, 140, 106, C172, , , , , C172
1660401981, , 33.7042, -118.1846, 2100, 355, 85, C172, , , , , C172
1660401982, , 33.564, -117.7984, 4900, 135, 106, C172, , , , , C172
1660401983, , 33.7055, -118.1847, 2100, 356, 86, C172, , , , , C172
1660401985, , 33.563, -117.7972, 4900, 134, 107, C172, , , , , C172
1660401983, , 33.7055, -118.1847, 2100, 356, 86, C172, , , , , C172
1660401985, , 33.563, -117.7972, 4900, 134, 107, C172, , , , , C172
1660401990, , 33.7075, -118.1849, 2100, 358, 86, C172, , , , , C172
1660401988, , 33.5621, -117.7961, 4900, 133, 109, C172, , , , , C172
1660401990, , 33.7075, -118.1849, 2100, 358, 86, C172, , , , , C172
1660401988, , 33.5621, -117.7961, 4900, 133, 109, C172, , , , , C172
1660401993, , 33.7092, -118.1849, 2100, 360, 87, C172, , , , , C172
1660401994, , 33.5598, -117.7931, 4900, 132, 112, C172, , , , , C172
1660401993, , 33.7092, -118.1849, 2100, 360, 87, C172, , , , , C172
1660401994, , 33.5598, -117.7931, 4900, 132, 112, C172, , , , , C172
1660401995, , 33.7103, -118.1849, 2100, 1, 87, C172, , , , , C172
1660401996, , 33.5593, -117.7924, 4900, 132, 113, C172, , , , , C172
1660401995, , 33.7103, -118.1849, 2100, 1, 87, C172, , , , , C172
1660401996, , 33.5593, -117.7924, 4900, 132, 113, C172, , , , , C172
1660402001, , 33.7127, -118.1847, 2100, 3, 87, C172, , , , , C172
1660402001, , 33.5574, -117.7899, 4900, 130, 115, C172, , , , , C172
1660402005, , 33.7139, -118.1846, 2100, 5, 86, C172, , , , , C172
1660402004, , 33.5563, -117.7882, 4800, 129, 117, C172, , , , , C172
1660402005, , 33.7139, -118.1846, 2100, 5, 86, C172, , , , , C172
1660402004, , 33.5563, -117.7882, 4800, 129, 117, C172, , , , , C172
1660402008, , 33.7153, -118.1844, 2100, 5, 86, C172, , , , , C172
1660402008, , 33.5549, -117.7863, 4800, 130, 117, C172, , , , , C172
1660402008, , 33.7153, -118.1844, 2100, 5, 86, C172, , , , , C172
1660402008, , 33.5549, -117.7863, 4800, 130, 117, C172, , , , , C172
1660402014, , 33.7174, -118.184, 2100, 11, 84, C172, , , , , C172
1660402012, , 33.5537, -117.7845, 4800, 129, 117, C172, , , , , C172
1660402014, , 33.7174, -118.184, 2100, 11, 84, C172, , , , , C172
1660402012, , 33.5537, -117.7845, 4800, 129, 117, C172, , , , , C172
1660402017, , 33.7187, -118.1837, 2000, 13, 84, C172, , , , , C172
1660402016, , 33.5523, -117.7825, 4800, 128, 116, C172, , , , , C172
1660402020, , 33.7198, -118.1833, 2000, 13, 83, C172, , , , , C172
1660402020, , 33.5508, -117.7803, 4800, 128, 115, C172, , , , , C172
1660402020, , 33.7198, -118.1833, 2000, 13, 83, C172, , , , , C172
1660402020, , 33.5508, -117.7803, 4800, 128, 115, C172, , , , , C172
1660402026, , 33.7221, -118.1826, 2000, 15, 82, C172, , , , , C172
1660402024, , 33.5496, -117.7785, 4800, 129, 115, C172, , , , , C172
1660402026, , 33.7221, -118.1826, 2000, 15, 82, C172, , , , , C172
1660402024, , 33.5496, -117.7785, 4800, 129, 115, C172, , , , , C172
1660402029, , 33.7232, -118.1822, 2000, 15, 82, C172, , , , , C172
1660402028, , 33.5486, -117.7771, 4800, 130, 114, C172, , , , , C172
1660402029, , 33.7232, -118.1822, 2000, 15, 82, C172, , , , , C172
1660402028, , 33.5486, -117.7771, 4800, 130, 114, C172, , , , , C172
1660402032, , 33.7243, -118.1819, 1900, 16, 82, C172, , , , , C172
1660402033, , 33.5464, -117.774, 4800, 131, 113, C172, , , , , C172
1660402032, , 33.7243, -118.1819, 1900, 16, 82, C172, , , , , C172
1660402033, , 33.5464, -117.774, 4800, 131, 113, C172, , , , , C172
1660402038, , 33.7264, -118.1811, 1900, 16, 83, C172, , , , , C172
1660402037, , 33.5451, -117.7723, 4800, 135, 111, C172, , , , , C172
1660402040, , 33.7272, -118.1808, 1900, 16, 84, C172, , , , , C172
1660402041, , 33.5439, -117.7711, 4800, 138, 110, C172, , , , , C172
1660402040, , 33.7272, -118.1808, 1900, 16, 84, C172, , , , , C172
1660402041, , 33.5439, -117.7711, 4800, 138, 110, C172, , , , , C172
1660402043, , 33.7287, -118.1803, 1800, 16, 86, C172, , , , , C172
1660402045, , 33.5427, -117.77, 4800, 146, 110, C172, , , , , C172
1660402043, , 33.7287, -118.1803, 1800, 16, 86, C172, , , , , C172
1660402045, , 33.5427, -117.77, 4800, 146, 110, C172, , , , , C172
1660402050, , 33.7311, -118.1795, 1800, 17, 87, C172, , , , , C172
1660402045, , 33.5427, -117.77, 4800, 146, 110, C172, , , , , C172
1660402050, , 33.7311, -118.1795, 1800, 17, 87, C172, , , , , C172
1660402045, , 33.5427, -117.77, 4800, 146, 110, C172, , , , , C172
1660402053, , 33.7323, -118.179, 1700, 17, 88, C172, , , , , C172
1660402050, , 33.5397, -117.7682, 4800, 158, 111, C172, , , , , C172
1660402056, , 33.7333, -118.1786, 1700, 18, 87, C172, , , , , C172
1660402057, , 33.5359, -117.7663, 4800, 154, 111, C172, , , , , C172
1660402056, , 33.7333, -118.1786, 1700, 18, 87, C172, , , , , C172
1660402057, , 33.5359, -117.7663, 4800, 154, 111, C172, , , , , C172
1660402061, , 33.7354, -118.1777, 1700, 19, 85, C172, , , , , C172
1660402060, , 33.5347, -117.7654, 4800, 144, 107, C172, , , , , C172
1660402061, , 33.7354, -118.1777, 1700, 19, 85, C172, , , , , C172
1660402060, , 33.5347, -117.7654, 4800, 144, 107, C172, , , , , C172
1660402064, , 33.7367, -118.1772, 1700, 19, 85, C172, , , , , C172
1660402062, , 33.5338, -117.7647, 4800, 142, 107, C172, , , , , C172
1660402064, , 33.7367, -118.1772, 1700, 19, 85, C172, , , , , C172
1660402062, , 33.5338, -117.7647, 4800, 142, 107, C172, , , , , C172
1660402068, , 33.7379, -118.1766, 1700, 20, 85, C172, , , , , C172
1660402066, , 33.5325, -117.7633, 4800, 138, 104, C172, , , , , C172
1660402074, , 33.7402, -118.1756, 1600, 21, 85, C172, , , , , C172
1660402071, , 33.5306, -117.7613, 4800, 136, 105, C172, , , , , C172
1660402074, , 33.7402, -118.1756, 1600, 21, 85, C172, , , , , C172
1660402071, , 33.5306, -117.7613, 4800, 136, 105, C172, , , , , C172
1660402077, , 33.7412, -118.1751, 1600, 22, 85, C172, , , , , C172
1660402075, , 33.5293, -117.7598, 4900, 136, 104, C172, , , , , C172
1660402077, , 33.7412, -118.1751, 1600, 22, 85, C172, , , , , C172
1660402075, , 33.5293, -117.7598, 4900, 136, 104, C172, , , , , C172
1660402080, , 33.7423, -118.1746, 1600, 22, 85, C172, , , , , C172
1660402079, , 33.528, -117.7582, 4900, 132, 103, C172, , , , , C172
1660402080, , 33.7423, -118.1746, 1600, 22, 85, C172, , , , , C172
1660402079, , 33.528, -117.7582, 4900, 132, 103, C172, , , , , C172
1660402086, , 33.7446, -118.1735, 1500, 21, 83, C172, , , , , C172
1660402083, , 33.5266, -117.7563, 4900, 126, 100, C172, , , , , C172
1660402086, , 33.7446, -118.1735, 1500, 21, 83, C172, , , , , C172
1660402083, , 33.5266, -117.7563, 4900, 126, 100, C172, , , , , C172
1660402089, , 33.7456, -118.173, 1500, 20, 84, C172, , , , , C172
1660402087, , 33.5258, -117.7548, 4900, 124, 100, C172, , , , , C172
1660402092, , 33.7467, -118.1725, 1500, 20, 85, C172, , , , , C172
1660402092, , 33.5248, -117.7528, 4900, 119, 98, C172, , , , , C172
1660402092, , 33.7467, -118.1725, 1500, 20, 85, C172, , , , , C172
1660402092, , 33.5248, -117.7528, 4900, 119, 98, C172, , , , , C172
1660402098, , 33.7489, -118.1715, 1400, 19, 82, C172, , , , , C172
1660402096, , 33.5233, -117.75, 5000, 122, 97, C172, , , , , C172
1660402098, , 33.7489, -118.1715, 1400, 19, 82, C172, , , , , C172
1660402096, , 33.5233, -117.75, 5000, 122, 97, C172, , , , , C172
1660402101, , 33.7499, -118.1711, 1400, 19, 82, C172, , , , , C172
1660402099, , 33.5226, -117.7487, 5000, 125, 95, C172, , , , , C172
1660402101, , 33.7499, -118.1711, 1400, 19, 82, C172, , , , , C172
1660402099, , 33.5226, -117.7487, 5000, 125, 95, C172, , , , , C172
1660402104, , 33.7511, -118.1706, 1400, 18, 81, C172, , , , , C172
1660402106, , 33.5209, -117.7461, 5000, 129, 93, C172, , , , , C172
1660402110, , 33.7533, -118.1697, 1300, 17, 81, C172, , , , , C172
1660402109, , 33.52, -117.7449, 5000, 134, 96, C172, , , , , C172
1660402110, , 33.7533, -118.1697, 1300, 17, 81, C172, , , , , C172
1660402109, , 33.52, -117.7449, 5000, 134, 96, C172, , , , , C172
1660402109, , 33.52, -117.7449, 5000, 134, 96, C172, , , , , C172
1660402109, , 33.52, -117.7449, 5000, 134, 96, C172, , , , , C172
1660402117, , 33.5173, -117.7417, 5000, 135, 101, C172, , , , , C172
1660402117, , 33.5173, -117.7417, 5000, 135, 101, C172, , , , , C172
1660402120, , 33.5162, -117.7404, 5000, 136, 101, C172, , , , , C172
1660402120, , 33.5162, -117.7404, 5000, 136, 101, C172, , , , , C172
1660402124, , 33.515, -117.7391, 5000, 139, 101, C172, , , , , C172
1660402130, , 33.5129, -117.737, 5000, 140, 100, C172, , , , , C172
1660402130, , 33.5129, -117.737, 5000, 140, 100, C172, , , , , C172
1660402133, , 33.5123, -117.7365, 5000, 142, 101, C172, , , , , C172
1660402133, , 33.5123, -117.7365, 5000, 142, 101, C172, , , , , C172
1660402136, , 33.5107, -117.7351, 5000, 145, 103, C172, , , , , C172
1660402136, , 33.5107, -117.7351, 5000, 145, 103, C172, , , , , C172
1660402142, , 33.5081, -117.7332, 4900, 151, 107, C172, , , , , C172
1660402144, , 33.5068, -117.7325, 4900, 152, 109, C172, , , , , C172
1660402144, , 33.5068, -117.7325, 4900, 152, 109, C172, , , , , C172
1660402148, , 33.5056, -117.7316, 4900, 148, 109, C172, , , , , C172
1660402148, , 33.5056, -117.7316, 4900, 148, 109, C172, , , , , C172
1660402153, , 33.503, -117.7295, 4900, 143, 105, C172, , , , , C172
1660402153, , 33.503, -117.7295, 4900, 143, 105, C172, , , , , C172
1660402157, , 33.5019, -117.7284, 5000, 138, 104, C172, , , , , C172
1660402157, , 33.5019, -117.7284, 5000, 138, 104, C172, , , , , C172
1660402159, , 33.5008, -117.7272, 4900, 136, 103, C172, , , , , C172
1660402165, , 33.499, -117.7244, 5000, 123, 106, C172, , , , , C172
1660402165, , 33.499, -117.7244, 5000, 123, 106, C172, , , , , C172
1660402169, , 33.4982, -117.7229, 4900, 125, 107, C172, , , , , C172
1660402169, , 33.4982, -117.7229, 4900, 125, 107, C172, , , , , C172
1660402171, , 33.4973, -117.7215, 4900, 127, 107, C172, , , , , C172
1660402171, , 33.4973, -117.7215, 4900, 127, 107, C172, , , , , C172
1660402178, , 33.4956, -117.7187, 5000, 122, 105, C172, , , , , C172
1660402181, , 33.4948, -117.717, 5000, 120, 103, C172, , , , , C172
1660402181, , 33.4948, -117.717, 5000, 120, 103, C172, , , , , C172
1660402184, , 33.494, -117.7154, 5000, 120, 103, C172, , , , , C172
1660402184, , 33.494, -117.7154, 5000, 120, 103, C172, , , , , C172
1660402190, , 33.4927, -117.7131, 5000, 126, 101, C172, , , , , C172
