//Timestamp, ICAO, Latitude_deg, Longitude_deg, Altitude_ft, Heading_deg, GroundSpeed_kts, AircraftType, RegistrationNum, Departure, Arrival, FlightNumber1, FlightNumber2
1660401556, , 33.7502, -117.9789, 17500, 147, 350, C25B, , , , , C25B
1660401556, , 33.7502, -117.9789, 17500, 147, 350, C25B, , , , , C25B
1660401560, , 33.7451, -117.9751, 17500, 147, 350, C25B, , , , , C25B
1660401560, , 33.7451, -117.9751, 17500, 147, 350, C25B, , , , , C25B
1660401564, , 33.7402, -117.9714, 17500, 147, 350, C25B, , , , , C25B
1660401564, , 33.7402, -117.9714, 17500, 147, 350, C25B, , , , , C25B
1660401568, , 33.7337, -117.9665, 17500, 147, 350, C25B, , , , , C25B
1660401572, , 33.7282, -117.9624, 17500, 147, 350, C25B, , , , , C25B
1660401572, , 33.7282, -117.9624, 17500, 147, 350, C25B, , , , , C25B
1660401576, , 33.7242, -117.9594, 17500, 147, 350, C25B, , , , , C25B
1660401576, , 33.7242, -117.9594, 17500, 147, 350, C25B, , , , , C25B
1660401580, , 33.7186, -117.9551, 17500, 147, 350, C25B, , , , , C25B
1660401580, , 33.7186, -117.9551, 17500, 147, 350, C25B, , , , , C25B
1660401584, , 33.7117, -117.9499, 17500, 147, 350, C25B, , , , , C25B
1660401588, , 33.7066, -117.9461, 17500, 147, 350, C25B, , , , , C25B
1660401588, , 33.7066, -117.9461, 17500, 147, 350, C25B, , , , , C25B
1660401592, , 33.7013, -117.9421, 17500, 147, 350, C25B, , , , , C25B
1660401592, , 33.7013, -117.9421, 17500, 147, 350, C25B, , , , , C25B
1660401596, , 33.6953, -117.9376, 17500, 147, 350, C25B, , , , , C25B
1660401600, , 33.6908, -117.9342, 17500, 147, 350, C25B, , , , , C25B
1660401600, , 33.6908, -117.9342, 17500, 147, 350, C25B, , , , , C25B
1660401604, , 33.6844, -117.9293, 17500, 147, 350, C25B, , , , , C25B
1660401608, , 33.6792, -117.9255, 17500, 147, 350, C25B, , , , , C25B
1660401608, , 33.6792, -117.9255, 17500, 147, 350, C25B, , , , , C25B
1660401612, , 33.6735, -117.9211, 17500, 147, 350, C25B, , , , , C25B
1660401612, , 33.6735, -117.9211, 17500, 147, 350, C25B, , , , , C25B
1660401616, , 33.6682, -117.9172, 17500, 147, 350, C25B, , , , , C25B
1660401616, , 33.6682, -117.9172, 17500, 147, 350, C25B, , , , , C25B
1660401620, , 33.6633, -117.9135, 17500, 147, 350, C25B, , , , , C25B
1660401624, , 33.6567, -117.9085, 17500, 148, 351, C25B, , , , , C25B
1660401624, , 33.6567, -117.9085, 17500, 148, 351, C25B, , , , , C25B
1660401628, , 33.6547, -117.9071, 17500, 148, 351, C25B, , , , , C25B
1660401628, , 33.6547, -117.9071, 17500, 148, 351, C25B, , , , , C25B
1660401634, , 33.6426, -117.898, 17500, 147, 351, C25B, , , , , C25B
1660401634, , 33.6426, -117.898, 17500, 147, 351, C25B, , , , , C25B
1660401637, , 33.6383, -117.8948, 17500, 147, 351, C25B, , , , , C25B
1660401640, , 33.634, -117.8915, 17500, 147, 350, C25B, , , , , C25B
1660401640, , 33.634, -117.8915, 17500, 147, 350, C25B, , , , , C25B
1660401646, , 33.6275, -117.8867, 17500, 147, 351, C25B, , , , , C25B
1660401646, , 33.6275, -117.8867, 17500, 147, 351, C25B, , , , , C25B
1660401649, , 33.6232, -117.8834, 17500, 147, 351, C25B, , , , , C25B
1660401649, , 33.6232, -117.8834, 17500, 147, 351, C25B, , , , , C25B
1660401652, , 33.6186, -117.88, 17500, 148, 351, C25B, , , , , C25B
1660401652, , 33.6186, -117.88, 17500, 148, 351, C25B, , , , , C25B
1660401652, , 33.6186, -117.88, 17500, 148, 351, C25B, , , , , C25B
1660401652, , 33.6186, -117.88, 17500, 148, 351, C25B, , , , , C25B
1660401652, , 33.6186, -117.88, 17500, 148, 351, C25B, , , , , C25B
1660401652, , 33.6186, -117.88, 17500, 148, 351, C25B, , , , , C25B
1660401652, , 33.6186, -117.88, 17500, 148, 351, C25B, , , , , C25B
1660401652, , 33.6186, -117.88, 17500, 148, 351, C25B, , , , , C25B
1660401652, , 33.6186, -117.88, 17500, 148, 351, C25B, , , , , C25B
1660401671, , 33.5914, -117.8596, 17500, 147, 350, C25B, , , , , C25B
1660401675, , 33.5868, -117.8561, 17500, 147, 350, C25B, , , , , C25B
1660401675, , 33.5868, -117.8561, 17500, 147, 350, C25B, , , , , C25B
1660401679, , 33.5806, -117.8514, 17500, 147, 350, C25B, , , , , C25B
1660401679, , 33.5806, -117.8514, 17500, 147, 350, C25B, , , , , C25B
1660401683, , 33.5762, -117.8481, 17500, 147, 351, C25B, , , , , C25B
1660401683, , 33.5762, -117.8481, 17500, 147, 351, C25B, , , , , C25B
1660401687, , 33.5718, -117.8448, 17500, 147, 351, C25B, , , , , C25B
1660401692, , 33.5626, -117.838, 17500, 147, 351, C25B, , , , , C25B
1660401692, , 33.5626, -117.838, 17500, 147, 351, C25B, , , , , C25B
1660401696, , 33.5579, -117.8345, 17500, 147, 351, C25B, , , , , C25B
1660401696, , 33.5579, -117.8345, 17500, 147, 351, C25B, , , , , C25B
1660401700, , 33.5517, -117.8298, 17500, 148, 352, C25B, , , , , C25B
1660401700, , 33.5517, -117.8298, 17500, 148, 352, C25B, , , , , C25B
1660401704, , 33.5473, -117.8266, 17500, 148, 352, C25B, , , , , C25B
1660401708, , 33.5409, -117.8218, 17500, 147, 352, C25B, , , , , C25B
1660401708, , 33.5409, -117.8218, 17500, 147, 352, C25B, , , , , C25B
1660401712, , 33.5368, -117.8187, 17500, 148, 352, C25B, , , , , C25B
1660401712, , 33.5368, -117.8187, 17500, 148, 352, C25B, , , , , C25B
1660401716, , 33.5301, -117.8138, 17500, 147, 352, C25B, , , , , C25B
1660401716, , 33.5301, -117.8138, 17500, 147, 352, C25B, , , , , C25B
1660401720, , 33.5247, -117.8097, 17500, 147, 352, C25B, , , , , C25B
1660401720, , 33.5247, -117.8097, 17500, 147, 352, C25B, , , , , C25B
1660401724, , 33.5192, -117.8056, 17500, 147, 352, C25B, , , , , C25B
1660401728, , 33.5166, -117.8036, 17500, 147, 351, C25B, , , , , C25B
1660401728, , 33.5166, -117.8036, 17500, 147, 351, C25B, , , , , C25B
1660401732, , 33.5078, -117.797, 17500, 147, 352, C25B, , , , , C25B
1660401732, , 33.5078, -117.797, 17500, 147, 352, C25B, , , , , C25B
1660401736, , 33.503, -117.7934, 17500, 147, 352, C25B, , , , , C25B
1660401736, , 33.503, -117.7934, 17500, 147, 352, C25B, , , , , C25B
1660401740, , 33.4969, -117.7889, 17500, 147, 352, C25B, , , , , C25B
1660401744, , 33.4918, -117.785, 17500, 147, 353, C25B, , , , , C25B
1660401744, , 33.4918, -117.785, 17500, 147, 353, C25B, , , , , C25B
1660401748, , 33.4857, -117.7804, 17500, 147, 353, C25B, , , , , C25B
1660401748, , 33.4857, -117.7804, 17500, 147, 353, C25B, , , , , C25B
1660401752, , 33.4815, -117.7774, 17500, 147, 352, C25B, , , , , C25B
1660401756, , 33.4742, -117.7718, 17475, 147, 353, C25B, , , , , C25B
1660401756, , 33.4742, -117.7718, 17475, 147, 353, C25B, , , , , C25B
1660401760, , 33.4684, -117.7675, 17400, 148, 353, C25B, , , , , C25B
1660401760, , 33.4684, -117.7675, 17400, 148, 353, C25B, , , , , C25B
1660401764, , 33.4661, -117.7659, 17275, 148, 354, C25B, , , , , C25B
1660401764, , 33.4661, -117.7659, 17275, 148, 354, C25B, , , , , C25B
1660401768, , 33.4582, -117.7599, 17175, 148, 354, C25B, , , , , C25B
1660401772, , 33.4526, -117.7558, 17050, 148, 354, C25B, , , , , C25B
1660401772, , 33.4526, -117.7558, 17050, 148, 354, C25B, , , , , C25B
1660401776, , 33.4477, -117.7522, 16850, 148, 352, C25B, , , , , C25B
1660401776, , 33.4477, -117.7522, 16850, 148, 352, C25B, , , , , C25B
1660401780, , 33.4412, -117.7474, 16725, 148, 352, C25B, , , , , C25B
1660401780, , 33.4412, -117.7474, 16725, 148, 352, C25B, , , , , C25B
1660401784, , 33.4367, -117.744, 16575, 148, 351, C25B, , , , , C25B
1660401784, , 33.4367, -117.744, 16575, 148, 351, C25B, , , , , C25B
1660401788, , 33.431, -117.7397, 16400, 148, 350, C25B, , , , , C25B
1660401792, , 33.4254, -117.7355, 16275, 147, 349, C25B, , , , , C25B
1660401792, , 33.4254, -117.7355, 16275, 147, 349, C25B, , , , , C25B
1660401797, , 33.4183, -117.7302, 16050, 147, 347, C25B, , , , , C25B
1660401797, , 33.4183, -117.7302, 16050, 147, 347, C25B, , , , , C25B
1660401801, , 33.4169, -117.7292, 15875, 147, 347, C25B, , , , , C25B
1660401801, , 33.4169, -117.7292, 15875, 147, 347, C25B, , , , , C25B
1660401805, , 33.4067, -117.7215, 15750, 147, 345, C25B, , , , , C25B
1660401809, , 33.4022, -117.7182, 15600, 147, 345, C25B, , , , , C25B
1660401809, , 33.4022, -117.7182, 15600, 147, 345, C25B, , , , , C25B
1660401813, , 33.3968, -117.7141, 15450, 147, 343, C25B, , , , , C25B
1660401813, , 33.3968, -117.7141, 15450, 147, 343, C25B, , , , , C25B
1660401817, , 33.3909, -117.7097, 15275, 147, 342, C25B, , , , , C25B
1660401817, , 33.3909, -117.7097, 15275, 147, 342, C25B, , , , , C25B
1660401821, , 33.3854, -117.7056, 15150, 147, 342, C25B, , , , , C25B
1660401825, , 33.3806, -117.702, 15000, 147, 341, C25B, , , , , C25B
1660401825, , 33.3806, -117.702, 15000, 147, 341, C25B, , , , , C25B
1660401829, , 33.3754, -117.6981, 14850, 148, 340, C25B, , , , , C25B
1660401829, , 33.3754, -117.6981, 14850, 148, 340, C25B, , , , , C25B
1660401833, , 33.3699, -117.694, 14725, 148, 339, C25B, , , , , C25B
1660401833, , 33.3699, -117.694, 14725, 148, 339, C25B, , , , , C25B
1660401837, , 33.3639, -117.6896, 14550, 148, 338, C25B, , , , , C25B
1660401841, , 33.359, -117.6859, 14425, 148, 338, C25B, , , , , C25B
1660401841, , 33.359, -117.6859, 14425, 148, 338, C25B, , , , , C25B
1660401845, , 33.3535, -117.6819, 14275, 148, 337, C25B, , , , , C25B
1660401845, , 33.3535, -117.6819, 14275, 148, 337, C25B, , , , , C25B
1660401845, , 33.3535, -117.6819, 14275, 148, 337, C25B, , , , , C25B
1660401845, , 33.3535, -117.6819, 14275, 148, 337, C25B, , , , , C25B
1660401850, , 33.3472, -117.6771, 14075, 148, 336, C25B, , , , , C25B
1660401855, , 33.3408, -117.6724, 13925, 147, 336, C25B, , , , , C25B
1660401855, , 33.3408, -117.6724, 13925, 147, 336, C25B, , , , , C25B
1660401859, , 33.3361, -117.6688, 13800, 146, 336, C25B, , , , , C25B
1660401859, , 33.3361, -117.6688, 13800, 146, 336, C25B, , , , , C25B
1660401863, , 33.3294, -117.6635, 13650, 145, 335, C25B, , , , , C25B
1660401863, , 33.3294, -117.6635, 13650, 145, 335, C25B, , , , , C25B
1660401867, , 33.3247, -117.6597, 13525, 145, 335, C25B, , , , , C25B
1660401871, , 33.3235, -117.6586, 13400, 145, 336, C25B, , , , , C25B
1660401871, , 33.3235, -117.6586, 13400, 145, 336, C25B, , , , , C25B
1660401876, , 33.3123, -117.6496, 13225, 145, 334, C25B, , , , , C25B
1660401876, , 33.3123, -117.6496, 13225, 145, 334, C25B, , , , , C25B
1660401880, , 33.308, -117.6462, 13100, 145, 334, C25B, , , , , C25B
1660401880, , 33.308, -117.6462, 13100, 145, 334, C25B, , , , , C25B
1660401884, , 33.3024, -117.6416, 12950, 145, 334, C25B, , , , , C25B
1660401888, , 33.2972, -117.6374, 12825, 145, 335, C25B, , , , , C25B
1660401888, , 33.2972, -117.6374, 12825, 145, 335, C25B, , , , , C25B
1660401892, , 33.294, -117.6348, 12700, 145, 334, C25B, , , , , C25B
1660401892, , 33.294, -117.6348, 12700, 145, 334, C25B, , , , , C25B
1660401896, , 33.2878, -117.6297, 12575, 145, 334, C25B, , , , , C25B
1660401896, , 33.2878, -117.6297, 12575, 145, 334, C25B, , , , , C25B
1660401900, , 33.2895, -117.6312, 12450, 145, 334, C25B, , , , , C25B
1660401900, , 33.2895, -117.6312, 12450, 145, 334, C25B, , , , , C25B
1660401906, , 33.2783, -117.622, 12250, 145, 333, C25B, , , , , C25B
1660401906, , 33.2783, -117.622, 12250, 145, 333, C25B, , , , , C25B
1660401906, , 33.2783, -117.622, 12250, 145, 333, C25B, , , , , C25B
1660401911, , 33.2679, -117.6129, 12075, 141, 329, C25B, , , , , C25B
1660401911, , 33.2679, -117.6129, 12075, 141, 329, C25B, , , , , C25B
1660401915, , 33.264, -117.6089, 11925, 138, 326, C25B, , , , , C25B
1660401919, , 33.2593, -117.6039, 11800, 138, 325, C25B, , , , , C25B
1660401919, , 33.2593, -117.6039, 11800, 138, 325, C25B, , , , , C25B
1660401923, , 33.2548, -117.5991, 11675, 138, 323, C25B, , , , , C25B
1660401923, , 33.2548, -117.5991, 11675, 138, 323, C25B, , , , , C25B
1660401927, , 33.253, -117.5973, 11550, 138, 320, C25B, , , , , C25B
1660401927, , 33.253, -117.5973, 11550, 138, 320, C25B, , , , , C25B
1660401931, , 33.2466, -117.5905, 11400, 138, 317, C25B, , , , , C25B
1660401936, , 33.2409, -117.5845, 11225, 138, 313, C25B, , , , , C25B
1660401936, , 33.2409, -117.5845, 11225, 138, 313, C25B, , , , , C25B
1660401940, , 33.2367, -117.5801, 11100, 138, 310, C25B, , , , , C25B
1660401940, , 33.2367, -117.5801, 11100, 138, 310, C25B, , , , , C25B
1660401944, , 33.2324, -117.5755, 10975, 138, 307, C25B, , , , , C25B
1660401944, , 33.2324, -117.5755, 10975, 138, 307, C25B, , , , , C25B
1660401948, , 33.2279, -117.5707, 10850, 138, 305, C25B, , , , , C25B
1660401948, , 33.2279, -117.5707, 10850, 138, 305, C25B, , , , , C25B
1660401952, , 33.2238, -117.5663, 10725, 138, 303, C25B, , , , , C25B
1660401956, , 33.2199, -117.5622, 10625, 138, 301, C25B, , , , , C25B
1660401956, , 33.2199, -117.5622, 10625, 138, 301, C25B, , , , , C25B
1660401960, , 33.2162, -117.5583, 10525, 138, 299, C25B, , , , , C25B
1660401960, , 33.2162, -117.5583, 10525, 138, 299, C25B, , , , , C25B
1660401964, , 33.2106, -117.5524, 10400, 138, 297, C25B, , , , , C25B
1660401964, , 33.2106, -117.5524, 10400, 138, 297, C25B, , , , , C25B
1660401968, , 33.2074, -117.5491, 10325, 138, 296, C25B, , , , , C25B
1660401972, , 33.2051, -117.5467, 10200, 138, 294, C25B, , , , , C25B
1660401972, , 33.2051, -117.5467, 10200, 138, 294, C25B, , , , , C25B
1660401976, , 33.1991, -117.5403, 10150, 138, 293, C25B, , , , , C25B
1660401976, , 33.1991, -117.5403, 10150, 138, 293, C25B, , , , , C25B
1660401980, , 33.1945, -117.5355, 10025, 138, 292, C25B, , , , , C25B
1660401984, , 33.1911, -117.5319, 9950, 138, 291, C25B, , , , , C25B
1660401984, , 33.1911, -117.5319, 9950, 138, 291, C25B, , , , , C25B
1660401988, , 33.1875, -117.5282, 9850, 138, 291, C25B, , , , , C25B
1660401988, , 33.1875, -117.5282, 9850, 138, 291, C25B, , , , , C25B
1660401992, , 33.1826, -117.5229, 9725, 138, 289, C25B, , , , , C25B
1660401992, , 33.1826, -117.5229, 9725, 138, 289, C25B, , , , , C25B
1660401996, , 33.179, -117.5191, 9650, 138, 289, C25B, , , , , C25B
1660401996, , 33.179, -117.5191, 9650, 138, 289, C25B, , , , , C25B
1660402000, , 33.1747, -117.5146, 9525, 138, 288, C25B, , , , , C25B
1660402006, , 33.1687, -117.5083, 9400, 138, 287, C25B, , , , , C25B
1660402006, , 33.1687, -117.5083, 9400, 138, 287, C25B, , , , , C25B
1660402009, , 33.1657, -117.5051, 9325, 138, 287, C25B, , , , , C25B
1660402009, , 33.1657, -117.5051, 9325, 138, 287, C25B, , , , , C25B
1660402012, , 33.163, -117.5023, 9250, 138, 287, C25B, , , , , C25B
1660402012, , 33.163, -117.5023, 9250, 138, 287, C25B, , , , , C25B
1660402018, , 33.1564, -117.4952, 9100, 138, 286, C25B, , , , , C25B
1660402021, , 33.1538, -117.4925, 9025, 138, 286, C25B, , , , , C25B
1660402021, , 33.1538, -117.4925, 9025, 138, 286, C25B, , , , , C25B
1660402023, , 33.1514, -117.49, 8950, 138, 286, C25B, , , , , C25B
1660402023, , 33.1514, -117.49, 8950, 138, 286, C25B, , , , , C25B
1660402030, , 33.1447, -117.4828, 8800, 138, 286, C25B, , , , , C25B
1660402030, , 33.1447, -117.4828, 8800, 138, 286, C25B, , , , , C25B
1660402033, , 33.1418, -117.4798, 8700, 138, 285, C25B, , , , , C25B
1660402033, , 33.1418, -117.4798, 8700, 138, 285, C25B, , , , , C25B
1660402036, , 33.1387, -117.4766, 8650, 138, 285, C25B, , , , , C25B
1660402042, , 33.1327, -117.4702, 8500, 138, 284, C25B, , , , , C25B
1660402042, , 33.1327, -117.4702, 8500, 138, 284, C25B, , , , , C25B
1660402045, , 33.1301, -117.4676, 8425, 138, 284, C25B, , , , , C25B
1660402045, , 33.1301, -117.4676, 8425, 138, 284, C25B, , , , , C25B
1660402048, , 33.1268, -117.464, 8350, 138, 284, C25B, , , , , C25B
1660402048, , 33.1268, -117.464, 8350, 138, 284, C25B, , , , , C25B
1660404532, , 33.1258, -117.7924, 15450, 319, 305, C25B, , , , , C25B
1660404538, , 33.1324, -117.7991, 15725, 319, 305, C25B, , , , , C25B
1660404538, , 33.1324, -117.7991, 15725, 319, 305, C25B, , , , , C25B
1660404541, , 33.1355, -117.8022, 15850, 319, 305, C25B, , , , , C25B
1660404541, , 33.1355, -117.8022, 15850, 319, 305, C25B, , , , , C25B
1660404544, , 33.1384, -117.8052, 15950, 319, 306, C25B, , , , , C25B
1660404550, , 33.144, -117.8109, 16200, 319, 306, C25B, , , , , C25B
1660404550, , 33.144, -117.8109, 16200, 319, 306, C25B, , , , , C25B
1660404552, , 33.1473, -117.8142, 16275, 319, 306, C25B, , , , , C25B
1660404552, , 33.1473, -117.8142, 16275, 319, 306, C25B, , , , , C25B
1660404556, , 33.1519, -117.8189, 16475, 319, 306, C25B, , , , , C25B
1660404556, , 33.1519, -117.8189, 16475, 319, 306, C25B, , , , , C25B
1660404562, , 33.1582, -117.8255, 16700, 319, 305, C25B, , , , , C25B
1660404565, , 33.1613, -117.8286, 16825, 319, 305, C25B, , , , , C25B
1660404565, , 33.1613, -117.8286, 16825, 319, 305, C25B, , , , , C25B
1660404568, , 33.1652, -117.8326, 16975, 319, 305, C25B, , , , , C25B
1660404568, , 33.1652, -117.8326, 16975, 319, 305, C25B, , , , , C25B
1660404571, , 33.1683, -117.8358, 17100, 319, 305, C25B, , , , , C25B
1660404571, , 33.1683, -117.8358, 17100, 319, 305, C25B, , , , , C25B
1660404577, , 33.1748, -117.8425, 17350, 319, 305, C25B, , , , , C25B
1660404581, , 33.1781, -117.8458, 17475, 319, 305, C25B, , , , , C25B
1660404581, , 33.1781, -117.8458, 17475, 319, 305, C25B, , , , , C25B
1660404584, , 33.1813, -117.8491, 17600, 319, 305, C25B, , , , , C25B
1660404584, , 33.1813, -117.8491, 17600, 319, 305, C25B, , , , , C25B
1660404590, , 33.1877, -117.8556, 17850, 319, 305, C25B, , , , , C25B
1660404590, , 33.1877, -117.8556, 17850, 319, 305, C25B, , , , , C25B
1660404592, , 33.1912, -117.8591, 17975, 319, 305, C25B, , , , , C25B
1660404596, , 33.1942, -117.8623, 18125, 318, 305, C25B, , , , , C25B
1660404596, , 33.1942, -117.8623, 18125, 318, 305, C25B, , , , , C25B
1660404602, , 33.2004, -117.8693, 18375, 315, 305, C25B, , , , , C25B
1660404602, , 33.2004, -117.8693, 18375, 315, 305, C25B, , , , , C25B
1660404605, , 33.2035, -117.873, 18500, 315, 305, C25B, , , , , C25B
1660404605, , 33.2035, -117.873, 18500, 315, 305, C25B, , , , , C25B
1660404610, , 33.2085, -117.879, 18700, 314, 305, C25B, , , , , C25B
1660404613, , 33.2116, -117.8827, 18825, 315, 305, C25B, , , , , C25B
1660404616, , 33.2146, -117.8863, 18950, 315, 305, C25B, , , , , C25B
1660404616, , 33.2146, -117.8863, 18950, 315, 305, C25B, , , , , C25B
1660404620, , 33.2186, -117.891, 19100, 314, 306, C25B, , , , , C25B
1660404620, , 33.2186, -117.891, 19100, 314, 306, C25B, , , , , C25B
1660404624, , 33.2232, -117.8966, 19300, 314, 305, C25B, , , , , C25B
1660404624, , 33.2232, -117.8966, 19300, 314, 305, C25B, , , , , C25B
1660404627, , 33.2263, -117.9003, 19425, 314, 306, C25B, , , , , C25B
1660404633, , 33.2318, -117.9068, 19675, 314, 304, C25B, , , , , C25B
1660404633, , 33.2318, -117.9068, 19675, 314, 304, C25B, , , , , C25B
1660404636, , 33.2351, -117.9108, 19825, 315, 304, C25B, , , , , C25B
1660404636, , 33.2351, -117.9108, 19825, 315, 304, C25B, , , , , C25B
1660404638, , 33.2371, -117.9131, 19875, 315, 304, C25B, , , , , C25B
1660404638, , 33.2371, -117.9131, 19875, 315, 304, C25B, , , , , C25B
1660404645, , 33.2443, -117.9216, 20175, 315, 304, C25B, , , , , C25B
1660404648, , 33.247, -117.9248, 20300, 315, 304, C25B, , , , , C25B
1660404648, , 33.247, -117.9248, 20300, 315, 304, C25B, , , , , C25B
1660404651, , 33.2505, -117.9291, 20425, 314, 303, C25B, , , , , C25B
1660404651, , 33.2505, -117.9291, 20425, 314, 303, C25B, , , , , C25B
1660404657, , 33.2562, -117.9358, 20675, 315, 302, C25B, , , , , C25B
1660404657, , 33.2562, -117.9358, 20675, 315, 302, C25B, , , , , C25B
1660404660, , 33.2591, -117.9394, 20800, 314, 301, C25B, , , , , C25B
1660404660, , 33.2591, -117.9394, 20800, 314, 301, C25B, , , , , C25B
1660404663, , 33.2623, -117.9432, 20925, 314, 301, C25B, , , , , C25B
1660404669, , 33.2683, -117.9503, 21175, 315, 301, C25B, , , , , C25B
1660404669, , 33.2683, -117.9503, 21175, 315, 301, C25B, , , , , C25B
1660404673, , 33.2709, -117.9534, 21300, 315, 301, C25B, , , , , C25B
1660404673, , 33.2709, -117.9534, 21300, 315, 301, C25B, , , , , C25B
1660404676, , 33.2743, -117.9575, 21450, 315, 299, C25B, , , , , C25B
1660404676, , 33.2743, -117.9575, 21450, 315, 299, C25B, , , , , C25B
1660404679, , 33.2773, -117.961, 21600, 314, 300, C25B, , , , , C25B
1660404683, , 33.2812, -117.9657, 21750, 314, 299, C25B, , , , , C25B
1660404683, , 33.2812, -117.9657, 21750, 314, 299, C25B, , , , , C25B
1660404688, , 33.2854, -117.9707, 21925, 314, 299, C25B, , , , , C25B
1660404688, , 33.2854, -117.9707, 21925, 314, 299, C25B, , , , , C25B
1660404693, , 33.2914, -117.978, 22175, 314, 298, C25B, , , , , C25B
1660404693, , 33.2914, -117.978, 22175, 314, 298, C25B, , , , , C25B
1660404696, , 33.2943, -117.9814, 22300, 314, 298, C25B, , , , , C25B
1660404699, , 33.2972, -117.9849, 22425, 314, 297, C25B, , , , , C25B
1660404699, , 33.2972, -117.9849, 22425, 314, 297, C25B, , , , , C25B
1660404705, , 33.3031, -117.9919, 22675, 314, 297, C25B, , , , , C25B
1660404705, , 33.3031, -117.9919, 22675, 314, 297, C25B, , , , , C25B
1660404708, , 33.306, -117.9954, 22800, 315, 296, C25B, , , , , C25B
1660404708, , 33.306, -117.9954, 22800, 315, 296, C25B, , , , , C25B
1660404711, , 33.3085, -117.9984, 22950, 315, 296, C25B, , , , , C25B
1660404718, , 33.3144, -118.0054, 23200, 315, 296, C25B, , , , , C25B
1660404718, , 33.3144, -118.0054, 23200, 315, 296, C25B, , , , , C25B
1660404721, , 33.3175, -118.0091, 23325, 314, 296, C25B, , , , , C25B
1660404721, , 33.3175, -118.0091, 23325, 314, 296, C25B, , , , , C25B
1660404721, , 33.3175, -118.0091, 23325, 314, 296, C25B, , , , , C25B
1660404721, , 33.3175, -118.0091, 23325, 314, 296, C25B, , , , , C25B
1660404729, , 33.3266, -118.02, 23700, 315, 295, C25B, , , , , C25B
1660404732, , 33.3297, -118.0237, 23825, 314, 294, C25B, , , , , C25B
1660404732, , 33.3297, -118.0237, 23825, 314, 294, C25B, , , , , C25B
1660404736, , 33.3328, -118.0274, 23975, 314, 294, C25B, , , , , C25B
1660404736, , 33.3328, -118.0274, 23975, 314, 294, C25B, , , , , C25B
1660404741, , 33.3381, -118.0337, 24200, 314, 294, C25B, , , , , C25B
1660404741, , 33.3381, -118.0337, 24200, 314, 294, C25B, , , , , C25B
1660404744, , 33.3413, -118.0375, 24325, 315, 294, C25B, , , , , C25B
1660404748, , 33.3444, -118.0412, 24450, 315, 294, C25B, , , , , C25B
1660404748, , 33.3444, -118.0412, 24450, 315, 294, C25B, , , , , C25B
1660404754, , 33.3498, -118.0477, 24725, 314, 293, C25B, , , , , C25B
1660404754, , 33.3498, -118.0477, 24725, 314, 293, C25B, , , , , C25B
1660404757, , 33.3519, -118.0502, 24825, 315, 292, C25B, , , , , C25B
1660404757, , 33.3519, -118.0502, 24825, 315, 292, C25B, , , , , C25B
1660404760, , 33.3558, -118.0549, 24950, 314, 292, C25B, , , , , C25B
1660404760, , 33.3558, -118.0549, 24950, 314, 292, C25B, , , , , C25B
1660404766, , 33.3616, -118.0617, 25200, 315, 292, C25B, , , , , C25B
1660404769, , 33.3645, -118.0651, 25325, 315, 292, C25B, , , , , C25B
1660404769, , 33.3645, -118.0651, 25325, 315, 292, C25B, , , , , C25B
1660404772, , 33.3674, -118.0686, 25450, 315, 291, C25B, , , , , C25B
1660404772, , 33.3674, -118.0686, 25450, 315, 291, C25B, , , , , C25B
1660404778, , 33.373, -118.0751, 25700, 315, 290, C25B, , , , , C25B
1660404778, , 33.373, -118.0751, 25700, 315, 290, C25B, , , , , C25B
1660404781, , 33.3758, -118.0784, 25850, 315, 289, C25B, , , , , C25B
1660404784, , 33.3782, -118.0813, 25950, 315, 289, C25B, , , , , C25B
1660404784, , 33.3782, -118.0813, 25950, 315, 289, C25B, , , , , C25B
1660404790, , 33.3847, -118.089, 26225, 315, 288, C25B, , , , , C25B
1660404790, , 33.3847, -118.089, 26225, 315, 288, C25B, , , , , C25B
1660404793, , 33.3874, -118.0923, 26325, 315, 288, C25B, , , , , C25B
1660404796, , 33.3903, -118.0958, 26475, 315, 287, C25B, , , , , C25B
1660404796, , 33.3903, -118.0958, 26475, 315, 287, C25B, , , , , C25B
1660404802, , 33.3953, -118.1017, 26725, 314, 287, C25B, , , , , C25B
1660404802, , 33.3953, -118.1017, 26725, 314, 287, C25B, , , , , C25B
1660404805, , 33.3984, -118.1054, 26850, 314, 287, C25B, , , , , C25B
1660404805, , 33.3984, -118.1054, 26850, 314, 287, C25B, , , , , C25B
1660404808, , 33.4013, -118.1089, 26975, 314, 286, C25B, , , , , C25B
1660404808, , 33.4013, -118.1089, 26975, 314, 286, C25B, , , , , C25B
1660404814, , 33.407, -118.1156, 27225, 315, 285, C25B, , , , , C25B
1660404817, , 33.4099, -118.1192, 27350, 315, 284, C25B, , , , , C25B
1660404817, , 33.4099, -118.1192, 27350, 315, 284, C25B, , , , , C25B
1660404820, , 33.4129, -118.1226, 27475, 315, 284, C25B, , , , , C25B
1660404820, , 33.4129, -118.1226, 27475, 315, 284, C25B, , , , , C25B
1660404826, , 33.4185, -118.1293, 27725, 315, 284, C25B, , , , , C25B
1660404826, , 33.4185, -118.1293, 27725, 315, 284, C25B, , , , , C25B
1660404826, , 33.4185, -118.1293, 27725, 315, 284, C25B, , , , , C25B
1660404832, , 33.4229, -118.1346, 27975, 314, 283, C25B, , , , , C25B
1660404832, , 33.4229, -118.1346, 27975, 314, 283, C25B, , , , , C25B
1660404837, , 33.4289, -118.1418, 28200, 314, 283, C25B, , , , , C25B
1660404837, , 33.4289, -118.1418, 28200, 314, 283, C25B, , , , , C25B
1660404837, , 33.4289, -118.1418, 28200, 314, 283, C25B, , , , , C25B
1660404837, , 33.4289, -118.1418, 28200, 314, 283, C25B, , , , , C25B
1660404843, , 33.4334, -118.1472, 28475, 314, 282, C25B, , , , , C25B
1660404850, , 33.4405, -118.1556, 28725, 314, 282, C25B, , , , , C25B
1660404850, , 33.4405, -118.1556, 28725, 314, 282, C25B, , , , , C25B
1660404853, , 33.4433, -118.1591, 28825, 314, 282, C25B, , , , , C25B
1660404853, , 33.4433, -118.1591, 28825, 314, 282, C25B, , , , , C25B
1660404856, , 33.4463, -118.1626, 28925, 314, 284, C25B, , , , , C25B
1660404856, , 33.4463, -118.1626, 28925, 314, 284, C25B, , , , , C25B
1660404862, , 33.4519, -118.1694, 29075, 314, 287, C25B, , , , , C25B
1660404865, , 33.4542, -118.1722, 29150, 314, 289, C25B, , , , , C25B
1660404865, , 33.4542, -118.1722, 29150, 314, 289, C25B, , , , , C25B
1660404868, , 33.4568, -118.1753, 29225, 314, 290, C25B, , , , , C25B
1660404868, , 33.4568, -118.1753, 29225, 314, 290, C25B, , , , , C25B
1660404872, , 33.4617, -118.1812, 29350, 314, 293, C25B, , , , , C25B
1660404872, , 33.4617, -118.1812, 29350, 314, 293, C25B, , , , , C25B
1660404877, , 33.4663, -118.1868, 29450, 314, 293, C25B, , , , , C25B
1660404877, , 33.4663, -118.1868, 29450, 314, 293, C25B, , , , , C25B
1660404879, , 33.4682, -118.1891, 29500, 314, 296, C25B, , , , , C25B
1660404879, , 33.4682, -118.1891, 29500, 314, 296, C25B, , , , , C25B
1660404879, , 33.4682, -118.1891, 29500, 314, 296, C25B, , , , , C25B
1660404889, , 33.4773, -118.2001, 29750, 314, 302, C25B, , , , , C25B
1660404889, , 33.4773, -118.2001, 29750, 314, 302, C25B, , , , , C25B
1660404892, , 33.4805, -118.2039, 29825, 314, 304, C25B, , , , , C25B
1660404892, , 33.4805, -118.2039, 29825, 314, 304, C25B, , , , , C25B
1660404894, , 33.4833, -118.2072, 29875, 314, 304, C25B, , , , , C25B
1660404901, , 33.4896, -118.2148, 30025, 314, 306, C25B, , , , , C25B
1660404901, , 33.4896, -118.2148, 30025, 314, 306, C25B, , , , , C25B
1660404904, , 33.493, -118.2189, 30100, 314, 309, C25B, , , , , C25B
1660404904, , 33.493, -118.2189, 30100, 314, 309, C25B, , , , , C25B
1660404907, , 33.4961, -118.2228, 30175, 314, 311, C25B, , , , , C25B
1660404913, , 33.5023, -118.2303, 30325, 314, 313, C25B, , , , , C25B
1660404913, , 33.5023, -118.2303, 30325, 314, 313, C25B, , , , , C25B
1660404916, , 33.5052, -118.2337, 30400, 314, 315, C25B, , , , , C25B
1660404916, , 33.5052, -118.2337, 30400, 314, 315, C25B, , , , , C25B
1660404918, , 33.5071, -118.2361, 30450, 314, 316, C25B, , , , , C25B
1660404918, , 33.5071, -118.2361, 30450, 314, 316, C25B, , , , , C25B
1660404918, , 33.5071, -118.2361, 30450, 314, 316, C25B, , , , , C25B
1660404918, , 33.5071, -118.2361, 30450, 314, 316, C25B, , , , , C25B
1660404918, , 33.5071, -118.2361, 30450, 314, 316, C25B, , , , , C25B
1660404918, , 33.5071, -118.2361, 30450, 314, 316, C25B, , , , , C25B
1660404918, , 33.5071, -118.2361, 30450, 314, 316, C25B, , , , , C25B
1660404937, , 33.5261, -118.259, 30925, 314, 324, C25B, , , , , C25B
1660404937, , 33.5261, -118.259, 30925, 314, 324, C25B, , , , , C25B
1660404941, , 33.5309, -118.2648, 31000, 314, 325, C25B, , , , , C25B
1660404945, , 33.5346, -118.2693, 31100, 314, 326, C25B, , , , , C25B
1660404945, , 33.5346, -118.2693, 31100, 314, 326, C25B, , , , , C25B
1660404949, , 33.5387, -118.2743, 31200, 314, 328, C25B, , , , , C25B
1660404949, , 33.5387, -118.2743, 31200, 314, 328, C25B, , , , , C25B
1660404953, , 33.5431, -118.2796, 31300, 314, 329, C25B, , , , , C25B
1660404953, , 33.5431, -118.2796, 31300, 314, 329, C25B, , , , , C25B
1660404957, , 33.5477, -118.2851, 31400, 314, 330, C25B, , , , , C25B
1660404961, , 33.551, -118.2891, 31500, 314, 331, C25B, , , , , C25B
1660404961, , 33.551, -118.2891, 31500, 314, 331, C25B, , , , , C25B
1660404966, , 33.5577, -118.2972, 31625, 314, 333, C25B, , , , , C25B
1660404966, , 33.5577, -118.2972, 31625, 314, 333, C25B, , , , , C25B
1660404966, , 33.5577, -118.2972, 31625, 314, 333, C25B, , , , , C25B
1660404966, , 33.5577, -118.2972, 31625, 314, 333, C25B, , , , , C25B
1660404974, , 33.5661, -118.3073, 31825, 314, 335, C25B, , , , , C25B
1660404974, , 33.5661, -118.3073, 31825, 314, 335, C25B, , , , , C25B
1660404974, , 33.5661, -118.3073, 31825, 314, 335, C25B, , , , , C25B
1660404978, , 33.5702, -118.3122, 31925, 314, 336, C25B, , , , , C25B
1660404978, , 33.5702, -118.3122, 31925, 314, 336, C25B, , , , , C25B
1660404982, , 33.5744, -118.3173, 32025, 314, 338, C25B, , , , , C25B
1660404982, , 33.5744, -118.3173, 32025, 314, 338, C25B, , , , , C25B
1660404987, , 33.5804, -118.3245, 32150, 314, 339, C25B, , , , , C25B
1660404987, , 33.5804, -118.3245, 32150, 314, 339, C25B, , , , , C25B
1660404991, , 33.5851, -118.3302, 32300, 314, 340, C25B, , , , , C25B
1660404997, , 33.5924, -118.339, 32425, 314, 341, C25B, , , , , C25B
1660404997, , 33.5924, -118.339, 32425, 314, 341, C25B, , , , , C25B
1660404997, , 33.5924, -118.339, 32425, 314, 341, C25B, , , , , C25B
1660404997, , 33.5924, -118.339, 32425, 314, 341, C25B, , , , , C25B
1660404997, , 33.5924, -118.339, 32425, 314, 341, C25B, , , , , C25B
1660404997, , 33.5924, -118.339, 32425, 314, 341, C25B, , , , , C25B
1660404997, , 33.5924, -118.339, 32425, 314, 341, C25B, , , , , C25B
1660404997, , 33.5924, -118.339, 32425, 314, 341, C25B, , , , , C25B
1660404997, , 33.5924, -118.339, 32425, 314, 341, C25B, , , , , C25B
1660405017, , 33.613, -118.3639, 32925, 314, 345, C25B, , , , , C25B
1660405017, , 33.613, -118.3639, 32925, 314, 345, C25B, , , , , C25B
1660405021, , 33.616, -118.3674, 33025, 314, 344, C25B, , , , , C25B
1660405021, , 33.616, -118.3674, 33025, 314, 344, C25B, , , , , C25B
1660405025, , 33.6227, -118.3756, 33125, 314, 347, C25B, , , , , C25B
1660405029, , 33.6278, -118.3817, 33225, 314, 347, C25B, , , , , C25B
1660405029, , 33.6278, -118.3817, 33225, 314, 347, C25B, , , , , C25B
1660405034, , 33.6308, -118.3853, 33350, 314, 348, C25B, , , , , C25B
1660405034, , 33.6308, -118.3853, 33350, 314, 348, C25B, , , , , C25B
1660405038, , 33.6375, -118.3934, 33450, 314, 349, C25B, , , , , C25B
1660405038, , 33.6375, -118.3934, 33450, 314, 349, C25B, , , , , C25B
1660405042, , 33.6418, -118.3987, 33550, 314, 350, C25B, , , , , C25B
1660405042, , 33.6418, -118.3987, 33550, 314, 350, C25B, , , , , C25B
1660405046, , 33.6464, -118.4041, 33650, 314, 350, C25B, , , , , C25B
1660405050, , 33.6515, -118.4104, 33750, 314, 351, C25B, , , , , C25B
1660405050, , 33.6515, -118.4104, 33750, 314, 351, C25B, , , , , C25B
1660405054, , 33.6537, -118.413, 33850, 314, 351, C25B, , , , , C25B
1660405054, , 33.6537, -118.413, 33850, 314, 351, C25B, , , , , C25B
1660405058, , 33.6604, -118.4212, 33925, 314, 352, C25B, , , , , C25B
1660405058, , 33.6604, -118.4212, 33925, 314, 352, C25B, , , , , C25B
1660405061, , 33.6646, -118.4262, 34025, 314, 353, C25B, , , , , C25B
1660405065, , 33.6688, -118.4314, 34125, 314, 354, C25B, , , , , C25B
1660405065, , 33.6688, -118.4314, 34125, 314, 354, C25B, , , , , C25B
1660405068, , 33.6724, -118.4358, 34200, 314, 354, C25B, , , , , C25B
1660405068, , 33.6724, -118.4358, 34200, 314, 354, C25B, , , , , C25B
1660405072, , 33.6773, -118.4416, 34300, 314, 355, C25B, , , , , C25B
1660405076, , 33.682, -118.4474, 34400, 314, 356, C25B, , , , , C25B
1660405076, , 33.682, -118.4474, 34400, 314, 356, C25B, , , , , C25B
1660405079, , 33.6854, -118.4514, 34475, 314, 357, C25B, , , , , C25B
1660405079, , 33.6854, -118.4514, 34475, 314, 357, C25B, , , , , C25B
1660405085, , 33.6924, -118.4599, 34625, 314, 357, C25B, , , , , C25B
1660405085, , 33.6924, -118.4599, 34625, 314, 357, C25B, , , , , C25B
1660405088, , 33.6942, -118.4621, 34700, 314, 358, C25B, , , , , C25B
1660405093, , 33.7018, -118.4713, 34825, 314, 359, C25B, , , , , C25B
1660405093, , 33.7018, -118.4713, 34825, 314, 359, C25B, , , , , C25B
1660405096, , 33.7054, -118.4756, 34900, 314, 359, C25B, , , , , C25B
1660405096, , 33.7054, -118.4756, 34900, 314, 359, C25B, , , , , C25B
1660405099, , 33.7088, -118.4797, 34975, 314, 360, C25B, , , , , C25B
1660405099, , 33.7088, -118.4797, 34975, 314, 360, C25B, , , , , C25B
1660405105, , 33.7161, -118.4885, 35125, 314, 360, C25B, , , , , C25B
1660405108, , 33.7184, -118.4913, 35200, 314, 360, C25B, , , , , C25B
1660405108, , 33.7184, -118.4913, 35200, 314, 360, C25B, , , , , C25B
1660405111, , 33.7223, -118.496, 35275, 314, 362, C25B, , , , , C25B
1660405111, , 33.7223, -118.496, 35275, 314, 362, C25B, , , , , C25B
1660405117, , 33.7295, -118.5047, 35425, 314, 362, C25B, , , , , C25B
1660405117, , 33.7295, -118.5047, 35425, 314, 362, C25B, , , , , C25B
1660405120, , 33.7307, -118.5063, 35500, 314, 362, C25B, , , , , C25B
1660405120, , 33.7307, -118.5063, 35500, 314, 362, C25B, , , , , C25B
1660405120, , 33.7307, -118.5063, 35500, 314, 362, C25B, , , , , C25B
1660405120, , 33.7307, -118.5063, 35500, 314, 362, C25B, , , , , C25B
1660405120, , 33.7307, -118.5063, 35500, 314, 362, C25B, , , , , C25B
1660405120, , 33.7307, -118.5063, 35500, 314, 362, C25B, , , , , C25B
1660405120, , 33.7307, -118.5063, 35500, 314, 362, C25B, , , , , C25B
1660405120, , 33.7307, -118.5063, 35500, 314, 362, C25B, , , , , C25B
