//Timestamp, ICAO, Latitude_deg, Longitude_deg, Altitude_ft, Heading_deg, GroundSpeed_kts, AircraftType, RegistrationNum, Departure, Arrival, FlightNumber1, FlightNumber2
1660416034, , 33.1286, -117.2731, 0, 67, 8, C25A, , , , , C25A
1660416034, , 33.1286, -117.2731, 0, 67, 8, C25A, , , , , C25A
1660416034, , 33.1286, -117.2731, 0, 67, 8, C25A, , , , , C25A
1660416034, , 33.1286, -117.2731, 0, 67, 8, C25A, , , , , C25A
1660416034, , 33.1286, -117.2731, 0, 67, 8, C25A, , , , , C25A
1660416034, , 33.1286, -117.2731, 0, 67, 8, C25A, , , , , C25A
1660416034, , 33.1286, -117.2731, 0, 67, 8, C25A, , , , , C25A
1660416034, , 33.1286, -117.2731, 0, 67, 8, C25A, , , , , C25A
1660416034, , 33.1286, -117.2731, 0, 67, 8, C25A, , , , , C25A
1660416034, , 33.1286, -117.2731, 0, 67, 8, C25A, , , , , C25A
1660416034, , 33.1286, -117.2731, 0, 67, 8, C25A, , , , , C25A
1660416034, , 33.1286, -117.2731, 0, 67, 8, C25A, , , , , C25A
1660416034, , 33.1286, -117.2731, 0, 67, 8, C25A, , , , , C25A
1660416034, , 33.1286, -117.2731, 0, 67, 8, C25A, , , , , C25A
1660416034, , 33.1286, -117.2731, 0, 67, 8, C25A, , , , , C25A
1660416034, , 33.1286, -117.2731, 0, 67, 8, C25A, , , , , C25A
1660416034, , 33.1286, -117.2731, 0, 67, 8, C25A, , , , , C25A
1660416034, , 33.1286, -117.2731, 0, 67, 8, C25A, , , , , C25A
1660416034, , 33.1286, -117.2731, 0, 67, 8, C25A, , , , , C25A
1660416034, , 33.1286, -117.2731, 0, 67, 8, C25A, , , , , C25A
1660416034, , 33.1286, -117.2731, 0, 67, 8, C25A, , , , , C25A
1660416034, , 33.1286, -117.2731, 0, 67, 8, C25A, , , , , C25A
1660416034, , 33.1286, -117.2731, 0, 67, 8, C25A, , , , , C25A
1660416034, , 33.1286, -117.2731, 0, 67, 8, C25A, , , , , C25A
1660416034, , 33.1286, -117.2731, 0, 67, 8, C25A, , , , , C25A
1660416034, , 33.1286, -117.2731, 0, 67, 8, C25A, , , , , C25A
1660416034, , 33.1286, -117.2731, 0, 67, 8, C25A, , , , , C25A
1660416034, , 33.1286, -117.2731, 0, 67, 8, C25A, , , , , C25A
1660416034, , 33.1286, -117.2731, 0, 67, 8, C25A, , , , , C25A
1660416034, , 33.1286, -117.2731, 0, 67, 8, C25A, , , , , C25A
1660416034, , 33.1286, -117.2731, 0, 67, 8, C25A, , , , , C25A
1660416034, , 33.1286, -117.2731, 0, 67, 8, C25A, , , , , C25A
1660416034, , 33.1286, -117.2731, 0, 67, 8, C25A, , , , , C25A
1660416034, , 33.1286, -117.2731, 0, 67, 8, C25A, , , , , C25A
1660416034, , 33.1286, -117.2731, 0, 67, 8, C25A, , , , , C25A
1660416034, , 33.1286, -117.2731, 0, 67, 8, C25A, , , , , C25A
1660416034, , 33.1286, -117.2731, 0, 67, 8, C25A, , , , , C25A
1660416340, , 33.1287, -117.2729, 0, 50, 0, C25A, , , , , C25A
1660416340, , 33.1287, -117.2729, 0, 50, 0, C25A, , , , , C25A
1660416340, , 33.1287, -117.2729, 0, 50, 0, C25A, , , , , C25A
1660416340, , 33.1287, -117.2729, 0, 50, 0, C25A, , , , , C25A
1660416340, , 33.1287, -117.2729, 0, 50, 0, C25A, , , , , C25A
1660416340, , 33.1287, -117.2729, 0, 50, 0, C25A, , , , , C25A
1660416340, , 33.1287, -117.2729, 0, 50, 0, C25A, , , , , C25A
1660416340, , 33.1287, -117.2729, 0, 50, 0, C25A, , , , , C25A
1660416340, , 33.1287, -117.2729, 0, 50, 0, C25A, , , , , C25A
1660416340, , 33.1287, -117.2729, 0, 50, 0, C25A, , , , , C25A
1660416340, , 33.1287, -117.2729, 0, 50, 0, C25A, , , , , C25A
1660416340, , 33.1287, -117.2729, 0, 50, 0, C25A, , , , , C25A
1660416340, , 33.1287, -117.2729, 0, 50, 0, C25A, , , , , C25A
1660416340, , 33.1287, -117.2729, 0, 50, 0, C25A, , , , , C25A
1660416340, , 33.1287, -117.2729, 0, 50, 0, C25A, , , , , C25A
1660416340, , 33.1287, -117.2729, 0, 50, 0, C25A, , , , , C25A
1660416340, , 33.1287, -117.2729, 0, 50, 0, C25A, , , , , C25A
1660416340, , 33.1287, -117.2729, 0, 50, 0, C25A, , , , , C25A
1660416340, , 33.1287, -117.2729, 0, 50, 0, C25A, , , , , C25A
1660416340, , 33.1287, -117.2729, 0, 50, 0, C25A, , , , , C25A
1660416340, , 33.1287, -117.2729, 0, 50, 0, C25A, , , , , C25A
1660416340, , 33.1287, -117.2729, 0, 50, 0, C25A, , , , , C25A
1660416340, , 33.1287, -117.2729, 0, 50, 0, C25A, , , , , C25A
1660416340, , 33.1287, -117.2729, 0, 50, 0, C25A, , , , , C25A
1660416340, , 33.1287, -117.2729, 0, 50, 0, C25A, , , , , C25A
1660416340, , 33.1287, -117.2729, 0, 50, 0, C25A, , , , , C25A
1660416340, , 33.1287, -117.2729, 0, 50, 0, C25A, , , , , C25A
1660416340, , 33.1287, -117.2729, 0, 50, 0, C25A, , , , , C25A
1660416340, , 33.1287, -117.2729, 0, 50, 0, C25A, , , , , C25A
1660416340, , 33.1287, -117.2729, 0, 50, 0, C25A, , , , , C25A
1660416340, , 33.1287, -117.2729, 0, 50, 0, C25A, , , , , C25A
1660416340, , 33.1287, -117.2729, 0, 50, 0, C25A, , , , , C25A
1660416411, , 33.1258, -117.2988, 0, 261, 145, C25A, , , , , C25A
1660416411, , 33.1258, -117.2988, 0, 261, 145, C25A, , , , , C25A
1660416417, , 33.125, -117.3037, 1250, 259, 153, C25A, , , , , C25A
