//Timestamp, ICAO, Latitude_deg, Longitude_deg, Altitude_ft, Heading_deg, GroundSpeed_kts, AircraftType, RegistrationNum, Departure, Arrival, FlightNumber1, FlightNumber2
1660405085, , 33.6692, -117.8698, 0, 317, 0, C25M, , , , , C25M
1660405085, , 33.6692, -117.8698, 0, 317, 0, C25M, , , , , C25M
1660405090, , 33.6692, -117.8698, 0, 317, 0, C25M, , , , , C25M
1660405093, , 33.6692, -117.8698, 0, 317, 0, C25M, , , , , C25M
1660405093, , 33.6692, -117.8698, 0, 317, 0, C25M, , , , , C25M
1660405097, , 33.6692, -117.8698, 0, 317, 0, C25M, , , , , C25M
1660405097, , 33.6692, -117.8698, 0, 317, 0, C25M, , , , , C25M
1660405101, , 33.6692, -117.8698, 0, 317, 0, C25M, , , , , C25M
1660405101, , 33.6692, -117.8698, 0, 317, 0, C25M, , , , , C25M
1660405106, , 33.6692, -117.8698, 0, 317, 0, C25M, , , , , C25M
1660405109, , 33.6692, -117.8698, 0, 317, 0, C25M, , , , , C25M
1660405109, , 33.6692, -117.8698, 0, 317, 0, C25M, , , , , C25M
1660405111, , 33.6692, -117.8698, 0, 317, 0, C25M, , , , , C25M
1660405111, , 33.6692, -117.8698, 0, 317, 0, C25M, , , , , C25M
1660405117, , 33.6692, -117.8698, 0, 317, 0, C25M, , , , , C25M
1660405117, , 33.6692, -117.8698, 0, 317, 0, C25M, , , , , C25M
1660405117, , 33.6692, -117.8698, 0, 317, 0, C25M, , , , , C25M
1660405122, , 33.6692, -117.8698, 0, 317, 0, C25M, , , , , C25M
1660405122, , 33.6692, -117.8698, 0, 317, 0, C25M, , , , , C25M
1660405126, , 33.6692, -117.8698, 0, 317, 0, C25M, , , , , C25M
1660405126, , 33.6692, -117.8698, 0, 317, 0, C25M, , , , , C25M
1660405132, , 33.6692, -117.8698, 0, 317, 0, C25M, , , , , C25M
1660405132, , 33.6692, -117.8698, 0, 317, 0, C25M, , , , , C25M
1660405136, , 33.6692, -117.8698, 0, 317, 0, C25M, , , , , C25M
1660405136, , 33.6692, -117.8698, 0, 317, 0, C25M, , , , , C25M
1660405136, , 33.6692, -117.8698, 0, 317, 0, C25M, , , , , C25M
1660405142, , 33.6692, -117.8698, 0, 317, 0, C25M, , , , , C25M
1660405142, , 33.6692, -117.8698, 0, 317, 0, C25M, , , , , C25M
1660405146, , 33.6692, -117.8698, 0, 317, 0, C25M, , , , , C25M
1660405146, , 33.6692, -117.8698, 0, 317, 0, C25M, , , , , C25M
1660405151, , 33.6692, -117.8698, 0, 317, 0, C25M, , , , , C25M
1660405156, , 33.6692, -117.8698, 0, 317, 0, C25M, , , , , C25M
1660405156, , 33.6692, -117.8698, 0, 317, 0, C25M, , , , , C25M
1660405162, , 33.6692, -117.8698, 0, 317, 0, C25M, , , , , C25M
1660405162, , 33.6692, -117.8698, 0, 317, 0, C25M, , , , , C25M
1660405162, , 33.6692, -117.8698, 0, 317, 0, C25M, , , , , C25M
1660405162, , 33.6692, -117.8698, 0, 317, 0, C25M, , , , , C25M
1660405166, , 33.6692, -117.8698, 0, 317, 0, C25M, , , , , C25M
1660405171, , 33.6692, -117.8698, 0, 317, 0, C25M, , , , , C25M
1660405171, , 33.6692, -117.8698, 0, 317, 0, C25M, , , , , C25M
1660405176, , 33.6692, -117.8698, 0, 317, 0, C25M, , , , , C25M
1660405176, , 33.6692, -117.8698, 0, 317, 0, C25M, , , , , C25M
1660405181, , 33.6692, -117.8698, 0, 317, 0, C25M, , , , , C25M
1660405181, , 33.6692, -117.8698, 0, 317, 0, C25M, , , , , C25M
1660405181, , 33.6692, -117.8698, 0, 317, 0, C25M, , , , , C25M
1660405181, , 33.6692, -117.8698, 0, 317, 0, C25M, , , , , C25M
1660405186, , 33.6692, -117.8698, 0, 317, 0, C25M, , , , , C25M
1660405191, , 33.6692, -117.8698, 0, 317, 0, C25M, , , , , C25M
1660405191, , 33.6692, -117.8698, 0, 317, 0, C25M, , , , , C25M
1660405196, , 33.6692, -117.8698, 0, 317, 0, C25M, , , , , C25M
1660405196, , 33.6692, -117.8698, 0, 317, 0, C25M, , , , , C25M
1660405196, , 33.6692, -117.8698, 0, 317, 0, C25M, , , , , C25M
1660405196, , 33.6692, -117.8698, 0, 317, 0, C25M, , , , , C25M
1660405201, , 33.6692, -117.8698, 0, 317, 0, C25M, , , , , C25M
1660405207, , 33.6692, -117.8698, 0, 317, 0, C25M, , , , , C25M
1660405207, , 33.6692, -117.8698, 0, 317, 0, C25M, , , , , C25M
1660405212, , 33.6692, -117.8698, 0, 317, 0, C25M, , , , , C25M
1660405216, , 33.6692, -117.8698, 0, 317, 0, C25M, , , , , C25M
1660405216, , 33.6692, -117.8698, 0, 317, 0, C25M, , , , , C25M
1660405221, , 33.6692, -117.8698, 0, 317, 0, C25M, , , , , C25M
1660405221, , 33.6692, -117.8698, 0, 317, 0, C25M, , , , , C25M
1660405221, , 33.6692, -117.8698, 0, 317, 0, C25M, , , , , C25M
1660405227, , 33.6692, -117.8698, 0, 317, 0, C25M, , , , , C25M
1660405227, , 33.6692, -117.8698, 0, 317, 0, C25M, , , , , C25M
1660405231, , 33.6692, -117.8698, 0, 317, 0, C25M, , , , , C25M
1660405231, , 33.6692, -117.8698, 0, 317, 0, C25M, , , , , C25M
1660405236, , 33.6692, -117.8698, 0, 317, 0, C25M, , , , , C25M
1660405241, , 33.6692, -117.8698, 0, 317, 0, C25M, , , , , C25M
1660405241, , 33.6692, -117.8698, 0, 317, 0, C25M, , , , , C25M
1660405241, , 33.6692, -117.8698, 0, 317, 0, C25M, , , , , C25M
1660405241, , 33.6692, -117.8698, 0, 317, 0, C25M, , , , , C25M
1660405247, , 33.6692, -117.8698, 0, 317, 0, C25M, , , , , C25M
1660405247, , 33.6692, -117.8698, 0, 317, 0, C25M, , , , , C25M
1660405251, , 33.6692, -117.8698, 0, 317, 0, C25M, , , , , C25M
1660405251, , 33.6692, -117.8698, 0, 317, 0, C25M, , , , , C25M
1660405256, , 33.6692, -117.8698, 0, 317, 0, C25M, , , , , C25M
1660405261, , 33.6692, -117.8698, 0, 317, 0, C25M, , , , , C25M
1660405261, , 33.6692, -117.8698, 0, 317, 0, C25M, , , , , C25M
1660405261, , 33.6692, -117.8698, 0, 317, 0, C25M, , , , , C25M
1660405261, , 33.6692, -117.8698, 0, 317, 0, C25M, , , , , C25M
1660405266, , 33.6692, -117.8698, 0, 317, 0, C25M, , , , , C25M
1660405266, , 33.6692, -117.8698, 0, 317, 0, C25M, , , , , C25M
1660405271, , 33.6692, -117.8698, 0, 317, 0, C25M, , , , , C25M
1660405278, , 33.7488, -118.0202, 12950, 140, 311, C25M, , , , , C25M
1660405277, , 33.6692, -117.8698, 0, 320, 0, C25M, , , , , C25M
1660405278, , 33.7488, -118.0202, 12950, 140, 311, C25M, , , , , C25M
1660405277, , 33.6692, -117.8698, 0, 320, 0, C25M, , , , , C25M
1660405281, , 33.7459, -118.0173, 12975, 140, 311, C25M, , , , , C25M
1660405282, , 33.6692, -117.8698, 0, 320, 0, C25M, , , , , C25M
1660405281, , 33.7459, -118.0173, 12975, 140, 311, C25M, , , , , C25M
1660405282, , 33.6692, -117.8698, 0, 320, 0, C25M, , , , , C25M
1660405284, , 33.742, -118.0134, 13000, 140, 313, C25M, , , , , C25M
1660405282, , 33.6692, -117.8698, 0, 320, 0, C25M, , , , , C25M
1660405284, , 33.742, -118.0134, 13000, 140, 313, C25M, , , , , C25M
1660405282, , 33.6692, -117.8698, 0, 320, 0, C25M, , , , , C25M
1660405290, , 33.7351, -118.0066, 13000, 140, 317, C25M, , , , , C25M
1660405287, , 33.6692, -117.8698, 0, 317, 0, C25M, , , , , C25M
1660405293, , 33.7316, -118.0031, 13000, 140, 318, C25M, , , , , C25M
1660405287, , 33.6692, -117.8698, 0, 317, 0, C25M, , , , , C25M
1660405293, , 33.7316, -118.0031, 13000, 140, 318, C25M, , , , , C25M
1660405287, , 33.6692, -117.8698, 0, 317, 0, C25M, , , , , C25M
1660405296, , 33.7282, -117.9998, 13000, 140, 321, C25M, , , , , C25M
1660405287, , 33.6692, -117.8698, 0, 317, 0, C25M, , , , , C25M
1660405296, , 33.7282, -117.9998, 13000, 140, 321, C25M, , , , , C25M
1660405287, , 33.6692, -117.8698, 0, 317, 0, C25M, , , , , C25M
1660405302, , 33.7211, -117.9929, 13000, 140, 318, C25M, , , , , C25M
1660405287, , 33.6692, -117.8698, 0, 317, 0, C25M, , , , , C25M
1660405302, , 33.7211, -117.9929, 13000, 140, 318, C25M, , , , , C25M
1660405287, , 33.6692, -117.8698, 0, 317, 0, C25M, , , , , C25M
1660405302, , 33.7211, -117.9929, 13000, 140, 318, C25M, , , , , C25M
1660405287, , 33.6692, -117.8698, 0, 317, 0, C25M, , , , , C25M
1660405306, , 33.7153, -117.9872, 12975, 140, 316, C25M, , , , , C25M
1660405307, , 33.6692, -117.8698, 0, 317, 0, C25M, , , , , C25M
1660405306, , 33.7153, -117.9872, 12975, 140, 316, C25M, , , , , C25M
1660405307, , 33.6692, -117.8698, 0, 317, 0, C25M, , , , , C25M
1660405313, , 33.7087, -117.9807, 12975, 140, 314, C25M, , , , , C25M
1660405311, , 33.6692, -117.8698, 0, 317, 0, C25M, , , , , C25M
1660405313, , 33.7087, -117.9807, 12975, 140, 314, C25M, , , , , C25M
1660405311, , 33.6692, -117.8698, 0, 317, 0, C25M, , , , , C25M
1660405316, , 33.7051, -117.9772, 12975, 140, 314, C25M, , , , , C25M
1660405316, , 33.6692, -117.8698, 0, 317, 0, C25M, , , , , C25M
1660405316, , 33.7051, -117.9772, 12975, 140, 314, C25M, , , , , C25M
1660405316, , 33.6692, -117.8698, 0, 317, 0, C25M, , , , , C25M
1660405319, , 33.7023, -117.9745, 12975, 140, 314, C25M, , , , , C25M
1660405316, , 33.6692, -117.8698, 0, 317, 0, C25M, , , , , C25M
1660405325, , 33.6958, -117.9681, 12975, 140, 315, C25M, , , , , C25M
1660405321, , 33.6692, -117.8698, 0, 317, 0, C25M, , , , , C25M
1660405325, , 33.6958, -117.9681, 12975, 140, 315, C25M, , , , , C25M
1660405321, , 33.6692, -117.8698, 0, 317, 0, C25M, , , , , C25M
1660405327, , 33.6917, -117.9641, 12975, 140, 315, C25M, , , , , C25M
1660405326, , 33.6692, -117.8698, 0, 317, 0, C25M, , , , , C25M
1660405327, , 33.6917, -117.9641, 12975, 140, 315, C25M, , , , , C25M
1660405326, , 33.6692, -117.8698, 0, 317, 0, C25M, , , , , C25M
1660405331, , 33.6881, -117.9606, 12975, 140, 315, C25M, , , , , C25M
1660405331, , 33.6692, -117.8698, 0, 317, 0, C25M, , , , , C25M
1660405331, , 33.6881, -117.9606, 12975, 140, 315, C25M, , , , , C25M
1660405331, , 33.6692, -117.8698, 0, 317, 0, C25M, , , , , C25M
1660405337, , 33.6815, -117.9541, 12975, 140, 315, C25M, , , , , C25M
1660405331, , 33.6692, -117.8698, 0, 317, 0, C25M, , , , , C25M
1660405337, , 33.6815, -117.9541, 12975, 140, 315, C25M, , , , , C25M
1660405331, , 33.6692, -117.8698, 0, 317, 0, C25M, , , , , C25M
1660405340, , 33.6781, -117.9509, 12975, 140, 315, C25M, , , , , C25M
1660405331, , 33.6692, -117.8698, 0, 317, 0, C25M, , , , , C25M
1660405343, , 33.6747, -117.9474, 12975, 140, 315, C25M, , , , , C25M
1660405342, , 33.6692, -117.8698, 0, 317, 0, C25M, , , , , C25M
1660405343, , 33.6747, -117.9474, 12975, 140, 315, C25M, , , , , C25M
1660405342, , 33.6692, -117.8698, 0, 317, 0, C25M, , , , , C25M
1660405349, , 33.6677, -117.9407, 12975, 140, 315, C25M, , , , , C25M
1660405347, , 33.6692, -117.8698, 0, 317, 0, C25M, , , , , C25M
1660405349, , 33.6677, -117.9407, 12975, 140, 315, C25M, , , , , C25M
1660405347, , 33.6692, -117.8698, 0, 317, 0, C25M, , , , , C25M
1660405352, , 33.6641, -117.9371, 12975, 140, 315, C25M, , , , , C25M
1660405352, , 33.6692, -117.8699, 0, 317, 0, C25M, , , , , C25M
1660405352, , 33.6641, -117.9371, 12975, 140, 315, C25M, , , , , C25M
1660405352, , 33.6692, -117.8699, 0, 317, 0, C25M, , , , , C25M
1660405355, , 33.6609, -117.9341, 12975, 140, 315, C25M, , , , , C25M
1660405357, , 33.6692, -117.8699, 0, 317, 1, C25M, , , , , C25M
1660405361, , 33.6541, -117.9272, 12975, 140, 315, C25M, , , , , C25M
1660405361, , 33.6692, -117.8699, 0, 317, 1, C25M, , , , , C25M
1660405361, , 33.6541, -117.9272, 12975, 140, 315, C25M, , , , , C25M
1660405361, , 33.6692, -117.8699, 0, 317, 1, C25M, , , , , C25M
1660405364, , 33.6507, -117.9239, 12975, 140, 315, C25M, , , , , C25M
1660405365, , 33.6692, -117.8699, 0, 317, 1, C25M, , , , , C25M
1660405364, , 33.6507, -117.9239, 12975, 140, 315, C25M, , , , , C25M
1660405365, , 33.6692, -117.8699, 0, 317, 1, C25M, , , , , C25M
1660405368, , 33.6485, -117.9219, 12975, 140, 315, C25M, , , , , C25M
1660405369, , 33.6692, -117.8699, 0, 317, 1, C25M, , , , , C25M
1660405368, , 33.6485, -117.9219, 12975, 140, 315, C25M, , , , , C25M
1660405369, , 33.6692, -117.8699, 0, 317, 1, C25M, , , , , C25M
1660405374, , 33.642, -117.9154, 12975, 140, 315, C25M, , , , , C25M
1660405372, , 33.6692, -117.8699, 0, 317, 1, C25M, , , , , C25M
1660405377, , 33.6371, -117.9107, 12975, 140, 314, C25M, , , , , C25M
1660405377, , 33.6692, -117.8699, 0, 317, 1, C25M, , , , , C25M
1660405377, , 33.6371, -117.9107, 12975, 140, 314, C25M, , , , , C25M
1660405377, , 33.6692, -117.8699, 0, 317, 1, C25M, , , , , C25M
1660405380, , 33.6336, -117.9072, 12975, 140, 314, C25M, , , , , C25M
1660405377, , 33.6692, -117.8699, 0, 317, 1, C25M, , , , , C25M
1660405380, , 33.6336, -117.9072, 12975, 140, 314, C25M, , , , , C25M
1660405377, , 33.6692, -117.8699, 0, 317, 1, C25M, , , , , C25M
1660405386, , 33.6273, -117.901, 12975, 140, 314, C25M, , , , , C25M
1660405377, , 33.6692, -117.8699, 0, 317, 1, C25M, , , , , C25M
1660405386, , 33.6273, -117.901, 12975, 140, 314, C25M, , , , , C25M
1660405377, , 33.6692, -117.8699, 0, 317, 1, C25M, , , , , C25M
1660405389, , 33.6239, -117.8977, 12975, 140, 314, C25M, , , , , C25M
1660405388, , 33.6692, -117.8699, 0, 317, 0, C25M, , , , , C25M
1660405392, , 33.6197, -117.8936, 12975, 140, 314, C25M, , , , , C25M
1660405388, , 33.6692, -117.8699, 0, 317, 0, C25M, , , , , C25M
1660405392, , 33.6197, -117.8936, 12975, 140, 314, C25M, , , , , C25M
1660405388, , 33.6692, -117.8699, 0, 317, 0, C25M, , , , , C25M
1660405398, , 33.6149, -117.8888, 12975, 140, 314, C25M, , , , , C25M
1660405388, , 33.6692, -117.8699, 0, 317, 0, C25M, , , , , C25M
1660405398, , 33.6149, -117.8888, 12975, 140, 314, C25M, , , , , C25M
1660405388, , 33.6692, -117.8699, 0, 317, 0, C25M, , , , , C25M
1660405401, , 33.6104, -117.8844, 12975, 140, 314, C25M, , , , , C25M
1660405388, , 33.6692, -117.8699, 0, 317, 0, C25M, , , , , C25M
1660405401, , 33.6104, -117.8844, 12975, 140, 314, C25M, , , , , C25M
1660405388, , 33.6692, -117.8699, 0, 317, 0, C25M, , , , , C25M
1660405404, , 33.6068, -117.8808, 12975, 140, 314, C25M, , , , , C25M
1660405388, , 33.6692, -117.8699, 0, 317, 0, C25M, , , , , C25M
1660405410, , 33.5995, -117.8736, 12975, 140, 314, C25M, , , , , C25M
1660405388, , 33.6692, -117.8699, 0, 317, 0, C25M, , , , , C25M
1660405410, , 33.5995, -117.8736, 12975, 140, 314, C25M, , , , , C25M
1660405388, , 33.6692, -117.8699, 0, 317, 0, C25M, , , , , C25M
1660405413, , 33.598, -117.8722, 12975, 140, 314, C25M, , , , , C25M
1660405413, , 33.6694, -117.8701, 0, 312, 5, C25M, , , , , C25M
1660405413, , 33.598, -117.8722, 12975, 140, 314, C25M, , , , , C25M
1660405413, , 33.6694, -117.8701, 0, 312, 5, C25M, , , , , C25M
1660405417, , 33.6694, -117.8702, 0, 317, 6, C25M, , , , , C25M
1660405416, , 33.5932, -117.8674, 12975, 140, 314, C25M, , , , , C25M
1660405417, , 33.6694, -117.8702, 0, 317, 6, C25M, , , , , C25M
1660405416, , 33.5932, -117.8674, 12975, 140, 314, C25M, , , , , C25M
1660405420, , 33.6695, -117.8702, 0, 326, 7, C25M, , , , , C25M
1660405422, , 33.5865, -117.8609, 12975, 140, 314, C25M, , , , , C25M
1660405426, , 33.6697, -117.8703, 0, 5, 7, C25M, , , , , C25M
1660405425, , 33.5826, -117.857, 12975, 140, 314, C25M, , , , , C25M
1660405426, , 33.6697, -117.8703, 0, 5, 7, C25M, , , , , C25M
1660405425, , 33.5826, -117.857, 12975, 140, 314, C25M, , , , , C25M
1660405429, , 33.6697, -117.8703, 0, 25, 7, C25M, , , , , C25M
1660405428, , 33.5821, -117.8566, 12975, 140, 314, C25M, , , , , C25M
1660405429, , 33.6697, -117.8703, 0, 25, 7, C25M, , , , , C25M
1660405428, , 33.5821, -117.8566, 12975, 140, 314, C25M, , , , , C25M
1660405433, , 33.6699, -117.8702, 0, 36, 9, C25M, , , , , C25M
1660405434, , 33.5724, -117.8471, 12975, 140, 314, C25M, , , , , C25M
1660405433, , 33.6699, -117.8702, 0, 36, 9, C25M, , , , , C25M
1660405434, , 33.5724, -117.8471, 12975, 140, 314, C25M, , , , , C25M
1660405437, , 33.67, -117.87, 0, 39, 9, C25M, , , , , C25M
1660405437, , 33.569, -117.8437, 12975, 140, 314, C25M, , , , , C25M
1660405442, , 33.6702, -117.8699, 0, 39, 10, C25M, , , , , C25M
1660405440, , 33.5664, -117.8411, 12975, 140, 314, C25M, , , , , C25M
1660405442, , 33.6702, -117.8699, 0, 39, 10, C25M, , , , , C25M
1660405440, , 33.5664, -117.8411, 12975, 140, 314, C25M, , , , , C25M
1660405445, , 33.6703, -117.8698, 0, 42, 10, C25M, , , , , C25M
1660405446, , 33.5596, -117.8345, 12975, 140, 314, C25M, , , , , C25M
1660405445, , 33.6703, -117.8698, 0, 42, 10, C25M, , , , , C25M
1660405446, , 33.5596, -117.8345, 12975, 140, 314, C25M, , , , , C25M
1660405450, , 33.6704, -117.8696, 0, 42, 10, C25M, , , , , C25M
1660405450, , 33.5557, -117.8306, 12975, 140, 314, C25M, , , , , C25M
1660405450, , 33.6704, -117.8696, 0, 42, 10, C25M, , , , , C25M
1660405450, , 33.5557, -117.8306, 12975, 140, 314, C25M, , , , , C25M
1660405453, , 33.6705, -117.8695, 0, 39, 11, C25M, , , , , C25M
1660405453, , 33.5522, -117.8272, 12975, 140, 314, C25M, , , , , C25M
1660405457, , 33.6707, -117.8693, 0, 39, 11, C25M, , , , , C25M
1660405453, , 33.5522, -117.8272, 12975, 140, 314, C25M, , , , , C25M
1660405457, , 33.6707, -117.8693, 0, 39, 11, C25M, , , , , C25M
1660405453, , 33.5522, -117.8272, 12975, 140, 314, C25M, , , , , C25M
1660405461, , 33.6709, -117.8692, 0, 39, 11, C25M, , , , , C25M
1660405461, , 33.5424, -117.8176, 12975, 140, 314, C25M, , , , , C25M
1660405461, , 33.6709, -117.8692, 0, 39, 11, C25M, , , , , C25M
1660405461, , 33.5424, -117.8176, 12975, 140, 314, C25M, , , , , C25M
1660405464, , 33.671, -117.869, 0, 39, 11, C25M, , , , , C25M
1660405464, , 33.5391, -117.8143, 12975, 140, 314, C25M, , , , , C25M
1660405464, , 33.671, -117.869, 0, 39, 11, C25M, , , , , C25M
1660405464, , 33.5391, -117.8143, 12975, 140, 314, C25M, , , , , C25M
1660405468, , 33.6712, -117.8689, 0, 39, 11, C25M, , , , , C25M
1660405468, , 33.5349, -117.8102, 12975, 140, 314, C25M, , , , , C25M
1660405468, , 33.6712, -117.8689, 0, 39, 11, C25M, , , , , C25M
1660405468, , 33.5349, -117.8102, 12975, 140, 314, C25M, , , , , C25M
1660405473, , 33.6714, -117.8687, 0, 33, 11, C25M, , , , , C25M
1660405473, , 33.5297, -117.805, 12975, 140, 314, C25M, , , , , C25M
1660405478, , 33.6716, -117.8685, 0, 33, 12, C25M, , , , , C25M
1660405476, , 33.5262, -117.8016, 12975, 140, 314, C25M, , , , , C25M
1660405478, , 33.6716, -117.8685, 0, 33, 12, C25M, , , , , C25M
1660405476, , 33.5262, -117.8016, 12975, 140, 314, C25M, , , , , C25M
1660405479, , 33.6717, -117.8684, 0, 33, 12, C25M, , , , , C25M
1660405480, , 33.521, -117.7965, 12975, 140, 314, C25M, , , , , C25M
1660405479, , 33.6717, -117.8684, 0, 33, 12, C25M, , , , , C25M
1660405480, , 33.521, -117.7965, 12975, 140, 314, C25M, , , , , C25M
1660405485, , 33.6719, -117.8683, 0, 28, 12, C25M, , , , , C25M
1660405486, , 33.5142, -117.7899, 12975, 140, 314, C25M, , , , , C25M
1660405485, , 33.6719, -117.8683, 0, 28, 12, C25M, , , , , C25M
1660405486, , 33.5142, -117.7899, 12975, 140, 314, C25M, , , , , C25M
1660405489, , 33.6721, -117.8681, 0, 28, 12, C25M, , , , , C25M
1660405489, , 33.5105, -117.7862, 12975, 140, 314, C25M, , , , , C25M
1660405493, , 33.6723, -117.868, 0, 28, 12, C25M, , , , , C25M
1660405492, , 33.5079, -117.7837, 12975, 140, 314, C25M, , , , , C25M
1660405493, , 33.6723, -117.868, 0, 28, 12, C25M, , , , , C25M
1660405492, , 33.5079, -117.7837, 12975, 140, 314, C25M, , , , , C25M
1660405495, , 33.6724, -117.868, 0, 28, 12, C25M, , , , , C25M
1660405498, , 33.5011, -117.777, 12975, 140, 314, C25M, , , , , C25M
1660405495, , 33.6724, -117.868, 0, 28, 12, C25M, , , , , C25M
1660405498, , 33.5011, -117.777, 12975, 140, 314, C25M, , , , , C25M
1660405500, , 33.6727, -117.8678, 0, 30, 12, C25M, , , , , C25M
1660405501, , 33.497, -117.773, 12975, 140, 314, C25M, , , , , C25M
1660405500, , 33.6727, -117.8678, 0, 30, 12, C25M, , , , , C25M
1660405501, , 33.497, -117.773, 12975, 140, 314, C25M, , , , , C25M
1660405504, , 33.6728, -117.8676, 0, 45, 13, C25M, , , , , C25M
1660405504, , 33.4939, -117.7699, 12975, 140, 314, C25M, , , , , C25M
1660405508, , 33.673, -117.8674, 0, 47, 13, C25M, , , , , C25M
1660405510, , 33.4869, -117.7631, 12975, 140, 314, C25M, , , , , C25M
1660405508, , 33.673, -117.8674, 0, 47, 13, C25M, , , , , C25M
1660405510, , 33.4869, -117.7631, 12975, 140, 314, C25M, , , , , C25M
1660405513, , 33.6732, -117.8671, 0, 45, 13, C25M, , , , , C25M
1660405513, , 33.4837, -117.76, 12975, 140, 314, C25M, , , , , C25M
1660405513, , 33.6732, -117.8671, 0, 45, 13, C25M, , , , , C25M
1660405513, , 33.4837, -117.76, 12975, 140, 314, C25M, , , , , C25M
1660405518, , 33.6735, -117.867, 0, 21, 11, C25M, , , , , C25M
1660405516, , 33.48, -117.7563, 12975, 140, 315, C25M, , , , , C25M
1660405518, , 33.6735, -117.867, 0, 21, 11, C25M, , , , , C25M
1660405516, , 33.48, -117.7563, 12975, 140, 315, C25M, , , , , C25M
1660405520, , 33.6736, -117.8671, 0, 331, 11, C25M, , , , , C25M
1660405522, , 33.4731, -117.7496, 12975, 140, 315, C25M, , , , , C25M
1660405525, , 33.6737, -117.8672, 0, 317, 7, C25M, , , , , C25M
1660405525, , 33.4703, -117.7468, 12975, 140, 315, C25M, , , , , C25M
1660405525, , 33.6737, -117.8672, 0, 317, 7, C25M, , , , , C25M
1660405525, , 33.4703, -117.7468, 12975, 140, 315, C25M, , , , , C25M
1660405529, , 33.6738, -117.8673, 0, 357, 7, C25M, , , , , C25M
1660405527, , 33.4671, -117.7437, 12975, 140, 314, C25M, , , , , C25M
1660405529, , 33.6738, -117.8673, 0, 357, 7, C25M, , , , , C25M
1660405527, , 33.4671, -117.7437, 12975, 140, 314, C25M, , , , , C25M
1660405533, , 33.674, -117.8672, 0, 19, 7, C25M, , , , , C25M
1660405534, , 33.4611, -117.7378, 12975, 140, 314, C25M, , , , , C25M
1660405533, , 33.674, -117.8672, 0, 19, 7, C25M, , , , , C25M
1660405534, , 33.4611, -117.7378, 12975, 140, 314, C25M, , , , , C25M
1660405538, , 33.6741, -117.8671, 0, 28, 8, C25M, , , , , C25M
1660405536, , 33.4566, -117.7334, 12975, 140, 314, C25M, , , , , C25M
1660405541, , 33.6742, -117.867, 0, 28, 9, C25M, , , , , C25M
1660405540, , 33.4529, -117.7299, 12975, 140, 314, C25M, , , , , C25M
1660405541, , 33.6742, -117.867, 0, 28, 9, C25M, , , , , C25M
1660405540, , 33.4529, -117.7299, 12975, 140, 314, C25M, , , , , C25M
1660405544, , 33.6743, -117.867, 0, 28, 9, C25M, , , , , C25M
1660405545, , 33.4464, -117.7234, 12975, 140, 315, C25M, , , , , C25M
1660405544, , 33.6743, -117.867, 0, 28, 9, C25M, , , , , C25M
1660405545, , 33.4464, -117.7234, 12975, 140, 315, C25M, , , , , C25M
1660405548, , 33.6745, -117.8669, 0, 28, 10, C25M, , , , , C25M
1660405549, , 33.4441, -117.7211, 12975, 140, 314, C25M, , , , , C25M
1660405548, , 33.6745, -117.8669, 0, 28, 10, C25M, , , , , C25M
1660405549, , 33.4441, -117.7211, 12975, 140, 314, C25M, , , , , C25M
1660405550, , 33.6746, -117.8668, 0, 28, 11, C25M, , , , , C25M
1660405549, , 33.4441, -117.7211, 12975, 140, 314, C25M, , , , , C25M
1660405550, , 33.6746, -117.8668, 0, 28, 11, C25M, , , , , C25M
1660405549, , 33.4441, -117.7211, 12975, 140, 314, C25M, , , , , C25M
1660405557, , 33.6749, -117.8666, 0, 28, 13, C25M, , , , , C25M
1660405555, , 33.4362, -117.7135, 12975, 140, 315, C25M, , , , , C25M
1660405560, , 33.6751, -117.8665, 0, 28, 14, C25M, , , , , C25M
1660405561, , 33.4295, -117.7069, 12975, 140, 314, C25M, , , , , C25M
1660405560, , 33.6751, -117.8665, 0, 28, 14, C25M, , , , , C25M
1660405561, , 33.4295, -117.7069, 12975, 140, 314, C25M, , , , , C25M
1660405565, , 33.6754, -117.8663, 0, 28, 14, C25M, , , , , C25M
1660405564, , 33.4259, -117.7034, 12975, 140, 314, C25M, , , , , C25M
1660405565, , 33.6754, -117.8663, 0, 28, 14, C25M, , , , , C25M
1660405564, , 33.4259, -117.7034, 12975, 140, 314, C25M, , , , , C25M
1660405570, , 33.6756, -117.8662, 0, 28, 15, C25M, , , , , C25M
1660405570, , 33.4212, -117.6989, 12975, 140, 314, C25M, , , , , C25M
1660405570, , 33.6756, -117.8662, 0, 28, 15, C25M, , , , , C25M
1660405570, , 33.4212, -117.6989, 12975, 140, 314, C25M, , , , , C25M
1660405574, , 33.6759, -117.866, 0, 28, 15, C25M, , , , , C25M
1660405573, , 33.4159, -117.6937, 12975, 140, 314, C25M, , , , , C25M
1660405577, , 33.6761, -117.8659, 0, 28, 15, C25M, , , , , C25M
1660405576, , 33.4122, -117.69, 12975, 140, 314, C25M, , , , , C25M
1660405577, , 33.6761, -117.8659, 0, 28, 15, C25M, , , , , C25M
1660405576, , 33.4122, -117.69, 12975, 140, 314, C25M, , , , , C25M
1660405580, , 33.6763, -117.8657, 0, 28, 16, C25M, , , , , C25M
1660405582, , 33.4054, -117.6835, 12975, 140, 315, C25M, , , , , C25M
1660405580, , 33.6763, -117.8657, 0, 28, 16, C25M, , , , , C25M
1660405582, , 33.4054, -117.6835, 12975, 140, 315, C25M, , , , , C25M
1660405585, , 33.6766, -117.8655, 0, 28, 16, C25M, , , , , C25M
1660405585, , 33.402, -117.6801, 12975, 140, 315, C25M, , , , , C25M
1660405585, , 33.6766, -117.8655, 0, 28, 16, C25M, , , , , C25M
1660405585, , 33.402, -117.6801, 12975, 140, 315, C25M, , , , , C25M
1660405589, , 33.6769, -117.8654, 0, 28, 16, C25M, , , , , C25M
1660405588, , 33.3991, -117.6773, 12975, 140, 315, C25M, , , , , C25M
1660405594, , 33.6772, -117.8652, 0, 28, 16, C25M, , , , , C25M
1660405593, , 33.3922, -117.6705, 12975, 140, 315, C25M, , , , , C25M
1660405594, , 33.6772, -117.8652, 0, 28, 16, C25M, , , , , C25M
1660405593, , 33.3922, -117.6705, 12975, 140, 315, C25M, , , , , C25M
1660405597, , 33.6774, -117.865, 0, 28, 15, C25M, , , , , C25M
1660405597, , 33.3886, -117.667, 12975, 140, 315, C25M, , , , , C25M
1660405597, , 33.6774, -117.865, 0, 28, 15, C25M, , , , , C25M
1660405597, , 33.3886, -117.667, 12975, 140, 315, C25M, , , , , C25M
1660405602, , 33.6777, -117.8648, 0, 28, 14, C25M, , , , , C25M
1660405599, , 33.3856, -117.6641, 12975, 140, 315, C25M, , , , , C25M
1660405602, , 33.6777, -117.8648, 0, 28, 14, C25M, , , , , C25M
1660405599, , 33.3856, -117.6641, 12975, 140, 315, C25M, , , , , C25M
1660405602, , 33.6777, -117.8648, 0, 28, 14, C25M, , , , , C25M
1660405606, , 33.3784, -117.657, 12975, 140, 315, C25M, , , , , C25M
1660405607, , 33.678, -117.8646, 0, 28, 14, C25M, , , , , C25M
1660405609, , 33.375, -117.6537, 12975, 140, 315, C25M, , , , , C25M
1660405607, , 33.678, -117.8646, 0, 28, 14, C25M, , , , , C25M
1660405609, , 33.375, -117.6537, 12975, 140, 315, C25M, , , , , C25M
1660405612, , 33.6783, -117.8644, 0, 28, 14, C25M, , , , , C25M
1660405612, , 33.3716, -117.6504, 12975, 140, 315, C25M, , , , , C25M
1660405612, , 33.6783, -117.8644, 0, 28, 14, C25M, , , , , C25M
1660405612, , 33.3716, -117.6504, 12975, 140, 315, C25M, , , , , C25M
1660405617, , 33.6786, -117.8643, 0, 28, 13, C25M, , , , , C25M
1660405618, , 33.3646, -117.6436, 12975, 140, 315, C25M, , , , , C25M
1660405617, , 33.6786, -117.8643, 0, 28, 13, C25M, , , , , C25M
1660405618, , 33.3646, -117.6436, 12975, 140, 315, C25M, , , , , C25M
1660405621, , 33.6788, -117.8642, 0, 28, 9, C25M, , , , , C25M
1660405621, , 33.3614, -117.6404, 12975, 140, 314, C25M, , , , , C25M
1660405626, , 33.6789, -117.8641, 0, 28, 9, C25M, , , , , C25M
1660405624, , 33.3578, -117.6369, 12975, 140, 314, C25M, , , , , C25M
1660405626, , 33.6789, -117.8641, 0, 28, 9, C25M, , , , , C25M
1660405624, , 33.3578, -117.6369, 12975, 140, 314, C25M, , , , , C25M
1660405628, , 33.679, -117.864, 0, 28, 9, C25M, , , , , C25M
1660405630, , 33.3532, -117.6324, 12975, 140, 315, C25M, , , , , C25M
1660405628, , 33.679, -117.864, 0, 28, 9, C25M, , , , , C25M
1660405630, , 33.3532, -117.6324, 12975, 140, 315, C25M, , , , , C25M
1660405632, , 33.6792, -117.8639, 0, 28, 9, C25M, , , , , C25M
1660405633, , 33.3478, -117.6272, 12975, 140, 314, C25M, , , , , C25M
1660405632, , 33.6792, -117.8639, 0, 28, 9, C25M, , , , , C25M
1660405633, , 33.3478, -117.6272, 12975, 140, 314, C25M, , , , , C25M
1660405637, , 33.6794, -117.8638, 0, 28, 10, C25M, , , , , C25M
1660405636, , 33.3467, -117.626, 12975, 140, 314, C25M, , , , , C25M
1660405640, , 33.6795, -117.8637, 0, 28, 11, C25M, , , , , C25M
1660405642, , 33.3388, -117.6184, 12975, 140, 314, C25M, , , , , C25M
1660405640, , 33.6795, -117.8637, 0, 28, 11, C25M, , , , , C25M
1660405642, , 33.3388, -117.6184, 12975, 140, 314, C25M, , , , , C25M
1660405644, , 33.6797, -117.8636, 0, 28, 11, C25M, , , , , C25M
1660405642, , 33.3388, -117.6184, 12975, 140, 314, C25M, , , , , C25M
1660405644, , 33.6797, -117.8636, 0, 28, 11, C25M, , , , , C25M
1660405642, , 33.3388, -117.6184, 12975, 140, 314, C25M, , , , , C25M
1660405647, , 33.6798, -117.8635, 0, 28, 12, C25M, , , , , C25M
1660405648, , 33.331, -117.6108, 12975, 140, 314, C25M, , , , , C25M
1660405647, , 33.6798, -117.8635, 0, 28, 12, C25M, , , , , C25M
1660405648, , 33.331, -117.6108, 12975, 140, 314, C25M, , , , , C25M
1660405653, , 33.6801, -117.8633, 0, 28, 8, C25M, , , , , C25M
1660405653, , 33.3253, -117.6052, 12975, 140, 314, C25M, , , , , C25M
1660405657, , 33.6802, -117.8633, 0, 28, 6, C25M, , , , , C25M
1660405656, , 33.321, -117.6011, 12975, 140, 314, C25M, , , , , C25M
1660405657, , 33.6802, -117.8633, 0, 28, 6, C25M, , , , , C25M
1660405656, , 33.321, -117.6011, 12975, 140, 314, C25M, , , , , C25M
1660405661, , 33.6802, -117.8632, 0, 28, 2, C25M, , , , , C25M
1660405659, , 33.3178, -117.5979, 12975, 140, 314, C25M, , , , , C25M
1660405661, , 33.6802, -117.8632, 0, 28, 2, C25M, , , , , C25M
1660405659, , 33.3178, -117.5979, 12975, 140, 314, C25M, , , , , C25M
1660405662, , 33.6802, -117.8632, 0, 28, 1, C25M, , , , , C25M
1660405666, , 33.3104, -117.5908, 12975, 140, 314, C25M, , , , , C25M
1660405662, , 33.6802, -117.8632, 0, 28, 1, C25M, , , , , C25M
1660405666, , 33.3104, -117.5908, 12975, 140, 314, C25M, , , , , C25M
1660405668, , 33.6802, -117.8632, 0, 28, 1, C25M, , , , , C25M
1660405669, , 33.307, -117.5875, 12975, 140, 314, C25M, , , , , C25M
1660405673, , 33.6802, -117.8632, 0, 28, 1, C25M, , , , , C25M
1660405672, , 33.3034, -117.5839, 12975, 140, 314, C25M, , , , , C25M
1660405673, , 33.6802, -117.8632, 0, 28, 1, C25M, , , , , C25M
1660405672, , 33.3034, -117.5839, 12975, 140, 314, C25M, , , , , C25M
1660405676, , 33.6802, -117.8632, 0, 28, 1, C25M, , , , , C25M
1660405678, , 33.2969, -117.5775, 12975, 140, 314, C25M, , , , , C25M
1660405676, , 33.6802, -117.8632, 0, 28, 1, C25M, , , , , C25M
1660405678, , 33.2969, -117.5775, 12975, 140, 314, C25M, , , , , C25M
1660405682, , 33.6802, -117.8632, 0, 28, 1, C25M, , , , , C25M
1660405681, , 33.2935, -117.5743, 12975, 140, 314, C25M, , , , , C25M
1660405682, , 33.6802, -117.8632, 0, 28, 1, C25M, , , , , C25M
1660405681, , 33.2935, -117.5743, 12975, 140, 314, C25M, , , , , C25M
1660405685, , 33.6802, -117.8632, 0, 28, 0, C25M, , , , , C25M
1660405684, , 33.2913, -117.572, 12975, 140, 314, C25M, , , , , C25M
1660405685, , 33.6802, -117.8632, 0, 28, 0, C25M, , , , , C25M
1660405690, , 33.2832, -117.5641, 12975, 140, 314, C25M, , , , , C25M
1660405685, , 33.6802, -117.8632, 0, 28, 0, C25M, , , , , C25M
1660405690, , 33.2832, -117.5641, 12975, 140, 314, C25M, , , , , C25M
1660405685, , 33.6802, -117.8632, 0, 28, 0, C25M, , , , , C25M
1660405693, , 33.28, -117.5611, 12975, 140, 314, C25M, , , , , C25M
1660405685, , 33.6802, -117.8632, 0, 28, 0, C25M, , , , , C25M
1660405693, , 33.28, -117.5611, 12975, 140, 314, C25M, , , , , C25M
1660405695, , 33.6802, -117.8632, 50, 89, 1, C25M, , , , , C25M
1660405696, , 33.2764, -117.5576, 12975, 140, 314, C25M, , , , , C25M
1660405695, , 33.6802, -117.8632, 50, 89, 1, C25M, , , , , C25M
1660405696, , 33.2764, -117.5576, 12975, 140, 314, C25M, , , , , C25M
1660405695, , 33.6802, -117.8632, 50, 89, 1, C25M, , , , , C25M
1660405699, , 33.2753, -117.5565, 12975, 140, 314, C25M, , , , , C25M
1660405703, , 33.6802, -117.8632, 0, 28, 0, C25M, , , , , C25M
1660405705, , 33.2668, -117.5482, 12975, 140, 314, C25M, , , , , C25M
1660405703, , 33.6802, -117.8632, 0, 28, 0, C25M, , , , , C25M
1660405705, , 33.2668, -117.5482, 12975, 140, 314, C25M, , , , , C25M
1660405703, , 33.6802, -117.8632, 0, 28, 0, C25M, , , , , C25M
1660405708, , 33.2633, -117.5447, 12975, 140, 314, C25M, , , , , C25M
1660405703, , 33.6802, -117.8632, 0, 28, 0, C25M, , , , , C25M
1660405708, , 33.2633, -117.5447, 12975, 140, 314, C25M, , , , , C25M
1660405713, , 33.6802, -117.8632, 50, 89, 1, C25M, , , , , C25M
1660405711, , 33.26, -117.5415, 12975, 140, 314, C25M, , , , , C25M
1660405713, , 33.6802, -117.8632, 50, 89, 1, C25M, , , , , C25M
1660405711, , 33.26, -117.5415, 12975, 140, 314, C25M, , , , , C25M
1660405713, , 33.6802, -117.8632, 50, 89, 1, C25M, , , , , C25M
1660405717, , 33.2525, -117.5343, 12975, 140, 314, C25M, , , , , C25M
1660405713, , 33.6802, -117.8632, 50, 89, 1, C25M, , , , , C25M
1660405720, , 33.2502, -117.532, 12975, 140, 314, C25M, , , , , C25M
1660405713, , 33.6802, -117.8632, 50, 89, 1, C25M, , , , , C25M
1660405720, , 33.2502, -117.532, 12975, 140, 314, C25M, , , , , C25M
1660405724, , 33.6802, -117.8632, 0, 28, 0, C25M, , , , , C25M
1660405722, , 33.2467, -117.5285, 12975, 140, 314, C25M, , , , , C25M
1660405724, , 33.6802, -117.8632, 0, 28, 0, C25M, , , , , C25M
1660405722, , 33.2467, -117.5285, 12975, 140, 314, C25M, , , , , C25M
1660405728, , 33.6802, -117.8632, 0, 28, 0, C25M, , , , , C25M
1660405728, , 33.24, -117.522, 12975, 140, 313, C25M, , , , , C25M
1660405728, , 33.6802, -117.8632, 0, 28, 0, C25M, , , , , C25M
1660405728, , 33.24, -117.522, 12975, 140, 313, C25M, , , , , C25M
1660405728, , 33.6802, -117.8632, 0, 28, 0, C25M, , , , , C25M
1660405732, , 33.2364, -117.5184, 12975, 140, 313, C25M, , , , , C25M
1660405728, , 33.6802, -117.8632, 0, 28, 0, C25M, , , , , C25M
1660405732, , 33.2364, -117.5184, 12975, 140, 313, C25M, , , , , C25M
1660405737, , 33.6802, -117.8632, 50, 271, 1, C25M, , , , , C25M
1660405738, , 33.2298, -117.512, 12975, 140, 313, C25M, , , , , C25M
1660405737, , 33.6802, -117.8632, 50, 271, 1, C25M, , , , , C25M
1660405741, , 33.2255, -117.5078, 12975, 140, 313, C25M, , , , , C25M
1660405737, , 33.6802, -117.8632, 50, 271, 1, C25M, , , , , C25M
1660405741, , 33.2255, -117.5078, 12975, 140, 313, C25M, , , , , C25M
1660405744, , 33.6802, -117.8632, 0, 28, 0, C25M, , , , , C25M
1660405743, , 33.2232, -117.5055, 12975, 140, 313, C25M, , , , , C25M
1660405744, , 33.6802, -117.8632, 0, 28, 0, C25M, , , , , C25M
1660405743, , 33.2232, -117.5055, 12975, 140, 313, C25M, , , , , C25M
1660405749, , 33.6802, -117.8632, 0, 28, 0, C25M, , , , , C25M
1660405747, , 33.2198, -117.5022, 12975, 140, 313, C25M, , , , , C25M
1660405753, , 33.6802, -117.8632, 0, 28, 0, C25M, , , , , C25M
1660405753, , 33.2128, -117.4954, 12975, 140, 313, C25M, , , , , C25M
1660405753, , 33.6802, -117.8632, 0, 28, 0, C25M, , , , , C25M
1660405753, , 33.2128, -117.4954, 12975, 140, 313, C25M, , , , , C25M
1660405753, , 33.6802, -117.8632, 0, 28, 0, C25M, , , , , C25M
1660405756, , 33.2098, -117.4924, 12975, 140, 313, C25M, , , , , C25M
1660405753, , 33.6802, -117.8632, 0, 28, 0, C25M, , , , , C25M
1660405756, , 33.2098, -117.4924, 12975, 140, 313, C25M, , , , , C25M
1660405753, , 33.6802, -117.8632, 0, 28, 0, C25M, , , , , C25M
1660405759, , 33.2054, -117.4881, 12975, 140, 314, C25M, , , , , C25M
1660405753, , 33.6802, -117.8632, 0, 28, 0, C25M, , , , , C25M
1660405759, , 33.2054, -117.4881, 12975, 140, 314, C25M, , , , , C25M
1660405763, , 33.6802, -117.8632, 0, 28, 0, C25M, , , , , C25M
1660405765, , 33.1997, -117.4825, 12975, 140, 314, C25M, , , , , C25M
1660405768, , 33.6803, -117.8632, 0, 28, 0, C25M, , , , , C25M
1660405768, , 33.1951, -117.4781, 12975, 140, 314, C25M, , , , , C25M
1660405768, , 33.6803, -117.8632, 0, 28, 0, C25M, , , , , C25M
1660405768, , 33.1951, -117.4781, 12975, 140, 314, C25M, , , , , C25M
1660405774, , 33.6803, -117.8632, 0, 28, 0, C25M, , , , , C25M
1660405771, , 33.1928, -117.4758, 12975, 140, 314, C25M, , , , , C25M
1660405774, , 33.6803, -117.8632, 0, 28, 0, C25M, , , , , C25M
1660405771, , 33.1928, -117.4758, 12975, 140, 314, C25M, , , , , C25M
1660405775, , 33.6804, -117.8632, 0, 28, 4, C25M, , , , , C25M
1660405778, , 33.1849, -117.4681, 12975, 140, 314, C25M, , , , , C25M
1660405775, , 33.6804, -117.8632, 0, 28, 4, C25M, , , , , C25M
1660405778, , 33.1849, -117.4681, 12975, 140, 314, C25M, , , , , C25M
1660405782, , 33.6805, -117.8631, 0, 22, 6, C25M, , , , , C25M
1660405781, , 33.1814, -117.4647, 12975, 140, 314, C25M, , , , , C25M
1660405784, , 33.6806, -117.8631, 0, 5, 5, C25M, , , , , C25M
1660405784, , 33.1781, -117.4614, 12975, 140, 314, C25M, , , , , C25M
1660405784, , 33.6806, -117.8631, 0, 5, 5, C25M, , , , , C25M
1660405784, , 33.1781, -117.4614, 12975, 140, 314, C25M, , , , , C25M
1660405789, , 33.6806, -117.8631, 0, 323, 5, C25M, , , , , C25M
1660405790, , 33.1712, -117.4547, 12975, 140, 312, C25M, , , , , C25M
1660405789, , 33.6806, -117.8631, 0, 323, 5, C25M, , , , , C25M
1660405790, , 33.1712, -117.4547, 12975, 140, 312, C25M, , , , , C25M
1660405793, , 33.6807, -117.8632, 0, 306, 5, C25M, , , , , C25M
1660405793, , 33.1679, -117.4514, 12975, 140, 311, C25M, , , , , C25M
