//Timestamp, ICAO, Latitude_deg, Longitude_deg, Altitude_ft, Heading_deg, GroundSpeed_kts, AircraftType, RegistrationNum, Departure, Arrival, FlightNumber1, FlightNumber2
1660412198, , 33.7527, -117.4337, 5425, 234, 226, C510, , , , , C510
1660412198, , 33.7527, -117.4337, 5425, 234, 226, C510, , , , , C510
1660412201, , 33.7514, -117.4371, 5425, 249, 226, C510, , , , , C510
1660412201, , 33.7514, -117.4371, 5425, 249, 226, C510, , , , , C510
1660412205, , 33.7507, -117.4431, 5425, 268, 226, C510, , , , , C510
1660412208, , 33.7513, -117.4464, 5425, 286, 225, C510, , , , , C510
1660412208, , 33.7513, -117.4464, 5425, 286, 225, C510, , , , , C510
1660412280, , 33.7501, -117.4171, 5550, 150, 209, C510, , , , , C510
1660412280, , 33.7501, -117.4171, 5550, 150, 209, C510, , , , , C510
1660412286, , 33.7454, -117.4127, 5650, 136, 200, C510, , , , , C510
1660412288, , 33.744, -117.4108, 5725, 126, 193, C510, , , , , C510
1660412288, , 33.744, -117.4108, 5725, 126, 193, C510, , , , , C510
1660412294, , 33.7423, -117.4059, 5875, 104, 183, C510, , , , , C510
1660412294, , 33.7423, -117.4059, 5875, 104, 183, C510, , , , , C510
1660412297, , 33.7422, -117.4024, 5925, 81, 181, C510, , , , , C510
1660412297, , 33.7422, -117.4024, 5925, 81, 181, C510, , , , , C510
1660412300, , 33.7429, -117.3995, 5900, 67, 183, C510, , , , , C510
1660412306, , 33.7459, -117.3944, 5575, 50, 191, C510, , , , , C510
1660412306, , 33.7459, -117.3944, 5575, 50, 191, C510, , , , , C510
1660412309, , 33.7485, -117.3922, 5225, 31, 215, C510, , , , , C510
1660412309, , 33.7485, -117.3922, 5225, 31, 215, C510, , , , , C510
1660412312, , 33.7514, -117.3903, 4975, 28, 229, C510, , , , , C510
1660412312, , 33.7514, -117.3903, 4975, 28, 229, C510, , , , , C510
