//Timestamp, ICAO, Latitude_deg, Longitude_deg, Altitude_ft, Heading_deg, GroundSpeed_kts, AircraftType, RegistrationNum, Departure, Arrival, FlightNumber1, FlightNumber2
1660406108, , 33.667, -117.873, 0, 30, 12, C525, , , , , C525
1660406108, , 33.667, -117.873, 0, 30, 12, C525, , , , , C525
1660406114, , 33.6673, -117.8728, 0, 30, 12, C525, , , , , C525
1660406114, , 33.6673, -117.8728, 0, 30, 12, C525, , , , , C525
1660406117, , 33.6675, -117.8727, 0, 33, 13, C525, , , , , C525
1660406117, , 33.6675, -117.8727, 0, 33, 13, C525, , , , , C525
1660406120, , 33.6676, -117.8725, 0, 39, 13, C525, , , , , C525
1660406125, , 33.6678, -117.8723, 0, 36, 13, C525, , , , , C525
1660406125, , 33.6678, -117.8723, 0, 36, 13, C525, , , , , C525
1660406129, , 33.668, -117.8721, 0, 39, 14, C525, , , , , C525
1660406129, , 33.668, -117.8721, 0, 39, 14, C525, , , , , C525
1660406133, , 33.6682, -117.8719, 0, 39, 14, C525, , , , , C525
1660406133, , 33.6682, -117.8719, 0, 39, 14, C525, , , , , C525
1660406137, , 33.6684, -117.8717, 0, 39, 14, C525, , , , , C525
1660406140, , 33.6686, -117.8715, 0, 36, 14, C525, , , , , C525
1660406140, , 33.6686, -117.8715, 0, 36, 14, C525, , , , , C525
1660406144, , 33.6688, -117.8713, 0, 36, 14, C525, , , , , C525
1660406144, , 33.6688, -117.8713, 0, 36, 14, C525, , , , , C525
1660406148, , 33.669, -117.8711, 0, 36, 14, C525, , , , , C525
1660406148, , 33.669, -117.8711, 0, 36, 14, C525, , , , , C525
1660406152, , 33.6692, -117.8709, 0, 39, 14, C525, , , , , C525
1660406156, , 33.6693, -117.8707, 0, 39, 14, C525, , , , , C525
1660406156, , 33.6693, -117.8707, 0, 39, 14, C525, , , , , C525
1660406162, , 33.6696, -117.8704, 0, 39, 14, C525, , , , , C525
1660406162, , 33.6696, -117.8704, 0, 39, 14, C525, , , , , C525
1660406165, , 33.6697, -117.8703, 0, 39, 14, C525, , , , , C525
1660406165, , 33.6697, -117.8703, 0, 39, 14, C525, , , , , C525
1660406169, , 33.6699, -117.8701, 0, 36, 14, C525, , , , , C525
1660406173, , 33.6701, -117.8699, 0, 36, 14, C525, , , , , C525
1660406173, , 33.6701, -117.8699, 0, 36, 14, C525, , , , , C525
1660406177, , 33.6703, -117.8697, 0, 36, 14, C525, , , , , C525
1660406177, , 33.6703, -117.8697, 0, 36, 14, C525, , , , , C525
1660406181, , 33.6705, -117.8695, 0, 39, 14, C525, , , , , C525
1660406181, , 33.6705, -117.8695, 0, 39, 14, C525, , , , , C525
1660406185, , 33.6707, -117.8693, 0, 36, 14, C525, , , , , C525
1660406187, , 33.6708, -117.8692, 0, 39, 14, C525, , , , , C525
1660406187, , 33.6708, -117.8692, 0, 39, 14, C525, , , , , C525
1660406193, , 33.6711, -117.8689, 0, 36, 14, C525, , , , , C525
1660406193, , 33.6711, -117.8689, 0, 36, 14, C525, , , , , C525
1660406198, , 33.6713, -117.8687, 0, 33, 13, C525, , , , , C525
1660406199, , 33.6714, -117.8687, 0, 33, 13, C525, , , , , C525
1660406199, , 33.6714, -117.8687, 0, 33, 13, C525, , , , , C525
1660406203, , 33.6716, -117.8685, 0, 30, 13, C525, , , , , C525
1660406203, , 33.6716, -117.8685, 0, 30, 13, C525, , , , , C525
1660406207, , 33.6718, -117.8683, 0, 28, 13, C525, , , , , C525
1660406207, , 33.6718, -117.8683, 0, 28, 13, C525, , , , , C525
1660406211, , 33.672, -117.8682, 0, 25, 14, C525, , , , , C525
1660406217, , 33.6724, -117.868, 0, 25, 14, C525, , , , , C525
1660406217, , 33.6724, -117.868, 0, 25, 14, C525, , , , , C525
1660406219, , 33.6725, -117.8679, 0, 25, 14, C525, , , , , C525
1660406219, , 33.6725, -117.8679, 0, 25, 14, C525, , , , , C525
1660406224, , 33.6728, -117.8677, 0, 33, 14, C525, , , , , C525
1660406224, , 33.6728, -117.8677, 0, 33, 14, C525, , , , , C525
1660406228, , 33.673, -117.8675, 0, 47, 13, C525, , , , , C525
1660406233, , 33.6732, -117.8672, 0, 39, 12, C525, , , , , C525
1660406233, , 33.6732, -117.8672, 0, 39, 12, C525, , , , , C525
1660406237, , 33.6734, -117.8671, 0, 16, 12, C525, , , , , C525
1660406237, , 33.6734, -117.8671, 0, 16, 12, C525, , , , , C525
1660406242, , 33.6736, -117.8671, 0, 345, 12, C525, , , , , C525
1660406242, , 33.6736, -117.8671, 0, 345, 12, C525, , , , , C525
1660406245, , 33.6738, -117.8672, 0, 345, 12, C525, , , , , C525
1660406245, , 33.6738, -117.8672, 0, 345, 12, C525, , , , , C525
1660406246, , 33.6739, -117.8672, 0, 351, 12, C525, , , , , C525
1660406253, , 33.6742, -117.867, 0, 25, 12, C525, , , , , C525
1660406253, , 33.6742, -117.867, 0, 25, 12, C525, , , , , C525
1660406257, , 33.6744, -117.8669, 0, 25, 13, C525, , , , , C525
1660406257, , 33.6744, -117.8669, 0, 25, 13, C525, , , , , C525
1660406261, , 33.6747, -117.8668, 0, 25, 13, C525, , , , , C525
1660406261, , 33.6747, -117.8668, 0, 25, 13, C525, , , , , C525
1660406265, , 33.6749, -117.8666, 0, 25, 13, C525, , , , , C525
1660406269, , 33.6751, -117.8665, 0, 25, 14, C525, , , , , C525
1660406269, , 33.6751, -117.8665, 0, 25, 14, C525, , , , , C525
1660406271, , 33.6752, -117.8664, 0, 25, 14, C525, , , , , C525
1660406271, , 33.6752, -117.8664, 0, 25, 14, C525, , , , , C525
1660406277, , 33.6755, -117.8662, 0, 25, 14, C525, , , , , C525
1660406277, , 33.6755, -117.8662, 0, 25, 14, C525, , , , , C525
1660406281, , 33.6757, -117.8661, 0, 25, 14, C525, , , , , C525
1660406283, , 33.6759, -117.866, 0, 25, 14, C525, , , , , C525
1660406283, , 33.6759, -117.866, 0, 25, 14, C525, , , , , C525
1660406289, , 33.6762, -117.8658, 0, 25, 14, C525, , , , , C525
1660406289, , 33.6762, -117.8658, 0, 25, 14, C525, , , , , C525
1660406293, , 33.6765, -117.8656, 0, 25, 15, C525, , , , , C525
1660406293, , 33.6765, -117.8656, 0, 25, 15, C525, , , , , C525
1660406297, , 33.6767, -117.8655, 0, 25, 15, C525, , , , , C525
1660406300, , 33.6769, -117.8654, 0, 25, 15, C525, , , , , C525
1660406300, , 33.6769, -117.8654, 0, 25, 15, C525, , , , , C525
1660406305, , 33.6772, -117.8652, 0, 25, 15, C525, , , , , C525
1660406305, , 33.6772, -117.8652, 0, 25, 15, C525, , , , , C525
1660406309, , 33.6774, -117.865, 0, 25, 15, C525, , , , , C525
1660406309, , 33.6774, -117.865, 0, 25, 15, C525, , , , , C525
1660406313, , 33.6777, -117.8649, 0, 25, 15, C525, , , , , C525
1660406317, , 33.6779, -117.8647, 0, 25, 15, C525, , , , , C525
1660406317, , 33.6779, -117.8647, 0, 25, 15, C525, , , , , C525
1660406321, , 33.6781, -117.8645, 0, 25, 15, C525, , , , , C525
1660406321, , 33.6781, -117.8645, 0, 25, 15, C525, , , , , C525
1660406322, , 33.6783, -117.8645, 0, 25, 15, C525, , , , , C525
1660406328, , 33.6786, -117.8642, 0, 25, 14, C525, , , , , C525
1660406328, , 33.6786, -117.8642, 0, 25, 14, C525, , , , , C525
1660406332, , 33.6788, -117.8641, 0, 25, 14, C525, , , , , C525
1660406332, , 33.6788, -117.8641, 0, 25, 14, C525, , , , , C525
1660406334, , 33.679, -117.864, 0, 25, 14, C525, , , , , C525
1660406334, , 33.679, -117.864, 0, 25, 14, C525, , , , , C525
1660406341, , 33.6793, -117.8638, 0, 25, 12, C525, , , , , C525
1660406344, , 33.6795, -117.8637, 0, 25, 12, C525, , , , , C525
1660406344, , 33.6795, -117.8637, 0, 25, 12, C525, , , , , C525
1660406349, , 33.6797, -117.8636, 0, 25, 11, C525, , , , , C525
1660406349, , 33.6797, -117.8636, 0, 25, 11, C525, , , , , C525
1660406350, , 33.6798, -117.8635, 0, 25, 10, C525, , , , , C525
1660406356, , 33.68, -117.8634, 0, 25, 9, C525, , , , , C525
1660406356, , 33.68, -117.8634, 0, 25, 9, C525, , , , , C525
1660406361, , 33.6801, -117.8633, 0, 25, 6, C525, , , , , C525
1660406361, , 33.6801, -117.8633, 0, 25, 6, C525, , , , , C525
1660406364, , 33.6802, -117.8633, 0, 25, 5, C525, , , , , C525
1660406364, , 33.6802, -117.8633, 0, 25, 5, C525, , , , , C525
1660406369, , 33.6803, -117.8632, 0, 25, 1, C525, , , , , C525
1660406373, , 33.6803, -117.8632, 0, 25, 1, C525, , , , , C525
1660406373, , 33.6803, -117.8632, 0, 25, 1, C525, , , , , C525
1660406374, , 33.6803, -117.8632, 0, 25, 1, C525, , , , , C525
1660406374, , 33.6803, -117.8632, 0, 25, 1, C525, , , , , C525
1660406382, , 33.6803, -117.8632, 0, 25, 0, C525, , , , , C525
1660406382, , 33.6803, -117.8632, 0, 25, 0, C525, , , , , C525
1660406386, , 33.6803, -117.8632, 0, 25, 1, C525, , , , , C525
1660406390, , 33.6803, -117.8632, 0, 28, 3, C525, , , , , C525
1660406390, , 33.6803, -117.8632, 0, 28, 3, C525, , , , , C525
1660406391, , 33.6803, -117.8632, 0, 25, 5, C525, , , , , C525
1660406391, , 33.6803, -117.8632, 0, 25, 5, C525, , , , , C525
1660406391, , 33.6803, -117.8632, 0, 25, 5, C525, , , , , C525
1660406391, , 33.6803, -117.8632, 0, 25, 5, C525, , , , , C525
1660406400, , 33.6806, -117.8631, 0, 354, 7, C525, , , , , C525
1660406400, , 33.6806, -117.8631, 0, 354, 7, C525, , , , , C525
1660406404, , 33.6807, -117.8632, 0, 315, 8, C525, , , , , C525
1660406409, , 33.6808, -117.8634, 0, 295, 7, C525, , , , , C525
1660406409, , 33.6808, -117.8634, 0, 295, 7, C525, , , , , C525
1660406410, , 33.6808, -117.8634, 0, 295, 7, C525, , , , , C525
1660406410, , 33.6808, -117.8634, 0, 295, 7, C525, , , , , C525
1660406417, , 33.6809, -117.8637, 0, 295, 8, C525, , , , , C525
1660406417, , 33.6809, -117.8637, 0, 295, 8, C525, , , , , C525
1660406417, , 33.6809, -117.8637, 0, 295, 8, C525, , , , , C525
1660406417, , 33.6809, -117.8637, 0, 295, 8, C525, , , , , C525
1660406428, , 33.6811, -117.8642, 50, 288, 6, C525, , , , , C525
1660406428, , 33.6811, -117.8642, 50, 288, 6, C525, , , , , C525
1660406431, , 33.6812, -117.8643, 50, 295, 6, C525, , , , , C525
1660406431, , 33.6812, -117.8643, 50, 295, 6, C525, , , , , C525
1660406437, , 33.6812, -117.8643, 50, 300, 1, C525, , , , , C525
1660406437, , 33.6812, -117.8643, 50, 300, 1, C525, , , , , C525
1660406440, , 33.6812, -117.8643, 50, 301, 2, C525, , , , , C525
1660406443, , 33.6812, -117.8643, 50, 164, 2, C525, , , , , C525
1660406443, , 33.6812, -117.8643, 50, 164, 2, C525, , , , , C525
1660406449, , 33.6812, -117.8643, 50, 308, 1, C525, , , , , C525
1660406449, , 33.6812, -117.8643, 50, 308, 1, C525, , , , , C525
1660406452, , 33.6812, -117.8643, 50, 89, 1, C525, , , , , C525
1660406452, , 33.6812, -117.8643, 50, 89, 1, C525, , , , , C525
1660406455, , 33.6812, -117.8643, 50, 317, 1, C525, , , , , C525
1660406461, , 33.6812, -117.8643, 50, 131, 1, C525, , , , , C525
1660406461, , 33.6812, -117.8643, 50, 131, 1, C525, , , , , C525
1660406464, , 33.6812, -117.8643, 50, 317, 1, C525, , , , , C525
1660406464, , 33.6812, -117.8643, 50, 317, 1, C525, , , , , C525
1660406467, , 33.6812, -117.8643, 50, 321, 1, C525, , , , , C525
1660406467, , 33.6812, -117.8643, 50, 321, 1, C525, , , , , C525
1660406473, , 33.6812, -117.8644, 50, 318, 1, C525, , , , , C525
1660406473, , 33.6812, -117.8644, 50, 318, 1, C525, , , , , C525
1660406473, , 33.6812, -117.8644, 50, 318, 1, C525, , , , , C525
1660406479, , 33.6812, -117.8643, 0, 295, 0, C525, , , , , C525
1660406479, , 33.6812, -117.8643, 0, 295, 0, C525, , , , , C525
1660406479, , 33.6812, -117.8643, 0, 295, 0, C525, , , , , C525
1660406479, , 33.6812, -117.8643, 0, 295, 0, C525, , , , , C525
1660406488, , 33.6812, -117.8644, 50, 300, 1, C525, , , , , C525
1660406488, , 33.6812, -117.8644, 50, 300, 1, C525, , , , , C525
1660406488, , 33.6812, -117.8644, 50, 300, 1, C525, , , , , C525
1660406488, , 33.6812, -117.8644, 50, 300, 1, C525, , , , , C525
1660406488, , 33.6812, -117.8644, 50, 300, 1, C525, , , , , C525
1660406499, , 33.6812, -117.8643, 0, 295, 0, C525, , , , , C525
1660406499, , 33.6812, -117.8643, 0, 295, 0, C525, , , , , C525
1660406505, , 33.6813, -117.8645, 0, 292, 7, C525, , , , , C525
1660406505, , 33.6813, -117.8645, 0, 292, 7, C525, , , , , C525
1660406509, , 33.6813, -117.8646, 0, 289, 10, C525, , , , , C525
1660406512, , 33.6814, -117.8648, 0, 289, 9, C525, , , , , C525
1660406512, , 33.6814, -117.8648, 0, 289, 9, C525, , , , , C525
1660406516, , 33.6814, -117.865, 0, 284, 8, C525, , , , , C525
1660406516, , 33.6814, -117.865, 0, 284, 8, C525, , , , , C525
1660406521, , 33.6814, -117.8652, 0, 255, 6, C525, , , , , C525
1660406521, , 33.6814, -117.8652, 0, 255, 6, C525, , , , , C525
1660406526, , 33.6814, -117.8652, 0, 216, 4, C525, , , , , C525
1660406529, , 33.6813, -117.8653, 0, 205, 1, C525, , , , , C525
1660406529, , 33.6813, -117.8653, 0, 205, 1, C525, , , , , C525
1660406533, , 33.6813, -117.8653, 0, 205, 1, C525, , , , , C525
1660406533, , 33.6813, -117.8653, 0, 205, 1, C525, , , , , C525
1660406536, , 33.6813, -117.8653, 0, 205, 1, C525, , , , , C525
1660406536, , 33.6813, -117.8653, 0, 205, 1, C525, , , , , C525
1660406541, , 33.6813, -117.8653, 0, 208, 10, C525, , , , , C525
1660406545, , 33.6808, -117.8656, 0, 205, 39, C525, , , , , C525
1660406545, , 33.6808, -117.8656, 0, 205, 39, C525, , , , , C525
1660406549, , 33.68, -117.8661, 0, 205, 61, C525, , , , , C525
1660406549, , 33.68, -117.8661, 0, 205, 61, C525, , , , , C525
1660406553, , 33.6787, -117.867, 0, 205, 86, C525, , , , , C525
1660406553, , 33.6787, -117.867, 0, 205, 86, C525, , , , , C525
1660406553, , 33.6787, -117.867, 0, 205, 86, C525, , , , , C525
1660406553, , 33.6787, -117.867, 0, 205, 86, C525, , , , , C525
1660406553, , 33.6787, -117.867, 0, 205, 86, C525, , , , , C525
1660406553, , 33.6787, -117.867, 0, 205, 86, C525, , , , , C525
1660406553, , 33.6787, -117.867, 0, 205, 86, C525, , , , , C525
1660406567, , 33.6749, -117.8694, 200, 206, 119, C525, , , , , C525
1660406567, , 33.6749, -117.8694, 200, 206, 119, C525, , , , , C525
1660406573, , 33.6699, -117.8726, 400, 210, 138, C525, , , , , C525
1660406576, , 33.6677, -117.8742, 600, 212, 140, C525, , , , , C525
1660406576, , 33.6677, -117.8742, 600, 212, 140, C525, , , , , C525
1660406579, , 33.6662, -117.8754, 800, 212, 142, C525, , , , , C525
1660406579, , 33.6662, -117.8754, 800, 212, 142, C525, , , , , C525
1660406585, , 33.6624, -117.8782, 1100, 212, 145, C525, , , , , C525
1660406588, , 33.6606, -117.8795, 1200, 212, 148, C525, , , , , C525
1660406588, , 33.6606, -117.8795, 1200, 212, 148, C525, , , , , C525
1660406591, , 33.659, -117.8807, 1300, 212, 154, C525, , , , , C525
1660406591, , 33.659, -117.8807, 1300, 212, 154, C525, , , , , C525
1660406597, , 33.6549, -117.884, 1400, 213, 167, C525, , , , , C525
1660406600, , 33.6529, -117.8856, 1500, 213, 172, C525, , , , , C525
1660406600, , 33.6529, -117.8856, 1500, 213, 172, C525, , , , , C525
1660406606, , 33.649, -117.8885, 1600, 208, 182, C525, , , , , C525
1660406606, , 33.649, -117.8885, 1600, 208, 182, C525, , , , , C525
1660406609, , 33.6468, -117.8896, 1700, 204, 183, C525, , , , , C525
1660406609, , 33.6468, -117.8896, 1700, 204, 183, C525, , , , , C525
1660406614, , 33.6431, -117.8913, 1900, 197, 186, C525, , , , , C525
1660406614, , 33.6431, -117.8913, 1900, 197, 186, C525, , , , , C525
1660406617, , 33.6405, -117.8921, 2000, 194, 187, C525, , , , , C525
1660406619, , 33.6393, -117.8924, 2100, 194, 187, C525, , , , , C525
1660406619, , 33.6393, -117.8924, 2100, 194, 187, C525, , , , , C525
1660406626, , 33.6324, -117.8936, 2400, 186, 189, C525, , , , , C525
1660406626, , 33.6324, -117.8936, 2400, 186, 189, C525, , , , , C525
1660406628, , 33.6302, -117.8938, 2600, 186, 188, C525, , , , , C525
1660406628, , 33.6302, -117.8938, 2600, 186, 188, C525, , , , , C525
1660406632, , 33.6274, -117.8942, 2700, 185, 185, C525, , , , , C525
1660406638, , 33.6223, -117.8949, 3100, 186, 182, C525, , , , , C525
1660406638, , 33.6223, -117.8949, 3100, 186, 182, C525, , , , , C525
1660406641, , 33.6197, -117.8952, 3300, 186, 181, C525, , , , , C525
1660406641, , 33.6197, -117.8952, 3300, 186, 181, C525, , , , , C525
1660406643, , 33.6172, -117.8956, 3400, 186, 180, C525, , , , , C525
1660406643, , 33.6172, -117.8956, 3400, 186, 180, C525, , , , , C525
1660406650, , 33.614, -117.896, 3700, 186, 180, C525, , , , , C525
1660406653, , 33.6096, -117.8966, 3800, 186, 181, C525, , , , , C525
1660406653, , 33.6096, -117.8966, 3800, 186, 181, C525, , , , , C525
1660406655, , 33.6075, -117.8969, 3900, 186, 181, C525, , , , , C525
1660406655, , 33.6075, -117.8969, 3900, 186, 181, C525, , , , , C525
1660406662, , 33.6024, -117.8975, 4200, 185, 184, C525, , , , , C525
1660406662, , 33.6024, -117.8975, 4200, 185, 184, C525, , , , , C525
1660406664, , 33.5997, -117.8978, 4300, 185, 185, C525, , , , , C525
1660406668, , 33.5971, -117.8981, 4400, 185, 187, C525, , , , , C525
1660406668, , 33.5971, -117.8981, 4400, 185, 187, C525, , , , , C525
1660406671, , 33.5966, -117.8982, 4500, 185, 188, C525, , , , , C525
1660406671, , 33.5966, -117.8982, 4500, 185, 188, C525, , , , , C525
1660406678, , 33.5877, -117.8992, 4900, 185, 187, C525, , , , , C525
1660406678, , 33.5877, -117.8992, 4900, 185, 187, C525, , , , , C525
1660406681, , 33.5858, -117.8993, 5000, 185, 187, C525, , , , , C525
1660406683, , 33.584, -117.8996, 5100, 184, 186, C525, , , , , C525
1660406683, , 33.584, -117.8996, 5100, 184, 186, C525, , , , , C525
1660406690, , 33.5774, -117.9003, 5400, 187, 187, C525, , , , , C525
1660406690, , 33.5774, -117.9003, 5400, 187, 187, C525, , , , , C525
1660406693, , 33.5754, -117.9007, 5500, 191, 188, C525, , , , , C525
1660406693, , 33.5754, -117.9007, 5500, 191, 188, C525, , , , , C525
1660406696, , 33.5724, -117.9017, 5600, 198, 190, C525, , , , , C525
1660406702, , 33.5675, -117.9051, 5800, 216, 193, C525, , , , , C525
1660406702, , 33.5675, -117.9051, 5800, 216, 193, C525, , , , , C525
1660406705, , 33.5655, -117.907, 6000, 221, 193, C525, , , , , C525
1660406705, , 33.5655, -117.907, 6000, 221, 193, C525, , , , , C525
1660406708, , 33.5638, -117.909, 6100, 224, 192, C525, , , , , C525
1660406708, , 33.5638, -117.909, 6100, 224, 192, C525, , , , , C525
1660406711, , 33.5625, -117.9105, 6200, 225, 191, C525, , , , , C525
1660406717, , 33.5584, -117.9156, 6500, 225, 193, C525, , , , , C525
1660406717, , 33.5584, -117.9156, 6500, 225, 193, C525, , , , , C525
1660406722, , 33.5551, -117.9196, 6600, 225, 195, C525, , , , , C525
1660406722, , 33.5551, -117.9196, 6600, 225, 195, C525, , , , , C525
1660406723, , 33.5542, -117.9207, 6700, 224, 195, C525, , , , , C525
1660406723, , 33.5542, -117.9207, 6700, 224, 195, C525, , , , , C525
1660406728, , 33.5512, -117.924, 6900, 223, 195, C525, , , , , C525
1660406732, , 33.549, -117.9265, 7000, 222, 194, C525, , , , , C525
1660406732, , 33.549, -117.9265, 7000, 222, 194, C525, , , , , C525
1660406738, , 33.5442, -117.9317, 7300, 221, 194, C525, , , , , C525
1660406738, , 33.5442, -117.9317, 7300, 221, 194, C525, , , , , C525
1660406741, , 33.5426, -117.9335, 7400, 221, 195, C525, , , , , C525
1660406741, , 33.5426, -117.9335, 7400, 221, 195, C525, , , , , C525
1660406744, , 33.5402, -117.936, 7500, 221, 195, C525, , , , , C525
1660406750, , 33.5363, -117.94, 7800, 220, 197, C525, , , , , C525
1660406750, , 33.5363, -117.94, 7800, 220, 197, C525, , , , , C525
1660406753, , 33.5339, -117.9426, 7900, 220, 197, C525, , , , , C525
1660406753, , 33.5339, -117.9426, 7900, 220, 197, C525, , , , , C525
1660406756, , 33.5322, -117.9443, 8000, 220, 197, C525, , , , , C525
1660406756, , 33.5322, -117.9443, 8000, 220, 197, C525, , , , , C525
1660406759, , 33.5299, -117.9467, 8100, 220, 197, C525, , , , , C525
1660406759, , 33.5299, -117.9467, 8100, 220, 197, C525, , , , , C525
1660406765, , 33.5257, -117.951, 8300, 220, 199, C525, , , , , C525
1660406768, , 33.5238, -117.9528, 8400, 220, 199, C525, , , , , C525
1660406768, , 33.5238, -117.9528, 8400, 220, 199, C525, , , , , C525
1660406773, , 33.5208, -117.956, 8600, 221, 201, C525, , , , , C525
1660406773, , 33.5208, -117.956, 8600, 221, 201, C525, , , , , C525
1660406776, , 33.5183, -117.9586, 8700, 221, 203, C525, , , , , C525
1660406776, , 33.5183, -117.9586, 8700, 221, 203, C525, , , , , C525
1660406782, , 33.514, -117.9631, 8900, 221, 204, C525, , , , , C525
1660406785, , 33.512, -117.9652, 9000, 221, 204, C525, , , , , C525
1660406785, , 33.512, -117.9652, 9000, 221, 204, C525, , , , , C525
1660406788, , 33.5106, -117.9667, 9100, 221, 205, C525, , , , , C525
1660406788, , 33.5106, -117.9667, 9100, 221, 205, C525, , , , , C525
1660406794, , 33.5056, -117.972, 9300, 221, 208, C525, , , , , C525
1660406794, , 33.5056, -117.972, 9300, 221, 208, C525, , , , , C525
1660406796, , 33.5037, -117.9739, 9400, 221, 211, C525, , , , , C525
1660406800, , 33.5011, -117.9767, 9400, 221, 217, C525, , , , , C525
1660406800, , 33.5011, -117.9767, 9400, 221, 217, C525, , , , , C525
1660406806, , 33.4962, -117.982, 9500, 221, 225, C525, , , , , C525
1660406806, , 33.4962, -117.982, 9500, 221, 225, C525, , , , , C525
1660406809, , 33.4943, -117.984, 9500, 222, 228, C525, , , , , C525
1660406809, , 33.4943, -117.984, 9500, 222, 228, C525, , , , , C525
1660406812, , 33.4915, -117.9871, 9600, 222, 229, C525, , , , , C525
1660406818, , 33.4871, -117.992, 9900, 222, 227, C525, , , , , C525
1660406818, , 33.4871, -117.992, 9900, 222, 227, C525, , , , , C525
1660406821, , 33.4849, -117.9943, 10000, 223, 227, C525, , , , , C525
1660406821, , 33.4849, -117.9943, 10000, 223, 227, C525, , , , , C525
1660406824, , 33.4827, -117.997, 10100, 226, 227, C525, , , , , C525
1660406824, , 33.4827, -117.997, 10100, 226, 227, C525, , , , , C525
1660406830, , 33.4782, -118.0037, 10300, 234, 227, C525, , , , , C525
1660406833, , 33.4766, -118.0063, 10400, 236, 229, C525, , , , , C525
1660406833, , 33.4766, -118.0063, 10400, 236, 229, C525, , , , , C525
1660406836, , 33.4757, -118.0082, 10500, 239, 229, C525, , , , , C525
1660406836, , 33.4757, -118.0082, 10500, 239, 229, C525, , , , , C525
1660406842, , 33.4719, -118.0161, 10700, 240, 232, C525, , , , , C525
1660406842, , 33.4719, -118.0161, 10700, 240, 232, C525, , , , , C525
1660406845, , 33.4701, -118.0199, 10800, 241, 233, C525, , , , , C525
1660406848, , 33.4686, -118.0232, 10900, 241, 234, C525, , , , , C525
1660406848, , 33.4686, -118.0232, 10900, 241, 234, C525, , , , , C525
1660406853, , 33.4656, -118.0295, 11000, 240, 235, C525, , , , , C525
1660406853, , 33.4656, -118.0295, 11000, 240, 235, C525, , , , , C525
1660406857, , 33.464, -118.033, 11100, 240, 236, C525, , , , , C525
1660406857, , 33.464, -118.033, 11100, 240, 236, C525, , , , , C525
1660406862, , 33.4611, -118.0388, 11300, 239, 238, C525, , , , , C525
1660406865, , 33.4598, -118.0415, 11400, 239, 238, C525, , , , , C525
1660406865, , 33.4598, -118.0415, 11400, 239, 238, C525, , , , , C525
1660406869, , 33.4569, -118.0473, 11500, 238, 238, C525, , , , , C525
1660406869, , 33.4569, -118.0473, 11500, 238, 238, C525, , , , , C525
1660406873, , 33.4549, -118.0513, 11700, 238, 238, C525, , , , , C525
1660406873, , 33.4549, -118.0513, 11700, 238, 238, C525, , , , , C525
1660406878, , 33.4521, -118.0567, 11800, 238, 240, C525, , , , , C525
1660406878, , 33.4521, -118.0567, 11800, 238, 240, C525, , , , , C525
1660406881, , 33.4503, -118.0602, 11900, 238, 240, C525, , , , , C525
1660406883, , 33.4491, -118.0625, 12000, 238, 242, C525, , , , , C525
1660406883, , 33.4491, -118.0625, 12000, 238, 242, C525, , , , , C525
1660406890, , 33.4449, -118.0706, 12200, 238, 242, C525, , , , , C525
1660406890, , 33.4449, -118.0706, 12200, 238, 242, C525, , , , , C525
1660406893, , 33.4435, -118.0734, 12300, 238, 242, C525, , , , , C525
1660406893, , 33.4435, -118.0734, 12300, 238, 242, C525, , , , , C525
1660406896, , 33.4423, -118.0757, 12400, 238, 245, C525, , , , , C525
1660406901, , 33.4383, -118.0836, 12500, 239, 250, C525, , , , , C525
1660406901, , 33.4383, -118.0836, 12500, 239, 250, C525, , , , , C525
1660406902, , 33.438, -118.0842, 12500, 240, 252, C525, , , , , C525
1660406902, , 33.438, -118.0842, 12500, 240, 252, C525, , , , , C525
1660406906, , 33.4353, -118.0906, 12500, 241, 252, C525, , , , , C525
1660406911, , 33.4335, -118.0975, 12500, 253, 261, C525, , , , , C525
1660406911, , 33.4335, -118.0975, 12500, 253, 261, C525, , , , , C525
1660406917, , 33.433, -118.1053, 12600, 266, 266, C525, , , , , C525
1660406917, , 33.433, -118.1053, 12600, 266, 266, C525, , , , , C525
1660406920, , 33.4333, -118.1105, 12600, 276, 271, C525, , , , , C525
1660406920, , 33.4333, -118.1105, 12600, 276, 271, C525, , , , , C525
1660406923, , 33.434, -118.1151, 12600, 281, 272, C525, , , , , C525
1660406926, , 33.4347, -118.1187, 12700, 283, 273, C525, , , , , C525
1660406926, , 33.4347, -118.1187, 12700, 283, 273, C525, , , , , C525
1660406932, , 33.4367, -118.1275, 12800, 285, 272, C525, , , , , C525
1660406932, , 33.4367, -118.1275, 12800, 285, 272, C525, , , , , C525
1660406938, , 33.4386, -118.1361, 13000, 284, 273, C525, , , , , C525
1660406938, , 33.4386, -118.1361, 13000, 284, 273, C525, , , , , C525
1660406941, , 33.4396, -118.1409, 13100, 284, 272, C525, , , , , C525
1660406944, , 33.4406, -118.1456, 13200, 283, 274, C525, , , , , C525
1660406944, , 33.4406, -118.1456, 13200, 283, 274, C525, , , , , C525
1660406949, , 33.4417, -118.1511, 13200, 282, 278, C525, , , , , C525
1660406949, , 33.4417, -118.1511, 13200, 282, 278, C525, , , , , C525
1660406951, , 33.4422, -118.154, 13300, 282, 277, C525, , , , , C525
1660406951, , 33.4422, -118.154, 13300, 282, 277, C525, , , , , C525
1660406955, , 33.4434, -118.16, 13400, 281, 279, C525, , , , , C525
1660406960, , 33.4451, -118.1697, 13500, 281, 279, C525, , , , , C525
1660406960, , 33.4451, -118.1697, 13500, 281, 279, C525, , , , , C525
1660406964, , 33.446, -118.1752, 13600, 281, 280, C525, , , , , C525
1660406964, , 33.446, -118.1752, 13600, 281, 280, C525, , , , , C525
1660406970, , 33.4476, -118.184, 13800, 281, 279, C525, , , , , C525
1660406973, , 33.4483, -118.1885, 13800, 281, 280, C525, , , , , C525
1660406973, , 33.4483, -118.1885, 13800, 281, 280, C525, , , , , C525
1660406975, , 33.4492, -118.1929, 13900, 282, 280, C525, , , , , C525
1660406975, , 33.4492, -118.1929, 13900, 282, 280, C525, , , , , C525
1660406982, , 33.4508, -118.2014, 14100, 282, 280, C525, , , , , C525
1660406982, , 33.4508, -118.2014, 14100, 282, 280, C525, , , , , C525
1660406984, , 33.4517, -118.2064, 14200, 283, 280, C525, , , , , C525
1660406988, , 33.4528, -118.2116, 14300, 283, 280, C525, , , , , C525
1660406988, , 33.4528, -118.2116, 14300, 283, 280, C525, , , , , C525
1660406994, , 33.4543, -118.219, 14400, 284, 281, C525, , , , , C525
1660406994, , 33.4543, -118.219, 14400, 284, 281, C525, , , , , C525
1660406996, , 33.4556, -118.2246, 14500, 284, 280, C525, , , , , C525
1660406996, , 33.4556, -118.2246, 14500, 284, 280, C525, , , , , C525
1660407000, , 33.4567, -118.2294, 14600, 285, 281, C525, , , , , C525
1660407006, , 33.4588, -118.2383, 14700, 286, 281, C525, , , , , C525
1660407006, , 33.4588, -118.2383, 14700, 286, 281, C525, , , , , C525
1660407009, , 33.4599, -118.2429, 14800, 286, 281, C525, , , , , C525
1660407009, , 33.4599, -118.2429, 14800, 286, 281, C525, , , , , C525
1660407013, , 33.4613, -118.2483, 14900, 286, 280, C525, , , , , C525
1660407013, , 33.4613, -118.2483, 14900, 286, 280, C525, , , , , C525
1660407016, , 33.4625, -118.2531, 15000, 286, 281, C525, , , , , C525
1660407022, , 33.4649, -118.2624, 15100, 287, 280, C525, , , , , C525
1660407024, , 33.4657, -118.2652, 15200, 287, 280, C525, , , , , C525
1660407024, , 33.4657, -118.2652, 15200, 287, 280, C525, , , , , C525
1660407026, , 33.4665, -118.2684, 15200, 287, 281, C525, , , , , C525
1660407026, , 33.4665, -118.2684, 15200, 287, 281, C525, , , , , C525
1660407031, , 33.4684, -118.2757, 15300, 287, 283, C525, , , , , C525
1660407038, , 33.4711, -118.2858, 15500, 287, 283, C525, , , , , C525
1660407038, , 33.4711, -118.2858, 15500, 287, 283, C525, , , , , C525
1660407041, , 33.4723, -118.2905, 15600, 287, 283, C525, , , , , C525
1660407041, , 33.4723, -118.2905, 15600, 287, 283, C525, , , , , C525
1660407044, , 33.4735, -118.2946, 15600, 287, 283, C525, , , , , C525
1660407044, , 33.4735, -118.2946, 15600, 287, 283, C525, , , , , C525
1660407050, , 33.4759, -118.3035, 15800, 288, 283, C525, , , , , C525
1660407053, , 33.4771, -118.3081, 15900, 288, 283, C525, , , , , C525
1660407053, , 33.4771, -118.3081, 15900, 288, 283, C525, , , , , C525
1660407057, , 33.4792, -118.3156, 16000, 287, 284, C525, , , , , C525
1660407057, , 33.4792, -118.3156, 16000, 287, 284, C525, , , , , C525
1660407062, , 33.4807, -118.321, 16100, 287, 285, C525, , , , , C525
1660407062, , 33.4807, -118.321, 16100, 287, 285, C525, , , , , C525
1660407065, , 33.4819, -118.3254, 16100, 287, 286, C525, , , , , C525
1660407068, , 33.4829, -118.3293, 16200, 287, 286, C525, , , , , C525
1660407068, , 33.4829, -118.3293, 16200, 287, 286, C525, , , , , C525
1660407074, , 33.4859, -118.3404, 16300, 287, 288, C525, , , , , C525
1660407074, , 33.4859, -118.3404, 16300, 287, 288, C525, , , , , C525
1660407077, , 33.4868, -118.3437, 16400, 287, 289, C525, , , , , C525
1660407077, , 33.4868, -118.3437, 16400, 287, 289, C525, , , , , C525
1660407079, , 33.4878, -118.3476, 16400, 287, 289, C525, , , , , C525
1660407086, , 33.49, -118.356, 16600, 287, 290, C525, , , , , C525
1660407086, , 33.49, -118.356, 16600, 287, 290, C525, , , , , C525
1660407088, , 33.4914, -118.3615, 16600, 286, 290, C525, , , , , C525
1660407088, , 33.4914, -118.3615, 16600, 286, 290, C525, , , , , C525
1660407092, , 33.493, -118.3677, 16700, 286, 291, C525, , , , , C525
1660407092, , 33.493, -118.3677, 16700, 286, 291, C525, , , , , C525
1660407098, , 33.4952, -118.3766, 16900, 286, 291, C525, , , , , C525
1660407100, , 33.4962, -118.381, 16900, 286, 292, C525, , , , , C525
1660407100, , 33.4962, -118.381, 16900, 286, 292, C525, , , , , C525
1660407104, , 33.4974, -118.3858, 17000, 286, 292, C525, , , , , C525
1660407104, , 33.4974, -118.3858, 17000, 286, 292, C525, , , , , C525
1660407109, , 33.4996, -118.3953, 17100, 286, 294, C525, , , , , C525
1660407109, , 33.4996, -118.3953, 17100, 286, 294, C525, , , , , C525
1660407112, , 33.5007, -118.3996, 17200, 285, 295, C525, , , , , C525
1660407115, , 33.5018, -118.4046, 17200, 285, 295, C525, , , , , C525
1660407115, , 33.5018, -118.4046, 17200, 285, 295, C525, , , , , C525
1660407121, , 33.5041, -118.414, 17400, 285, 296, C525, , , , , C525
1660407121, , 33.5041, -118.414, 17400, 285, 296, C525, , , , , C525
1660407124, , 33.5052, -118.4188, 17400, 285, 296, C525, , , , , C525
1660407124, , 33.5052, -118.4188, 17400, 285, 296, C525, , , , , C525
1660407128, , 33.5064, -118.4238, 17500, 285, 296, C525, , , , , C525
1660407134, , 33.5081, -118.431, 17600, 285, 296, C525, , , , , C525
1660407134, , 33.5081, -118.431, 17600, 285, 296, C525, , , , , C525
1660407137, , 33.5097, -118.4375, 17800, 286, 293, C525, , , , , C525
1660407137, , 33.5097, -118.4375, 17800, 286, 293, C525, , , , , C525
1660407137, , 33.5097, -118.4375, 17800, 286, 293, C525, , , , , C525
1660407137, , 33.5097, -118.4375, 17800, 286, 293, C525, , , , , C525
1660407145, , 33.5132, -118.4518, 18000, 286, 293, C525, , , , , C525
1660407148, , 33.5143, -118.4563, 18100, 286, 293, C525, , , , , C525
1660407148, , 33.5143, -118.4563, 18100, 286, 293, C525, , , , , C525
1660407151, , 33.5153, -118.4603, 18100, 286, 293, C525, , , , , C525
1660407151, , 33.5153, -118.4603, 18100, 286, 293, C525, , , , , C525
1660407158, , 33.5177, -118.4702, 18200, 286, 295, C525, , , , , C525
1660407158, , 33.5177, -118.4702, 18200, 286, 295, C525, , , , , C525
1660407160, , 33.5186, -118.474, 18300, 286, 296, C525, , , , , C525
1660407162, , 33.5197, -118.4782, 18300, 286, 296, C525, , , , , C525
1660407162, , 33.5197, -118.4782, 18300, 286, 296, C525, , , , , C525
1660407170, , 33.5229, -118.4897, 18500, 291, 297, C525, , , , , C525
1660407170, , 33.5229, -118.4897, 18500, 291, 297, C525, , , , , C525
1660407173, , 33.5238, -118.4919, 18500, 297, 296, C525, , , , , C525
1660407173, , 33.5238, -118.4919, 18500, 297, 296, C525, , , , , C525
1660407173, , 33.5238, -118.4919, 18500, 297, 296, C525, , , , , C525
1660407173, , 33.5238, -118.4919, 18500, 297, 296, C525, , , , , C525
1660407182, , 33.5301, -118.5034, 18700, 308, 296, C525, , , , , C525
1660407185, , 33.5344, -118.5094, 18800, 310, 295, C525, , , , , C525
1660407185, , 33.5344, -118.5094, 18800, 310, 295, C525, , , , , C525
1660407188, , 33.5371, -118.5133, 18900, 311, 294, C525, , , , , C525
1660407188, , 33.5371, -118.5133, 18900, 311, 294, C525, , , , , C525
1660407194, , 33.5417, -118.5195, 19100, 311, 295, C525, , , , , C525
1660407194, , 33.5417, -118.5195, 19100, 311, 295, C525, , , , , C525
1660407197, , 33.5455, -118.5247, 19100, 310, 297, C525, , , , , C525
1660407200, , 33.5464, -118.526, 19100, 309, 298, C525, , , , , C525
1660407200, , 33.5464, -118.526, 19100, 309, 298, C525, , , , , C525
1660407206, , 33.5513, -118.533, 19200, 308, 300, C525, , , , , C525
1660407206, , 33.5513, -118.533, 19200, 308, 300, C525, , , , , C525
1660407209, , 33.5561, -118.5402, 19300, 308, 300, C525, , , , , C525
1660407209, , 33.5561, -118.5402, 19300, 308, 300, C525, , , , , C525
1660407212, , 33.5589, -118.5444, 19300, 307, 301, C525, , , , , C525
1660407215, , 33.5614, -118.5483, 19400, 307, 301, C525, , , , , C525
1660407215, , 33.5614, -118.5483, 19400, 307, 301, C525, , , , , C525
1660407218, , 33.5635, -118.5517, 19400, 307, 302, C525, , , , , C525
1660407218, , 33.5635, -118.5517, 19400, 307, 302, C525, , , , , C525
1660407224, , 33.5668, -118.557, 19500, 306, 302, C525, , , , , C525
1660407224, , 33.5668, -118.557, 19500, 306, 302, C525, , , , , C525
1660407230, , 33.572, -118.5655, 19600, 305, 303, C525, , , , , C525
1660407233, , 33.5761, -118.5723, 19700, 305, 303, C525, , , , , C525
1660407233, , 33.5761, -118.5723, 19700, 305, 303, C525, , , , , C525
1660407237, , 33.5793, -118.5777, 19800, 305, 303, C525, , , , , C525
1660407237, , 33.5793, -118.5777, 19800, 305, 303, C525, , , , , C525
1660407240, , 33.5817, -118.5817, 19800, 305, 304, C525, , , , , C525
1660407240, , 33.5817, -118.5817, 19800, 305, 304, C525, , , , , C525
1660407245, , 33.5861, -118.5891, 19900, 305, 305, C525, , , , , C525
1660407245, , 33.5861, -118.5891, 19900, 305, 305, C525, , , , , C525
1660407249, , 33.5891, -118.5939, 20000, 305, 305, C525, , , , , C525
1660407252, , 33.5899, -118.5953, 20000, 305, 305, C525, , , , , C525
1660407252, , 33.5899, -118.5953, 20000, 305, 305, C525, , , , , C525
1660407258, , 33.5967, -118.6066, 20100, 305, 306, C525, , , , , C525
1660407258, , 33.5967, -118.6066, 20100, 305, 306, C525, , , , , C525
1660407261, , 33.5996, -118.6113, 20200, 306, 307, C525, , , , , C525
1660407261, , 33.5996, -118.6113, 20200, 306, 307, C525, , , , , C525
1660407264, , 33.6013, -118.614, 20200, 306, 308, C525, , , , , C525
1660407270, , 33.6066, -118.6225, 20300, 306, 310, C525, , , , , C525
1660407270, , 33.6066, -118.6225, 20300, 306, 310, C525, , , , , C525
1660407273, , 33.6088, -118.6261, 20300, 307, 310, C525, , , , , C525
1660407273, , 33.6088, -118.6261, 20300, 307, 310, C525, , , , , C525
1660407276, , 33.6116, -118.6305, 20400, 307, 311, C525, , , , , C525
1660407276, , 33.6116, -118.6305, 20400, 307, 311, C525, , , , , C525
1660407281, , 33.6147, -118.6352, 20500, 307, 311, C525, , , , , C525
1660407284, , 33.6183, -118.6409, 20500, 307, 312, C525, , , , , C525
1660407284, , 33.6183, -118.6409, 20500, 307, 312, C525, , , , , C525
1660407288, , 33.6223, -118.647, 20600, 307, 311, C525, , , , , C525
1660407288, , 33.6223, -118.647, 20600, 307, 311, C525, , , , , C525
1660407293, , 33.6263, -118.6531, 20700, 307, 310, C525, , , , , C525
1660407293, , 33.6263, -118.6531, 20700, 307, 310, C525, , , , , C525
1660407293, , 33.6263, -118.6531, 20700, 307, 310, C525, , , , , C525
1660407293, , 33.6263, -118.6531, 20700, 307, 310, C525, , , , , C525
1660407293, , 33.6263, -118.6531, 20700, 307, 310, C525, , , , , C525
1660407306, , 33.6386, -118.672, 20900, 308, 312, C525, , , , , C525
1660407306, , 33.6386, -118.672, 20900, 308, 312, C525, , , , , C525
1660407309, , 33.6412, -118.676, 21000, 308, 313, C525, , , , , C525
1660407309, , 33.6412, -118.676, 21000, 308, 313, C525, , , , , C525
1660407312, , 33.6438, -118.6798, 21000, 308, 313, C525, , , , , C525
1660407318, , 33.6493, -118.6882, 21100, 308, 314, C525, , , , , C525
1660407318, , 33.6493, -118.6882, 21100, 308, 314, C525, , , , , C525
1660407321, , 33.652, -118.6923, 21200, 308, 314, C525, , , , , C525
1660407321, , 33.652, -118.6923, 21200, 308, 314, C525, , , , , C525
1660407324, , 33.6547, -118.6964, 21200, 307, 314, C525, , , , , C525
1660407324, , 33.6547, -118.6964, 21200, 307, 314, C525, , , , , C525
1660407330, , 33.6603, -118.7052, 21300, 307, 314, C525, , , , , C525
1660407333, , 33.6627, -118.7088, 21400, 308, 314, C525, , , , , C525
1660407333, , 33.6627, -118.7088, 21400, 308, 314, C525, , , , , C525
1660407336, , 33.6658, -118.7132, 21400, 311, 313, C525, , , , , C525
1660407336, , 33.6658, -118.7132, 21400, 311, 313, C525, , , , , C525
1660407342, , 33.6724, -118.7205, 21600, 321, 313, C525, , , , , C525
1660407342, , 33.6724, -118.7205, 21600, 321, 313, C525, , , , , C525
1660407345, , 33.6749, -118.7226, 21700, 328, 311, C525, , , , , C525
1660407345, , 33.6749, -118.7226, 21700, 328, 311, C525, , , , , C525
1660407348, , 33.6792, -118.7256, 21700, 331, 310, C525, , , , , C525
1660407354, , 33.6874, -118.7301, 21900, 336, 306, C525, , , , , C525
1660407354, , 33.6874, -118.7301, 21900, 336, 306, C525, , , , , C525
1660407357, , 33.6915, -118.7322, 22100, 336, 302, C525, , , , , C525
1660407357, , 33.6915, -118.7322, 22100, 336, 302, C525, , , , , C525
1660407360, , 33.6953, -118.7341, 22200, 336, 300, C525, , , , , C525
1660407360, , 33.6953, -118.7341, 22200, 336, 300, C525, , , , , C525
1660407366, , 33.7026, -118.738, 22400, 336, 298, C525, , , , , C525
1660407369, , 33.7066, -118.7401, 22500, 335, 300, C525, , , , , C525
1660407369, , 33.7066, -118.7401, 22500, 335, 300, C525, , , , , C525
1660407372, , 33.7107, -118.7424, 22500, 334, 300, C525, , , , , C525
1660407372, , 33.7107, -118.7424, 22500, 334, 300, C525, , , , , C525
1660407378, , 33.7177, -118.7466, 22600, 333, 301, C525, , , , , C525
1660407378, , 33.7177, -118.7466, 22600, 333, 301, C525, , , , , C525
1660407381, , 33.7218, -118.749, 22700, 332, 300, C525, , , , , C525
1660407384, , 33.7257, -118.7514, 22800, 332, 300, C525, , , , , C525
1660407384, , 33.7257, -118.7514, 22800, 332, 300, C525, , , , , C525
1660407390, , 33.7331, -118.7562, 23000, 331, 297, C525, , , , , C525
1660407390, , 33.7331, -118.7562, 23000, 331, 297, C525, , , , , C525
1660407393, , 33.736, -118.7581, 23100, 331, 297, C525, , , , , C525
1660407393, , 33.736, -118.7581, 23100, 331, 297, C525, , , , , C525
1660407396, , 33.74, -118.7608, 23200, 330, 297, C525, , , , , C525
1660407402, , 33.7471, -118.7657, 23300, 330, 296, C525, , , , , C525
1660407402, , 33.7471, -118.7657, 23300, 330, 296, C525, , , , , C525
1660407405, , 33.7508, -118.7682, 23400, 330, 296, C525, , , , , C525
1660407405, , 33.7508, -118.7682, 23400, 330, 296, C525, , , , , C525
1660411418, , 33.7497, -117.3889, 9650, 143, 244, C525, , , , , C525
1660411421, , 33.7469, -117.3865, 9725, 143, 244, C525, , , , , C525
1660411421, , 33.7469, -117.3865, 9725, 143, 244, C525, , , , , C525
1660411425, , 33.7444, -117.3843, 9800, 143, 244, C525, , , , , C525
1660411425, , 33.7444, -117.3843, 9800, 143, 244, C525, , , , , C525
1660411430, , 33.7387, -117.3794, 9975, 144, 245, C525, , , , , C525
1660411430, , 33.7387, -117.3794, 9975, 144, 245, C525, , , , , C525
1660411434, , 33.736, -117.3771, 10075, 144, 246, C525, , , , , C525
1660411437, , 33.7331, -117.3746, 10150, 144, 246, C525, , , , , C525
1660411437, , 33.7331, -117.3746, 10150, 144, 246, C525, , , , , C525
1660411442, , 33.7277, -117.37, 10300, 145, 247, C525, , , , , C525
1660411442, , 33.7277, -117.37, 10300, 145, 247, C525, , , , , C525
1660411445, , 33.7252, -117.368, 10375, 145, 248, C525, , , , , C525
1660411445, , 33.7252, -117.368, 10375, 145, 248, C525, , , , , C525
1660411448, , 33.7224, -117.3657, 10450, 145, 248, C525, , , , , C525
1660411448, , 33.7224, -117.3657, 10450, 145, 248, C525, , , , , C525
1660411454, , 33.7164, -117.3607, 10625, 145, 249, C525, , , , , C525
1660411457, , 33.7135, -117.3584, 10700, 145, 249, C525, , , , , C525
1660411457, , 33.7135, -117.3584, 10700, 145, 249, C525, , , , , C525
1660411460, , 33.7106, -117.3559, 10800, 145, 250, C525, , , , , C525
1660411460, , 33.7106, -117.3559, 10800, 145, 250, C525, , , , , C525
1660411464, , 33.7071, -117.3531, 10900, 145, 249, C525, , , , , C525
1660411464, , 33.7071, -117.3531, 10900, 145, 249, C525, , , , , C525
1660411469, , 33.7028, -117.3495, 11050, 145, 249, C525, , , , , C525
1660411472, , 33.6996, -117.3469, 11150, 145, 249, C525, , , , , C525
1660411472, , 33.6996, -117.3469, 11150, 145, 249, C525, , , , , C525
1660411478, , 33.6938, -117.342, 11300, 145, 251, C525, , , , , C525
1660411478, , 33.6938, -117.342, 11300, 145, 251, C525, , , , , C525
1660411482, , 33.6898, -117.3386, 11375, 144, 252, C525, , , , , C525
1660411482, , 33.6898, -117.3386, 11375, 144, 252, C525, , , , , C525
1660411485, , 33.6876, -117.3368, 11450, 145, 253, C525, , , , , C525
1660411488, , 33.684, -117.3338, 11500, 145, 255, C525, , , , , C525
1660411488, , 33.684, -117.3338, 11500, 145, 255, C525, , , , , C525
1660411490, , 33.6822, -117.3324, 11550, 145, 255, C525, , , , , C525
1660411490, , 33.6822, -117.3324, 11550, 145, 255, C525, , , , , C525
1660411497, , 33.6755, -117.3267, 11700, 145, 257, C525, , , , , C525
1660411497, , 33.6755, -117.3267, 11700, 145, 257, C525, , , , , C525
1660411501, , 33.6716, -117.3235, 11775, 145, 257, C525, , , , , C525
1660411503, , 33.67, -117.3221, 11825, 145, 260, C525, , , , , C525
1660411503, , 33.67, -117.3221, 11825, 145, 260, C525, , , , , C525
1660411509, , 33.6629, -117.3163, 11900, 145, 264, C525, , , , , C525
1660411509, , 33.6629, -117.3163, 11900, 145, 264, C525, , , , , C525
1660411513, , 33.6599, -117.3138, 11925, 145, 267, C525, , , , , C525
1660411515, , 33.6579, -117.3121, 11950, 145, 270, C525, , , , , C525
1660411515, , 33.6579, -117.3121, 11950, 145, 270, C525, , , , , C525
1660411521, , 33.6505, -117.3059, 12025, 145, 272, C525, , , , , C525
1660411521, , 33.6505, -117.3059, 12025, 145, 272, C525, , , , , C525
1660411524, , 33.6472, -117.3032, 12100, 145, 272, C525, , , , , C525
1660411527, , 33.6443, -117.3009, 12150, 145, 272, C525, , , , , C525
1660411527, , 33.6443, -117.3009, 12150, 145, 272, C525, , , , , C525
1660411534, , 33.6381, -117.2957, 12300, 145, 272, C525, , , , , C525
1660411534, , 33.6381, -117.2957, 12300, 145, 272, C525, , , , , C525
1660411536, , 33.6349, -117.2931, 12375, 145, 272, C525, , , , , C525
1660411536, , 33.6349, -117.2931, 12375, 145, 272, C525, , , , , C525
1660411539, , 33.6328, -117.2914, 12450, 145, 271, C525, , , , , C525
1660411545, , 33.6256, -117.2853, 12675, 145, 269, C525, , , , , C525
1660411545, , 33.6256, -117.2853, 12675, 145, 269, C525, , , , , C525
1660411549, , 33.6228, -117.283, 12775, 145, 267, C525, , , , , C525
1660411549, , 33.6228, -117.283, 12775, 145, 267, C525, , , , , C525
1660411552, , 33.6194, -117.2802, 12875, 145, 267, C525, , , , , C525
1660411552, , 33.6194, -117.2802, 12875, 145, 267, C525, , , , , C525
1660411557, , 33.6146, -117.2762, 13025, 145, 267, C525, , , , , C525
1660411561, , 33.6101, -117.2725, 13175, 145, 263, C525, , , , , C525
1660411561, , 33.6101, -117.2725, 13175, 145, 263, C525, , , , , C525
1660411563, , 33.6074, -117.2702, 13275, 145, 263, C525, , , , , C525
1660411563, , 33.6074, -117.2702, 13275, 145, 263, C525, , , , , C525
1660411570, , 33.6014, -117.2653, 13475, 145, 262, C525, , , , , C525
1660411570, , 33.6014, -117.2653, 13475, 145, 262, C525, , , , , C525
1660411573, , 33.6001, -117.2643, 13575, 145, 261, C525, , , , , C525
1660411573, , 33.6001, -117.2643, 13575, 145, 261, C525, , , , , C525
1660411573, , 33.6001, -117.2643, 13575, 145, 261, C525, , , , , C525
1660411582, , 33.5892, -117.2554, 13875, 145, 257, C525, , , , , C525
1660411582, , 33.5892, -117.2554, 13875, 145, 257, C525, , , , , C525
1660411585, , 33.5863, -117.2531, 14000, 145, 255, C525, , , , , C525
1660411585, , 33.5863, -117.2531, 14000, 145, 255, C525, , , , , C525
1660411588, , 33.5831, -117.2504, 14125, 145, 252, C525, , , , , C525
1660411594, , 33.5772, -117.2455, 14375, 144, 249, C525, , , , , C525
1660411594, , 33.5772, -117.2455, 14375, 144, 249, C525, , , , , C525
1660411597, , 33.5747, -117.2433, 14500, 144, 248, C525, , , , , C525
1660411597, , 33.5747, -117.2433, 14500, 144, 248, C525, , , , , C525
1660411599, , 33.5721, -117.2411, 14600, 144, 246, C525, , , , , C525
1660411599, , 33.5721, -117.2411, 14600, 144, 246, C525, , , , , C525
1660411606, , 33.5662, -117.236, 14850, 144, 243, C525, , , , , C525
1660411606, , 33.5662, -117.236, 14850, 144, 243, C525, , , , , C525
1660415826, , 33.1352, -117.2372, 1000, 258, 129, C525, , , , , C525
1660415826, , 33.1352, -117.2372, 1000, 258, 129, C525, , , , , C525
1660415826, , 33.1352, -117.2372, 1000, 258, 129, C525, , , , , C525
1660415832, , 33.1345, -117.2412, 1000, 259, 128, C525, , , , , C525
1660415832, , 33.1345, -117.2412, 1000, 259, 128, C525, , , , , C525
1660415837, , 33.134, -117.2446, 900, 259, 127, C525, , , , , C525
1660415837, , 33.134, -117.2446, 900, 259, 127, C525, , , , , C525
1660415842, , 33.1334, -117.2482, 800, 259, 127, C525, , , , , C525
1660415842, , 33.1334, -117.2482, 800, 259, 127, C525, , , , , C525
1660415842, , 33.1334, -117.2482, 800, 259, 127, C525, , , , , C525
1660415850, , 33.1325, -117.2536, 700, 260, 121, C525, , , , , C525
1660415850, , 33.1325, -117.2536, 700, 260, 121, C525, , , , , C525
1660415850, , 33.1325, -117.2536, 700, 260, 121, C525, , , , , C525
1660415850, , 33.1325, -117.2536, 700, 260, 121, C525, , , , , C525
1660415854, , 33.1321, -117.2562, 700, 259, 117, C525, , , , , C525
1660415858, , 33.1317, -117.2587, 600, 259, 118, C525, , , , , C525
1660415858, , 33.1317, -117.2587, 600, 259, 118, C525, , , , , C525
1660415862, , 33.1313, -117.2609, 600, 257, 114, C525, , , , , C525
1660415862, , 33.1313, -117.2609, 600, 257, 114, C525, , , , , C525
1660415866, , 33.1309, -117.2639, 500, 259, 114, C525, , , , , C525
1660415866, , 33.1309, -117.2639, 500, 259, 114, C525, , , , , C525
1660415871, , 33.1304, -117.2667, 500, 259, 112, C525, , , , , C525
1660415875, , 33.13, -117.2692, 400, 258, 109, C525, , , , , C525
1660415875, , 33.13, -117.2692, 400, 258, 109, C525, , , , , C525
1660415879, , 33.1297, -117.271, 400, 259, 104, C525, , , , , C525
1660415879, , 33.1297, -117.271, 400, 259, 104, C525, , , , , C525
1660415883, , 33.1295, -117.2724, 300, 259, 104, C525, , , , , C525
1660415883, , 33.1295, -117.2724, 300, 259, 104, C525, , , , , C525
1660415883, , 33.1295, -117.2724, 300, 259, 104, C525, , , , , C525
1660415883, , 33.1295, -117.2724, 300, 259, 104, C525, , , , , C525
1660415883, , 33.1295, -117.2724, 300, 259, 104, C525, , , , , C525
1660415883, , 33.1295, -117.2724, 300, 259, 104, C525, , , , , C525
1660415883, , 33.1295, -117.2724, 300, 259, 104, C525, , , , , C525
1660415883, , 33.1295, -117.2724, 300, 259, 104, C525, , , , , C525
1660415883, , 33.1295, -117.2724, 300, 259, 104, C525, , , , , C525
1660415883, , 33.1295, -117.2724, 300, 259, 104, C525, , , , , C525
1660415911, , 33.1273, -117.2858, 300, 259, 104, C525, , , , , C525
1660415911, , 33.1273, -117.2858, 300, 259, 104, C525, , , , , C525
1660415911, , 33.1273, -117.2858, 300, 259, 104, C525, , , , , C525
1660415917, , 33.1273, -117.2859, 0, 258, 40, C525, , , , , C525
1660415917, , 33.1273, -117.2859, 0, 258, 40, C525, , , , , C525
1660415921, , 33.1272, -117.2867, 0, 258, 34, C525, , , , , C525
1660415921, , 33.1272, -117.2867, 0, 258, 34, C525, , , , , C525
1660415921, , 33.1272, -117.2867, 0, 258, 34, C525, , , , , C525
1660415921, , 33.1272, -117.2867, 0, 258, 34, C525, , , , , C525
1660415921, , 33.1272, -117.2867, 0, 258, 34, C525, , , , , C525
1660415932, , 33.1267, -117.2877, 0, 180, 14, C525, , , , , C525
1660415932, , 33.1267, -117.2877, 0, 180, 14, C525, , , , , C525
1660415937, , 33.1264, -117.2875, 0, 120, 15, C525, , , , , C525
1660415937, , 33.1264, -117.2875, 0, 120, 15, C525, , , , , C525
1660415938, , 33.1264, -117.2874, 0, 112, 15, C525, , , , , C525
1660415938, , 33.1264, -117.2874, 0, 112, 15, C525, , , , , C525
1660415943, , 33.1263, -117.287, 0, 87, 15, C525, , , , , C525
1660415950, , 33.1264, -117.2865, 0, 78, 14, C525, , , , , C525
1660415950, , 33.1264, -117.2865, 0, 78, 14, C525, , , , , C525
1660415951, , 33.1264, -117.2864, 0, 78, 14, C525, , , , , C525
1660415951, , 33.1264, -117.2864, 0, 78, 14, C525, , , , , C525
1660415951, , 33.1264, -117.2864, 0, 78, 14, C525, , , , , C525
1660415951, , 33.1264, -117.2864, 0, 78, 14, C525, , , , , C525
1660415951, , 33.1264, -117.2864, 0, 78, 14, C525, , , , , C525
1660415951, , 33.1264, -117.2864, 0, 78, 14, C525, , , , , C525
1660415951, , 33.1264, -117.2864, 0, 78, 14, C525, , , , , C525
1660415951, , 33.1264, -117.2864, 0, 78, 14, C525, , , , , C525
1660415951, , 33.1264, -117.2864, 0, 78, 14, C525, , , , , C525
1660415951, , 33.1264, -117.2864, 0, 78, 14, C525, , , , , C525
1660415951, , 33.1264, -117.2864, 0, 78, 14, C525, , , , , C525
1660415975, , 33.1266, -117.285, 0, 81, 7, C525, , , , , C525
1660415975, , 33.1266, -117.285, 0, 81, 7, C525, , , , , C525
1660415975, , 33.1266, -117.285, 0, 81, 7, C525, , , , , C525
1660415975, , 33.1266, -117.285, 0, 81, 7, C525, , , , , C525
1660415975, , 33.1266, -117.285, 0, 81, 7, C525, , , , , C525
1660415975, , 33.1266, -117.285, 0, 81, 7, C525, , , , , C525
1660415975, , 33.1266, -117.285, 0, 81, 7, C525, , , , , C525
1660415993, , 33.1267, -117.2843, 0, 78, 14, C525, , , , , C525
1660415993, , 33.1267, -117.2843, 0, 78, 14, C525, , , , , C525
1660415993, , 33.1267, -117.2843, 0, 78, 14, C525, , , , , C525
1660415999, , 33.1268, -117.2838, 0, 81, 15, C525, , , , , C525
1660415999, , 33.1268, -117.2838, 0, 81, 15, C525, , , , , C525
1660415999, , 33.1268, -117.2838, 0, 81, 15, C525, , , , , C525
1660415999, , 33.1268, -117.2838, 0, 81, 15, C525, , , , , C525
1660416007, , 33.1267, -117.2832, 0, 137, 13, C525, , , , , C525
1660416011, , 33.1265, -117.2832, 0, 171, 13, C525, , , , , C525
1660416011, , 33.1265, -117.2832, 0, 171, 13, C525, , , , , C525
1660416015, , 33.1262, -117.2831, 0, 168, 13, C525, , , , , C525
1660416015, , 33.1262, -117.2831, 0, 168, 13, C525, , , , , C525
1660416015, , 33.1262, -117.2831, 0, 168, 13, C525, , , , , C525
1660416015, , 33.1262, -117.2831, 0, 168, 13, C525, , , , , C525
1660416015, , 33.1262, -117.2831, 0, 168, 13, C525, , , , , C525
1660416015, , 33.1262, -117.2831, 0, 168, 13, C525, , , , , C525
1660416015, , 33.1262, -117.2831, 0, 168, 13, C525, , , , , C525
1660416015, , 33.1262, -117.2831, 0, 168, 13, C525, , , , , C525
1660416015, , 33.1262, -117.2831, 0, 168, 13, C525, , , , , C525
1660416015, , 33.1262, -117.2831, 0, 168, 13, C525, , , , , C525
1660416015, , 33.1262, -117.2831, 0, 168, 13, C525, , , , , C525
1660416015, , 33.1262, -117.2831, 0, 168, 13, C525, , , , , C525
1660416015, , 33.1262, -117.2831, 0, 168, 13, C525, , , , , C525
1660416015, , 33.1262, -117.2831, 0, 168, 13, C525, , , , , C525
1660416015, , 33.1262, -117.2831, 0, 168, 13, C525, , , , , C525
1660416015, , 33.1262, -117.2831, 0, 168, 13, C525, , , , , C525
1660416015, , 33.1262, -117.2831, 0, 168, 13, C525, , , , , C525
1660416015, , 33.1262, -117.2831, 0, 168, 13, C525, , , , , C525
1660416015, , 33.1262, -117.2831, 0, 168, 13, C525, , , , , C525
1660416015, , 33.1262, -117.2831, 0, 168, 13, C525, , , , , C525
1660416015, , 33.1262, -117.2831, 0, 168, 13, C525, , , , , C525
1660416015, , 33.1262, -117.2831, 0, 168, 13, C525, , , , , C525
1660416015, , 33.1262, -117.2831, 0, 168, 13, C525, , , , , C525
1660416015, , 33.1262, -117.2831, 0, 168, 13, C525, , , , , C525
1660416015, , 33.1262, -117.2831, 0, 168, 13, C525, , , , , C525
1660416015, , 33.1262, -117.2831, 0, 168, 13, C525, , , , , C525
1660416015, , 33.1262, -117.2831, 0, 168, 13, C525, , , , , C525
1660416015, , 33.1262, -117.2831, 0, 168, 13, C525, , , , , C525
1660416015, , 33.1262, -117.2831, 0, 168, 13, C525, , , , , C525
1660416015, , 33.1262, -117.2831, 0, 168, 13, C525, , , , , C525
1660416015, , 33.1262, -117.2831, 0, 168, 13, C525, , , , , C525
1660416015, , 33.1262, -117.2831, 0, 168, 13, C525, , , , , C525
1660416015, , 33.1262, -117.2831, 0, 168, 13, C525, , , , , C525
1660416015, , 33.1262, -117.2831, 0, 168, 13, C525, , , , , C525
1660416015, , 33.1262, -117.2831, 0, 168, 13, C525, , , , , C525
1660416015, , 33.1262, -117.2831, 0, 168, 13, C525, , , , , C525
1660416015, , 33.1262, -117.2831, 0, 168, 13, C525, , , , , C525
1660416015, , 33.1262, -117.2831, 0, 168, 13, C525, , , , , C525
1660421086, , 33.1279, -117.2775, 0, 78, 14, C525, , , , , C525
1660421086, , 33.1279, -117.2775, 0, 78, 14, C525, , , , , C525
1660421088, , 33.1279, -117.2773, 0, 78, 13, C525, , , , , C525
1660421092, , 33.1279, -117.277, 0, 78, 13, C525, , , , , C525
1660421092, , 33.1279, -117.277, 0, 78, 13, C525, , , , , C525
1660421095, , 33.128, -117.2768, 0, 78, 13, C525, , , , , C525
1660421095, , 33.128, -117.2768, 0, 78, 13, C525, , , , , C525
1660421101, , 33.128, -117.2764, 0, 78, 13, C525, , , , , C525
1660421101, , 33.128, -117.2764, 0, 78, 13, C525, , , , , C525
1660421102, , 33.1281, -117.2763, 0, 78, 13, C525, , , , , C525
1660421102, , 33.1281, -117.2763, 0, 78, 13, C525, , , , , C525
1660421102, , 33.1281, -117.2763, 0, 78, 13, C525, , , , , C525
1660421102, , 33.1281, -117.2763, 0, 78, 13, C525, , , , , C525
1660421102, , 33.1281, -117.2763, 0, 78, 13, C525, , , , , C525
1660421122, , 33.1283, -117.2748, 0, 78, 13, C525, , , , , C525
1660421122, , 33.1283, -117.2748, 0, 78, 13, C525, , , , , C525
1660421122, , 33.1283, -117.2748, 0, 78, 13, C525, , , , , C525
1660421129, , 33.1284, -117.2743, 0, 78, 13, C525, , , , , C525
1660421129, , 33.1284, -117.2743, 0, 78, 13, C525, , , , , C525
1660421129, , 33.1284, -117.2743, 0, 78, 13, C525, , , , , C525
1660421129, , 33.1284, -117.2743, 0, 78, 13, C525, , , , , C525
1660421129, , 33.1284, -117.2743, 0, 78, 13, C525, , , , , C525
1660421129, , 33.1284, -117.2743, 0, 78, 13, C525, , , , , C525
1660421129, , 33.1284, -117.2743, 0, 78, 13, C525, , , , , C525
1660421129, , 33.1284, -117.2743, 0, 78, 13, C525, , , , , C525
1660421129, , 33.1284, -117.2743, 0, 78, 13, C525, , , , , C525
1660421129, , 33.1284, -117.2743, 0, 78, 13, C525, , , , , C525
1660421150, , 33.1286, -117.2731, 0, 78, 7, C525, , , , , C525
1660421150, , 33.1286, -117.2731, 0, 78, 7, C525, , , , , C525
1660421155, , 33.1286, -117.2729, 0, 53, 7, C525, , , , , C525
1660421155, , 33.1286, -117.2729, 0, 53, 7, C525, , , , , C525
1660421162, , 33.1289, -117.2727, 0, 39, 11, C525, , , , , C525
1660421162, , 33.1289, -117.2727, 0, 39, 11, C525, , , , , C525
1660421162, , 33.1289, -117.2727, 0, 39, 11, C525, , , , , C525
1660421162, , 33.1289, -117.2727, 0, 39, 11, C525, , , , , C525
1660421162, , 33.1289, -117.2727, 0, 39, 11, C525, , , , , C525
1660421173, , 33.1293, -117.2724, 0, 351, 8, C525, , , , , C525
1660421173, , 33.1293, -117.2724, 0, 351, 8, C525, , , , , C525
1660421173, , 33.1293, -117.2724, 0, 351, 8, C525, , , , , C525
1660421173, , 33.1293, -117.2724, 0, 351, 8, C525, , , , , C525
1660421173, , 33.1293, -117.2724, 0, 351, 8, C525, , , , , C525
1660421173, , 33.1293, -117.2724, 0, 351, 8, C525, , , , , C525
1660421173, , 33.1293, -117.2724, 0, 351, 8, C525, , , , , C525
1660421173, , 33.1293, -117.2724, 0, 351, 8, C525, , , , , C525
1660421173, , 33.1293, -117.2724, 0, 351, 8, C525, , , , , C525
1660421193, , 33.1293, -117.2738, 0, 258, 41, C525, , , , , C525
1660421193, , 33.1293, -117.2738, 0, 258, 41, C525, , , , , C525
1660421195, , 33.1292, -117.2743, 0, 258, 52, C525, , , , , C525
1660421195, , 33.1292, -117.2743, 0, 258, 52, C525, , , , , C525
1660421195, , 33.1292, -117.2743, 0, 258, 52, C525, , , , , C525
1660421195, , 33.1292, -117.2743, 0, 258, 52, C525, , , , , C525
1660421195, , 33.1292, -117.2743, 0, 258, 52, C525, , , , , C525
1660421195, , 33.1292, -117.2743, 0, 258, 52, C525, , , , , C525
1660421195, , 33.1292, -117.2743, 0, 258, 52, C525, , , , , C525
1660421214, , 33.1276, -117.2845, 0, 258, 125, C525, , , , , C525
1660421214, , 33.1276, -117.2845, 0, 258, 125, C525, , , , , C525
1660421214, , 33.1276, -117.2845, 0, 258, 125, C525, , , , , C525
1660421218, , 33.1271, -117.2871, 500, 258, 125, C525, , , , , C525
1660421218, , 33.1271, -117.2871, 500, 258, 125, C525, , , , , C525
1660421224, , 33.1262, -117.2919, 600, 257, 142, C525, , , , , C525
1660421224, , 33.1262, -117.2919, 600, 257, 142, C525, , , , , C525
1660421227, , 33.1257, -117.2947, 700, 256, 150, C525, , , , , C525
1660421227, , 33.1257, -117.2947, 700, 256, 150, C525, , , , , C525
1660421405, , 33.1252, -117.5004, 6500, 284, 231, C525, , , , , C525
1660421405, , 33.1252, -117.5004, 6500, 284, 231, C525, , , , , C525
1660421410, , 33.1267, -117.5073, 6700, 283, 231, C525, , , , , C525
1660421410, , 33.1267, -117.5073, 6700, 283, 231, C525, , , , , C525
1660421414, , 33.1275, -117.5119, 6800, 282, 231, C525, , , , , C525
1660421414, , 33.1275, -117.5119, 6800, 282, 231, C525, , , , , C525
1660421417, , 33.1283, -117.5153, 6900, 282, 231, C525, , , , , C525
1660421420, , 33.1288, -117.5183, 7000, 282, 231, C525, , , , , C525
1660421420, , 33.1288, -117.5183, 7000, 282, 231, C525, , , , , C525
1660421426, , 33.1302, -117.5251, 7300, 282, 232, C525, , , , , C525
1660421426, , 33.1302, -117.5251, 7300, 282, 232, C525, , , , , C525
1660421428, , 33.1309, -117.529, 7300, 282, 232, C525, , , , , C525
1660421428, , 33.1309, -117.529, 7300, 282, 232, C525, , , , , C525
1660421432, , 33.1319, -117.5343, 7500, 282, 232, C525, , , , , C525
1660421438, , 33.1335, -117.5423, 7700, 282, 232, C525, , , , , C525
1660421438, , 33.1335, -117.5423, 7700, 282, 232, C525, , , , , C525
1660421441, , 33.1341, -117.5456, 7800, 282, 232, C525, , , , , C525
1660421441, , 33.1341, -117.5456, 7800, 282, 232, C525, , , , , C525
1660421444, , 33.1348, -117.5494, 7900, 283, 234, C525, , , , , C525
1660421444, , 33.1348, -117.5494, 7900, 283, 234, C525, , , , , C525
1660421450, , 33.1362, -117.5564, 8100, 283, 234, C525, , , , , C525
1660421454, , 33.1372, -117.562, 8200, 283, 234, C525, , , , , C525
1660421454, , 33.1372, -117.562, 8200, 283, 234, C525, , , , , C525
1660421457, , 33.138, -117.566, 8300, 282, 232, C525, , , , , C525
1660421457, , 33.138, -117.566, 8300, 282, 232, C525, , , , , C525
1660421460, , 33.1384, -117.5679, 8400, 282, 232, C525, , , , , C525
1660421460, , 33.1384, -117.5679, 8400, 282, 232, C525, , , , , C525
1660421466, , 33.1401, -117.577, 8700, 282, 232, C525, , , , , C525
1660421469, , 33.1404, -117.5787, 8700, 282, 232, C525, , , , , C525
1660421469, , 33.1404, -117.5787, 8700, 282, 232, C525, , , , , C525
1660421472, , 33.1415, -117.5843, 8900, 282, 232, C525, , , , , C525
1660421476, , 33.1425, -117.5895, 9000, 282, 232, C525, , , , , C525
1660421476, , 33.1425, -117.5895, 9000, 282, 232, C525, , , , , C525
1660421482, , 33.1439, -117.5971, 9200, 282, 232, C525, , , , , C525
1660421482, , 33.1439, -117.5971, 9200, 282, 232, C525, , , , , C525
1660421485, , 33.1446, -117.6005, 9300, 282, 232, C525, , , , , C525
1660421485, , 33.1446, -117.6005, 9300, 282, 232, C525, , , , , C525
1660421488, , 33.1454, -117.6048, 9400, 282, 232, C525, , , , , C525
1660421492, , 33.1462, -117.6091, 9600, 282, 232, C525, , , , , C525
1660421492, , 33.1462, -117.6091, 9600, 282, 232, C525, , , , , C525
1660421496, , 33.1472, -117.6143, 9700, 283, 234, C525, , , , , C525
1660421496, , 33.1472, -117.6143, 9700, 283, 234, C525, , , , , C525
1660421501, , 33.1486, -117.6217, 9800, 282, 237, C525, , , , , C525
1660421501, , 33.1486, -117.6217, 9800, 282, 237, C525, , , , , C525
1660421503, , 33.1487, -117.6222, 9900, 283, 239, C525, , , , , C525
1660421510, , 33.1508, -117.6334, 10000, 282, 246, C525, , , , , C525
1660421510, , 33.1508, -117.6334, 10000, 282, 246, C525, , , , , C525
1660421513, , 33.1514, -117.6366, 10000, 283, 249, C525, , , , , C525
1660421513, , 33.1514, -117.6366, 10000, 283, 249, C525, , , , , C525
1660421516, , 33.1524, -117.6415, 10000, 283, 253, C525, , , , , C525
1660421522, , 33.1539, -117.6493, 10000, 283, 261, C525, , , , , C525
1660421522, , 33.1539, -117.6493, 10000, 283, 261, C525, , , , , C525
1660421525, , 33.1547, -117.6536, 10000, 283, 265, C525, , , , , C525
1660421525, , 33.1547, -117.6536, 10000, 283, 265, C525, , , , , C525
1660421528, , 33.1551, -117.6556, 10000, 283, 269, C525, , , , , C525
1660421528, , 33.1551, -117.6556, 10000, 283, 269, C525, , , , , C525
1660421534, , 33.1572, -117.6665, 10000, 282, 275, C525, , , , , C525
1660421538, , 33.1581, -117.6713, 10000, 283, 279, C525, , , , , C525
1660421538, , 33.1581, -117.6713, 10000, 283, 279, C525, , , , , C525
1660421541, , 33.1589, -117.6757, 10000, 283, 281, C525, , , , , C525
1660421541, , 33.1589, -117.6757, 10000, 283, 281, C525, , , , , C525
1660421544, , 33.16, -117.6816, 10000, 283, 284, C525, , , , , C525
1660421544, , 33.16, -117.6816, 10000, 283, 284, C525, , , , , C525
1660421550, , 33.1618, -117.6909, 10000, 283, 289, C525, , , , , C525
1660421552, , 33.1626, -117.6949, 10000, 282, 291, C525, , , , , C525
1660421552, , 33.1626, -117.6949, 10000, 282, 291, C525, , , , , C525
1660421556, , 33.1636, -117.7003, 10000, 283, 292, C525, , , , , C525
1660421556, , 33.1636, -117.7003, 10000, 283, 292, C525, , , , , C525
1660421562, , 33.1654, -117.7095, 10000, 283, 294, C525, , , , , C525
1660421562, , 33.1654, -117.7095, 10000, 283, 294, C525, , , , , C525
1660421565, , 33.1663, -117.7143, 10000, 283, 295, C525, , , , , C525
1660421568, , 33.1672, -117.7194, 10000, 283, 296, C525, , , , , C525
1660421568, , 33.1672, -117.7194, 10000, 283, 296, C525, , , , , C525
1660421574, , 33.169, -117.7287, 10000, 283, 296, C525, , , , , C525
1660421574, , 33.169, -117.7287, 10000, 283, 296, C525, , , , , C525
1660421577, , 33.1701, -117.7341, 10000, 283, 297, C525, , , , , C525
1660421577, , 33.1701, -117.7341, 10000, 283, 297, C525, , , , , C525
1660421579, , 33.1707, -117.7373, 10000, 283, 297, C525, , , , , C525
1660421586, , 33.1728, -117.7482, 10000, 283, 298, C525, , , , , C525
1660421586, , 33.1728, -117.7482, 10000, 283, 298, C525, , , , , C525
1660421589, , 33.1736, -117.753, 10000, 283, 298, C525, , , , , C525
1660421589, , 33.1736, -117.753, 10000, 283, 298, C525, , , , , C525
1660421592, , 33.1746, -117.7582, 10000, 283, 298, C525, , , , , C525
1660421592, , 33.1746, -117.7582, 10000, 283, 298, C525, , , , , C525
1660421598, , 33.1763, -117.7669, 10000, 283, 298, C525, , , , , C525
1660421600, , 33.1771, -117.7714, 10000, 283, 298, C525, , , , , C525
1660421600, , 33.1771, -117.7714, 10000, 283, 298, C525, , , , , C525
1660421604, , 33.1782, -117.7769, 10000, 283, 298, C525, , , , , C525
1660421604, , 33.1782, -117.7769, 10000, 283, 298, C525, , , , , C525
1660421607, , 33.1792, -117.7824, 10000, 282, 299, C525, , , , , C525
1660421607, , 33.1792, -117.7824, 10000, 282, 299, C525, , , , , C525
1660421611, , 33.1804, -117.7889, 10000, 282, 298, C525, , , , , C525
1660421617, , 33.182, -117.7972, 10000, 282, 299, C525, , , , , C525
1660421617, , 33.182, -117.7972, 10000, 282, 299, C525, , , , , C525
1660421620, , 33.1832, -117.8037, 10000, 282, 299, C525, , , , , C525
1660421620, , 33.1832, -117.8037, 10000, 282, 299, C525, , , , , C525
1660421623, , 33.184, -117.8082, 10000, 282, 299, C525, , , , , C525
1660421623, , 33.184, -117.8082, 10000, 282, 299, C525, , , , , C525
1660421629, , 33.1859, -117.8186, 10000, 282, 299, C525, , , , , C525
1660421632, , 33.1869, -117.8234, 10000, 282, 299, C525, , , , , C525
1660421632, , 33.1869, -117.8234, 10000, 282, 299, C525, , , , , C525
1660421635, , 33.1881, -117.8285, 10000, 286, 299, C525, , , , , C525
1660421635, , 33.1881, -117.8285, 10000, 286, 299, C525, , , , , C525
1660421641, , 33.191, -117.8372, 10000, 297, 300, C525, , , , , C525
1660421641, , 33.191, -117.8372, 10000, 297, 300, C525, , , , , C525
1660421645, , 33.1935, -117.842, 10000, 303, 301, C525, , , , , C525
1660421648, , 33.1951, -117.8447, 10000, 308, 300, C525, , , , , C525
1660421648, , 33.1951, -117.8447, 10000, 308, 300, C525, , , , , C525
1660421654, , 33.2014, -117.8526, 10000, 316, 301, C525, , , , , C525
1660421654, , 33.2014, -117.8526, 10000, 316, 301, C525, , , , , C525
1660421656, , 33.2047, -117.8556, 10000, 324, 300, C525, , , , , C525
1660421656, , 33.2047, -117.8556, 10000, 324, 300, C525, , , , , C525
1660421659, , 33.207, -117.8575, 10000, 328, 300, C525, , , , , C525
1660421666, , 33.2156, -117.863, 10000, 333, 300, C525, , , , , C525
1660421666, , 33.2156, -117.863, 10000, 333, 300, C525, , , , , C525
1660421668, , 33.2186, -117.8647, 10000, 335, 299, C525, , , , , C525
1660421668, , 33.2186, -117.8647, 10000, 335, 299, C525, , , , , C525
1660421672, , 33.2238, -117.8672, 10000, 338, 299, C525, , , , , C525
1660421672, , 33.2238, -117.8672, 10000, 338, 299, C525, , , , , C525
1660421678, , 33.2306, -117.8701, 10000, 341, 300, C525, , , , , C525
1660421681, , 33.2357, -117.872, 10000, 343, 301, C525, , , , , C525
1660421681, , 33.2357, -117.872, 10000, 343, 301, C525, , , , , C525
1660421683, , 33.2391, -117.8732, 10000, 344, 301, C525, , , , , C525
1660421683, , 33.2391, -117.8732, 10000, 344, 301, C525, , , , , C525
1660421690, , 33.2478, -117.8758, 10000, 345, 300, C525, , , , , C525
1660421690, , 33.2478, -117.8758, 10000, 345, 300, C525, , , , , C525
1660421692, , 33.2514, -117.8768, 10000, 346, 300, C525, , , , , C525
1660421695, , 33.2557, -117.878, 10000, 346, 300, C525, , , , , C525
1660421695, , 33.2557, -117.878, 10000, 346, 300, C525, , , , , C525
1660421701, , 33.2639, -117.8802, 10000, 347, 300, C525, , , , , C525
1660421701, , 33.2639, -117.8802, 10000, 347, 300, C525, , , , , C525
1660421704, , 33.2672, -117.8811, 10000, 344, 301, C525, , , , , C525
1660421704, , 33.2672, -117.8811, 10000, 344, 301, C525, , , , , C525
1660421708, , 33.272, -117.8828, 10000, 341, 301, C525, , , , , C525
1660421713, , 33.2796, -117.887, 10000, 330, 300, C525, , , , , C525
1660421713, , 33.2796, -117.887, 10000, 330, 300, C525, , , , , C525
1660421717, , 33.283, -117.8898, 10000, 324, 300, C525, , , , , C525
1660421717, , 33.283, -117.8898, 10000, 324, 300, C525, , , , , C525
1660421720, , 33.2865, -117.8932, 10000, 318, 299, C525, , , , , C525
1660421720, , 33.2865, -117.8932, 10000, 318, 299, C525, , , , , C525
1660421726, , 33.292, -117.9002, 10000, 308, 299, C525, , , , , C525
1660421729, , 33.2943, -117.9043, 10000, 303, 300, C525, , , , , C525
1660421729, , 33.2943, -117.9043, 10000, 303, 300, C525, , , , , C525
1660421732, , 33.2962, -117.908, 10000, 297, 301, C525, , , , , C525
1660421732, , 33.2962, -117.908, 10000, 297, 301, C525, , , , , C525
1660421738, , 33.2998, -117.9173, 10000, 292, 301, C525, , , , , C525
1660421738, , 33.2998, -117.9173, 10000, 292, 301, C525, , , , , C525
1660421740, , 33.3008, -117.9205, 10000, 289, 301, C525, , , , , C525
1660421744, , 33.3028, -117.9274, 10000, 287, 301, C525, , , , , C525
1660421744, , 33.3028, -117.9274, 10000, 287, 301, C525, , , , , C525
1660421750, , 33.3052, -117.9374, 10000, 283, 301, C525, , , , , C525
1660421750, , 33.3052, -117.9374, 10000, 283, 301, C525, , , , , C525
1660421753, , 33.306, -117.9416, 10000, 282, 301, C525, , , , , C525
1660421753, , 33.306, -117.9416, 10000, 282, 301, C525, , , , , C525
1660421756, , 33.307, -117.9468, 10000, 282, 302, C525, , , , , C525
1660421762, , 33.3086, -117.957, 10000, 280, 302, C525, , , , , C525
1660421762, , 33.3086, -117.957, 10000, 280, 302, C525, , , , , C525
1660421765, , 33.3093, -117.9616, 10000, 280, 302, C525, , , , , C525
1660421765, , 33.3093, -117.9616, 10000, 280, 302, C525, , , , , C525
1660421767, , 33.31, -117.9662, 10000, 278, 302, C525, , , , , C525
1660421767, , 33.31, -117.9662, 10000, 278, 302, C525, , , , , C525
1660421774, , 33.3111, -117.9746, 10000, 278, 302, C525, , , , , C525
1660421777, , 33.3119, -117.9812, 10000, 277, 302, C525, , , , , C525
1660421777, , 33.3119, -117.9812, 10000, 277, 302, C525, , , , , C525
1660421780, , 33.3126, -117.9868, 10000, 277, 302, C525, , , , , C525
1660421780, , 33.3126, -117.9868, 10000, 277, 302, C525, , , , , C525
1660421786, , 33.3138, -117.9967, 10000, 277, 301, C525, , , , , C525
1660421786, , 33.3138, -117.9967, 10000, 277, 301, C525, , , , , C525
1660421789, , 33.3144, -118.0017, 10000, 277, 301, C525, , , , , C525
1660421792, , 33.315, -118.006, 10000, 277, 301, C525, , , , , C525
1660421792, , 33.315, -118.006, 10000, 277, 301, C525, , , , , C525
1660421797, , 33.3162, -118.0155, 10000, 278, 300, C525, , , , , C525
1660421797, , 33.3162, -118.0155, 10000, 278, 300, C525, , , , , C525
1660421801, , 33.3169, -118.0211, 10000, 278, 300, C525, , , , , C525
1660421801, , 33.3169, -118.0211, 10000, 278, 300, C525, , , , , C525
1660421804, , 33.3173, -118.0241, 10000, 278, 300, C525, , , , , C525
1660421810, , 33.3189, -118.0359, 10000, 278, 299, C525, , , , , C525
1660421810, , 33.3189, -118.0359, 10000, 278, 299, C525, , , , , C525
1660421813, , 33.3196, -118.0408, 10000, 278, 299, C525, , , , , C525
1660421813, , 33.3196, -118.0408, 10000, 278, 299, C525, , , , , C525
1660421816, , 33.3203, -118.0461, 10000, 278, 299, C525, , , , , C525
1660421816, , 33.3203, -118.0461, 10000, 278, 299, C525, , , , , C525
1660421822, , 33.3216, -118.0555, 10000, 280, 298, C525, , , , , C525
1660421825, , 33.3223, -118.0604, 10000, 280, 298, C525, , , , , C525
1660421825, , 33.3223, -118.0604, 10000, 280, 298, C525, , , , , C525
1660421828, , 33.3231, -118.066, 10000, 280, 298, C525, , , , , C525
1660421828, , 33.3231, -118.066, 10000, 280, 298, C525, , , , , C525
1660421834, , 33.3245, -118.0751, 10000, 280, 297, C525, , , , , C525
1660421834, , 33.3245, -118.0751, 10000, 280, 297, C525, , , , , C525
1660421837, , 33.3253, -118.0806, 10000, 280, 297, C525, , , , , C525
1660421840, , 33.326, -118.0851, 10000, 280, 297, C525, , , , , C525
1660421840, , 33.326, -118.0851, 10000, 280, 297, C525, , , , , C525
1660421846, , 33.3274, -118.0946, 10000, 280, 297, C525, , , , , C525
1660421846, , 33.3274, -118.0946, 10000, 280, 297, C525, , , , , C525
1660421849, , 33.3279, -118.0981, 10000, 280, 297, C525, , , , , C525
1660421849, , 33.3279, -118.0981, 10000, 280, 297, C525, , , , , C525
1660421852, , 33.3289, -118.1049, 10000, 280, 296, C525, , , , , C525
1660421858, , 33.3303, -118.1146, 10000, 280, 296, C525, , , , , C525
1660421858, , 33.3303, -118.1146, 10000, 280, 296, C525, , , , , C525
1660421861, , 33.3311, -118.1195, 10000, 280, 296, C525, , , , , C525
1660421861, , 33.3311, -118.1195, 10000, 280, 296, C525, , , , , C525
1660421864, , 33.3317, -118.1237, 10000, 280, 296, C525, , , , , C525
1660421864, , 33.3317, -118.1237, 10000, 280, 296, C525, , , , , C525
1660421870, , 33.3331, -118.1331, 10000, 280, 296, C525, , , , , C525
1660421873, , 33.334, -118.1389, 10000, 280, 296, C525, , , , , C525
1660421873, , 33.334, -118.1389, 10000, 280, 296, C525, , , , , C525
1660421878, , 33.3351, -118.1463, 10000, 279, 296, C525, , , , , C525
1660421878, , 33.3351, -118.1463, 10000, 279, 296, C525, , , , , C525
1660421881, , 33.336, -118.1518, 10000, 279, 296, C525, , , , , C525
1660421881, , 33.336, -118.1518, 10000, 279, 296, C525, , , , , C525
1660421884, , 33.3366, -118.156, 10000, 279, 296, C525, , , , , C525
1660421889, , 33.338, -118.1654, 10000, 279, 296, C525, , , , , C525
1660421889, , 33.338, -118.1654, 10000, 279, 296, C525, , , , , C525
1660421893, , 33.3388, -118.1709, 10000, 279, 296, C525, , , , , C525
1660421893, , 33.3388, -118.1709, 10000, 279, 296, C525, , , , , C525
1660421895, , 33.3394, -118.1747, 10000, 279, 296, C525, , , , , C525
1660421895, , 33.3394, -118.1747, 10000, 279, 296, C525, , , , , C525
1660421902, , 33.3408, -118.1841, 10000, 279, 296, C525, , , , , C525
1660421905, , 33.3416, -118.1898, 10000, 279, 296, C525, , , , , C525
1660421905, , 33.3416, -118.1898, 10000, 279, 296, C525, , , , , C525
1660421908, , 33.3423, -118.194, 10000, 279, 295, C525, , , , , C525
1660421908, , 33.3423, -118.194, 10000, 279, 295, C525, , , , , C525
1660421914, , 33.3438, -118.2047, 10000, 279, 295, C525, , , , , C525
1660421914, , 33.3438, -118.2047, 10000, 279, 295, C525, , , , , C525
1660421916, , 33.3444, -118.2089, 10000, 279, 295, C525, , , , , C525
1660421920, , 33.3452, -118.214, 10000, 279, 295, C525, , , , , C525
1660421920, , 33.3452, -118.214, 10000, 279, 295, C525, , , , , C525
1660421926, , 33.3466, -118.2237, 10000, 279, 295, C525, , , , , C525
1660421926, , 33.3466, -118.2237, 10000, 279, 295, C525, , , , , C525
1660421929, , 33.3474, -118.2285, 10000, 279, 295, C525, , , , , C525
1660421929, , 33.3474, -118.2285, 10000, 279, 295, C525, , , , , C525
1660421932, , 33.3481, -118.2333, 10000, 279, 295, C525, , , , , C525
1660421938, , 33.3495, -118.2429, 10000, 279, 295, C525, , , , , C525
1660421938, , 33.3495, -118.2429, 10000, 279, 295, C525, , , , , C525
1660421940, , 33.35, -118.2465, 10000, 279, 295, C525, , , , , C525
1660421940, , 33.35, -118.2465, 10000, 279, 295, C525, , , , , C525
1660421944, , 33.3508, -118.252, 10000, 279, 295, C525, , , , , C525
1660421944, , 33.3508, -118.252, 10000, 279, 295, C525, , , , , C525
1660421948, , 33.3517, -118.2581, 10000, 279, 295, C525, , , , , C525
1660421952, , 33.3529, -118.2664, 10000, 279, 295, C525, , , , , C525
1660421952, , 33.3529, -118.2664, 10000, 279, 295, C525, , , , , C525
1660421958, , 33.3542, -118.2751, 10000, 279, 295, C525, , , , , C525
1660421958, , 33.3542, -118.2751, 10000, 279, 295, C525, , , , , C525
1660421961, , 33.355, -118.2809, 10000, 279, 295, C525, , , , , C525
1660421961, , 33.355, -118.2809, 10000, 279, 295, C525, , , , , C525
1660421964, , 33.3557, -118.2854, 10000, 279, 295, C525, , , , , C525
1660421970, , 33.3571, -118.2954, 10000, 279, 295, C525, , , , , C525
1660421970, , 33.3571, -118.2954, 10000, 279, 295, C525, , , , , C525
1660421973, , 33.3577, -118.2992, 10000, 279, 295, C525, , , , , C525
1660421973, , 33.3577, -118.2992, 10000, 279, 295, C525, , , , , C525
1660421976, , 33.3585, -118.3044, 10000, 279, 295, C525, , , , , C525
1660421976, , 33.3585, -118.3044, 10000, 279, 295, C525, , , , , C525
1660421979, , 33.3593, -118.3102, 10000, 279, 295, C525, , , , , C525
1660421979, , 33.3593, -118.3102, 10000, 279, 295, C525, , , , , C525
1660421985, , 33.3606, -118.3192, 10000, 279, 295, C525, , , , , C525
1660421988, , 33.3612, -118.3234, 10000, 279, 295, C525, , , , , C525
1660421988, , 33.3612, -118.3234, 10000, 279, 295, C525, , , , , C525
1660421991, , 33.3619, -118.3282, 10000, 279, 295, C525, , , , , C525
1660421991, , 33.3619, -118.3282, 10000, 279, 295, C525, , , , , C525
1660421997, , 33.3632, -118.3372, 10000, 279, 295, C525, , , , , C525
1660422000, , 33.3641, -118.343, 10000, 279, 295, C525, , , , , C525
1660422000, , 33.3641, -118.343, 10000, 279, 295, C525, , , , , C525
1660422003, , 33.3647, -118.3471, 10000, 279, 295, C525, , , , , C525
1660422003, , 33.3647, -118.3471, 10000, 279, 295, C525, , , , , C525
1660422009, , 33.3664, -118.3581, 10000, 280, 296, C525, , , , , C525
1660422009, , 33.3664, -118.3581, 10000, 280, 296, C525, , , , , C525
1660422012, , 33.3671, -118.363, 10000, 280, 296, C525, , , , , C525
1660422015, , 33.3677, -118.3672, 10000, 280, 297, C525, , , , , C525
1660422015, , 33.3677, -118.3672, 10000, 280, 297, C525, , , , , C525
1660422021, , 33.3692, -118.3773, 10000, 280, 298, C525, , , , , C525
1660422021, , 33.3692, -118.3773, 10000, 280, 298, C525, , , , , C525
1660422024, , 33.3699, -118.3822, 10000, 280, 298, C525, , , , , C525
1660422024, , 33.3699, -118.3822, 10000, 280, 298, C525, , , , , C525
1660422027, , 33.3707, -118.3871, 10000, 279, 299, C525, , , , , C525
1660422033, , 33.3722, -118.3975, 10000, 279, 300, C525, , , , , C525
1660422033, , 33.3722, -118.3975, 10000, 279, 300, C525, , , , , C525
1660422036, , 33.3729, -118.4018, 10000, 280, 300, C525, , , , , C525
1660422036, , 33.3729, -118.4018, 10000, 280, 300, C525, , , , , C525
1660422040, , 33.3739, -118.4076, 10000, 282, 300, C525, , , , , C525
1660422040, , 33.3739, -118.4076, 10000, 282, 300, C525, , , , , C525
1660422045, , 33.3763, -118.4162, 10000, 291, 301, C525, , , , , C525
1660422048, , 33.3778, -118.4201, 10000, 295, 301, C525, , , , , C525
1660422048, , 33.3778, -118.4201, 10000, 295, 301, C525, , , , , C525
1660422053, , 33.3817, -118.4282, 10000, 302, 301, C525, , , , , C525
1660422053, , 33.3817, -118.4282, 10000, 302, 301, C525, , , , , C525
1660422055, , 33.3829, -118.4305, 10000, 302, 301, C525, , , , , C525
1660422055, , 33.3829, -118.4305, 10000, 302, 301, C525, , , , , C525
1660422059, , 33.3864, -118.4365, 10000, 305, 301, C525, , , , , C525
1660422065, , 33.3916, -118.4448, 10000, 308, 302, C525, , , , , C525
1660422068, , 33.3937, -118.4479, 10000, 308, 302, C525, , , , , C525
1660422068, , 33.3937, -118.4479, 10000, 308, 302, C525, , , , , C525
1660422073, , 33.3978, -118.4539, 10000, 310, 301, C525, , , , , C525
1660422073, , 33.3978, -118.4539, 10000, 310, 301, C525, , , , , C525
1660422075, , 33.3996, -118.4564, 10000, 310, 303, C525, , , , , C525
1660422075, , 33.3996, -118.4564, 10000, 310, 303, C525, , , , , C525
1660422082, , 33.406, -118.4653, 10000, 310, 303, C525, , , , , C525
1660422085, , 33.4084, -118.4686, 10000, 310, 303, C525, , , , , C525
1660422085, , 33.4084, -118.4686, 10000, 310, 303, C525, , , , , C525
1660422088, , 33.4113, -118.4724, 10000, 310, 303, C525, , , , , C525
1660422088, , 33.4113, -118.4724, 10000, 310, 303, C525, , , , , C525
1660422094, , 33.4172, -118.4804, 10000, 310, 303, C525, , , , , C525
1660422094, , 33.4172, -118.4804, 10000, 310, 303, C525, , , , , C525
1660422096, , 33.42, -118.4842, 10000, 310, 303, C525, , , , , C525
1660422100, , 33.4228, -118.488, 10000, 310, 303, C525, , , , , C525
1660422100, , 33.4228, -118.488, 10000, 310, 303, C525, , , , , C525
1660422106, , 33.4283, -118.4956, 10000, 310, 303, C525, , , , , C525
1660422106, , 33.4283, -118.4956, 10000, 310, 303, C525, , , , , C525
1660422108, , 33.4311, -118.4994, 10000, 310, 303, C525, , , , , C525
1660422108, , 33.4311, -118.4994, 10000, 310, 303, C525, , , , , C525
1660422112, , 33.4341, -118.5035, 10000, 310, 304, C525, , , , , C525
1660422117, , 33.4393, -118.5106, 10000, 310, 304, C525, , , , , C525
1660422117, , 33.4393, -118.5106, 10000, 310, 304, C525, , , , , C525
1660422121, , 33.4419, -118.5142, 10000, 310, 304, C525, , , , , C525
1660422121, , 33.4419, -118.5142, 10000, 310, 304, C525, , , , , C525
1660422121, , 33.4419, -118.5142, 10000, 310, 304, C525, , , , , C525
1660422129, , 33.4494, -118.5247, 10000, 309, 305, C525, , , , , C525
1660422129, , 33.4494, -118.5247, 10000, 309, 305, C525, , , , , C525
1660422133, , 33.4532, -118.5302, 10000, 309, 305, C525, , , , , C525
1660422133, , 33.4532, -118.5302, 10000, 309, 305, C525, , , , , C525
1660422136, , 33.456, -118.534, 10000, 309, 305, C525, , , , , C525
1660422136, , 33.456, -118.534, 10000, 309, 305, C525, , , , , C525
1660422142, , 33.4617, -118.542, 10000, 310, 305, C525, , , , , C525
1660422145, , 33.4638, -118.5452, 10000, 310, 305, C525, , , , , C525
1660422145, , 33.4638, -118.5452, 10000, 310, 305, C525, , , , , C525
1660422148, , 33.4666, -118.5491, 10000, 310, 305, C525, , , , , C525
1660422148, , 33.4666, -118.5491, 10000, 310, 305, C525, , , , , C525
1660422154, , 33.4726, -118.5576, 10000, 310, 305, C525, , , , , C525
1660422154, , 33.4726, -118.5576, 10000, 310, 305, C525, , , , , C525
1660422157, , 33.4757, -118.562, 10000, 310, 305, C525, , , , , C525
1660422160, , 33.4775, -118.5646, 10000, 310, 305, C525, , , , , C525
1660422160, , 33.4775, -118.5646, 10000, 310, 305, C525, , , , , C525
1660422166, , 33.4821, -118.5711, 10000, 309, 306, C525, , , , , C525
1660422166, , 33.4821, -118.5711, 10000, 309, 306, C525, , , , , C525
1660422166, , 33.4821, -118.5711, 10000, 309, 306, C525, , , , , C525
1660422166, , 33.4821, -118.5711, 10000, 309, 306, C525, , , , , C525
1660422173, , 33.4907, -118.5834, 10000, 309, 306, C525, , , , , C525
1660422178, , 33.4934, -118.5873, 10000, 309, 306, C525, , , , , C525
1660422178, , 33.4934, -118.5873, 10000, 309, 306, C525, , , , , C525
1660422181, , 33.4974, -118.593, 10000, 309, 306, C525, , , , , C525
1660422181, , 33.4974, -118.593, 10000, 309, 306, C525, , , , , C525
1660422183, , 33.4985, -118.5946, 10000, 309, 306, C525, , , , , C525
1660422183, , 33.4985, -118.5946, 10000, 309, 306, C525, , , , , C525
1660422190, , 33.505, -118.604, 10000, 309, 306, C525, , , , , C525
1660422193, , 33.5083, -118.6087, 10000, 310, 305, C525, , , , , C525
1660422193, , 33.5083, -118.6087, 10000, 310, 305, C525, , , , , C525
1660422196, , 33.5107, -118.6121, 10000, 310, 305, C525, , , , , C525
1660422196, , 33.5107, -118.6121, 10000, 310, 305, C525, , , , , C525
1660422202, , 33.5165, -118.6204, 10000, 310, 305, C525, , , , , C525
1660422205, , 33.5192, -118.6243, 10000, 309, 305, C525, , , , , C525
1660422205, , 33.5192, -118.6243, 10000, 309, 305, C525, , , , , C525
1660422208, , 33.5216, -118.6277, 10000, 309, 305, C525, , , , , C525
1660422208, , 33.5216, -118.6277, 10000, 309, 305, C525, , , , , C525
1660422214, , 33.5272, -118.6357, 10000, 309, 303, C525, , , , , C525
1660422214, , 33.5272, -118.6357, 10000, 309, 303, C525, , , , , C525
1660422216, , 33.5295, -118.6391, 10000, 309, 303, C525, , , , , C525
1660422216, , 33.5295, -118.6391, 10000, 309, 303, C525, , , , , C525
1660422222, , 33.5342, -118.6459, 10000, 309, 303, C525, , , , , C525
1660422225, , 33.5365, -118.6492, 10000, 309, 303, C525, , , , , C525
1660422225, , 33.5365, -118.6492, 10000, 309, 303, C525, , , , , C525
1660422228, , 33.5398, -118.6539, 10000, 309, 303, C525, , , , , C525
1660422228, , 33.5398, -118.6539, 10000, 309, 303, C525, , , , , C525
1660422231, , 33.5421, -118.6572, 10000, 309, 303, C525, , , , , C525
1660422231, , 33.5421, -118.6572, 10000, 309, 303, C525, , , , , C525
1660422238, , 33.5474, -118.665, 10000, 309, 301, C525, , , , , C525
1660422241, , 33.5508, -118.6699, 10000, 309, 301, C525, , , , , C525
1660422241, , 33.5508, -118.6699, 10000, 309, 301, C525, , , , , C525
1660422244, , 33.5543, -118.6748, 10000, 309, 301, C525, , , , , C525
1660422244, , 33.5543, -118.6748, 10000, 309, 301, C525, , , , , C525
1660422250, , 33.5591, -118.6817, 10000, 309, 301, C525, , , , , C525
1660422250, , 33.5591, -118.6817, 10000, 309, 301, C525, , , , , C525
1660422253, , 33.5616, -118.6853, 10000, 309, 301, C525, , , , , C525
1660422256, , 33.5647, -118.6897, 10000, 309, 301, C525, , , , , C525
1660422256, , 33.5647, -118.6897, 10000, 309, 301, C525, , , , , C525
1660422262, , 33.57, -118.6974, 10000, 309, 301, C525, , , , , C525
1660422262, , 33.57, -118.6974, 10000, 309, 301, C525, , , , , C525
1660422265, , 33.5728, -118.7015, 10000, 309, 301, C525, , , , , C525
1660422265, , 33.5728, -118.7015, 10000, 309, 301, C525, , , , , C525
1660422268, , 33.5757, -118.7056, 10000, 309, 300, C525, , , , , C525
1660422274, , 33.581, -118.7133, 10000, 309, 300, C525, , , , , C525
1660422274, , 33.581, -118.7133, 10000, 309, 300, C525, , , , , C525
1660422277, , 33.5837, -118.7171, 10000, 309, 300, C525, , , , , C525
1660422277, , 33.5837, -118.7171, 10000, 309, 300, C525, , , , , C525
1660422280, , 33.5866, -118.7212, 10000, 309, 300, C525, , , , , C525
1660422280, , 33.5866, -118.7212, 10000, 309, 300, C525, , , , , C525
1660422286, , 33.5919, -118.7289, 10000, 309, 300, C525, , , , , C525
1660422289, , 33.5945, -118.7327, 10000, 309, 300, C525, , , , , C525
1660422289, , 33.5945, -118.7327, 10000, 309, 300, C525, , , , , C525
1660422292, , 33.5968, -118.7361, 10000, 309, 298, C525, , , , , C525
1660422292, , 33.5968, -118.7361, 10000, 309, 298, C525, , , , , C525
1660422298, , 33.6024, -118.744, 10000, 309, 298, C525, , , , , C525
1660422298, , 33.6024, -118.744, 10000, 309, 298, C525, , , , , C525
1660422301, , 33.605, -118.7478, 10000, 309, 298, C525, , , , , C525
1660422304, , 33.6077, -118.7516, 10000, 309, 298, C525, , , , , C525
1660422304, , 33.6077, -118.7516, 10000, 309, 298, C525, , , , , C525
1660422310, , 33.6132, -118.7596, 10000, 309, 298, C525, , , , , C525
1660422310, , 33.6132, -118.7596, 10000, 309, 298, C525, , , , , C525
1660422313, , 33.6155, -118.7629, 10000, 309, 298, C525, , , , , C525
1660422313, , 33.6155, -118.7629, 10000, 309, 298, C525, , , , , C525
1660422316, , 33.618, -118.7664, 10000, 309, 298, C525, , , , , C525
1660422322, , 33.6237, -118.7746, 10000, 309, 298, C525, , , , , C525
1660422322, , 33.6237, -118.7746, 10000, 309, 298, C525, , , , , C525
1660422325, , 33.6263, -118.7784, 10000, 309, 298, C525, , , , , C525
1660422325, , 33.6263, -118.7784, 10000, 309, 298, C525, , , , , C525
1660422328, , 33.6291, -118.7825, 10000, 309, 298, C525, , , , , C525
1660422328, , 33.6291, -118.7825, 10000, 309, 298, C525, , , , , C525
1660422334, , 33.6345, -118.7901, 10000, 309, 298, C525, , , , , C525
1660422337, , 33.6371, -118.794, 10000, 309, 298, C525, , , , , C525
1660422337, , 33.6371, -118.794, 10000, 309, 298, C525, , , , , C525
1660422340, , 33.6398, -118.7978, 10000, 309, 298, C525, , , , , C525
1660422340, , 33.6398, -118.7978, 10000, 309, 298, C525, , , , , C525
1660422346, , 33.6453, -118.8057, 10000, 309, 298, C525, , , , , C525
1660422346, , 33.6453, -118.8057, 10000, 309, 298, C525, , , , , C525
1660422348, , 33.647, -118.8083, 10000, 309, 298, C525, , , , , C525
1660422351, , 33.6499, -118.8123, 10000, 309, 298, C525, , , , , C525
1660422351, , 33.6499, -118.8123, 10000, 309, 298, C525, , , , , C525
1660422357, , 33.6547, -118.8193, 10000, 309, 298, C525, , , , , C525
1660422357, , 33.6547, -118.8193, 10000, 309, 298, C525, , , , , C525
1660422361, , 33.6584, -118.8246, 10000, 309, 298, C525, , , , , C525
1660422364, , 33.6606, -118.8277, 10000, 309, 298, C525, , , , , C525
1660422364, , 33.6606, -118.8277, 10000, 309, 298, C525, , , , , C525
1660422370, , 33.6666, -118.8363, 10000, 309, 298, C525, , , , , C525
1660422370, , 33.6666, -118.8363, 10000, 309, 298, C525, , , , , C525
1660422373, , 33.6689, -118.8396, 10000, 309, 298, C525, , , , , C525
1660422373, , 33.6689, -118.8396, 10000, 309, 298, C525, , , , , C525
1660422376, , 33.6717, -118.8438, 10000, 309, 298, C525, , , , , C525
1660422382, , 33.6769, -118.8511, 10000, 309, 298, C525, , , , , C525
1660422382, , 33.6769, -118.8511, 10000, 309, 298, C525, , , , , C525
1660422385, , 33.6796, -118.855, 10000, 309, 298, C525, , , , , C525
1660422385, , 33.6796, -118.855, 10000, 309, 298, C525, , , , , C525
1660422389, , 33.6833, -118.8603, 10000, 309, 298, C525, , , , , C525
1660422389, , 33.6833, -118.8603, 10000, 309, 298, C525, , , , , C525
1660422391, , 33.6847, -118.8623, 10000, 309, 298, C525, , , , , C525
1660422397, , 33.6906, -118.8708, 10000, 309, 298, C525, , , , , C525
1660422397, , 33.6906, -118.8708, 10000, 309, 298, C525, , , , , C525
1660422401, , 33.6932, -118.8746, 10000, 309, 298, C525, , , , , C525
1660422401, , 33.6932, -118.8746, 10000, 309, 298, C525, , , , , C525
1660422404, , 33.6961, -118.8787, 10000, 309, 298, C525, , , , , C525
1660422404, , 33.6961, -118.8787, 10000, 309, 298, C525, , , , , C525
1660422410, , 33.7014, -118.8864, 10000, 309, 298, C525, , , , , C525
1660422412, , 33.7028, -118.8884, 10000, 309, 298, C525, , , , , C525
1660422412, , 33.7028, -118.8884, 10000, 309, 298, C525, , , , , C525
1660422415, , 33.7064, -118.8935, 10000, 309, 298, C525, , , , , C525
1660422415, , 33.7064, -118.8935, 10000, 309, 298, C525, , , , , C525
1660422421, , 33.7118, -118.9014, 10000, 309, 298, C525, , , , , C525
1660422421, , 33.7118, -118.9014, 10000, 309, 298, C525, , , , , C525
1660422424, , 33.7143, -118.905, 10000, 310, 298, C525, , , , , C525
1660422427, , 33.7166, -118.9083, 10000, 310, 298, C525, , , , , C525
1660422427, , 33.7166, -118.9083, 10000, 310, 298, C525, , , , , C525
1660422433, , 33.7216, -118.9155, 10000, 310, 298, C525, , , , , C525
1660422433, , 33.7216, -118.9155, 10000, 310, 298, C525, , , , , C525
1660422433, , 33.7216, -118.9155, 10000, 310, 298, C525, , , , , C525
1660422433, , 33.7216, -118.9155, 10000, 310, 298, C525, , , , , C525
1660422439, , 33.7277, -118.9244, 10000, 310, 298, C525, , , , , C525
1660422445, , 33.7331, -118.932, 10000, 310, 298, C525, , , , , C525
1660422445, , 33.7331, -118.932, 10000, 310, 298, C525, , , , , C525
1660422448, , 33.7357, -118.9359, 10000, 310, 298, C525, , , , , C525
1660422448, , 33.7357, -118.9359, 10000, 310, 298, C525, , , , , C525
1660422452, , 33.7386, -118.9399, 10000, 309, 298, C525, , , , , C525
1660422452, , 33.7386, -118.9399, 10000, 309, 298, C525, , , , , C525
1660422458, , 33.7439, -118.9476, 10000, 309, 298, C525, , , , , C525
1660422461, , 33.7462, -118.9509, 10000, 309, 298, C525, , , , , C525
1660422461, , 33.7462, -118.9509, 10000, 309, 298, C525, , , , , C525
1660422463, , 33.749, -118.955, 10000, 309, 298, C525, , , , , C525
1660422463, , 33.749, -118.955, 10000, 309, 298, C525, , , , , C525
