//Timestamp, ICAO, Latitude_deg, Longitude_deg, Altitude_ft, Heading_deg, GroundSpeed_kts, AircraftType, RegistrationNum, Departure, Arrival, FlightNumber1, FlightNumber2
1660412424, , 33.1279, -117.277, 0, 78, 11, C550, , , , , C550
1660412424, , 33.1279, -117.277, 0, 78, 11, C550, , , , , C550
1660412424, , 33.1279, -117.277, 0, 78, 11, C550, , , , , C550
1660412424, , 33.1279, -117.277, 0, 78, 11, C550, , , , , C550
1660412424, , 33.1279, -117.277, 0, 78, 11, C550, , , , , C550
1660412424, , 33.1279, -117.277, 0, 78, 11, C550, , , , , C550
1660412424, , 33.1279, -117.277, 0, 78, 11, C550, , , , , C550
1660412424, , 33.1279, -117.277, 0, 78, 11, C550, , , , , C550
1660412424, , 33.1279, -117.277, 0, 78, 11, C550, , , , , C550
1660412424, , 33.1279, -117.277, 0, 78, 11, C550, , , , , C550
1660412424, , 33.1279, -117.277, 0, 78, 11, C550, , , , , C550
1660412424, , 33.1279, -117.277, 0, 78, 11, C550, , , , , C550
1660412424, , 33.1279, -117.277, 0, 78, 11, C550, , , , , C550
1660412424, , 33.1279, -117.277, 0, 78, 11, C550, , , , , C550
1660412424, , 33.1279, -117.277, 0, 78, 11, C550, , , , , C550
1660412424, , 33.1279, -117.277, 0, 78, 11, C550, , , , , C550
1660412424, , 33.1279, -117.277, 0, 78, 11, C550, , , , , C550
1660412424, , 33.1279, -117.277, 0, 78, 11, C550, , , , , C550
1660412424, , 33.1279, -117.277, 0, 78, 11, C550, , , , , C550
1660412424, , 33.1279, -117.277, 0, 78, 11, C550, , , , , C550
1660412424, , 33.1279, -117.277, 0, 78, 11, C550, , , , , C550
1660412424, , 33.1279, -117.277, 0, 78, 11, C550, , , , , C550
1660412424, , 33.1279, -117.277, 0, 78, 11, C550, , , , , C550
1660412424, , 33.1279, -117.277, 0, 78, 11, C550, , , , , C550
1660412424, , 33.1279, -117.277, 0, 78, 11, C550, , , , , C550
1660412424, , 33.1279, -117.277, 0, 78, 11, C550, , , , , C550
1660412424, , 33.1279, -117.277, 0, 78, 11, C550, , , , , C550
1660412424, , 33.1279, -117.277, 0, 78, 11, C550, , , , , C550
1660412424, , 33.1279, -117.277, 0, 78, 11, C550, , , , , C550
1660412424, , 33.1279, -117.277, 0, 78, 11, C550, , , , , C550
1660412424, , 33.1279, -117.277, 0, 78, 11, C550, , , , , C550
1660412424, , 33.1279, -117.277, 0, 78, 11, C550, , , , , C550
1660412424, , 33.1279, -117.277, 0, 78, 11, C550, , , , , C550
1660412424, , 33.1279, -117.277, 0, 78, 11, C550, , , , , C550
1660412424, , 33.1279, -117.277, 0, 78, 11, C550, , , , , C550
1660412424, , 33.1279, -117.277, 0, 78, 11, C550, , , , , C550
1660412424, , 33.1279, -117.277, 0, 78, 11, C550, , , , , C550
1660412856, , 33.1254, -117.2977, 625, 257, 145, C550, , , , , C550
1660412856, , 33.1254, -117.2977, 625, 257, 145, C550, , , , , C550
1660412859, , 33.1251, -117.2997, 700, 258, 146, C550, , , , , C550
1660412859, , 33.1251, -117.2997, 700, 258, 146, C550, , , , , C550
1660412956, , 33.1284, -117.3802, 3075, 340, 211, C550, , , , , C550
1660412958, , 33.1305, -117.3807, 3125, 344, 212, C550, , , , , C550
1660412958, , 33.1305, -117.3807, 3125, 344, 212, C550, , , , , C550
1660412965, , 33.1377, -117.3812, 3275, 3, 218, C550, , , , , C550
1660412965, , 33.1377, -117.3812, 3275, 3, 218, C550, , , , , C550
1660412968, , 33.1407, -117.3807, 3325, 8, 221, C550, , , , , C550
1660412971, , 33.1437, -117.3799, 3325, 14, 225, C550, , , , , C550
1660412971, , 33.1437, -117.3799, 3325, 14, 225, C550, , , , , C550
1660412976, , 33.1483, -117.3779, 3375, 21, 229, C550, , , , , C550
1660412976, , 33.1483, -117.3779, 3375, 21, 229, C550, , , , , C550
1660412982, , 33.1532, -117.3745, 3450, 35, 234, C550, , , , , C550
1660412982, , 33.1532, -117.3745, 3450, 35, 234, C550, , , , , C550
1660412986, , 33.1572, -117.3706, 3500, 42, 237, C550, , , , , C550
1660412986, , 33.1572, -117.3706, 3500, 42, 237, C550, , , , , C550
1660412986, , 33.1572, -117.3706, 3500, 42, 237, C550, , , , , C550
1660412990, , 33.1606, -117.3662, 3575, 49, 238, C550, , , , , C550
1660412990, , 33.1606, -117.3662, 3575, 49, 238, C550, , , , , C550
1660412995, , 33.1636, -117.3607, 3700, 60, 239, C550, , , , , C550
1660412995, , 33.1636, -117.3607, 3700, 60, 239, C550, , , , , C550
1660413002, , 33.1665, -117.3533, 3850, 65, 239, C550, , , , , C550
1660413005, , 33.168, -117.3494, 3925, 66, 240, C550, , , , , C550
