//Timestamp, ICAO, Latitude_deg, Longitude_deg, Altitude_ft, Heading_deg, GroundSpeed_kts, AircraftType, RegistrationNum, Departure, Arrival, FlightNumber1, FlightNumber2
1660413550, , 33.6653, -117.8734, 0, 0, 0, C560, , , , , C560
1660413550, , 33.6653, -117.8734, 0, 0, 0, C560, , , , , C560
1660413556, , 33.6653, -117.8733, 0, 137, 0, C560, , , , , C560
1660413560, , 33.6653, -117.8733, 0, 242, 0, C560, , , , , C560
1660413560, , 33.6653, -117.8733, 0, 242, 0, C560, , , , , C560
1660413565, , 33.6653, -117.8733, 0, 242, 0, C560, , , , , C560
1660413565, , 33.6653, -117.8733, 0, 242, 0, C560, , , , , C560
1660413565, , 33.6653, -117.8733, 0, 242, 0, C560, , , , , C560
1660413565, , 33.6653, -117.8733, 0, 242, 0, C560, , , , , C560
1660413570, , 33.6653, -117.8733, 0, 137, 0, C560, , , , , C560
1660413576, , 33.6653, -117.8733, 0, 137, 0, C560, , , , , C560
1660413576, , 33.6653, -117.8733, 0, 137, 0, C560, , , , , C560
1660413580, , 33.6653, -117.8733, 0, 137, 0, C560, , , , , C560
1660413580, , 33.6653, -117.8733, 0, 137, 0, C560, , , , , C560
1660413586, , 33.6653, -117.8733, 0, 137, 0, C560, , , , , C560
1660413586, , 33.6653, -117.8733, 0, 137, 0, C560, , , , , C560
1660413586, , 33.6653, -117.8733, 0, 137, 0, C560, , , , , C560
1660413591, , 33.6653, -117.8733, 0, 137, 0, C560, , , , , C560
1660413591, , 33.6653, -117.8733, 0, 137, 0, C560, , , , , C560
1660413591, , 33.6653, -117.8733, 0, 137, 0, C560, , , , , C560
1660413591, , 33.6653, -117.8733, 0, 137, 0, C560, , , , , C560
1660413601, , 33.6653, -117.8733, 0, 137, 0, C560, , , , , C560
1660413606, , 33.6653, -117.8733, 0, 137, 0, C560, , , , , C560
1660413606, , 33.6653, -117.8733, 0, 137, 0, C560, , , , , C560
1660413606, , 33.6653, -117.8733, 0, 137, 0, C560, , , , , C560
1660413606, , 33.6653, -117.8733, 0, 137, 0, C560, , , , , C560
1660413606, , 33.6653, -117.8733, 0, 137, 0, C560, , , , , C560
1660413606, , 33.6653, -117.8733, 0, 137, 0, C560, , , , , C560
1660413616, , 33.6653, -117.8733, 0, 137, 0, C560, , , , , C560
1660413621, , 33.6653, -117.8733, 0, 137, 0, C560, , , , , C560
1660413621, , 33.6653, -117.8733, 0, 137, 0, C560, , , , , C560
1660413621, , 33.6653, -117.8733, 0, 137, 0, C560, , , , , C560
1660413621, , 33.6653, -117.8733, 0, 137, 0, C560, , , , , C560
1660413626, , 33.6653, -117.8733, 0, 137, 0, C560, , , , , C560
1660413626, , 33.6653, -117.8733, 0, 137, 0, C560, , , , , C560
1660413631, , 33.6653, -117.8733, 0, 61, 0, C560, , , , , C560
1660413636, , 33.6653, -117.8733, 0, 61, 0, C560, , , , , C560
1660413636, , 33.6653, -117.8733, 0, 61, 0, C560, , , , , C560
1660413641, , 33.6653, -117.8733, 0, 61, 0, C560, , , , , C560
1660413646, , 33.6653, -117.8733, 0, 61, 0, C560, , , , , C560
1660413646, , 33.6653, -117.8733, 0, 61, 0, C560, , , , , C560
1660413646, , 33.6653, -117.8733, 0, 61, 0, C560, , , , , C560
1660413646, , 33.6653, -117.8733, 0, 61, 0, C560, , , , , C560
1660413651, , 33.6653, -117.8733, 0, 20, 0, C560, , , , , C560
1660413651, , 33.6653, -117.8733, 0, 20, 0, C560, , , , , C560
1660413651, , 33.6653, -117.8733, 0, 20, 0, C560, , , , , C560
1660413651, , 33.6653, -117.8733, 0, 20, 0, C560, , , , , C560
1660413651, , 33.6653, -117.8733, 0, 20, 0, C560, , , , , C560
1660413661, , 33.6653, -117.8733, 0, 20, 0, C560, , , , , C560
1660413661, , 33.6653, -117.8733, 0, 20, 0, C560, , , , , C560
1660413661, , 33.6653, -117.8733, 0, 20, 0, C560, , , , , C560
1660413661, , 33.6653, -117.8733, 0, 20, 0, C560, , , , , C560
1660413671, , 33.6653, -117.8733, 0, 318, 0, C560, , , , , C560
1660413676, , 33.6653, -117.8733, 0, 318, 0, C560, , , , , C560
1660413676, , 33.6653, -117.8733, 0, 318, 0, C560, , , , , C560
1660413681, , 33.6653, -117.8733, 0, 42, 0, C560, , , , , C560
1660413681, , 33.6653, -117.8733, 0, 42, 0, C560, , , , , C560
1660413686, , 33.6653, -117.8733, 0, 42, 0, C560, , , , , C560
1660413686, , 33.6653, -117.8733, 0, 42, 0, C560, , , , , C560
1660413686, , 33.6653, -117.8733, 0, 42, 0, C560, , , , , C560
1660413691, , 33.6653, -117.8733, 0, 20, 0, C560, , , , , C560
1660413691, , 33.6653, -117.8733, 0, 20, 0, C560, , , , , C560
1660413696, , 33.6653, -117.8734, 0, 271, 0, C560, , , , , C560
1660413696, , 33.6653, -117.8734, 0, 271, 0, C560, , , , , C560
1660413696, , 33.6653, -117.8734, 0, 271, 0, C560, , , , , C560
1660413696, , 33.6653, -117.8734, 0, 271, 0, C560, , , , , C560
1660413706, , 33.6654, -117.8735, 0, 307, 2, C560, , , , , C560
1660413709, , 33.6654, -117.8735, 0, 309, 3, C560, , , , , C560
1660413709, , 33.6654, -117.8735, 0, 309, 3, C560, , , , , C560
1660413712, , 33.6654, -117.8735, 0, 336, 3, C560, , , , , C560
1660413712, , 33.6654, -117.8735, 0, 336, 3, C560, , , , , C560
1660413717, , 33.6655, -117.8736, 0, 318, 3, C560, , , , , C560
1660413717, , 33.6655, -117.8736, 0, 318, 3, C560, , , , , C560
1660413721, , 33.6655, -117.8737, 0, 292, 3, C560, , , , , C560
1660413726, , 33.6655, -117.8737, 0, 309, 2, C560, , , , , C560
1660413726, , 33.6655, -117.8737, 0, 309, 2, C560, , , , , C560
1660413726, , 33.6655, -117.8737, 0, 271, 1, C560, , , , , C560
1660413726, , 33.6655, -117.8737, 0, 271, 1, C560, , , , , C560
1660413734, , 33.6655, -117.8737, 0, 271, 0, C560, , , , , C560
1660413734, , 33.6655, -117.8737, 0, 271, 0, C560, , , , , C560
1660413737, , 33.6655, -117.8737, 0, 271, 0, C560, , , , , C560
1660413741, , 33.6655, -117.8737, 0, 271, 0, C560, , , , , C560
1660413741, , 33.6655, -117.8737, 0, 271, 0, C560, , , , , C560
1660413744, , 33.6655, -117.8737, 0, 271, 0, C560, , , , , C560
1660413744, , 33.6655, -117.8737, 0, 271, 0, C560, , , , , C560
1660413748, , 33.6655, -117.8737, 0, 271, 1, C560, , , , , C560
1660413748, , 33.6655, -117.8737, 0, 271, 1, C560, , , , , C560
1660413748, , 33.6655, -117.8737, 0, 271, 1, C560, , , , , C560
1660413755, , 33.6655, -117.8738, 0, 271, 0, C560, , , , , C560
1660413755, , 33.6655, -117.8738, 0, 271, 0, C560, , , , , C560
1660413755, , 33.6655, -117.8738, 0, 271, 0, C560, , , , , C560
1660413755, , 33.6655, -117.8738, 0, 271, 0, C560, , , , , C560
1660413765, , 33.6654, -117.8739, 0, 223, 4, C560, , , , , C560
1660413765, , 33.6654, -117.8739, 0, 223, 4, C560, , , , , C560
1660413769, , 33.6654, -117.8739, 0, 195, 3, C560, , , , , C560
1660413773, , 33.6653, -117.8739, 0, 223, 3, C560, , , , , C560
1660413773, , 33.6653, -117.8739, 0, 223, 3, C560, , , , , C560
1660413777, , 33.6653, -117.8739, 0, 223, 3, C560, , , , , C560
1660413777, , 33.6653, -117.8739, 0, 223, 3, C560, , , , , C560
1660413782, , 33.6652, -117.874, 0, 212, 2, C560, , , , , C560
1660413782, , 33.6652, -117.874, 0, 212, 2, C560, , , , , C560
1660413786, , 33.6652, -117.874, 0, 223, 1, C560, , , , , C560
1660413789, , 33.6652, -117.874, 0, 223, 1, C560, , , , , C560
1660413789, , 33.6652, -117.874, 0, 223, 1, C560, , , , , C560
1660413793, , 33.6652, -117.874, 0, 242, 2, C560, , , , , C560
1660413793, , 33.6652, -117.874, 0, 242, 2, C560, , , , , C560
1660413797, , 33.6652, -117.8741, 0, 318, 1, C560, , , , , C560
1660413797, , 33.6652, -117.8741, 0, 318, 1, C560, , , , , C560
1660413800, , 33.6652, -117.8741, 0, 318, 0, C560, , , , , C560
1660413806, , 33.6652, -117.8741, 0, 318, 0, C560, , , , , C560
1660413806, , 33.6652, -117.8741, 0, 318, 0, C560, , , , , C560
1660413808, , 33.6652, -117.8741, 0, 318, 0, C560, , , , , C560
1660413808, , 33.6652, -117.8741, 0, 318, 0, C560, , , , , C560
1660413813, , 33.6652, -117.8741, 0, 318, 0, C560, , , , , C560
1660413813, , 33.6652, -117.8741, 0, 318, 0, C560, , , , , C560
1660413816, , 33.6652, -117.8741, 0, 271, 0, C560, , , , , C560
1660413821, , 33.6652, -117.8741, 0, 271, 0, C560, , , , , C560
1660413821, , 33.6652, -117.8741, 0, 271, 0, C560, , , , , C560
1660413822, , 33.6652, -117.8741, 0, 271, 0, C560, , , , , C560
1660413822, , 33.6652, -117.8741, 0, 271, 0, C560, , , , , C560
1660413827, , 33.6652, -117.8741, 0, 271, 0, C560, , , , , C560
1660413827, , 33.6652, -117.8741, 0, 271, 0, C560, , , , , C560
1660413827, , 33.6652, -117.8741, 0, 271, 0, C560, , , , , C560
1660413827, , 33.6652, -117.8741, 0, 271, 0, C560, , , , , C560
1660413827, , 33.6652, -117.8741, 0, 271, 0, C560, , , , , C560
1660413827, , 33.6652, -117.8741, 0, 271, 0, C560, , , , , C560
1660413827, , 33.6652, -117.8741, 0, 271, 0, C560, , , , , C560
1660413842, , 33.6652, -117.8741, 0, 271, 0, C560, , , , , C560
1660413842, , 33.6652, -117.8741, 0, 271, 0, C560, , , , , C560
1660413842, , 33.6652, -117.8741, 0, 271, 0, C560, , , , , C560
1660413852, , 33.6652, -117.8741, 0, 271, 0, C560, , , , , C560
1660413852, , 33.6652, -117.8741, 0, 271, 0, C560, , , , , C560
1660413858, , 33.6652, -117.8741, 0, 271, 0, C560, , , , , C560
1660413858, , 33.6652, -117.8741, 0, 271, 0, C560, , , , , C560
1660413858, , 33.6652, -117.8741, 0, 271, 0, C560, , , , , C560
1660413862, , 33.6652, -117.8741, 0, 271, 0, C560, , , , , C560
1660413862, , 33.6652, -117.8741, 0, 271, 0, C560, , , , , C560
1660413867, , 33.6652, -117.8741, 0, 137, 0, C560, , , , , C560
1660413867, , 33.6652, -117.8741, 0, 137, 0, C560, , , , , C560
1660413872, , 33.6652, -117.8741, 0, 137, 0, C560, , , , , C560
1660413872, , 33.6652, -117.8741, 0, 137, 0, C560, , , , , C560
1660413872, , 33.6652, -117.8741, 0, 137, 0, C560, , , , , C560
1660413877, , 33.6652, -117.8741, 0, 137, 0, C560, , , , , C560
1660413877, , 33.6652, -117.8741, 0, 137, 0, C560, , , , , C560
1660413882, , 33.6652, -117.8741, 0, 137, 0, C560, , , , , C560
1660413882, , 33.6652, -117.8741, 0, 137, 0, C560, , , , , C560
1660413882, , 33.6652, -117.8741, 0, 137, 0, C560, , , , , C560
1660413882, , 33.6652, -117.8741, 0, 137, 0, C560, , , , , C560
1660413892, , 33.6652, -117.8741, 0, 137, 0, C560, , , , , C560
1660413897, , 33.6652, -117.8741, 0, 137, 0, C560, , , , , C560
1660413897, , 33.6652, -117.8741, 0, 137, 0, C560, , , , , C560
1660413897, , 33.6652, -117.8741, 0, 137, 0, C560, , , , , C560
1660413897, , 33.6652, -117.8741, 0, 137, 0, C560, , , , , C560
1660413897, , 33.6652, -117.8741, 0, 137, 0, C560, , , , , C560
1660413897, , 33.6652, -117.8741, 0, 137, 0, C560, , , , , C560
1660413897, , 33.6652, -117.8741, 0, 137, 0, C560, , , , , C560
1660413912, , 33.6652, -117.8741, 0, 137, 0, C560, , , , , C560
1660413912, , 33.6652, -117.8741, 0, 137, 0, C560, , , , , C560
1660413918, , 33.6652, -117.8741, 0, 137, 0, C560, , , , , C560
1660413918, , 33.6652, -117.8741, 0, 137, 0, C560, , , , , C560
1660413918, , 33.6652, -117.8741, 0, 137, 0, C560, , , , , C560
1660413918, , 33.6652, -117.8741, 0, 137, 0, C560, , , , , C560
1660413918, , 33.6652, -117.8741, 0, 137, 0, C560, , , , , C560
1660413927, , 33.6652, -117.8741, 0, 137, 0, C560, , , , , C560
1660413927, , 33.6652, -117.8741, 0, 137, 0, C560, , , , , C560
1660413927, , 33.6652, -117.8741, 0, 137, 0, C560, , , , , C560
1660413927, , 33.6652, -117.8741, 0, 137, 0, C560, , , , , C560
1660413937, , 33.6652, -117.8741, 0, 137, 0, C560, , , , , C560
1660413937, , 33.6652, -117.8741, 0, 137, 0, C560, , , , , C560
1660413937, , 33.6652, -117.8741, 0, 137, 0, C560, , , , , C560
1660413942, , 33.6652, -117.8741, 0, 137, 0, C560, , , , , C560
1660413942, , 33.6652, -117.8741, 0, 137, 0, C560, , , , , C560
1660413947, , 33.6652, -117.8741, 0, 137, 0, C560, , , , , C560
1660413947, , 33.6652, -117.8741, 0, 137, 0, C560, , , , , C560
1660413952, , 33.6652, -117.8741, 0, 137, 0, C560, , , , , C560
1660413952, , 33.6652, -117.8741, 0, 137, 0, C560, , , , , C560
1660413952, , 33.6652, -117.8741, 0, 137, 0, C560, , , , , C560
1660413962, , 33.6652, -117.8741, 0, 271, 0, C560, , , , , C560
1660413962, , 33.6652, -117.8741, 0, 271, 0, C560, , , , , C560
1660413962, , 33.6652, -117.8741, 0, 271, 0, C560, , , , , C560
1660413962, , 33.6652, -117.8741, 0, 271, 0, C560, , , , , C560
1660413967, , 33.6652, -117.8741, 0, 296, 0, C560, , , , , C560
1660413973, , 33.6653, -117.8742, 0, 349, 3, C560, , , , , C560
1660413973, , 33.6653, -117.8742, 0, 349, 3, C560, , , , , C560
1660413977, , 33.6654, -117.8741, 0, 17, 4, C560, , , , , C560
1660413977, , 33.6654, -117.8741, 0, 17, 4, C560, , , , , C560
1660413981, , 33.6655, -117.8741, 0, 29, 5, C560, , , , , C560
1660413981, , 33.6655, -117.8741, 0, 29, 5, C560, , , , , C560
1660413985, , 33.6655, -117.8741, 0, 22, 5, C560, , , , , C560
1660413989, , 33.6656, -117.874, 0, 42, 6, C560, , , , , C560
1660413989, , 33.6656, -117.874, 0, 42, 6, C560, , , , , C560
1660413991, , 33.6657, -117.874, 0, 23, 6, C560, , , , , C560
1660413991, , 33.6657, -117.874, 0, 23, 6, C560, , , , , C560
1660413995, , 33.6658, -117.8739, 0, 33, 6, C560, , , , , C560
1660413995, , 33.6658, -117.8739, 0, 33, 6, C560, , , , , C560
1660414000, , 33.6659, -117.8738, 0, 27, 7, C560, , , , , C560
1660414005, , 33.6661, -117.8737, 0, 28, 7, C560, , , , , C560
1660414005, , 33.6661, -117.8737, 0, 28, 7, C560, , , , , C560
1660414005, , 33.6661, -117.8737, 0, 28, 7, C560, , , , , C560
1660414005, , 33.6661, -117.8737, 0, 28, 7, C560, , , , , C560
1660414014, , 33.6664, -117.8735, 0, 28, 10, C560, , , , , C560
1660414014, , 33.6664, -117.8735, 0, 28, 10, C560, , , , , C560
1660414017, , 33.6665, -117.8735, 0, 28, 10, C560, , , , , C560
1660414020, , 33.6666, -117.8734, 0, 30, 10, C560, , , , , C560
1660414020, , 33.6666, -117.8734, 0, 30, 10, C560, , , , , C560
1660414025, , 33.6668, -117.8732, 0, 33, 10, C560, , , , , C560
1660414025, , 33.6668, -117.8732, 0, 33, 10, C560, , , , , C560
1660414027, , 33.6669, -117.8732, 0, 33, 9, C560, , , , , C560
1660414034, , 33.6671, -117.8729, 0, 36, 10, C560, , , , , C560
1660414034, , 33.6671, -117.8729, 0, 36, 10, C560, , , , , C560
1660414037, , 33.6672, -117.8729, 0, 33, 10, C560, , , , , C560
1660414037, , 33.6672, -117.8729, 0, 33, 10, C560, , , , , C560
1660414040, , 33.6674, -117.8727, 0, 36, 10, C560, , , , , C560
1660414040, , 33.6674, -117.8727, 0, 36, 10, C560, , , , , C560
1660414046, , 33.6676, -117.8726, 0, 42, 10, C560, , , , , C560
1660414048, , 33.6677, -117.8724, 0, 42, 10, C560, , , , , C560
1660414048, , 33.6677, -117.8724, 0, 42, 10, C560, , , , , C560
1660414053, , 33.6678, -117.8723, 0, 42, 10, C560, , , , , C560
1660414053, , 33.6678, -117.8723, 0, 42, 10, C560, , , , , C560
1660414058, , 33.668, -117.8721, 0, 39, 10, C560, , , , , C560
1660414058, , 33.668, -117.8721, 0, 39, 10, C560, , , , , C560
1660414062, , 33.6681, -117.8719, 0, 39, 11, C560, , , , , C560
1660414066, , 33.6683, -117.8718, 0, 42, 11, C560, , , , , C560
1660414066, , 33.6683, -117.8718, 0, 42, 11, C560, , , , , C560
1660414069, , 33.6684, -117.8716, 0, 39, 11, C560, , , , , C560
1660414069, , 33.6684, -117.8716, 0, 39, 11, C560, , , , , C560
1660414074, , 33.6686, -117.8715, 0, 39, 10, C560, , , , , C560
1660414076, , 33.6687, -117.8714, 0, 39, 10, C560, , , , , C560
1660414076, , 33.6687, -117.8714, 0, 39, 10, C560, , , , , C560
1660414078, , 33.6688, -117.8713, 0, 39, 11, C560, , , , , C560
1660414078, , 33.6688, -117.8713, 0, 39, 11, C560, , , , , C560
1660414086, , 33.6691, -117.871, 0, 39, 11, C560, , , , , C560
1660414089, , 33.6692, -117.8709, 0, 42, 11, C560, , , , , C560
1660414089, , 33.6692, -117.8709, 0, 42, 11, C560, , , , , C560
1660414093, , 33.6694, -117.8707, 0, 42, 11, C560, , , , , C560
1660414093, , 33.6694, -117.8707, 0, 42, 11, C560, , , , , C560
1660414096, , 33.6695, -117.8706, 0, 42, 11, C560, , , , , C560
1660414096, , 33.6695, -117.8706, 0, 42, 11, C560, , , , , C560
1660414100, , 33.6697, -117.8704, 0, 42, 11, C560, , , , , C560
1660414103, , 33.6698, -117.8703, 0, 42, 10, C560, , , , , C560
1660414103, , 33.6698, -117.8703, 0, 42, 10, C560, , , , , C560
1660414109, , 33.6699, -117.8701, 0, 39, 9, C560, , , , , C560
1660414109, , 33.6699, -117.8701, 0, 39, 9, C560, , , , , C560
1660414110, , 33.67, -117.8701, 0, 39, 10, C560, , , , , C560
1660414117, , 33.6702, -117.8698, 0, 42, 10, C560, , , , , C560
1660414117, , 33.6702, -117.8698, 0, 42, 10, C560, , , , , C560
1660414119, , 33.6703, -117.8697, 0, 42, 10, C560, , , , , C560
1660414119, , 33.6703, -117.8697, 0, 42, 10, C560, , , , , C560
1660414125, , 33.6705, -117.8695, 0, 42, 11, C560, , , , , C560
1660414125, , 33.6705, -117.8695, 0, 42, 11, C560, , , , , C560
1660414129, , 33.6707, -117.8693, 0, 39, 12, C560, , , , , C560
1660414133, , 33.6709, -117.8691, 0, 39, 12, C560, , , , , C560
1660414133, , 33.6709, -117.8691, 0, 39, 12, C560, , , , , C560
1660414138, , 33.6711, -117.8689, 0, 39, 12, C560, , , , , C560
1660414138, , 33.6711, -117.8689, 0, 39, 12, C560, , , , , C560
1660414141, , 33.6712, -117.8688, 0, 36, 12, C560, , , , , C560
1660414141, , 33.6712, -117.8688, 0, 36, 12, C560, , , , , C560
1660414146, , 33.6714, -117.8686, 0, 33, 12, C560, , , , , C560
1660414148, , 33.6715, -117.8686, 0, 33, 12, C560, , , , , C560
1660414148, , 33.6715, -117.8686, 0, 33, 12, C560, , , , , C560
1660414153, , 33.6718, -117.8683, 0, 30, 13, C560, , , , , C560
1660414153, , 33.6718, -117.8683, 0, 30, 13, C560, , , , , C560
1660414158, , 33.672, -117.8682, 0, 28, 13, C560, , , , , C560
1660414162, , 33.6722, -117.8681, 0, 28, 13, C560, , , , , C560
1660414162, , 33.6722, -117.8681, 0, 28, 13, C560, , , , , C560
1660414166, , 33.6725, -117.8679, 0, 28, 12, C560, , , , , C560
1660414166, , 33.6725, -117.8679, 0, 28, 12, C560, , , , , C560
1660414168, , 33.6726, -117.8678, 0, 30, 12, C560, , , , , C560
1660414168, , 33.6726, -117.8678, 0, 30, 12, C560, , , , , C560
1660414172, , 33.6727, -117.8677, 0, 33, 12, C560, , , , , C560
1660414177, , 33.673, -117.8675, 0, 47, 11, C560, , , , , C560
1660414177, , 33.673, -117.8675, 0, 47, 11, C560, , , , , C560
1660414181, , 33.6731, -117.8673, 0, 50, 11, C560, , , , , C560
1660414181, , 33.6731, -117.8673, 0, 50, 11, C560, , , , , C560
1660414185, , 33.6732, -117.8671, 0, 39, 10, C560, , , , , C560
1660414185, , 33.6732, -117.8671, 0, 39, 10, C560, , , , , C560
1660414189, , 33.6734, -117.8671, 0, 2, 9, C560, , , , , C560
1660414193, , 33.6735, -117.8671, 0, 340, 9, C560, , , , , C560
1660414193, , 33.6735, -117.8671, 0, 340, 9, C560, , , , , C560
1660414197, , 33.6737, -117.8672, 0, 337, 9, C560, , , , , C560
1660414197, , 33.6737, -117.8672, 0, 337, 9, C560, , , , , C560
1660414201, , 33.6739, -117.8672, 0, 2, 8, C560, , , , , C560
1660414201, , 33.6739, -117.8672, 0, 2, 8, C560, , , , , C560
1660414205, , 33.674, -117.8672, 0, 22, 9, C560, , , , , C560
1660414209, , 33.6742, -117.8671, 0, 28, 9, C560, , , , , C560
1660414209, , 33.6742, -117.8671, 0, 28, 9, C560, , , , , C560
1660414213, , 33.6743, -117.867, 0, 28, 10, C560, , , , , C560
1660414213, , 33.6743, -117.867, 0, 28, 10, C560, , , , , C560
1660414218, , 33.6745, -117.8669, 0, 28, 11, C560, , , , , C560
1660414218, , 33.6745, -117.8669, 0, 28, 11, C560, , , , , C560
1660414219, , 33.6746, -117.8668, 0, 28, 11, C560, , , , , C560
1660414226, , 33.6749, -117.8666, 0, 28, 12, C560, , , , , C560
1660414226, , 33.6749, -117.8666, 0, 28, 12, C560, , , , , C560
1660414230, , 33.6751, -117.8665, 0, 28, 13, C560, , , , , C560
1660414230, , 33.6751, -117.8665, 0, 28, 13, C560, , , , , C560
1660414233, , 33.6753, -117.8664, 0, 28, 13, C560, , , , , C560
1660414238, , 33.6755, -117.8662, 0, 28, 13, C560, , , , , C560
1660414238, , 33.6755, -117.8662, 0, 28, 13, C560, , , , , C560
1660414242, , 33.6758, -117.8661, 0, 28, 14, C560, , , , , C560
1660414242, , 33.6758, -117.8661, 0, 28, 14, C560, , , , , C560
1660414246, , 33.676, -117.8659, 0, 28, 14, C560, , , , , C560
1660414250, , 33.6762, -117.8658, 0, 28, 14, C560, , , , , C560
1660414250, , 33.6762, -117.8658, 0, 28, 14, C560, , , , , C560
1660414251, , 33.6763, -117.8657, 0, 28, 14, C560, , , , , C560
1660414251, , 33.6763, -117.8657, 0, 28, 14, C560, , , , , C560
1660414257, , 33.6767, -117.8655, 0, 28, 14, C560, , , , , C560
1660414257, , 33.6767, -117.8655, 0, 28, 14, C560, , , , , C560
1660414262, , 33.6769, -117.8653, 0, 28, 13, C560, , , , , C560
1660414265, , 33.6771, -117.8652, 0, 28, 14, C560, , , , , C560
1660414265, , 33.6771, -117.8652, 0, 28, 14, C560, , , , , C560
1660414270, , 33.6774, -117.8651, 0, 28, 13, C560, , , , , C560
1660414270, , 33.6774, -117.8651, 0, 28, 13, C560, , , , , C560
1660414274, , 33.6776, -117.8649, 0, 28, 13, C560, , , , , C560
1660414274, , 33.6776, -117.8649, 0, 28, 13, C560, , , , , C560
1660414274, , 33.6776, -117.8649, 0, 28, 13, C560, , , , , C560
1660414280, , 33.6779, -117.8647, 0, 28, 12, C560, , , , , C560
1660414280, , 33.6779, -117.8647, 0, 28, 12, C560, , , , , C560
1660414286, , 33.6782, -117.8645, 0, 28, 12, C560, , , , , C560
1660414286, , 33.6782, -117.8645, 0, 28, 12, C560, , , , , C560
1660414290, , 33.6784, -117.8644, 0, 28, 11, C560, , , , , C560
1660414292, , 33.6785, -117.8643, 0, 28, 10, C560, , , , , C560
1660414292, , 33.6785, -117.8643, 0, 28, 10, C560, , , , , C560
1660414297, , 33.6787, -117.8642, 0, 28, 11, C560, , , , , C560
1660414297, , 33.6787, -117.8642, 0, 28, 11, C560, , , , , C560
1660414301, , 33.6789, -117.8641, 0, 28, 10, C560, , , , , C560
1660414301, , 33.6789, -117.8641, 0, 28, 10, C560, , , , , C560
1660414306, , 33.679, -117.864, 0, 28, 10, C560, , , , , C560
1660414309, , 33.6792, -117.8639, 0, 28, 11, C560, , , , , C560
1660414309, , 33.6792, -117.8639, 0, 28, 11, C560, , , , , C560
1660414313, , 33.6794, -117.8638, 0, 28, 10, C560, , , , , C560
1660414313, , 33.6794, -117.8638, 0, 28, 10, C560, , , , , C560
1660414316, , 33.6795, -117.8637, 0, 28, 9, C560, , , , , C560
1660414316, , 33.6795, -117.8637, 0, 28, 9, C560, , , , , C560
1660414321, , 33.6797, -117.8636, 0, 28, 9, C560, , , , , C560
1660414325, , 33.6798, -117.8635, 0, 28, 8, C560, , , , , C560
1660414325, , 33.6798, -117.8635, 0, 28, 8, C560, , , , , C560
1660414329, , 33.68, -117.8634, 0, 28, 7, C560, , , , , C560
1660414329, , 33.68, -117.8634, 0, 28, 7, C560, , , , , C560
1660414333, , 33.6801, -117.8633, 0, 28, 7, C560, , , , , C560
1660414333, , 33.6801, -117.8633, 0, 28, 7, C560, , , , , C560
1660414337, , 33.6802, -117.8633, 0, 28, 7, C560, , , , , C560
1660414341, , 33.6803, -117.8632, 0, 28, 7, C560, , , , , C560
1660414341, , 33.6803, -117.8632, 0, 28, 7, C560, , , , , C560
1660414343, , 33.6804, -117.8631, 0, 28, 7, C560, , , , , C560
1660414343, , 33.6804, -117.8631, 0, 28, 7, C560, , , , , C560
1660414349, , 33.6805, -117.8631, 0, 28, 5, C560, , , , , C560
1660414354, , 33.6806, -117.8631, 0, 28, 4, C560, , , , , C560
1660414354, , 33.6806, -117.8631, 0, 28, 4, C560, , , , , C560
1660414357, , 33.6807, -117.8631, 0, 28, 3, C560, , , , , C560
1660414357, , 33.6807, -117.8631, 0, 28, 3, C560, , , , , C560
1660414361, , 33.6807, -117.8632, 0, 28, 0, C560, , , , , C560
1660414361, , 33.6807, -117.8632, 0, 28, 0, C560, , , , , C560
1660414365, , 33.6807, -117.8632, 0, 28, 0, C560, , , , , C560
1660414365, , 33.6807, -117.8632, 0, 28, 0, C560, , , , , C560
1660414368, , 33.6807, -117.8632, 0, 28, 0, C560, , , , , C560
1660414373, , 33.6807, -117.8632, 0, 28, 0, C560, , , , , C560
1660414373, , 33.6807, -117.8632, 0, 28, 0, C560, , , , , C560
1660414377, , 33.6807, -117.8632, 0, 28, 0, C560, , , , , C560
1660414377, , 33.6807, -117.8632, 0, 28, 0, C560, , , , , C560
1660414381, , 33.6807, -117.8632, 0, 28, 1, C560, , , , , C560
1660414385, , 33.6807, -117.8632, 0, 28, 5, C560, , , , , C560
1660414385, , 33.6807, -117.8632, 0, 28, 5, C560, , , , , C560
1660414388, , 33.6808, -117.8633, 0, 300, 9, C560, , , , , C560
1660414388, , 33.6808, -117.8633, 0, 300, 9, C560, , , , , C560
1660414393, , 33.6809, -117.8636, 0, 298, 12, C560, , , , , C560
1660414393, , 33.6809, -117.8636, 0, 298, 12, C560, , , , , C560
1660414396, , 33.681, -117.8638, 0, 298, 11, C560, , , , , C560
1660414400, , 33.6811, -117.864, 0, 298, 11, C560, , , , , C560
1660414400, , 33.6811, -117.864, 0, 298, 11, C560, , , , , C560
1660414404, , 33.6812, -117.8642, 0, 298, 11, C560, , , , , C560
1660414404, , 33.6812, -117.8642, 0, 298, 11, C560, , , , , C560
1660414410, , 33.6813, -117.8644, 0, 298, 10, C560, , , , , C560
1660414410, , 33.6813, -117.8644, 0, 298, 10, C560, , , , , C560
1660414413, , 33.6813, -117.8646, 0, 298, 10, C560, , , , , C560
1660414417, , 33.6814, -117.8648, 0, 298, 10, C560, , , , , C560
1660414417, , 33.6814, -117.8648, 0, 298, 10, C560, , , , , C560
1660414421, , 33.6815, -117.865, 0, 264, 7, C560, , , , , C560
1660414421, , 33.6815, -117.865, 0, 264, 7, C560, , , , , C560
1660414425, , 33.6814, -117.8652, 0, 233, 8, C560, , , , , C560
1660414425, , 33.6814, -117.8652, 0, 233, 8, C560, , , , , C560
1660414429, , 33.6813, -117.8653, 0, 216, 13, C560, , , , , C560
1660414434, , 33.6808, -117.8656, 0, 208, 33, C560, , , , , C560
1660414434, , 33.6808, -117.8656, 0, 208, 33, C560, , , , , C560
1660414437, , 33.6803, -117.8659, 0, 208, 50, C560, , , , , C560
1660414437, , 33.6803, -117.8659, 0, 208, 50, C560, , , , , C560
1660414441, , 33.6793, -117.8666, 0, 208, 74, C560, , , , , C560
1660414441, , 33.6793, -117.8666, 0, 208, 74, C560, , , , , C560
1660414443, , 33.6787, -117.867, 0, 208, 84, C560, , , , , C560
1660414443, , 33.6787, -117.867, 0, 208, 84, C560, , , , , C560
1660414443, , 33.6787, -117.867, 0, 208, 84, C560, , , , , C560
1660414453, , 33.6738, -117.87, 0, 207, 135, C560, , , , , C560
1660414453, , 33.6738, -117.87, 0, 207, 135, C560, , , , , C560
1660414457, , 33.6716, -117.8715, 50, 208, 146, C560, , , , , C560
1660414457, , 33.6716, -117.8715, 50, 208, 146, C560, , , , , C560
1660414461, , 33.6688, -117.8733, 175, 208, 158, C560, , , , , C560
1660414465, , 33.6663, -117.8749, 300, 209, 166, C560, , , , , C560
1660414465, , 33.6663, -117.8749, 300, 209, 166, C560, , , , , C560
1660414469, , 33.6653, -117.8756, 425, 209, 172, C560, , , , , C560
1660414469, , 33.6653, -117.8756, 425, 209, 172, C560, , , , , C560
1660414474, , 33.66, -117.8791, 575, 209, 179, C560, , , , , C560
1660414477, , 33.6581, -117.8804, 650, 209, 184, C560, , , , , C560
1660414477, , 33.6581, -117.8804, 650, 209, 184, C560, , , , , C560
1660414480, , 33.6557, -117.8821, 750, 209, 186, C560, , , , , C560
1660414480, , 33.6557, -117.8821, 750, 209, 186, C560, , , , , C560
1660414486, , 33.6528, -117.8839, 950, 206, 190, C560, , , , , C560
1660414486, , 33.6528, -117.8839, 950, 206, 190, C560, , , , , C560
1660414489, , 33.6483, -117.8865, 1050, 203, 192, C560, , , , , C560
1660414492, , 33.6469, -117.8871, 1125, 198, 195, C560, , , , , C560
1660414492, , 33.6469, -117.8871, 1125, 198, 195, C560, , , , , C560
1660414497, , 33.6427, -117.8886, 1300, 192, 198, C560, , , , , C560
1660414497, , 33.6427, -117.8886, 1300, 192, 198, C560, , , , , C560
1660414502, , 33.6382, -117.8895, 1425, 188, 199, C560, , , , , C560
1660414502, , 33.6382, -117.8895, 1425, 188, 199, C560, , , , , C560
1660414505, , 33.6345, -117.8899, 1525, 188, 199, C560, , , , , C560
1660414508, , 33.6316, -117.8902, 1600, 184, 206, C560, , , , , C560
1660414508, , 33.6316, -117.8902, 1600, 184, 206, C560, , , , , C560
1660414513, , 33.6258, -117.8908, 1750, 186, 209, C560, , , , , C560
1660414513, , 33.6258, -117.8908, 1750, 186, 209, C560, , , , , C560
1660414517, , 33.6223, -117.8913, 1850, 187, 210, C560, , , , , C560
1660414517, , 33.6223, -117.8913, 1850, 187, 210, C560, , , , , C560
1660414520, , 33.6196, -117.8918, 1925, 188, 213, C560, , , , , C560
1660414526, , 33.6147, -117.8927, 2100, 188, 215, C560, , , , , C560
1660414526, , 33.6147, -117.8927, 2100, 188, 215, C560, , , , , C560
1660414529, , 33.6111, -117.8934, 2175, 188, 216, C560, , , , , C560
1660414529, , 33.6111, -117.8934, 2175, 188, 216, C560, , , , , C560
1660414532, , 33.6075, -117.894, 2275, 187, 217, C560, , , , , C560
1660414532, , 33.6075, -117.894, 2275, 187, 217, C560, , , , , C560
1660414538, , 33.6041, -117.8945, 2450, 187, 217, C560, , , , , C560
1660414540, , 33.5997, -117.8951, 2500, 186, 217, C560, , , , , C560
1660414540, , 33.5997, -117.8951, 2500, 186, 217, C560, , , , , C560
1660414545, , 33.5945, -117.8959, 2675, 186, 217, C560, , , , , C560
1660414545, , 33.5945, -117.8959, 2675, 186, 217, C560, , , , , C560
1660414547, , 33.5925, -117.8962, 2775, 186, 217, C560, , , , , C560
1660414547, , 33.5925, -117.8962, 2775, 186, 217, C560, , , , , C560
1660414554, , 33.5865, -117.8971, 3000, 186, 217, C560, , , , , C560
1660414557, , 33.5823, -117.8977, 3100, 187, 216, C560, , , , , C560
1660414557, , 33.5823, -117.8977, 3100, 187, 216, C560, , , , , C560
1660414562, , 33.5801, -117.8981, 3250, 190, 217, C560, , , , , C560
1660414562, , 33.5801, -117.8981, 3250, 190, 217, C560, , , , , C560
1660414565, , 33.575, -117.8996, 3350, 197, 218, C560, , , , , C560
1660414565, , 33.575, -117.8996, 3350, 197, 218, C560, , , , , C560
1660414568, , 33.5731, -117.9004, 3450, 204, 217, C560, , , , , C560
1660414574, , 33.5671, -117.9045, 3650, 215, 217, C560, , , , , C560
1660414574, , 33.5671, -117.9045, 3650, 215, 217, C560, , , , , C560
1660414577, , 33.5642, -117.9073, 3750, 220, 217, C560, , , , , C560
1660414577, , 33.5642, -117.9073, 3750, 220, 217, C560, , , , , C560
1660414580, , 33.5619, -117.9099, 3850, 223, 217, C560, , , , , C560
1660414580, , 33.5619, -117.9099, 3850, 223, 217, C560, , , , , C560
1660414586, , 33.5581, -117.9144, 4050, 225, 216, C560, , , , , C560
1660414589, , 33.556, -117.9168, 4175, 224, 216, C560, , , , , C560
1660414589, , 33.556, -117.9168, 4175, 224, 216, C560, , , , , C560
1660414592, , 33.5535, -117.9198, 4275, 224, 215, C560, , , , , C560
1660414592, , 33.5535, -117.9198, 4275, 224, 215, C560, , , , , C560
1660414598, , 33.5496, -117.9242, 4475, 223, 215, C560, , , , , C560
1660414598, , 33.5496, -117.9242, 4475, 223, 215, C560, , , , , C560
1660414601, , 33.547, -117.9271, 4575, 222, 214, C560, , , , , C560
1660414604, , 33.5454, -117.9288, 4675, 222, 214, C560, , , , , C560
1660414604, , 33.5454, -117.9288, 4675, 222, 214, C560, , , , , C560
1660414610, , 33.5404, -117.9344, 4875, 223, 213, C560, , , , , C560
1660414610, , 33.5404, -117.9344, 4875, 223, 213, C560, , , , , C560
1660414612, , 33.5386, -117.9365, 4950, 223, 213, C560, , , , , C560
1660414612, , 33.5386, -117.9365, 4950, 223, 213, C560, , , , , C560
1660414616, , 33.5365, -117.9387, 5075, 223, 213, C560, , , , , C560
1660414622, , 33.5316, -117.9443, 5275, 223, 213, C560, , , , , C560
1660414622, , 33.5316, -117.9443, 5275, 223, 213, C560, , , , , C560
1660414625, , 33.5312, -117.9448, 5375, 223, 213, C560, , , , , C560
1660414625, , 33.5312, -117.9448, 5375, 223, 213, C560, , , , , C560
1660414630, , 33.5263, -117.9503, 5550, 223, 213, C560, , , , , C560
1660414633, , 33.5242, -117.9527, 5625, 223, 213, C560, , , , , C560
1660414633, , 33.5242, -117.9527, 5625, 223, 213, C560, , , , , C560
1660414635, , 33.522, -117.9552, 5725, 223, 212, C560, , , , , C560
1660414635, , 33.522, -117.9552, 5725, 223, 212, C560, , , , , C560
1660414640, , 33.5186, -117.959, 5900, 223, 212, C560, , , , , C560
1660414640, , 33.5186, -117.959, 5900, 223, 212, C560, , , , , C560
1660414645, , 33.5156, -117.9624, 6050, 223, 211, C560, , , , , C560
1660414647, , 33.5134, -117.9648, 6125, 223, 211, C560, , , , , C560
1660414647, , 33.5134, -117.9648, 6125, 223, 211, C560, , , , , C560
1660414654, , 33.5107, -117.9678, 6350, 223, 211, C560, , , , , C560
1660414654, , 33.5107, -117.9678, 6350, 223, 211, C560, , , , , C560
1660414658, , 33.5057, -117.9734, 6500, 223, 210, C560, , , , , C560
1660414658, , 33.5057, -117.9734, 6500, 223, 210, C560, , , , , C560
1660414661, , 33.5036, -117.9758, 6600, 223, 210, C560, , , , , C560
1660414664, , 33.5016, -117.978, 6675, 223, 210, C560, , , , , C560
1660414664, , 33.5016, -117.978, 6675, 223, 210, C560, , , , , C560
1660414668, , 33.4991, -117.9809, 6800, 223, 209, C560, , , , , C560
1660414668, , 33.4991, -117.9809, 6800, 223, 209, C560, , , , , C560
1660414672, , 33.4961, -117.9843, 6950, 223, 208, C560, , , , , C560
1660414672, , 33.4961, -117.9843, 6950, 223, 208, C560, , , , , C560
1660414677, , 33.4926, -117.9882, 7100, 223, 208, C560, , , , , C560
1660414681, , 33.4902, -117.9909, 7250, 223, 209, C560, , , , , C560
1660414681, , 33.4902, -117.9909, 7250, 223, 209, C560, , , , , C560
1660414684, , 33.4874, -117.9941, 7325, 223, 210, C560, , , , , C560
1660414684, , 33.4874, -117.9941, 7325, 223, 210, C560, , , , , C560
1660414690, , 33.4839, -117.9984, 7475, 226, 211, C560, , , , , C560
1660414690, , 33.4839, -117.9984, 7475, 226, 211, C560, , , , , C560
1660414693, , 33.4814, -118.0018, 7550, 229, 213, C560, , , , , C560
1660414696, , 33.4801, -118.0039, 7625, 233, 214, C560, , , , , C560
1660414696, , 33.4801, -118.0039, 7625, 233, 214, C560, , , , , C560
1660414702, , 33.4762, -118.0106, 7775, 237, 216, C560, , , , , C560
1660414702, , 33.4762, -118.0106, 7775, 237, 216, C560, , , , , C560
1660414705, , 33.475, -118.013, 7850, 239, 216, C560, , , , , C560
1660414705, , 33.475, -118.013, 7850, 239, 216, C560, , , , , C560
1660414708, , 33.4735, -118.0161, 7900, 240, 218, C560, , , , , C560
1660414714, , 33.4704, -118.0227, 8075, 240, 220, C560, , , , , C560
1660414714, , 33.4704, -118.0227, 8075, 240, 220, C560, , , , , C560
1660414717, , 33.4689, -118.0259, 8150, 240, 221, C560, , , , , C560
1660414717, , 33.4689, -118.0259, 8150, 240, 221, C560, , , , , C560
1660414720, , 33.4675, -118.0286, 8225, 239, 222, C560, , , , , C560
1660414720, , 33.4675, -118.0286, 8225, 239, 222, C560, , , , , C560
1660414723, , 33.4656, -118.0325, 8300, 239, 223, C560, , , , , C560
1660414729, , 33.4622, -118.0393, 8450, 238, 225, C560, , , , , C560
1660414729, , 33.4622, -118.0393, 8450, 238, 225, C560, , , , , C560
1660414732, , 33.4607, -118.0423, 8525, 239, 226, C560, , , , , C560
1660414732, , 33.4607, -118.0423, 8525, 239, 226, C560, , , , , C560
1660414735, , 33.459, -118.0457, 8600, 239, 226, C560, , , , , C560
1660414735, , 33.459, -118.0457, 8600, 239, 226, C560, , , , , C560
1660414741, , 33.4558, -118.0521, 8750, 239, 228, C560, , , , , C560
1660414744, , 33.4546, -118.0547, 8800, 239, 229, C560, , , , , C560
1660414744, , 33.4546, -118.0547, 8800, 239, 229, C560, , , , , C560
1660414747, , 33.4527, -118.0585, 8900, 239, 230, C560, , , , , C560
1660414747, , 33.4527, -118.0585, 8900, 239, 230, C560, , , , , C560
1660414753, , 33.4493, -118.0655, 9050, 240, 232, C560, , , , , C560
1660414753, , 33.4493, -118.0655, 9050, 240, 232, C560, , , , , C560
1660414753, , 33.4493, -118.0655, 9050, 240, 232, C560, , , , , C560
1660414753, , 33.4493, -118.0655, 9050, 240, 232, C560, , , , , C560
1660414759, , 33.4462, -118.0719, 9200, 239, 233, C560, , , , , C560
1660414765, , 33.4429, -118.0786, 9350, 239, 234, C560, , , , , C560
1660414765, , 33.4429, -118.0786, 9350, 239, 234, C560, , , , , C560
1660414768, , 33.4411, -118.0822, 9425, 239, 236, C560, , , , , C560
1660414768, , 33.4411, -118.0822, 9425, 239, 236, C560, , , , , C560
1660414771, , 33.4396, -118.0854, 9500, 239, 236, C560, , , , , C560
1660414777, , 33.4361, -118.0924, 9675, 239, 239, C560, , , , , C560
1660414777, , 33.4361, -118.0924, 9675, 239, 239, C560, , , , , C560
1660414781, , 33.4342, -118.0963, 9750, 239, 240, C560, , , , , C560
1660414781, , 33.4342, -118.0963, 9750, 239, 240, C560, , , , , C560
1660414784, , 33.4324, -118.0998, 9825, 239, 240, C560, , , , , C560
1660414784, , 33.4324, -118.0998, 9825, 239, 240, C560, , , , , C560
1660414787, , 33.4312, -118.1022, 9900, 239, 242, C560, , , , , C560
1660414794, , 33.4275, -118.1097, 10025, 239, 246, C560, , , , , C560
1660414794, , 33.4275, -118.1097, 10025, 239, 246, C560, , , , , C560
1660414797, , 33.4253, -118.1143, 10075, 239, 247, C560, , , , , C560
1660414797, , 33.4253, -118.1143, 10075, 239, 247, C560, , , , , C560
1660414799, , 33.4235, -118.118, 10125, 239, 250, C560, , , , , C560
1660414799, , 33.4235, -118.118, 10125, 239, 250, C560, , , , , C560
1660414806, , 33.4201, -118.125, 10225, 239, 253, C560, , , , , C560
1660414809, , 33.4182, -118.1287, 10275, 239, 255, C560, , , , , C560
1660414809, , 33.4182, -118.1287, 10275, 239, 255, C560, , , , , C560
1660414812, , 33.4164, -118.1326, 10325, 240, 257, C560, , , , , C560
1660414812, , 33.4164, -118.1326, 10325, 240, 257, C560, , , , , C560
1660414818, , 33.4132, -118.1403, 10425, 247, 261, C560, , , , , C560
1660414818, , 33.4132, -118.1403, 10425, 247, 261, C560, , , , , C560
1660414820, , 33.4127, -118.1416, 10450, 247, 261, C560, , , , , C560
1660414823, , 33.4113, -118.1484, 10500, 258, 263, C560, , , , , C560
1660414823, , 33.4113, -118.1484, 10500, 258, 263, C560, , , , , C560
1660414829, , 33.4111, -118.1575, 10625, 274, 265, C560, , , , , C560
1660414829, , 33.4111, -118.1575, 10625, 274, 265, C560, , , , , C560
1660414833, , 33.4117, -118.1622, 10700, 279, 266, C560, , , , , C560
1660414833, , 33.4117, -118.1622, 10700, 279, 266, C560, , , , , C560
1660414836, , 33.4124, -118.166, 10750, 283, 267, C560, , , , , C560
1660414842, , 33.4145, -118.1738, 10875, 292, 269, C560, , , , , C560
1660414842, , 33.4145, -118.1738, 10875, 292, 269, C560, , , , , C560
1660414845, , 33.4164, -118.1789, 10925, 293, 269, C560, , , , , C560
1660414848, , 33.417, -118.1802, 10975, 299, 270, C560, , , , , C560
1660414848, , 33.417, -118.1802, 10975, 299, 270, C560, , , , , C560
1660414854, , 33.4224, -118.1899, 11100, 308, 271, C560, , , , , C560
1660414854, , 33.4224, -118.1899, 11100, 308, 271, C560, , , , , C560
1660414857, , 33.425, -118.1933, 11150, 311, 271, C560, , , , , C560
1660414857, , 33.425, -118.1933, 11150, 311, 271, C560, , , , , C560
1660414860, , 33.4277, -118.1965, 11200, 311, 271, C560, , , , , C560
1660414866, , 33.4336, -118.2021, 11325, 323, 274, C560, , , , , C560
1660414866, , 33.4336, -118.2021, 11325, 323, 274, C560, , , , , C560
1660414869, , 33.4368, -118.2049, 11375, 324, 274, C560, , , , , C560
1660414869, , 33.4368, -118.2049, 11375, 324, 274, C560, , , , , C560
1660414872, , 33.4396, -118.2073, 11425, 324, 275, C560, , , , , C560
1660414872, , 33.4396, -118.2073, 11425, 324, 275, C560, , , , , C560
1660414878, , 33.446, -118.2129, 11550, 323, 277, C560, , , , , C560
1660414881, , 33.4491, -118.2156, 11625, 323, 276, C560, , , , , C560
1660414881, , 33.4491, -118.2156, 11625, 323, 276, C560, , , , , C560
1660414884, , 33.4522, -118.2183, 11700, 323, 277, C560, , , , , C560
1660414884, , 33.4522, -118.2183, 11700, 323, 277, C560, , , , , C560
1660414887, , 33.4553, -118.2211, 11775, 323, 277, C560, , , , , C560
1660414892, , 33.4604, -118.2254, 11900, 324, 277, C560, , , , , C560
1660414892, , 33.4604, -118.2254, 11900, 324, 277, C560, , , , , C560
1660414898, , 33.4668, -118.231, 12050, 324, 277, C560, , , , , C560
1660414898, , 33.4668, -118.231, 12050, 324, 277, C560, , , , , C560
1660414900, , 33.4698, -118.2334, 12125, 324, 276, C560, , , , , C560
1660414900, , 33.4698, -118.2334, 12125, 324, 276, C560, , , , , C560
1660414904, , 33.4712, -118.2346, 12225, 324, 276, C560, , , , , C560
1660414910, , 33.4793, -118.2415, 12450, 324, 272, C560, , , , , C560
1660414910, , 33.4793, -118.2415, 12450, 324, 272, C560, , , , , C560
1660414913, , 33.4813, -118.2432, 12575, 324, 271, C560, , , , , C560
1660414913, , 33.4813, -118.2432, 12575, 324, 271, C560, , , , , C560
1660414916, , 33.4844, -118.2457, 12700, 324, 269, C560, , , , , C560
1660414916, , 33.4844, -118.2457, 12700, 324, 269, C560, , , , , C560
1660414920, , 33.4895, -118.2501, 12925, 324, 267, C560, , , , , C560
1660414926, , 33.4958, -118.2554, 13225, 324, 266, C560, , , , , C560
1660414926, , 33.4958, -118.2554, 13225, 324, 266, C560, , , , , C560
1660414929, , 33.4992, -118.2583, 13375, 324, 265, C560, , , , , C560
1660414929, , 33.4992, -118.2583, 13375, 324, 265, C560, , , , , C560
1660414932, , 33.502, -118.2607, 13500, 324, 264, C560, , , , , C560
1660414938, , 33.508, -118.2658, 13800, 324, 262, C560, , , , , C560
1660414938, , 33.508, -118.2658, 13800, 324, 262, C560, , , , , C560
1660414941, , 33.511, -118.2684, 13950, 324, 262, C560, , , , , C560
1660414941, , 33.511, -118.2684, 13950, 324, 262, C560, , , , , C560
1660414944, , 33.5134, -118.2705, 14100, 324, 260, C560, , , , , C560
1660414944, , 33.5134, -118.2705, 14100, 324, 260, C560, , , , , C560
1660414950, , 33.5188, -118.2751, 14400, 324, 259, C560, , , , , C560
1660414953, , 33.5224, -118.2782, 14550, 324, 258, C560, , , , , C560
1660414953, , 33.5224, -118.2782, 14550, 324, 258, C560, , , , , C560
1660414956, , 33.5249, -118.2803, 14700, 324, 256, C560, , , , , C560
1660414956, , 33.5249, -118.2803, 14700, 324, 256, C560, , , , , C560
1660414962, , 33.5314, -118.2858, 14975, 324, 255, C560, , , , , C560
1660414962, , 33.5314, -118.2858, 14975, 324, 255, C560, , , , , C560
1660414965, , 33.5343, -118.2884, 15125, 324, 253, C560, , , , , C560
1660414968, , 33.537, -118.2907, 15275, 324, 253, C560, , , , , C560
1660414968, , 33.537, -118.2907, 15275, 324, 253, C560, , , , , C560
1660414974, , 33.5428, -118.2956, 15575, 324, 250, C560, , , , , C560
1660414974, , 33.5428, -118.2956, 15575, 324, 250, C560, , , , , C560
1660414977, , 33.5455, -118.298, 15725, 323, 249, C560, , , , , C560
1660414980, , 33.5478, -118.3, 15850, 324, 248, C560, , , , , C560
1660414980, , 33.5478, -118.3, 15850, 324, 248, C560, , , , , C560
1660414986, , 33.5539, -118.3053, 16150, 323, 246, C560, , , , , C560
1660414986, , 33.5539, -118.3053, 16150, 323, 246, C560, , , , , C560
1660414989, , 33.5567, -118.3076, 16275, 324, 245, C560, , , , , C560
1660414989, , 33.5567, -118.3076, 16275, 324, 245, C560, , , , , C560
1660414992, , 33.5594, -118.3101, 16425, 323, 244, C560, , , , , C560
1660414998, , 33.564, -118.314, 16725, 324, 242, C560, , , , , C560
1660414998, , 33.564, -118.314, 16725, 324, 242, C560, , , , , C560
1660415001, , 33.5676, -118.3171, 16875, 324, 241, C560, , , , , C560
1660415001, , 33.5676, -118.3171, 16875, 324, 241, C560, , , , , C560
1660415005, , 33.5698, -118.319, 17025, 324, 241, C560, , , , , C560
1660415005, , 33.5698, -118.319, 17025, 324, 241, C560, , , , , C560
1660415008, , 33.5738, -118.3225, 17150, 324, 242, C560, , , , , C560
1660415012, , 33.5772, -118.3254, 17275, 324, 244, C560, , , , , C560
1660415012, , 33.5772, -118.3254, 17275, 324, 244, C560, , , , , C560
1660415018, , 33.5832, -118.3306, 17475, 324, 245, C560, , , , , C560
1660415018, , 33.5832, -118.3306, 17475, 324, 245, C560, , , , , C560
1660415022, , 33.5858, -118.3328, 17575, 324, 247, C560, , , , , C560
1660415022, , 33.5858, -118.3328, 17575, 324, 247, C560, , , , , C560
1660415024, , 33.5888, -118.3354, 17675, 324, 248, C560, , , , , C560
1660415030, , 33.5939, -118.3399, 17875, 323, 249, C560, , , , , C560
1660415030, , 33.5939, -118.3399, 17875, 323, 249, C560, , , , , C560
1660415033, , 33.5967, -118.3423, 17975, 323, 249, C560, , , , , C560
1660415033, , 33.5967, -118.3423, 17975, 323, 249, C560, , , , , C560
1660415036, , 33.5998, -118.345, 18075, 324, 250, C560, , , , , C560
1660415042, , 33.6043, -118.3489, 18275, 324, 252, C560, , , , , C560
1660415042, , 33.6043, -118.3489, 18275, 324, 252, C560, , , , , C560
1660415044, , 33.6076, -118.3517, 18325, 324, 252, C560, , , , , C560
1660415044, , 33.6076, -118.3517, 18325, 324, 252, C560, , , , , C560
1660415048, , 33.6109, -118.3546, 18475, 324, 254, C560, , , , , C560
1660415048, , 33.6109, -118.3546, 18475, 324, 254, C560, , , , , C560
1660415052, , 33.6129, -118.3563, 18575, 324, 255, C560, , , , , C560
1660415057, , 33.6194, -118.362, 18750, 324, 256, C560, , , , , C560
1660415057, , 33.6194, -118.362, 18750, 324, 256, C560, , , , , C560
1660415061, , 33.6242, -118.3661, 18900, 324, 257, C560, , , , , C560
1660415061, , 33.6242, -118.3661, 18900, 324, 257, C560, , , , , C560
1660415064, , 33.6266, -118.3682, 19000, 324, 258, C560, , , , , C560
1660415064, , 33.6266, -118.3682, 19000, 324, 258, C560, , , , , C560
1660415070, , 33.6328, -118.3735, 19200, 324, 260, C560, , , , , C560
1660415073, , 33.6356, -118.3759, 19300, 324, 261, C560, , , , , C560
1660415073, , 33.6356, -118.3759, 19300, 324, 261, C560, , , , , C560
1660415076, , 33.6361, -118.3764, 19400, 324, 262, C560, , , , , C560
1660415076, , 33.6361, -118.3764, 19400, 324, 262, C560, , , , , C560
1660415082, , 33.6444, -118.3836, 19575, 324, 264, C560, , , , , C560
1660415082, , 33.6444, -118.3836, 19575, 324, 264, C560, , , , , C560
1660415085, , 33.646, -118.385, 19700, 323, 264, C560, , , , , C560
1660415085, , 33.646, -118.385, 19700, 323, 264, C560, , , , , C560
1660415085, , 33.646, -118.385, 19700, 323, 264, C560, , , , , C560
1660415085, , 33.646, -118.385, 19700, 323, 264, C560, , , , , C560
1660415091, , 33.6534, -118.3914, 19875, 323, 266, C560, , , , , C560
1660415097, , 33.6598, -118.397, 20075, 323, 268, C560, , , , , C560
1660415097, , 33.6598, -118.397, 20075, 323, 268, C560, , , , , C560
1660415100, , 33.6624, -118.3993, 20150, 323, 269, C560, , , , , C560
1660415103, , 33.6651, -118.4016, 20200, 324, 272, C560, , , , , C560
1660415103, , 33.6651, -118.4016, 20200, 324, 272, C560, , , , , C560
1660415109, , 33.6719, -118.4074, 20300, 324, 278, C560, , , , , C560
1660415109, , 33.6719, -118.4074, 20300, 324, 278, C560, , , , , C560
1660415112, , 33.6738, -118.4091, 20375, 324, 281, C560, , , , , C560
1660415112, , 33.6738, -118.4091, 20375, 324, 281, C560, , , , , C560
1660415115, , 33.6765, -118.4114, 20425, 324, 284, C560, , , , , C560
1660415121, , 33.6846, -118.4185, 20525, 324, 288, C560, , , , , C560
1660415121, , 33.6846, -118.4185, 20525, 324, 288, C560, , , , , C560
1660415125, , 33.6884, -118.4217, 20600, 324, 291, C560, , , , , C560
1660415125, , 33.6884, -118.4217, 20600, 324, 291, C560, , , , , C560
1660415129, , 33.6927, -118.4255, 20650, 324, 294, C560, , , , , C560
1660415132, , 33.6954, -118.4279, 20700, 324, 294, C560, , , , , C560
1660415132, , 33.6954, -118.4279, 20700, 324, 294, C560, , , , , C560
1660415137, , 33.7026, -118.4341, 20800, 324, 299, C560, , , , , C560
1660415137, , 33.7026, -118.4341, 20800, 324, 299, C560, , , , , C560
1660415140, , 33.7057, -118.4368, 20850, 324, 301, C560, , , , , C560
1660415144, , 33.7089, -118.4396, 20900, 324, 305, C560, , , , , C560
1660415144, , 33.7089, -118.4396, 20900, 324, 305, C560, , , , , C560
1660415149, , 33.7165, -118.4461, 21000, 325, 308, C560, , , , , C560
1660415149, , 33.7165, -118.4461, 21000, 325, 308, C560, , , , , C560
1660415153, , 33.7194, -118.4484, 21050, 328, 310, C560, , , , , C560
1660415153, , 33.7194, -118.4484, 21050, 328, 310, C560, , , , , C560
1660415156, , 33.7242, -118.4516, 21100, 330, 312, C560, , , , , C560
1660415162, , 33.732, -118.4555, 21200, 340, 316, C560, , , , , C560
1660415162, , 33.732, -118.4555, 21200, 340, 316, C560, , , , , C560
1660415165, , 33.7362, -118.457, 21250, 344, 317, C560, , , , , C560
1660415165, , 33.7362, -118.457, 21250, 344, 317, C560, , , , , C560
1660415167, , 33.7388, -118.4577, 21325, 346, 318, C560, , , , , C560
1660415173, , 33.7488, -118.4594, 21425, 355, 321, C560, , , , , C560
1660415173, , 33.7488, -118.4594, 21425, 355, 321, C560, , , , , C560
1660415176, , 33.7527, -118.4596, 21475, 357, 322, C560, , , , , C560
1660415176, , 33.7527, -118.4596, 21475, 357, 322, C560, , , , , C560
