//Timestamp, ICAO, Latitude_deg, Longitude_deg, Altitude_ft, Heading_deg, GroundSpeed_kts, AircraftType, RegistrationNum, Departure, Arrival, FlightNumber1, FlightNumber2
1660403241, , 33.6721, -117.8668, 0, 247, 0, C680, , , , , C680
1660403241, , 33.6721, -117.8668, 0, 247, 0, C680, , , , , C680
1660403241, , 33.6721, -117.8668, 0, 247, 0, C680, , , , , C680
1660403241, , 33.6721, -117.8668, 0, 247, 0, C680, , , , , C680
1660403261, , 33.6721, -117.8668, 0, 250, 0, C680, , , , , C680
1660403261, , 33.6721, -117.8668, 0, 250, 0, C680, , , , , C680
1660403261, , 33.6721, -117.8668, 0, 250, 0, C680, , , , , C680
1660403261, , 33.6721, -117.8668, 0, 250, 0, C680, , , , , C680
1660403261, , 33.6721, -117.8668, 0, 250, 0, C680, , , , , C680
1660403271, , 33.6721, -117.8668, 0, 247, 0, C680, , , , , C680
1660403271, , 33.6721, -117.8668, 0, 247, 0, C680, , , , , C680
1660403271, , 33.6721, -117.8668, 0, 247, 0, C680, , , , , C680
1660403271, , 33.6721, -117.8668, 0, 247, 0, C680, , , , , C680
1660403271, , 33.6721, -117.8668, 0, 247, 0, C680, , , , , C680
1660403271, , 33.6721, -117.8668, 0, 247, 0, C680, , , , , C680
1660403271, , 33.6721, -117.8668, 0, 247, 0, C680, , , , , C680
1660403271, , 33.6721, -117.8668, 0, 247, 0, C680, , , , , C680
1660403271, , 33.6721, -117.8668, 0, 247, 0, C680, , , , , C680
1660403271, , 33.6721, -117.8668, 0, 247, 0, C680, , , , , C680
1660403271, , 33.6721, -117.8668, 0, 247, 0, C680, , , , , C680
1660403271, , 33.6721, -117.8668, 0, 247, 0, C680, , , , , C680
1660403271, , 33.6721, -117.8668, 0, 247, 0, C680, , , , , C680
1660403271, , 33.6721, -117.8668, 0, 247, 0, C680, , , , , C680
1660403271, , 33.6721, -117.8668, 0, 247, 0, C680, , , , , C680
1660403271, , 33.6721, -117.8668, 0, 247, 0, C680, , , , , C680
1660403271, , 33.6721, -117.8668, 0, 247, 0, C680, , , , , C680
1660403271, , 33.6721, -117.8668, 0, 247, 0, C680, , , , , C680
1660403271, , 33.6721, -117.8668, 0, 247, 0, C680, , , , , C680
1660403271, , 33.6721, -117.8668, 0, 247, 0, C680, , , , , C680
1660403271, , 33.6721, -117.8668, 0, 247, 0, C680, , , , , C680
1660403271, , 33.6721, -117.8668, 0, 247, 0, C680, , , , , C680
1660403271, , 33.6721, -117.8668, 0, 247, 0, C680, , , , , C680
1660403271, , 33.6721, -117.8668, 0, 247, 0, C680, , , , , C680
1660403271, , 33.6721, -117.8668, 0, 247, 0, C680, , , , , C680
1660403271, , 33.6721, -117.8668, 0, 247, 0, C680, , , , , C680
1660403271, , 33.6721, -117.8668, 0, 247, 0, C680, , , , , C680
1660403271, , 33.6721, -117.8668, 0, 247, 0, C680, , , , , C680
1660403271, , 33.6721, -117.8668, 0, 247, 0, C680, , , , , C680
1660403271, , 33.6721, -117.8668, 0, 247, 0, C680, , , , , C680
1660403271, , 33.6721, -117.8668, 0, 247, 0, C680, , , , , C680
1660403271, , 33.6721, -117.8668, 0, 247, 0, C680, , , , , C680
1660403271, , 33.6721, -117.8668, 0, 247, 0, C680, , , , , C680
1660403271, , 33.6721, -117.8668, 0, 247, 0, C680, , , , , C680
1660403271, , 33.6721, -117.8668, 0, 247, 0, C680, , , , , C680
1660403271, , 33.6721, -117.8668, 0, 247, 0, C680, , , , , C680
1660403271, , 33.6721, -117.8668, 0, 247, 0, C680, , , , , C680
1660403355, , 33.6721, -117.8669, 0, 253, 0, C680, , , , , C680
1660403355, , 33.6721, -117.8669, 0, 253, 0, C680, , , , , C680
1660403361, , 33.6722, -117.8671, 0, 281, 6, C680, , , , , C680
1660403361, , 33.6722, -117.8671, 0, 281, 6, C680, , , , , C680
1660403365, , 33.6722, -117.8672, 0, 284, 8, C680, , , , , C680
1660403365, , 33.6722, -117.8672, 0, 284, 8, C680, , , , , C680
1660403369, , 33.6723, -117.8674, 0, 284, 9, C680, , , , , C680
1660403374, , 33.6724, -117.8676, 0, 289, 8, C680, , , , , C680
1660403374, , 33.6724, -117.8676, 0, 289, 8, C680, , , , , C680
1660403376, , 33.6724, -117.8677, 0, 292, 7, C680, , , , , C680
1660403376, , 33.6724, -117.8677, 0, 292, 7, C680, , , , , C680
1660403380, , 33.6725, -117.8678, 0, 298, 5, C680, , , , , C680
1660403380, , 33.6725, -117.8678, 0, 298, 5, C680, , , , , C680
1660403385, , 33.6726, -117.8678, 0, 334, 6, C680, , , , , C680
1660403388, , 33.6727, -117.8678, 0, 18, 8, C680, , , , , C680
1660403388, , 33.6727, -117.8678, 0, 18, 8, C680, , , , , C680
1660403394, , 33.6729, -117.8676, 0, 33, 11, C680, , , , , C680
1660403394, , 33.6729, -117.8676, 0, 33, 11, C680, , , , , C680
1660403397, , 33.673, -117.8674, 0, 39, 11, C680, , , , , C680
1660403397, , 33.673, -117.8674, 0, 39, 11, C680, , , , , C680
1660403402, , 33.6732, -117.8671, 0, 33, 13, C680, , , , , C680
1660403402, , 33.6732, -117.8671, 0, 33, 13, C680, , , , , C680
1660403405, , 33.6733, -117.867, 0, 28, 12, C680, , , , , C680
1660403409, , 33.6735, -117.867, 0, 345, 10, C680, , , , , C680
1660403409, , 33.6735, -117.867, 0, 345, 10, C680, , , , , C680
1660403414, , 33.6737, -117.8671, 0, 303, 9, C680, , , , , C680
1660403417, , 33.6738, -117.8672, 0, 320, 10, C680, , , , , C680
1660403417, , 33.6738, -117.8672, 0, 320, 10, C680, , , , , C680
1660403422, , 33.6741, -117.8671, 0, 11, 11, C680, , , , , C680
1660403422, , 33.6741, -117.8671, 0, 11, 11, C680, , , , , C680
1660403426, , 33.6742, -117.867, 0, 16, 12, C680, , , , , C680
1660403426, , 33.6742, -117.867, 0, 16, 12, C680, , , , , C680
1660403430, , 33.6744, -117.8669, 0, 16, 13, C680, , , , , C680
1660403433, , 33.6746, -117.8668, 0, 16, 14, C680, , , , , C680
1660403433, , 33.6746, -117.8668, 0, 16, 14, C680, , , , , C680
1660403437, , 33.6748, -117.8667, 0, 14, 15, C680, , , , , C680
1660403437, , 33.6748, -117.8667, 0, 14, 15, C680, , , , , C680
1660403442, , 33.6751, -117.8665, 0, 16, 15, C680, , , , , C680
1660403442, , 33.6751, -117.8665, 0, 16, 15, C680, , , , , C680
1660403445, , 33.6754, -117.8663, 0, 14, 16, C680, , , , , C680
1660403448, , 33.6756, -117.8662, 0, 14, 16, C680, , , , , C680
1660403448, , 33.6756, -117.8662, 0, 14, 16, C680, , , , , C680
1660403453, , 33.676, -117.8659, 0, 16, 17, C680, , , , , C680
1660403453, , 33.676, -117.8659, 0, 16, 17, C680, , , , , C680
1660403456, , 33.6762, -117.8658, 0, 14, 18, C680, , , , , C680
1660403456, , 33.6762, -117.8658, 0, 14, 18, C680, , , , , C680
1660403460, , 33.6765, -117.8656, 0, 16, 19, C680, , , , , C680
1660403463, , 33.6767, -117.8655, 0, 16, 19, C680, , , , , C680
1660403463, , 33.6767, -117.8655, 0, 16, 19, C680, , , , , C680
1660403468, , 33.6772, -117.8652, 0, 16, 20, C680, , , , , C680
1660403468, , 33.6772, -117.8652, 0, 16, 20, C680, , , , , C680
1660403473, , 33.6776, -117.8649, 0, 16, 21, C680, , , , , C680
1660403473, , 33.6776, -117.8649, 0, 16, 21, C680, , , , , C680
1660403476, , 33.6778, -117.8647, 0, 14, 21, C680, , , , , C680
1660403476, , 33.6778, -117.8647, 0, 14, 21, C680, , , , , C680
1660403481, , 33.6783, -117.8645, 0, 16, 21, C680, , , , , C680
1660403485, , 33.6786, -117.8642, 0, 14, 21, C680, , , , , C680
1660403485, , 33.6786, -117.8642, 0, 14, 21, C680, , , , , C680
1660403489, , 33.679, -117.864, 0, 14, 19, C680, , , , , C680
1660403489, , 33.679, -117.864, 0, 14, 19, C680, , , , , C680
1660403492, , 33.6792, -117.8639, 0, 14, 19, C680, , , , , C680
1660403496, , 33.6796, -117.8637, 0, 14, 17, C680, , , , , C680
1660403496, , 33.6796, -117.8637, 0, 14, 17, C680, , , , , C680
1660403501, , 33.6798, -117.8635, 0, 14, 15, C680, , , , , C680
1660403501, , 33.6798, -117.8635, 0, 14, 15, C680, , , , , C680
1660403505, , 33.6801, -117.8633, 0, 16, 11, C680, , , , , C680
1660403505, , 33.6801, -117.8633, 0, 16, 11, C680, , , , , C680
1660403508, , 33.6802, -117.8633, 0, 16, 8, C680, , , , , C680
1660403512, , 33.6803, -117.8632, 0, 16, 3, C680, , , , , C680
1660403512, , 33.6803, -117.8632, 0, 16, 3, C680, , , , , C680
1660403518, , 33.6803, -117.8632, 0, 14, 0, C680, , , , , C680
1660403518, , 33.6803, -117.8632, 0, 14, 0, C680, , , , , C680
1660403521, , 33.6803, -117.8632, 0, 14, 0, C680, , , , , C680
1660403521, , 33.6803, -117.8632, 0, 14, 0, C680, , , , , C680
1660403525, , 33.6803, -117.8632, 0, 14, 0, C680, , , , , C680
1660403529, , 33.6803, -117.8632, 0, 14, 0, C680, , , , , C680
1660403529, , 33.6803, -117.8632, 0, 14, 0, C680, , , , , C680
1660403532, , 33.6803, -117.8632, 0, 14, 1, C680, , , , , C680
1660403532, , 33.6803, -117.8632, 0, 14, 1, C680, , , , , C680
1660403537, , 33.6803, -117.8632, 0, 14, 2, C680, , , , , C680
1660403537, , 33.6803, -117.8632, 0, 14, 2, C680, , , , , C680
1660403540, , 33.6804, -117.8631, 0, 14, 6, C680, , , , , C680
1660403545, , 33.6805, -117.8631, 0, 8, 9, C680, , , , , C680
1660403545, , 33.6805, -117.8631, 0, 8, 9, C680, , , , , C680
1660403549, , 33.6807, -117.8632, 0, 306, 11, C680, , , , , C680
1660403549, , 33.6807, -117.8632, 0, 306, 11, C680, , , , , C680
1660403553, , 33.6808, -117.8634, 0, 284, 13, C680, , , , , C680
1660403553, , 33.6808, -117.8634, 0, 284, 13, C680, , , , , C680
1660403554, , 33.6808, -117.8635, 0, 284, 14, C680, , , , , C680
1660403561, , 33.681, -117.864, 0, 284, 13, C680, , , , , C680
1660403561, , 33.681, -117.864, 0, 284, 13, C680, , , , , C680
1660403565, , 33.6811, -117.8642, 0, 284, 8, C680, , , , , C680
1660403565, , 33.6811, -117.8642, 0, 284, 8, C680, , , , , C680
1660403568, , 33.6812, -117.8643, 0, 284, 6, C680, , , , , C680
1660403568, , 33.6812, -117.8643, 0, 284, 6, C680, , , , , C680
1660403568, , 33.6812, -117.8643, 0, 284, 6, C680, , , , , C680
1660403568, , 33.6812, -117.8643, 0, 284, 6, C680, , , , , C680
1660403576, , 33.6812, -117.8643, 0, 284, 0, C680, , , , , C680
1660403579, , 33.6812, -117.8643, 0, 284, 0, C680, , , , , C680
1660403579, , 33.6812, -117.8643, 0, 284, 0, C680, , , , , C680
1660403579, , 33.6812, -117.8643, 0, 284, 0, C680, , , , , C680
1660403579, , 33.6812, -117.8643, 0, 284, 0, C680, , , , , C680
1660403588, , 33.6812, -117.8643, 0, 284, 0, C680, , , , , C680
1660403588, , 33.6812, -117.8643, 0, 284, 0, C680, , , , , C680
1660403593, , 33.6812, -117.8643, 0, 284, 0, C680, , , , , C680
1660403593, , 33.6812, -117.8643, 0, 284, 0, C680, , , , , C680
1660403593, , 33.6812, -117.8643, 0, 284, 0, C680, , , , , C680
1660403593, , 33.6812, -117.8643, 0, 284, 0, C680, , , , , C680
1660403593, , 33.6812, -117.8643, 0, 284, 0, C680, , , , , C680
1660403593, , 33.6812, -117.8643, 0, 284, 0, C680, , , , , C680
1660403593, , 33.6812, -117.8643, 0, 284, 0, C680, , , , , C680
1660403593, , 33.6812, -117.8643, 0, 284, 0, C680, , , , , C680
1660403593, , 33.6812, -117.8643, 0, 284, 0, C680, , , , , C680
1660403593, , 33.6812, -117.8643, 0, 284, 0, C680, , , , , C680
1660403593, , 33.6812, -117.8643, 0, 284, 0, C680, , , , , C680
1660403593, , 33.6812, -117.8643, 0, 284, 0, C680, , , , , C680
1660403593, , 33.6812, -117.8643, 0, 284, 0, C680, , , , , C680
1660403593, , 33.6812, -117.8643, 0, 284, 0, C680, , , , , C680
1660403593, , 33.6812, -117.8643, 0, 284, 0, C680, , , , , C680
1660403593, , 33.6812, -117.8643, 0, 284, 0, C680, , , , , C680
1660403593, , 33.6812, -117.8643, 0, 284, 0, C680, , , , , C680
1660403593, , 33.6812, -117.8643, 0, 284, 0, C680, , , , , C680
1660403593, , 33.6812, -117.8643, 0, 284, 0, C680, , , , , C680
1660403593, , 33.6812, -117.8643, 0, 284, 0, C680, , , , , C680
1660403593, , 33.6812, -117.8643, 0, 284, 0, C680, , , , , C680
1660403593, , 33.6812, -117.8643, 0, 284, 0, C680, , , , , C680
1660403593, , 33.6812, -117.8643, 0, 284, 0, C680, , , , , C680
1660403593, , 33.6812, -117.8643, 0, 284, 0, C680, , , , , C680
1660403593, , 33.6812, -117.8643, 0, 284, 0, C680, , , , , C680
1660403593, , 33.6812, -117.8643, 0, 284, 0, C680, , , , , C680
1660403593, , 33.6812, -117.8643, 0, 284, 0, C680, , , , , C680
1660403593, , 33.6812, -117.8643, 0, 284, 0, C680, , , , , C680
1660403593, , 33.6812, -117.8643, 0, 284, 0, C680, , , , , C680
1660403593, , 33.6812, -117.8643, 0, 284, 0, C680, , , , , C680
1660403593, , 33.6812, -117.8643, 0, 284, 0, C680, , , , , C680
1660403593, , 33.6812, -117.8643, 0, 284, 0, C680, , , , , C680
1660403593, , 33.6812, -117.8643, 0, 284, 0, C680, , , , , C680
1660403593, , 33.6812, -117.8643, 0, 284, 0, C680, , , , , C680
1660403593, , 33.6812, -117.8643, 0, 284, 0, C680, , , , , C680
1660403593, , 33.6812, -117.8643, 0, 284, 0, C680, , , , , C680
1660403593, , 33.6812, -117.8643, 0, 284, 0, C680, , , , , C680
1660403593, , 33.6812, -117.8643, 0, 284, 0, C680, , , , , C680
1660403593, , 33.6812, -117.8643, 0, 284, 0, C680, , , , , C680
1660403705, , 33.6813, -117.8645, 0, 284, 7, C680, , , , , C680
1660403705, , 33.6813, -117.8645, 0, 284, 7, C680, , , , , C680
1660403709, , 33.6813, -117.8646, 0, 284, 8, C680, , , , , C680
1660403709, , 33.6813, -117.8646, 0, 284, 8, C680, , , , , C680
1660403713, , 33.6814, -117.8648, 0, 284, 9, C680, , , , , C680
1660403714, , 33.6814, -117.8649, 0, 284, 9, C680, , , , , C680
1660403714, , 33.6814, -117.8649, 0, 284, 9, C680, , , , , C680
1660403721, , 33.6815, -117.8652, 0, 255, 8, C680, , , , , C680
1660403721, , 33.6815, -117.8652, 0, 255, 8, C680, , , , , C680
1660403725, , 33.6814, -117.8653, 0, 199, 6, C680, , , , , C680
1660403725, , 33.6814, -117.8653, 0, 199, 6, C680, , , , , C680
1660403730, , 33.6813, -117.8653, 0, 194, 0, C680, , , , , C680
1660403730, , 33.6813, -117.8653, 0, 194, 0, C680, , , , , C680
1660403733, , 33.6813, -117.8653, 0, 194, 0, C680, , , , , C680
1660403738, , 33.6813, -117.8653, 0, 194, 0, C680, , , , , C680
1660403738, , 33.6813, -117.8653, 0, 194, 0, C680, , , , , C680
1660403741, , 33.6813, -117.8653, 0, 194, 0, C680, , , , , C680
1660403741, , 33.6813, -117.8653, 0, 194, 0, C680, , , , , C680
1660403746, , 33.6813, -117.8653, 0, 196, 12, C680, , , , , C680
1660403746, , 33.6813, -117.8653, 0, 196, 12, C680, , , , , C680
1660403749, , 33.6809, -117.8656, 0, 194, 39, C680, , , , , C680
1660403753, , 33.68, -117.8661, 0, 196, 69, C680, , , , , C680
1660403753, , 33.68, -117.8661, 0, 196, 69, C680, , , , , C680
1660403757, , 33.6786, -117.867, 0, 196, 96, C680, , , , , C680
1660403757, , 33.6786, -117.867, 0, 196, 96, C680, , , , , C680
1660403761, , 33.677, -117.868, 0, 194, 115, C680, , , , , C680
1660403761, , 33.677, -117.868, 0, 194, 115, C680, , , , , C680
1660403761, , 33.677, -117.868, 0, 194, 115, C680, , , , , C680
1660403769, , 33.672, -117.8712, 200, 208, 149, C680, , , , , C680
1660403769, , 33.672, -117.8712, 200, 208, 149, C680, , , , , C680
1660403769, , 33.672, -117.8712, 200, 208, 149, C680, , , , , C680
1660403769, , 33.672, -117.8712, 200, 208, 149, C680, , , , , C680
1660403775, , 33.6694, -117.8729, 450, 209, 157, C680, , , , , C680
1660403775, , 33.6694, -117.8729, 450, 209, 157, C680, , , , , C680
1660403781, , 33.6643, -117.8765, 775, 210, 173, C680, , , , , C680
1660403785, , 33.6618, -117.8783, 975, 210, 177, C680, , , , , C680
1660403785, , 33.6618, -117.8783, 975, 210, 177, C680, , , , , C680
1660403789, , 33.6589, -117.8803, 1150, 210, 183, C680, , , , , C680
1660403789, , 33.6589, -117.8803, 1150, 210, 183, C680, , , , , C680
1660403791, , 33.6573, -117.8813, 1250, 208, 194, C680, , , , , C680
1660403791, , 33.6573, -117.8813, 1250, 208, 194, C680, , , , , C680
1660403798, , 33.6516, -117.8848, 1600, 205, 208, C680, , , , , C680
1660403801, , 33.6489, -117.8863, 1775, 203, 216, C680, , , , , C680
1660403801, , 33.6489, -117.8863, 1775, 203, 216, C680, , , , , C680
1660403804, , 33.6465, -117.8875, 1950, 201, 218, C680, , , , , C680
1660403804, , 33.6465, -117.8875, 1950, 201, 218, C680, , , , , C680
1660403809, , 33.6409, -117.8892, 2300, 191, 228, C680, , , , , C680
1660403809, , 33.6409, -117.8892, 2300, 191, 228, C680, , , , , C680
1660403813, , 33.6367, -117.8901, 2525, 187, 232, C680, , , , , C680
1660403813, , 33.6367, -117.8901, 2525, 187, 232, C680, , , , , C680
1660403817, , 33.6317, -117.8907, 2850, 186, 236, C680, , , , , C680
1660403822, , 33.6269, -117.8914, 3175, 186, 238, C680, , , , , C680
1660403822, , 33.6269, -117.8914, 3175, 186, 238, C680, , , , , C680
1660403825, , 33.6232, -117.8919, 3400, 186, 239, C680, , , , , C680
1660403825, , 33.6232, -117.8919, 3400, 186, 239, C680, , , , , C680
1660403828, , 33.6204, -117.8923, 3650, 186, 240, C680, , , , , C680
1660403828, , 33.6204, -117.8923, 3650, 186, 240, C680, , , , , C680
1660403834, , 33.6136, -117.8933, 4125, 187, 242, C680, , , , , C680
1660403836, , 33.6113, -117.8936, 4275, 187, 244, C680, , , , , C680
1660403836, , 33.6113, -117.8936, 4275, 187, 244, C680, , , , , C680
1660403840, , 33.6066, -117.8943, 4525, 187, 246, C680, , , , , C680
1660403840, , 33.6066, -117.8943, 4525, 187, 246, C680, , , , , C680
1660403846, , 33.6, -117.8954, 4875, 187, 258, C680, , , , , C680
1660403846, , 33.6, -117.8954, 4875, 187, 258, C680, , , , , C680
1660403848, , 33.5969, -117.8959, 4950, 187, 263, C680, , , , , C680
1660403852, , 33.5921, -117.8967, 5025, 188, 274, C680, , , , , C680
1660403852, , 33.5921, -117.8967, 5025, 188, 274, C680, , , , , C680
1660403858, , 33.5848, -117.8979, 5075, 187, 288, C680, , , , , C680
1660403858, , 33.5848, -117.8979, 5075, 187, 288, C680, , , , , C680
1660403861, , 33.5806, -117.8985, 5100, 186, 289, C680, , , , , C680
1660403861, , 33.5806, -117.8985, 5100, 186, 289, C680, , , , , C680
1660403864, , 33.5766, -117.899, 5100, 183, 289, C680, , , , , C680
1660403870, , 33.568, -117.8988, 5100, 175, 291, C680, , , , , C680
1660403870, , 33.568, -117.8988, 5100, 175, 291, C680, , , , , C680
1660403873, , 33.564, -117.898, 5125, 170, 291, C680, , , , , C680
1660403873, , 33.564, -117.898, 5125, 170, 291, C680, , , , , C680
1660403876, , 33.5603, -117.8969, 5175, 164, 290, C680, , , , , C680
1660403876, , 33.5603, -117.8969, 5175, 164, 290, C680, , , , , C680
1660403882, , 33.5532, -117.8934, 5350, 155, 286, C680, , , , , C680
1660403882, , 33.5532, -117.8934, 5350, 155, 286, C680, , , , , C680
1660403882, , 33.5532, -117.8934, 5350, 155, 286, C680, , , , , C680
1660403890, , 33.5443, -117.8866, 5625, 142, 276, C680, , , , , C680
1660403890, , 33.5443, -117.8866, 5625, 142, 276, C680, , , , , C680
1660403893, , 33.5413, -117.8838, 5725, 141, 274, C680, , , , , C680
1660403893, , 33.5413, -117.8838, 5725, 141, 274, C680, , , , , C680
1660403896, , 33.5384, -117.881, 5825, 141, 271, C680, , , , , C680
1660403900, , 33.5344, -117.8774, 5975, 144, 268, C680, , , , , C680
1660403900, , 33.5344, -117.8774, 5975, 144, 268, C680, , , , , C680
1660403905, , 33.5291, -117.8732, 6100, 148, 264, C680, , , , , C680
1660403905, , 33.5291, -117.8732, 6100, 148, 264, C680, , , , , C680
1660403909, , 33.5242, -117.8699, 6275, 150, 261, C680, , , , , C680
1660403909, , 33.5242, -117.8699, 6275, 150, 261, C680, , , , , C680
1660403912, , 33.5218, -117.8681, 6400, 147, 258, C680, , , , , C680
1660403912, , 33.5218, -117.8681, 6400, 147, 258, C680, , , , , C680
1660403915, , 33.5185, -117.8653, 6525, 142, 253, C680, , , , , C680
1660403922, , 33.514, -117.8609, 6800, 138, 248, C680, , , , , C680
1660403922, , 33.514, -117.8609, 6800, 138, 248, C680, , , , , C680
1660403925, , 33.51, -117.8564, 6925, 138, 248, C680, , , , , C680
1660403925, , 33.51, -117.8564, 6925, 138, 248, C680, , , , , C680
1660403928, , 33.5081, -117.854, 7050, 131, 243, C680, , , , , C680
1660403928, , 33.5081, -117.854, 7050, 131, 243, C680, , , , , C680
1660403932, , 33.5053, -117.8498, 7175, 127, 241, C680, , , , , C680
1660403938, , 33.5023, -117.8445, 7350, 120, 241, C680, , , , , C680
1660403938, , 33.5023, -117.8445, 7350, 120, 241, C680, , , , , C680
1660403940, , 33.5008, -117.8415, 7375, 118, 242, C680, , , , , C680
1660403940, , 33.5008, -117.8415, 7375, 118, 242, C680, , , , , C680
1660403945, , 33.4977, -117.8341, 7450, 115, 245, C680, , , , , C680
1660403945, , 33.4977, -117.8341, 7450, 115, 245, C680, , , , , C680
1660403947, , 33.4969, -117.8318, 7475, 114, 245, C680, , , , , C680
1660403952, , 33.4942, -117.8248, 7525, 114, 253, C680, , , , , C680
1660403952, , 33.4942, -117.8248, 7525, 114, 253, C680, , , , , C680
1660403956, , 33.4925, -117.8204, 7575, 114, 257, C680, , , , , C680
1660403956, , 33.4925, -117.8204, 7575, 114, 257, C680, , , , , C680
1660403961, , 33.49, -117.814, 7650, 114, 265, C680, , , , , C680
1660403961, , 33.49, -117.814, 7650, 114, 265, C680, , , , , C680
1660403963, , 33.4888, -117.8107, 7725, 114, 265, C680, , , , , C680
1660403963, , 33.4888, -117.8107, 7725, 114, 265, C680, , , , , C680
1660403968, , 33.4862, -117.8041, 7925, 114, 265, C680, , , , , C680
1660403972, , 33.4839, -117.7983, 8125, 114, 280, C680, , , , , C680
1660403972, , 33.4839, -117.7983, 8125, 114, 280, C680, , , , , C680
1660403978, , 33.4808, -117.7898, 8475, 112, 282, C680, , , , , C680
1660403978, , 33.4808, -117.7898, 8475, 112, 282, C680, , , , , C680
1660403981, , 33.4794, -117.785, 8650, 111, 283, C680, , , , , C680
1660403981, , 33.4794, -117.785, 8650, 111, 283, C680, , , , , C680
1660403981, , 33.4794, -117.785, 8650, 111, 283, C680, , , , , C680
1660403987, , 33.4774, -117.7751, 9000, 100, 292, C680, , , , , C680
1660403987, , 33.4774, -117.7751, 9000, 100, 292, C680, , , , , C680
1660403993, , 33.4765, -117.7656, 9275, 94, 299, C680, , , , , C680
1660403993, , 33.4765, -117.7656, 9275, 94, 299, C680, , , , , C680
1660403996, , 33.4764, -117.761, 9425, 90, 303, C680, , , , , C680
1660403996, , 33.4764, -117.761, 9425, 90, 303, C680, , , , , C680
1660403999, , 33.4765, -117.7562, 9550, 86, 306, C680, , , , , C680
1660404005, , 33.4773, -117.745, 9900, 84, 308, C680, , , , , C680
1660404005, , 33.4773, -117.745, 9900, 84, 308, C680, , , , , C680
1660404008, , 33.4777, -117.7406, 10075, 84, 309, C680, , , , , C680
1660404011, , 33.478, -117.7372, 10275, 84, 311, C680, , , , , C680
1660404011, , 33.478, -117.7372, 10275, 84, 311, C680, , , , , C680
1660404017, , 33.479, -117.7245, 10675, 84, 311, C680, , , , , C680
1660404017, , 33.479, -117.7245, 10675, 84, 311, C680, , , , , C680
1660404020, , 33.4796, -117.7193, 10875, 82, 311, C680, , , , , C680
1660404020, , 33.4796, -117.7193, 10875, 82, 311, C680, , , , , C680
1660404023, , 33.4801, -117.7153, 11075, 79, 310, C680, , , , , C680
1660404029, , 33.4823, -117.7042, 11525, 75, 309, C680, , , , , C680
1660404029, , 33.4823, -117.7042, 11525, 75, 309, C680, , , , , C680
1660404032, , 33.4834, -117.6995, 11725, 72, 310, C680, , , , , C680
1660404032, , 33.4834, -117.6995, 11725, 72, 310, C680, , , , , C680
1660404035, , 33.4849, -117.6943, 11925, 70, 310, C680, , , , , C680
1660404035, , 33.4849, -117.6943, 11925, 70, 310, C680, , , , , C680
1660404042, , 33.4881, -117.6847, 12275, 65, 314, C680, , , , , C680
1660404045, , 33.4896, -117.681, 12450, 63, 316, C680, , , , , C680
1660404045, , 33.4896, -117.681, 12450, 63, 316, C680, , , , , C680
1660404047, , 33.4917, -117.6763, 12575, 62, 318, C680, , , , , C680
1660404047, , 33.4917, -117.6763, 12575, 62, 318, C680, , , , , C680
1660404053, , 33.4965, -117.666, 12775, 60, 325, C680, , , , , C680
1660404053, , 33.4965, -117.666, 12775, 60, 325, C680, , , , , C680
1660404056, , 33.4976, -117.6637, 12875, 60, 326, C680, , , , , C680
1660404059, , 33.5006, -117.6574, 12925, 60, 335, C680, , , , , C680
1660404059, , 33.5006, -117.6574, 12925, 60, 335, C680, , , , , C680
1660404066, , 33.5039, -117.6506, 13000, 60, 346, C680, , , , , C680
1660404066, , 33.5039, -117.6506, 13000, 60, 346, C680, , , , , C680
1660404069, , 33.5082, -117.6415, 13050, 60, 350, C680, , , , , C680
1660404069, , 33.5082, -117.6415, 13050, 60, 350, C680, , , , , C680
1660404071, , 33.5104, -117.6368, 13100, 60, 353, C680, , , , , C680
1660404077, , 33.5136, -117.6301, 13300, 60, 355, C680, , , , , C680
1660404077, , 33.5136, -117.6301, 13300, 60, 355, C680, , , , , C680
1660404080, , 33.5175, -117.6219, 13475, 60, 356, C680, , , , , C680
1660404080, , 33.5175, -117.6219, 13475, 60, 356, C680, , , , , C680
1660404083, , 33.5204, -117.6159, 13700, 60, 354, C680, , , , , C680
1660404083, , 33.5204, -117.6159, 13700, 60, 354, C680, , , , , C680
1660404090, , 33.5244, -117.6075, 14225, 60, 347, C680, , , , , C680
1660404092, , 33.5271, -117.6018, 14425, 60, 346, C680, , , , , C680
1660404092, , 33.5271, -117.6018, 14425, 60, 346, C680, , , , , C680
1660404098, , 33.5311, -117.5933, 15050, 60, 338, C680, , , , , C680
1660404098, , 33.5311, -117.5933, 15050, 60, 338, C680, , , , , C680
1660404101, , 33.5339, -117.5875, 15275, 60, 335, C680, , , , , C680
1660404101, , 33.5339, -117.5875, 15275, 60, 335, C680, , , , , C680
1660404104, , 33.5364, -117.5822, 15525, 60, 334, C680, , , , , C680
1660404108, , 33.5394, -117.5759, 15800, 60, 333, C680, , , , , C680
1660404108, , 33.5394, -117.5759, 15800, 60, 333, C680, , , , , C680
1660404113, , 33.5429, -117.5685, 16075, 60, 334, C680, , , , , C680
1660404113, , 33.5429, -117.5685, 16075, 60, 334, C680, , , , , C680
1660404116, , 33.5455, -117.563, 16250, 60, 335, C680, , , , , C680
1660404116, , 33.5455, -117.563, 16250, 60, 335, C680, , , , , C680
1660404120, , 33.5485, -117.5568, 16475, 60, 335, C680, , , , , C680
1660404120, , 33.5485, -117.5568, 16475, 60, 335, C680, , , , , C680
1660404124, , 33.5518, -117.5497, 16700, 60, 337, C680, , , , , C680
1660404130, , 33.5563, -117.5403, 17000, 60, 338, C680, , , , , C680
1660404130, , 33.5563, -117.5403, 17000, 60, 338, C680, , , , , C680
1660404133, , 33.5585, -117.5357, 17150, 60, 339, C680, , , , , C680
1660404133, , 33.5585, -117.5357, 17150, 60, 339, C680, , , , , C680
1660404136, , 33.561, -117.5305, 17300, 60, 340, C680, , , , , C680
1660404136, , 33.561, -117.5305, 17300, 60, 340, C680, , , , , C680
1660404139, , 33.5633, -117.5256, 17475, 60, 339, C680, , , , , C680
1660404144, , 33.5673, -117.5166, 17750, 63, 341, C680, , , , , C680
1660404144, , 33.5673, -117.5166, 17750, 63, 341, C680, , , , , C680
1660404149, , 33.5704, -117.5086, 17950, 66, 342, C680, , , , , C680
1660404149, , 33.5704, -117.5086, 17950, 66, 342, C680, , , , , C680
1660404152, , 33.5721, -117.5036, 18100, 67, 343, C680, , , , , C680
1660404158, , 33.5752, -117.4931, 18375, 71, 344, C680, , , , , C680
1660404158, , 33.5752, -117.4931, 18375, 71, 344, C680, , , , , C680
1660404160, , 33.5766, -117.488, 18500, 72, 345, C680, , , , , C680
1660404160, , 33.5766, -117.488, 18500, 72, 345, C680, , , , , C680
1660404164, , 33.5781, -117.4816, 18675, 74, 345, C680, , , , , C680
1660404164, , 33.5781, -117.4816, 18675, 74, 345, C680, , , , , C680
1660404170, , 33.5802, -117.4705, 18950, 78, 347, C680, , , , , C680
1660404173, , 33.581, -117.4646, 19075, 80, 348, C680, , , , , C680
1660404173, , 33.581, -117.4646, 19075, 80, 348, C680, , , , , C680
1660404176, , 33.5817, -117.4591, 19225, 81, 348, C680, , , , , C680
1660404176, , 33.5817, -117.4591, 19225, 81, 348, C680, , , , , C680
1660404182, , 33.583, -117.4476, 19475, 82, 350, C680, , , , , C680
1660404182, , 33.583, -117.4476, 19475, 82, 350, C680, , , , , C680
1660404184, , 33.5835, -117.4425, 19575, 82, 351, C680, , , , , C680
1660404184, , 33.5835, -117.4425, 19575, 82, 351, C680, , , , , C680
1660404188, , 33.5842, -117.4357, 19700, 82, 352, C680, , , , , C680
1660404191, , 33.5848, -117.4299, 19825, 82, 353, C680, , , , , C680
1660404191, , 33.5848, -117.4299, 19825, 82, 353, C680, , , , , C680
1660404197, , 33.586, -117.4186, 20100, 82, 355, C680, , , , , C680
1660404197, , 33.586, -117.4186, 20100, 82, 355, C680, , , , , C680
1660404200, , 33.5867, -117.4122, 20200, 82, 356, C680, , , , , C680
1660404206, , 33.588, -117.4004, 20450, 82, 358, C680, , , , , C680
1660404206, , 33.588, -117.4004, 20450, 82, 358, C680, , , , , C680
1660404209, , 33.5886, -117.3945, 20575, 82, 359, C680, , , , , C680
1660404209, , 33.5886, -117.3945, 20575, 82, 359, C680, , , , , C680
1660404212, , 33.5892, -117.3889, 20700, 82, 359, C680, , , , , C680
1660404212, , 33.5892, -117.3889, 20700, 82, 359, C680, , , , , C680
1660404218, , 33.5904, -117.377, 20975, 82, 360, C680, , , , , C680
1660404221, , 33.5911, -117.3708, 21125, 82, 360, C680, , , , , C680
1660404221, , 33.5911, -117.3708, 21125, 82, 360, C680, , , , , C680
1660404224, , 33.5917, -117.3648, 21250, 82, 361, C680, , , , , C680
1660404224, , 33.5917, -117.3648, 21250, 82, 361, C680, , , , , C680
1660404230, , 33.5929, -117.3529, 21500, 83, 362, C680, , , , , C680
1660404230, , 33.5929, -117.3529, 21500, 83, 362, C680, , , , , C680
1660404233, , 33.5935, -117.3473, 21650, 83, 362, C680, , , , , C680
1660404236, , 33.5941, -117.3409, 21750, 83, 364, C680, , , , , C680
1660404236, , 33.5941, -117.3409, 21750, 83, 364, C680, , , , , C680
1660404242, , 33.5954, -117.3288, 21950, 83, 366, C680, , , , , C680
1660404242, , 33.5954, -117.3288, 21950, 83, 366, C680, , , , , C680
1660404245, , 33.596, -117.3228, 22075, 83, 367, C680, , , , , C680
1660404245, , 33.596, -117.3228, 22075, 83, 367, C680, , , , , C680
1660404248, , 33.5966, -117.3168, 22200, 83, 367, C680, , , , , C680
1660404254, , 33.5978, -117.305, 22475, 83, 368, C680, , , , , C680
1660404254, , 33.5978, -117.305, 22475, 83, 368, C680, , , , , C680
1660404257, , 33.5984, -117.2988, 22575, 83, 368, C680, , , , , C680
1660404257, , 33.5984, -117.2988, 22575, 83, 368, C680, , , , , C680
1660404260, , 33.5991, -117.2924, 22700, 83, 369, C680, , , , , C680
1660404260, , 33.5991, -117.2924, 22700, 83, 369, C680, , , , , C680
1660404264, , 33.6, -117.2843, 22825, 83, 372, C680, , , , , C680
1660404264, , 33.6, -117.2843, 22825, 83, 372, C680, , , , , C680
1660404266, , 33.6005, -117.2792, 22900, 83, 373, C680, , , , , C680
1660404273, , 33.6019, -117.2655, 22975, 83, 381, C680, , , , , C680
1660404273, , 33.6019, -117.2655, 22975, 83, 381, C680, , , , , C680
1660404276, , 33.6025, -117.2588, 23000, 83, 385, C680, , , , , C680
1660404276, , 33.6025, -117.2588, 23000, 83, 385, C680, , , , , C680
1660404279, , 33.6031, -117.2528, 23000, 83, 389, C680, , , , , C680
1660404279, , 33.6031, -117.2528, 23000, 83, 389, C680, , , , , C680
1660404285, , 33.6046, -117.2389, 23000, 83, 395, C680, , , , , C680
