//Timestamp, ICAO, Latitude_deg, Longitude_deg, Altitude_ft, Heading_deg, GroundSpeed_kts, AircraftType, RegistrationNum, Departure, Arrival, FlightNumber1, FlightNumber2
1660411342, , 33.6654, -117.874, 0, 241, 0, C750, , , , , C750
1660411342, , 33.6654, -117.874, 0, 241, 0, C750, , , , , C750
1660411347, , 33.6653, -117.874, 0, 241, 0, C750, , , , , C750
1660411347, , 33.6653, -117.874, 0, 241, 0, C750, , , , , C750
1660411352, , 33.6654, -117.874, 0, 241, 0, C750, , , , , C750
1660411352, , 33.6654, -117.874, 0, 241, 0, C750, , , , , C750
1660411357, , 33.6654, -117.874, 0, 241, 0, C750, , , , , C750
1660411362, , 33.6654, -117.874, 0, 241, 0, C750, , , , , C750
1660411362, , 33.6654, -117.874, 0, 241, 0, C750, , , , , C750
1660411362, , 33.6654, -117.874, 0, 241, 0, C750, , , , , C750
1660411362, , 33.6654, -117.874, 0, 241, 0, C750, , , , , C750
1660411366, , 33.6654, -117.874, 0, 241, 0, C750, , , , , C750
1660411366, , 33.6654, -117.874, 0, 241, 0, C750, , , , , C750
1660411371, , 33.6654, -117.874, 0, 241, 0, C750, , , , , C750
1660411376, , 33.6654, -117.874, 0, 241, 0, C750, , , , , C750
1660411376, , 33.6654, -117.874, 0, 241, 0, C750, , , , , C750
1660411382, , 33.6654, -117.874, 0, 241, 0, C750, , , , , C750
1660411382, , 33.6654, -117.874, 0, 241, 0, C750, , , , , C750
1660411382, , 33.6654, -117.874, 0, 241, 0, C750, , , , , C750
1660411386, , 33.6654, -117.874, 0, 241, 0, C750, , , , , C750
1660411386, , 33.6654, -117.874, 0, 241, 0, C750, , , , , C750
1660411391, , 33.6654, -117.874, 0, 241, 0, C750, , , , , C750
1660411391, , 33.6654, -117.874, 0, 241, 0, C750, , , , , C750
1660411396, , 33.6654, -117.874, 0, 241, 0, C750, , , , , C750
1660411396, , 33.6654, -117.874, 0, 241, 0, C750, , , , , C750
1660411401, , 33.6654, -117.874, 0, 241, 0, C750, , , , , C750
1660411401, , 33.6654, -117.874, 0, 241, 0, C750, , , , , C750
1660411401, , 33.6654, -117.874, 0, 241, 0, C750, , , , , C750
1660411406, , 33.6654, -117.874, 0, 241, 0, C750, , , , , C750
1660411406, , 33.6654, -117.874, 0, 241, 0, C750, , , , , C750
1660411411, , 33.6654, -117.874, 0, 241, 0, C750, , , , , C750
1660411411, , 33.6654, -117.874, 0, 241, 0, C750, , , , , C750
1660411416, , 33.6654, -117.874, 0, 241, 0, C750, , , , , C750
1660411421, , 33.6654, -117.874, 0, 241, 0, C750, , , , , C750
1660411421, , 33.6654, -117.874, 0, 241, 0, C750, , , , , C750
1660411426, , 33.6654, -117.874, 0, 241, 0, C750, , , , , C750
1660411426, , 33.6654, -117.874, 0, 241, 0, C750, , , , , C750
1660411426, , 33.6654, -117.874, 0, 241, 0, C750, , , , , C750
1660411426, , 33.6654, -117.874, 0, 241, 0, C750, , , , , C750
1660411431, , 33.6654, -117.874, 0, 241, 0, C750, , , , , C750
1660411436, , 33.6654, -117.874, 0, 241, 0, C750, , , , , C750
1660411436, , 33.6654, -117.874, 0, 241, 0, C750, , , , , C750
1660411441, , 33.6654, -117.874, 0, 241, 0, C750, , , , , C750
1660411441, , 33.6654, -117.874, 0, 241, 0, C750, , , , , C750
1660411446, , 33.6654, -117.874, 0, 241, 0, C750, , , , , C750
1660411446, , 33.6654, -117.874, 0, 241, 0, C750, , , , , C750
1660411446, , 33.6654, -117.874, 0, 241, 0, C750, , , , , C750
1660411446, , 33.6654, -117.874, 0, 241, 0, C750, , , , , C750
1660411451, , 33.6654, -117.874, 0, 241, 0, C750, , , , , C750
1660411456, , 33.6654, -117.874, 0, 241, 0, C750, , , , , C750
1660411456, , 33.6654, -117.874, 0, 241, 0, C750, , , , , C750
1660411460, , 33.6654, -117.874, 0, 241, 0, C750, , , , , C750
1660411460, , 33.6654, -117.874, 0, 241, 0, C750, , , , , C750
1660411466, , 33.6654, -117.874, 0, 241, 0, C750, , , , , C750
1660411466, , 33.6654, -117.874, 0, 241, 0, C750, , , , , C750
1660411466, , 33.6654, -117.874, 0, 241, 0, C750, , , , , C750
1660411470, , 33.6654, -117.874, 0, 241, 0, C750, , , , , C750
1660411470, , 33.6654, -117.874, 0, 241, 0, C750, , , , , C750
1660411476, , 33.6654, -117.874, 0, 241, 0, C750, , , , , C750
1660411476, , 33.6654, -117.874, 0, 241, 0, C750, , , , , C750
1660411480, , 33.6654, -117.874, 0, 241, 0, C750, , , , , C750
1660411480, , 33.6654, -117.874, 0, 241, 0, C750, , , , , C750
1660411485, , 33.6654, -117.874, 0, 241, 0, C750, , , , , C750
1660411485, , 33.6654, -117.874, 0, 241, 0, C750, , , , , C750
1660411485, , 33.6654, -117.874, 0, 241, 0, C750, , , , , C750
1660411490, , 33.6654, -117.874, 0, 241, 0, C750, , , , , C750
1660411490, , 33.6654, -117.874, 0, 241, 0, C750, , , , , C750
1660411495, , 33.6654, -117.874, 0, 241, 0, C750, , , , , C750
1660411495, , 33.6654, -117.874, 0, 241, 0, C750, , , , , C750
1660411500, , 33.6654, -117.874, 0, 241, 0, C750, , , , , C750
1660411506, , 33.6654, -117.874, 0, 241, 0, C750, , , , , C750
1660411506, , 33.6654, -117.874, 0, 241, 0, C750, , , , , C750
1660411510, , 33.6654, -117.874, 0, 241, 0, C750, , , , , C750
1660411510, , 33.6654, -117.874, 0, 241, 0, C750, , , , , C750
1660411510, , 33.6654, -117.874, 0, 241, 0, C750, , , , , C750
1660411515, , 33.6654, -117.874, 0, 241, 0, C750, , , , , C750
1660411515, , 33.6654, -117.874, 0, 241, 0, C750, , , , , C750
1660411519, , 33.6654, -117.874, 0, 241, 0, C750, , , , , C750
1660411519, , 33.6654, -117.874, 0, 241, 0, C750, , , , , C750
1660411525, , 33.6654, -117.874, 0, 241, 0, C750, , , , , C750
1660411529, , 33.6654, -117.874, 0, 241, 0, C750, , , , , C750
1660411529, , 33.6654, -117.874, 0, 241, 0, C750, , , , , C750
1660411529, , 33.6654, -117.874, 0, 241, 0, C750, , , , , C750
1660411529, , 33.6654, -117.874, 0, 241, 0, C750, , , , , C750
1660411534, , 33.6654, -117.874, 0, 241, 0, C750, , , , , C750
1660411534, , 33.6654, -117.874, 0, 241, 0, C750, , , , , C750
1660411539, , 33.6654, -117.874, 0, 241, 0, C750, , , , , C750
1660411545, , 33.6654, -117.874, 0, 241, 0, C750, , , , , C750
1660411545, , 33.6654, -117.874, 0, 241, 0, C750, , , , , C750
1660411550, , 33.6654, -117.874, 0, 241, 0, C750, , , , , C750
1660411550, , 33.6654, -117.874, 0, 241, 0, C750, , , , , C750
1660411550, , 33.6654, -117.874, 0, 241, 0, C750, , , , , C750
1660411550, , 33.6654, -117.874, 0, 241, 0, C750, , , , , C750
1660411555, , 33.6654, -117.874, 0, 241, 0, C750, , , , , C750
1660411560, , 33.6654, -117.874, 0, 241, 0, C750, , , , , C750
1660411560, , 33.6654, -117.874, 0, 241, 0, C750, , , , , C750
1660411565, , 33.6654, -117.874, 0, 241, 0, C750, , , , , C750
1660411565, , 33.6654, -117.874, 0, 241, 0, C750, , , , , C750
1660411565, , 33.6654, -117.874, 0, 241, 0, C750, , , , , C750
1660411565, , 33.6654, -117.874, 0, 241, 0, C750, , , , , C750
1660411570, , 33.6654, -117.874, 0, 241, 0, C750, , , , , C750
1660411575, , 33.6654, -117.874, 0, 241, 0, C750, , , , , C750
1660411575, , 33.6654, -117.874, 0, 241, 0, C750, , , , , C750
1660411579, , 33.6654, -117.874, 0, 241, 0, C750, , , , , C750
1660411579, , 33.6654, -117.874, 0, 241, 0, C750, , , , , C750
1660411584, , 33.6654, -117.874, 0, 241, 0, C750, , , , , C750
1660411584, , 33.6654, -117.874, 0, 241, 0, C750, , , , , C750
1660411589, , 33.6654, -117.874, 0, 241, 0, C750, , , , , C750
1660411589, , 33.6654, -117.874, 0, 241, 0, C750, , , , , C750
1660411589, , 33.6654, -117.874, 0, 241, 0, C750, , , , , C750
1660411594, , 33.6654, -117.874, 0, 241, 0, C750, , , , , C750
1660411594, , 33.6654, -117.874, 0, 241, 0, C750, , , , , C750
1660411599, , 33.6654, -117.874, 0, 241, 0, C750, , , , , C750
1660411599, , 33.6654, -117.874, 0, 241, 0, C750, , , , , C750
1660411604, , 33.6654, -117.874, 0, 241, 0, C750, , , , , C750
1660411604, , 33.6654, -117.874, 0, 241, 0, C750, , , , , C750
1660411609, , 33.6654, -117.874, 0, 241, 0, C750, , , , , C750
1660411614, , 33.6654, -117.874, 0, 241, 0, C750, , , , , C750
1660411614, , 33.6654, -117.874, 0, 241, 0, C750, , , , , C750
1660411614, , 33.6654, -117.874, 0, 241, 0, C750, , , , , C750
1660411614, , 33.6654, -117.874, 0, 241, 0, C750, , , , , C750
1660411619, , 33.6654, -117.874, 0, 241, 0, C750, , , , , C750
1660411624, , 33.6654, -117.874, 0, 241, 0, C750, , , , , C750
1660411624, , 33.6654, -117.874, 0, 241, 0, C750, , , , , C750
1660411629, , 33.6654, -117.874, 0, 241, 0, C750, , , , , C750
1660411629, , 33.6654, -117.874, 0, 241, 0, C750, , , , , C750
1660411629, , 33.6654, -117.874, 0, 241, 0, C750, , , , , C750
1660411629, , 33.6654, -117.874, 0, 241, 0, C750, , , , , C750
1660411634, , 33.6654, -117.874, 0, 241, 0, C750, , , , , C750
1660411639, , 33.6654, -117.874, 0, 241, 0, C750, , , , , C750
1660411639, , 33.6654, -117.874, 0, 241, 0, C750, , , , , C750
1660411644, , 33.6653, -117.874, 0, 241, 0, C750, , , , , C750
1660411644, , 33.6653, -117.874, 0, 241, 0, C750, , , , , C750
1660411649, , 33.6653, -117.8741, 0, 244, 0, C750, , , , , C750
1660411649, , 33.6653, -117.8741, 0, 244, 0, C750, , , , , C750
1660411649, , 33.6653, -117.8741, 0, 244, 0, C750, , , , , C750
1660411658, , 33.6654, -117.8741, 0, 292, 3, C750, , , , , C750
1660411658, , 33.6654, -117.8741, 0, 292, 3, C750, , , , , C750
1660411662, , 33.6655, -117.8741, 0, 323, 2, C750, , , , , C750
1660411662, , 33.6655, -117.8741, 0, 323, 2, C750, , , , , C750
1660411665, , 33.6655, -117.8741, 0, 345, 3, C750, , , , , C750
1660411665, , 33.6655, -117.8741, 0, 345, 3, C750, , , , , C750
1660411669, , 33.6656, -117.8741, 0, 5, 4, C750, , , , , C750
1660411673, , 33.6657, -117.874, 0, 11, 6, C750, , , , , C750
1660411673, , 33.6657, -117.874, 0, 11, 6, C750, , , , , C750
1660411677, , 33.6658, -117.8739, 0, 14, 5, C750, , , , , C750
1660411677, , 33.6658, -117.8739, 0, 14, 5, C750, , , , , C750
1660411681, , 33.6658, -117.8739, 0, 14, 5, C750, , , , , C750
1660411681, , 33.6658, -117.8739, 0, 14, 5, C750, , , , , C750
1660411683, , 33.6659, -117.8739, 0, 14, 5, C750, , , , , C750
1660411686, , 33.666, -117.8738, 0, 16, 5, C750, , , , , C750
1660411686, , 33.666, -117.8738, 0, 16, 5, C750, , , , , C750
1660411691, , 33.666, -117.8737, 0, 14, 5, C750, , , , , C750
1660411691, , 33.666, -117.8737, 0, 14, 5, C750, , , , , C750
1660411696, , 33.6662, -117.8737, 0, 14, 5, C750, , , , , C750
1660411696, , 33.6662, -117.8737, 0, 14, 5, C750, , , , , C750
1660411702, , 33.6663, -117.8736, 0, 14, 5, C750, , , , , C750
1660411702, , 33.6663, -117.8736, 0, 14, 5, C750, , , , , C750
1660411702, , 33.6663, -117.8736, 0, 14, 5, C750, , , , , C750
1660411708, , 33.6664, -117.8735, 0, 14, 5, C750, , , , , C750
1660411708, , 33.6664, -117.8735, 0, 14, 5, C750, , , , , C750
1660411711, , 33.6665, -117.8735, 0, 14, 5, C750, , , , , C750
1660411715, , 33.6666, -117.8734, 0, 14, 6, C750, , , , , C750
1660411715, , 33.6666, -117.8734, 0, 14, 6, C750, , , , , C750
1660411719, , 33.6667, -117.8733, 0, 16, 5, C750, , , , , C750
1660411719, , 33.6667, -117.8733, 0, 16, 5, C750, , , , , C750
1660411726, , 33.6668, -117.8732, 0, 19, 6, C750, , , , , C750
1660411726, , 33.6668, -117.8732, 0, 19, 6, C750, , , , , C750
1660411729, , 33.6669, -117.8732, 0, 19, 6, C750, , , , , C750
1660411731, , 33.667, -117.8731, 0, 19, 7, C750, , , , , C750
1660411731, , 33.667, -117.8731, 0, 19, 7, C750, , , , , C750
1660411735, , 33.6671, -117.873, 0, 19, 8, C750, , , , , C750
1660411735, , 33.6671, -117.873, 0, 19, 8, C750, , , , , C750
1660411741, , 33.6672, -117.8729, 0, 22, 8, C750, , , , , C750
1660411741, , 33.6672, -117.8729, 0, 22, 8, C750, , , , , C750
1660411746, , 33.6674, -117.8727, 0, 22, 7, C750, , , , , C750
1660411750, , 33.6675, -117.8727, 0, 25, 7, C750, , , , , C750
1660411750, , 33.6675, -117.8727, 0, 25, 7, C750, , , , , C750
1660411752, , 33.6676, -117.8726, 0, 28, 7, C750, , , , , C750
1660411752, , 33.6676, -117.8726, 0, 28, 7, C750, , , , , C750
1660411757, , 33.6677, -117.8724, 0, 28, 8, C750, , , , , C750
1660411757, , 33.6677, -117.8724, 0, 28, 8, C750, , , , , C750
1660411762, , 33.6678, -117.8723, 0, 28, 8, C750, , , , , C750
1660411765, , 33.6679, -117.8722, 0, 28, 8, C750, , , , , C750
1660411765, , 33.6679, -117.8722, 0, 28, 8, C750, , , , , C750
1660411769, , 33.668, -117.8721, 0, 28, 8, C750, , , , , C750
1660411769, , 33.668, -117.8721, 0, 28, 8, C750, , , , , C750
1660411774, , 33.6681, -117.872, 0, 25, 8, C750, , , , , C750
1660411774, , 33.6681, -117.872, 0, 25, 8, C750, , , , , C750
1660411778, , 33.6683, -117.8718, 0, 28, 9, C750, , , , , C750
1660411781, , 33.6684, -117.8717, 0, 28, 10, C750, , , , , C750
1660411781, , 33.6684, -117.8717, 0, 28, 10, C750, , , , , C750
1660411784, , 33.6685, -117.8716, 0, 28, 10, C750, , , , , C750
1660411784, , 33.6685, -117.8716, 0, 28, 10, C750, , , , , C750
1660411788, , 33.6686, -117.8715, 0, 28, 10, C750, , , , , C750
1660411788, , 33.6686, -117.8715, 0, 28, 10, C750, , , , , C750
1660411793, , 33.6688, -117.8713, 0, 28, 11, C750, , , , , C750
1660411796, , 33.669, -117.8711, 0, 28, 11, C750, , , , , C750
1660411796, , 33.669, -117.8711, 0, 28, 11, C750, , , , , C750
1660411800, , 33.6691, -117.871, 0, 25, 11, C750, , , , , C750
1660411800, , 33.6691, -117.871, 0, 25, 11, C750, , , , , C750
1660411805, , 33.6693, -117.8708, 0, 28, 11, C750, , , , , C750
1660411805, , 33.6693, -117.8708, 0, 28, 11, C750, , , , , C750
1660411807, , 33.6694, -117.8707, 0, 28, 11, C750, , , , , C750
1660411811, , 33.6695, -117.8706, 0, 28, 10, C750, , , , , C750
1660411811, , 33.6695, -117.8706, 0, 28, 10, C750, , , , , C750
1660411815, , 33.6697, -117.8704, 0, 28, 10, C750, , , , , C750
1660411815, , 33.6697, -117.8704, 0, 28, 10, C750, , , , , C750
1660411820, , 33.6698, -117.8702, 0, 28, 10, C750, , , , , C750
1660411826, , 33.67, -117.87, 0, 28, 10, C750, , , , , C750
1660411826, , 33.67, -117.87, 0, 28, 10, C750, , , , , C750
1660411828, , 33.6701, -117.8699, 0, 28, 10, C750, , , , , C750
1660411828, , 33.6701, -117.8699, 0, 28, 10, C750, , , , , C750
1660411833, , 33.6703, -117.8698, 0, 28, 10, C750, , , , , C750
1660411835, , 33.6703, -117.8697, 0, 28, 10, C750, , , , , C750
1660411835, , 33.6703, -117.8697, 0, 28, 10, C750, , , , , C750
1660411842, , 33.6706, -117.8694, 0, 28, 11, C750, , , , , C750
1660411842, , 33.6706, -117.8694, 0, 28, 11, C750, , , , , C750
1660411846, , 33.6707, -117.8693, 0, 28, 12, C750, , , , , C750
1660411850, , 33.6709, -117.8691, 0, 25, 12, C750, , , , , C750
1660411850, , 33.6709, -117.8691, 0, 25, 12, C750, , , , , C750
1660411854, , 33.6711, -117.8689, 0, 25, 12, C750, , , , , C750
1660411854, , 33.6711, -117.8689, 0, 25, 12, C750, , , , , C750
1660411857, , 33.6712, -117.8688, 0, 22, 11, C750, , , , , C750
1660411857, , 33.6712, -117.8688, 0, 22, 11, C750, , , , , C750
1660411861, , 33.6714, -117.8687, 0, 19, 10, C750, , , , , C750
1660411865, , 33.6716, -117.8685, 0, 19, 10, C750, , , , , C750
1660411865, , 33.6716, -117.8685, 0, 19, 10, C750, , , , , C750
1660411869, , 33.6717, -117.8684, 0, 16, 10, C750, , , , , C750
1660411869, , 33.6717, -117.8684, 0, 16, 10, C750, , , , , C750
1660411873, , 33.6719, -117.8683, 0, 16, 9, C750, , , , , C750
1660411873, , 33.6719, -117.8683, 0, 16, 9, C750, , , , , C750
1660411876, , 33.672, -117.8683, 0, 16, 10, C750, , , , , C750
1660411880, , 33.6722, -117.8681, 0, 16, 10, C750, , , , , C750
1660411880, , 33.6722, -117.8681, 0, 16, 10, C750, , , , , C750
1660411884, , 33.6723, -117.868, 0, 14, 11, C750, , , , , C750
1660411884, , 33.6723, -117.868, 0, 14, 11, C750, , , , , C750
1660411888, , 33.6725, -117.8679, 0, 14, 11, C750, , , , , C750
1660411888, , 33.6725, -117.8679, 0, 14, 11, C750, , , , , C750
1660411893, , 33.6727, -117.8678, 0, 19, 12, C750, , , , , C750
1660411898, , 33.6729, -117.8676, 0, 30, 11, C750, , , , , C750
1660411898, , 33.6729, -117.8676, 0, 30, 11, C750, , , , , C750
1660411900, , 33.673, -117.8674, 0, 33, 10, C750, , , , , C750
1660411900, , 33.673, -117.8674, 0, 33, 10, C750, , , , , C750
1660411905, , 33.6731, -117.8673, 0, 36, 8, C750, , , , , C750
1660411905, , 33.6731, -117.8673, 0, 36, 8, C750, , , , , C750
1660411909, , 33.6732, -117.8671, 0, 33, 7, C750, , , , , C750
1660411913, , 33.6733, -117.867, 0, 25, 8, C750, , , , , C750
1660411913, , 33.6733, -117.867, 0, 25, 8, C750, , , , , C750
1660411917, , 33.6734, -117.867, 0, 5, 7, C750, , , , , C750
1660411917, , 33.6734, -117.867, 0, 5, 7, C750, , , , , C750
1660411921, , 33.6736, -117.867, 0, 340, 6, C750, , , , , C750
1660411921, , 33.6736, -117.867, 0, 340, 6, C750, , , , , C750
1660411925, , 33.6736, -117.8671, 0, 317, 5, C750, , , , , C750
1660411930, , 33.6737, -117.8671, 0, 300, 4, C750, , , , , C750
1660411930, , 33.6737, -117.8671, 0, 300, 4, C750, , , , , C750
1660411934, , 33.6738, -117.8672, 0, 303, 5, C750, , , , , C750
1660411934, , 33.6738, -117.8672, 0, 303, 5, C750, , , , , C750
1660411936, , 33.6738, -117.8672, 0, 312, 5, C750, , , , , C750
1660411936, , 33.6738, -117.8672, 0, 312, 5, C750, , , , , C750
1660411941, , 33.674, -117.8672, 0, 351, 6, C750, , , , , C750
1660411945, , 33.6741, -117.8672, 0, 8, 6, C750, , , , , C750
1660411945, , 33.6741, -117.8672, 0, 8, 6, C750, , , , , C750
1660411949, , 33.6742, -117.8671, 0, 14, 6, C750, , , , , C750
1660411949, , 33.6742, -117.8671, 0, 14, 6, C750, , , , , C750
1660411954, , 33.6743, -117.867, 0, 14, 7, C750, , , , , C750
1660411954, , 33.6743, -117.867, 0, 14, 7, C750, , , , , C750
1660411957, , 33.6744, -117.8669, 0, 14, 8, C750, , , , , C750
1660411960, , 33.6745, -117.8669, 0, 14, 8, C750, , , , , C750
1660411960, , 33.6745, -117.8669, 0, 14, 8, C750, , , , , C750
1660411965, , 33.6747, -117.8668, 0, 14, 9, C750, , , , , C750
1660411965, , 33.6747, -117.8668, 0, 14, 9, C750, , , , , C750
1660411969, , 33.6748, -117.8667, 0, 14, 9, C750, , , , , C750
1660411973, , 33.675, -117.8665, 0, 14, 11, C750, , , , , C750
1660411973, , 33.675, -117.8665, 0, 14, 11, C750, , , , , C750
1660411976, , 33.6751, -117.8665, 0, 14, 12, C750, , , , , C750
1660411976, , 33.6751, -117.8665, 0, 14, 12, C750, , , , , C750
1660411982, , 33.6754, -117.8663, 0, 14, 12, C750, , , , , C750
1660411982, , 33.6754, -117.8663, 0, 14, 12, C750, , , , , C750
1660411986, , 33.6756, -117.8662, 0, 14, 12, C750, , , , , C750
1660411986, , 33.6756, -117.8662, 0, 14, 12, C750, , , , , C750
1660411989, , 33.6758, -117.8661, 0, 14, 12, C750, , , , , C750
1660411993, , 33.676, -117.8659, 0, 14, 11, C750, , , , , C750
1660411993, , 33.676, -117.8659, 0, 14, 11, C750, , , , , C750
1660411996, , 33.6761, -117.8658, 0, 14, 11, C750, , , , , C750
1660411996, , 33.6761, -117.8658, 0, 14, 11, C750, , , , , C750
1660412002, , 33.6763, -117.8657, 0, 14, 12, C750, , , , , C750
1660412006, , 33.6766, -117.8656, 0, 14, 12, C750, , , , , C750
1660412006, , 33.6766, -117.8656, 0, 14, 12, C750, , , , , C750
1660412009, , 33.6768, -117.8654, 0, 14, 12, C750, , , , , C750
1660412009, , 33.6768, -117.8654, 0, 14, 12, C750, , , , , C750
1660412013, , 33.6769, -117.8653, 0, 14, 13, C750, , , , , C750
1660412013, , 33.6769, -117.8653, 0, 14, 13, C750, , , , , C750
1660412017, , 33.6772, -117.8652, 0, 14, 13, C750, , , , , C750
1660412021, , 33.6774, -117.8651, 0, 14, 13, C750, , , , , C750
1660412021, , 33.6774, -117.8651, 0, 14, 13, C750, , , , , C750
1660412025, , 33.6776, -117.8649, 0, 14, 13, C750, , , , , C750
1660412025, , 33.6776, -117.8649, 0, 14, 13, C750, , , , , C750
1660412028, , 33.6778, -117.8648, 0, 14, 13, C750, , , , , C750
1660412028, , 33.6778, -117.8648, 0, 14, 13, C750, , , , , C750
1660412033, , 33.678, -117.8646, 0, 14, 12, C750, , , , , C750
1660412037, , 33.6782, -117.8645, 0, 14, 12, C750, , , , , C750
1660412037, , 33.6782, -117.8645, 0, 14, 12, C750, , , , , C750
1660412041, , 33.6784, -117.8644, 0, 14, 12, C750, , , , , C750
1660412041, , 33.6784, -117.8644, 0, 14, 12, C750, , , , , C750
1660412044, , 33.6786, -117.8643, 0, 14, 12, C750, , , , , C750
1660412044, , 33.6786, -117.8643, 0, 14, 12, C750, , , , , C750
1660412048, , 33.6788, -117.8642, 0, 14, 12, C750, , , , , C750
1660412048, , 33.6788, -117.8642, 0, 14, 12, C750, , , , , C750
1660412048, , 33.6788, -117.8642, 0, 14, 12, C750, , , , , C750
1660412057, , 33.6792, -117.8639, 0, 14, 12, C750, , , , , C750
1660412057, , 33.6792, -117.8639, 0, 14, 12, C750, , , , , C750
1660412061, , 33.6794, -117.8638, 0, 14, 11, C750, , , , , C750
1660412064, , 33.6795, -117.8637, 0, 14, 11, C750, , , , , C750
1660412064, , 33.6795, -117.8637, 0, 14, 11, C750, , , , , C750
1660412069, , 33.6797, -117.8636, 0, 14, 10, C750, , , , , C750
1660412069, , 33.6797, -117.8636, 0, 14, 10, C750, , , , , C750
1660412073, , 33.6799, -117.8635, 0, 14, 9, C750, , , , , C750
1660412073, , 33.6799, -117.8635, 0, 14, 9, C750, , , , , C750
1660412077, , 33.68, -117.8634, 0, 14, 7, C750, , , , , C750
1660412081, , 33.6801, -117.8633, 0, 14, 5, C750, , , , , C750
1660412081, , 33.6801, -117.8633, 0, 14, 5, C750, , , , , C750
1660412082, , 33.6801, -117.8633, 0, 14, 5, C750, , , , , C750
1660412082, , 33.6801, -117.8633, 0, 14, 5, C750, , , , , C750
1660412087, , 33.6802, -117.8633, 0, 14, 2, C750, , , , , C750
1660412087, , 33.6802, -117.8633, 0, 14, 2, C750, , , , , C750
1660412090, , 33.6802, -117.8632, 0, 14, 2, C750, , , , , C750
1660412094, , 33.6803, -117.8632, 0, 14, 3, C750, , , , , C750
1660412094, , 33.6803, -117.8632, 0, 14, 3, C750, , , , , C750
1660412101, , 33.6804, -117.8632, 0, 14, 4, C750, , , , , C750
1660412101, , 33.6804, -117.8632, 0, 14, 4, C750, , , , , C750
1660412102, , 33.6804, -117.8631, 0, 14, 5, C750, , , , , C750
1660412102, , 33.6804, -117.8631, 0, 14, 5, C750, , , , , C750
1660412107, , 33.6805, -117.8631, 0, 14, 4, C750, , , , , C750
1660412114, , 33.6806, -117.8631, 0, 348, 3, C750, , , , , C750
1660412114, , 33.6806, -117.8631, 0, 348, 3, C750, , , , , C750
1660412116, , 33.6806, -117.8631, 0, 337, 3, C750, , , , , C750
1660412116, , 33.6806, -117.8631, 0, 337, 3, C750, , , , , C750
1660412120, , 33.6807, -117.8631, 0, 312, 3, C750, , , , , C750
1660412120, , 33.6807, -117.8631, 0, 312, 3, C750, , , , , C750
1660412124, , 33.6807, -117.8632, 0, 295, 7, C750, , , , , C750
1660412129, , 33.6808, -117.8635, 0, 284, 12, C750, , , , , C750
1660412129, , 33.6808, -117.8635, 0, 284, 12, C750, , , , , C750
1660412133, , 33.6809, -117.8637, 0, 284, 12, C750, , , , , C750
1660412133, , 33.6809, -117.8637, 0, 284, 12, C750, , , , , C750
1660412137, , 33.6811, -117.864, 0, 284, 14, C750, , , , , C750
1660412137, , 33.6811, -117.864, 0, 284, 14, C750, , , , , C750
1660412142, , 33.6812, -117.8643, 0, 284, 15, C750, , , , , C750
1660412143, , 33.6812, -117.8644, 0, 284, 14, C750, , , , , C750
1660412143, , 33.6812, -117.8644, 0, 284, 14, C750, , , , , C750
1660412149, , 33.6814, -117.8648, 0, 270, 11, C750, , , , , C750
1660412149, , 33.6814, -117.8648, 0, 270, 11, C750, , , , , C750
1660412150, , 33.6814, -117.8649, 0, 264, 11, C750, , , , , C750
1660412150, , 33.6814, -117.8649, 0, 264, 11, C750, , , , , C750
1660412158, , 33.6812, -117.8653, 0, 216, 11, C750, , , , , C750
1660412160, , 33.6811, -117.8654, 0, 199, 17, C750, , , , , C750
1660412160, , 33.6811, -117.8654, 0, 199, 17, C750, , , , , C750
1660412166, , 33.6805, -117.8658, 0, 194, 38, C750, , , , , C750
1660412166, , 33.6805, -117.8658, 0, 194, 38, C750, , , , , C750
1660412169, , 33.6799, -117.8662, 0, 194, 58, C750, , , , , C750
1660412169, , 33.6799, -117.8662, 0, 194, 58, C750, , , , , C750
1660412173, , 33.6786, -117.867, 0, 194, 84, C750, , , , , C750
1660412177, , 33.6773, -117.8679, 0, 194, 100, C750, , , , , C750
1660412177, , 33.6773, -117.8679, 0, 194, 100, C750, , , , , C750
1660412177, , 33.6773, -117.8679, 0, 194, 100, C750, , , , , C750
1660412177, , 33.6773, -117.8679, 0, 194, 100, C750, , , , , C750
1660412177, , 33.6773, -117.8679, 0, 194, 100, C750, , , , , C750
1660412177, , 33.6773, -117.8679, 0, 194, 100, C750, , , , , C750
1660412190, , 33.6702, -117.8724, 50, 208, 148, C750, , , , , C750
1660412194, , 33.667, -117.8744, 175, 208, 168, C750, , , , , C750
1660412194, , 33.667, -117.8744, 175, 208, 168, C750, , , , , C750
1660412196, , 33.6658, -117.8752, 200, 209, 168, C750, , , , , C750
1660412196, , 33.6658, -117.8752, 200, 209, 168, C750, , , , , C750
1660412199, , 33.664, -117.8764, 350, 209, 182, C750, , , , , C750
1660412199, , 33.664, -117.8764, 350, 209, 182, C750, , , , , C750
1660412204, , 33.6595, -117.8795, 500, 209, 189, C750, , , , , C750
1660412210, , 33.6562, -117.8816, 725, 209, 203, C750, , , , , C750
1660412210, , 33.6562, -117.8816, 725, 209, 203, C750, , , , , C750
1660412213, , 33.6521, -117.8844, 850, 209, 205, C750, , , , , C750
1660412213, , 33.6521, -117.8844, 850, 209, 205, C750, , , , , C750
1660412218, , 33.6479, -117.8872, 1050, 208, 213, C750, , , , , C750
1660412218, , 33.6479, -117.8872, 1050, 208, 213, C750, , , , , C750
1660412221, , 33.6476, -117.8874, 1200, 208, 219, C750, , , , , C750
1660412224, , 33.6446, -117.8892, 1400, 204, 222, C750, , , , , C750
1660412224, , 33.6446, -117.8892, 1400, 204, 222, C750, , , , , C750
1660412228, , 33.6386, -117.8922, 1650, 199, 227, C750, , , , , C750
1660412228, , 33.6386, -117.8922, 1650, 199, 227, C750, , , , , C750
1660412234, , 33.6325, -117.8943, 1950, 193, 229, C750, , , , , C750
1660412234, , 33.6325, -117.8943, 1950, 193, 229, C750, , , , , C750
1660412237, , 33.629, -117.8953, 2075, 192, 231, C750, , , , , C750
1660412242, , 33.6247, -117.8964, 2250, 192, 235, C750, , , , , C750
1660412242, , 33.6247, -117.8964, 2250, 192, 235, C750, , , , , C750
1660412245, , 33.6213, -117.8973, 2325, 192, 239, C750, , , , , C750
1660412245, , 33.6213, -117.8973, 2325, 192, 239, C750, , , , , C750
1660412248, , 33.6181, -117.8982, 2425, 193, 243, C750, , , , , C750
1660412248, , 33.6181, -117.8982, 2425, 193, 243, C750, , , , , C750
1660412253, , 33.6113, -117.9, 2550, 192, 251, C750, , , , , C750
1660412257, , 33.608, -117.9009, 2650, 193, 255, C750, , , , , C750
1660412257, , 33.608, -117.9009, 2650, 193, 255, C750, , , , , C750
1660412259, , 33.6045, -117.9019, 2700, 193, 256, C750, , , , , C750
1660412259, , 33.6045, -117.9019, 2700, 193, 256, C750, , , , , C750
1660412266, , 33.598, -117.9035, 2900, 188, 256, C750, , , , , C750
1660412266, , 33.598, -117.9035, 2900, 188, 256, C750, , , , , C750
1660412269, , 33.5938, -117.9042, 2975, 184, 258, C750, , , , , C750
1660412271, , 33.5904, -117.9043, 3050, 179, 260, C750, , , , , C750
1660412271, , 33.5904, -117.9043, 3050, 179, 260, C750, , , , , C750
1660412277, , 33.5828, -117.9033, 3175, 168, 260, C750, , , , , C750
1660412277, , 33.5828, -117.9033, 3175, 168, 260, C750, , , , , C750
1660412281, , 33.5793, -117.9021, 3250, 163, 259, C750, , , , , C750
1660412281, , 33.5793, -117.9021, 3250, 163, 259, C750, , , , , C750
1660412284, , 33.576, -117.9008, 3300, 158, 258, C750, , , , , C750
1660412290, , 33.5691, -117.8972, 3450, 155, 256, C750, , , , , C750
1660412290, , 33.5691, -117.8972, 3450, 155, 256, C750, , , , , C750
1660412293, , 33.5669, -117.896, 3500, 155, 255, C750, , , , , C750
1660412293, , 33.5669, -117.896, 3500, 155, 255, C750, , , , , C750
1660412295, , 33.563, -117.8938, 3525, 154, 257, C750, , , , , C750
1660412295, , 33.563, -117.8938, 3525, 154, 257, C750, , , , , C750
1660412302, , 33.5563, -117.8899, 3625, 154, 264, C750, , , , , C750
1660412305, , 33.5541, -117.8886, 3725, 154, 267, C750, , , , , C750
1660412305, , 33.5541, -117.8886, 3725, 154, 267, C750, , , , , C750
1660412308, , 33.5503, -117.8864, 3875, 153, 267, C750, , , , , C750
1660412308, , 33.5503, -117.8864, 3875, 153, 267, C750, , , , , C750
1660412314, , 33.5448, -117.8832, 4125, 153, 267, C750, , , , , C750
1660412314, , 33.5448, -117.8832, 4125, 153, 267, C750, , , , , C750
1660412318, , 33.5388, -117.8797, 4325, 153, 267, C750, , , , , C750
1660412320, , 33.5355, -117.8778, 4450, 154, 267, C750, , , , , C750
1660412320, , 33.5355, -117.8778, 4450, 154, 267, C750, , , , , C750
1660412324, , 33.5317, -117.8755, 4600, 153, 267, C750, , , , , C750
1660412324, , 33.5317, -117.8755, 4600, 153, 267, C750, , , , , C750
1660412330, , 33.525, -117.8716, 4875, 153, 267, C750, , , , , C750
1660412330, , 33.525, -117.8716, 4875, 153, 267, C750, , , , , C750
1660412330, , 33.525, -117.8716, 4875, 153, 267, C750, , , , , C750
1660412338, , 33.5165, -117.8665, 5250, 153, 268, C750, , , , , C750
1660412338, , 33.5165, -117.8665, 5250, 153, 268, C750, , , , , C750
1660412341, , 33.5154, -117.8659, 5400, 153, 268, C750, , , , , C750
1660412341, , 33.5154, -117.8659, 5400, 153, 268, C750, , , , , C750
1660412346, , 33.5075, -117.8612, 5625, 153, 268, C750, , , , , C750
1660412349, , 33.5042, -117.8591, 5750, 153, 268, C750, , , , , C750
1660412349, , 33.5042, -117.8591, 5750, 153, 268, C750, , , , , C750
1660412351, , 33.5012, -117.8573, 5900, 153, 268, C750, , , , , C750
1660412351, , 33.5012, -117.8573, 5900, 153, 268, C750, , , , , C750
1660412357, , 33.4941, -117.853, 6150, 153, 270, C750, , , , , C750
1660412357, , 33.4941, -117.853, 6150, 153, 270, C750, , , , , C750
1660412361, , 33.4907, -117.851, 6275, 153, 271, C750, , , , , C750
1660412364, , 33.488, -117.8494, 6400, 153, 272, C750, , , , , C750
1660412364, , 33.488, -117.8494, 6400, 153, 272, C750, , , , , C750
1660412370, , 33.4808, -117.8448, 6600, 150, 274, C750, , , , , C750
1660412370, , 33.4808, -117.8448, 6600, 150, 274, C750, , , , , C750
1660412372, , 33.4779, -117.8428, 6700, 148, 275, C750, , , , , C750
1660412372, , 33.4779, -117.8428, 6700, 148, 275, C750, , , , , C750
1660412375, , 33.4742, -117.8398, 6825, 146, 277, C750, , , , , C750
1660412380, , 33.47, -117.836, 7000, 141, 278, C750, , , , , C750
1660412380, , 33.47, -117.836, 7000, 141, 278, C750, , , , , C750
1660412385, , 33.465, -117.8308, 7225, 137, 278, C750, , , , , C750
1660412385, , 33.465, -117.8308, 7225, 137, 278, C750, , , , , C750
1660412387, , 33.4629, -117.8283, 7325, 135, 280, C750, , , , , C750
1660412387, , 33.4629, -117.8283, 7325, 135, 280, C750, , , , , C750
1660412394, , 33.458, -117.8224, 7550, 134, 281, C750, , , , , C750
1660412396, , 33.4565, -117.8206, 7675, 135, 283, C750, , , , , C750
1660412396, , 33.4565, -117.8206, 7675, 135, 283, C750, , , , , C750
1660412400, , 33.4511, -117.8142, 7775, 135, 284, C750, , , , , C750
1660412400, , 33.4511, -117.8142, 7775, 135, 284, C750, , , , , C750
1660412406, , 33.4451, -117.8074, 7975, 135, 287, C750, , , , , C750
1660412406, , 33.4451, -117.8074, 7975, 135, 287, C750, , , , , C750
1660412409, , 33.4446, -117.8067, 8050, 135, 287, C750, , , , , C750
1660412409, , 33.4446, -117.8067, 8050, 135, 287, C750, , , , , C750
1660412409, , 33.4446, -117.8067, 8050, 135, 287, C750, , , , , C750
1660412417, , 33.4342, -117.7946, 8400, 135, 289, C750, , , , , C750
1660412417, , 33.4342, -117.7946, 8400, 135, 289, C750, , , , , C750
1660412420, , 33.4311, -117.791, 8550, 135, 290, C750, , , , , C750
1660412420, , 33.4311, -117.791, 8550, 135, 290, C750, , , , , C750
1660412423, , 33.4282, -117.7876, 8675, 135, 291, C750, , , , , C750
1660412429, , 33.4232, -117.7816, 8875, 134, 292, C750, , , , , C750
1660412429, , 33.4232, -117.7816, 8875, 134, 292, C750, , , , , C750
1660412432, , 33.4206, -117.7783, 8975, 134, 294, C750, , , , , C750
1660412432, , 33.4206, -117.7783, 8975, 134, 294, C750, , , , , C750
1660412432, , 33.4206, -117.7783, 8975, 134, 294, C750, , , , , C750
1660412439, , 33.4137, -117.7699, 9225, 134, 297, C750, , , , , C750
1660412439, , 33.4137, -117.7699, 9225, 134, 297, C750, , , , , C750
1660412444, , 33.4083, -117.7632, 9400, 134, 301, C750, , , , , C750
1660412448, , 33.4051, -117.7594, 9525, 134, 301, C750, , , , , C750
1660412448, , 33.4051, -117.7594, 9525, 134, 301, C750, , , , , C750
1660412454, , 33.4006, -117.7539, 9750, 134, 304, C750, , , , , C750
1660412454, , 33.4006, -117.7539, 9750, 134, 304, C750, , , , , C750
1660412457, , 33.3961, -117.7485, 9900, 134, 305, C750, , , , , C750
1660412457, , 33.3961, -117.7485, 9900, 134, 305, C750, , , , , C750
1660412460, , 33.3933, -117.745, 10025, 134, 305, C750, , , , , C750
1660412466, , 33.3883, -117.7389, 10250, 134, 307, C750, , , , , C750
1660412466, , 33.3883, -117.7389, 10250, 134, 307, C750, , , , , C750
1660412469, , 33.3841, -117.7337, 10350, 133, 309, C750, , , , , C750
1660412469, , 33.3841, -117.7337, 10350, 133, 309, C750, , , , , C750
1660412472, , 33.3811, -117.7299, 10450, 133, 311, C750, , , , , C750
1660412472, , 33.3811, -117.7299, 10450, 133, 311, C750, , , , , C750
1660412477, , 33.3777, -117.7256, 10575, 133, 315, C750, , , , , C750
1660412481, , 33.3722, -117.7187, 10650, 133, 319, C750, , , , , C750
1660412481, , 33.3722, -117.7187, 10650, 133, 319, C750, , , , , C750
1660412484, , 33.369, -117.7146, 10700, 133, 321, C750, , , , , C750
1660412484, , 33.369, -117.7146, 10700, 133, 321, C750, , , , , C750
1660412490, , 33.3628, -117.7067, 10750, 133, 327, C750, , , , , C750
1660412490, , 33.3628, -117.7067, 10750, 133, 327, C750, , , , , C750
1660412493, , 33.3597, -117.7027, 10775, 133, 331, C750, , , , , C750
1660412496, , 33.3567, -117.6989, 10800, 133, 333, C750, , , , , C750
1660412496, , 33.3567, -117.6989, 10800, 133, 333, C750, , , , , C750
1660412502, , 33.3498, -117.6903, 10875, 133, 338, C750, , , , , C750
1660412502, , 33.3498, -117.6903, 10875, 133, 338, C750, , , , , C750
1660412504, , 33.347, -117.6868, 10900, 133, 340, C750, , , , , C750
1660412510, , 33.3418, -117.6801, 10925, 133, 344, C750, , , , , C750
1660412510, , 33.3418, -117.6801, 10925, 133, 344, C750, , , , , C750
1660412513, , 33.3382, -117.6756, 10925, 133, 347, C750, , , , , C750
1660412513, , 33.3382, -117.6756, 10925, 133, 347, C750, , , , , C750
1660412516, , 33.3344, -117.6709, 10925, 133, 353, C750, , , , , C750
1660412522, , 33.3274, -117.6622, 10950, 133, 358, C750, , , , , C750
1660412522, , 33.3274, -117.6622, 10950, 133, 358, C750, , , , , C750
1660412525, , 33.3263, -117.6608, 10950, 133, 358, C750, , , , , C750
1660412525, , 33.3263, -117.6608, 10950, 133, 358, C750, , , , , C750
1660412527, , 33.3224, -117.656, 10950, 133, 358, C750, , , , , C750
1660412527, , 33.3224, -117.656, 10950, 133, 358, C750, , , , , C750
1660412534, , 33.3135, -117.6448, 10950, 133, 369, C750, , , , , C750
1660412534, , 33.3135, -117.6448, 10950, 133, 369, C750, , , , , C750
1660412534, , 33.3135, -117.6448, 10950, 133, 369, C750, , , , , C750
1660412540, , 33.3068, -117.6364, 10925, 133, 374, C750, , , , , C750
1660412540, , 33.3068, -117.6364, 10925, 133, 374, C750, , , , , C750
1660412545, , 33.3003, -117.6283, 10925, 133, 377, C750, , , , , C750
1660412545, , 33.3003, -117.6283, 10925, 133, 377, C750, , , , , C750
1660412549, , 33.2957, -117.6225, 10925, 133, 381, C750, , , , , C750
1660412553, , 33.2908, -117.6164, 10925, 133, 381, C750, , , , , C750
1660412553, , 33.2908, -117.6164, 10925, 133, 381, C750, , , , , C750
1660412556, , 33.2896, -117.6149, 10925, 133, 384, C750, , , , , C750
1660412556, , 33.2896, -117.6149, 10925, 133, 384, C750, , , , , C750
1660412562, , 33.2798, -117.6026, 10950, 133, 389, C750, , , , , C750
1660412562, , 33.2798, -117.6026, 10950, 133, 389, C750, , , , , C750
1660412565, , 33.2759, -117.5978, 10950, 133, 391, C750, , , , , C750
1660412568, , 33.272, -117.593, 10950, 133, 392, C750, , , , , C750
1660412568, , 33.272, -117.593, 10950, 133, 392, C750, , , , , C750
1660412573, , 33.267, -117.5868, 10925, 133, 395, C750, , , , , C750
1660412573, , 33.267, -117.5868, 10925, 133, 395, C750, , , , , C750
1660412577, , 33.2609, -117.5793, 10925, 133, 396, C750, , , , , C750
1660412577, , 33.2609, -117.5793, 10925, 133, 396, C750, , , , , C750
1660412580, , 33.2569, -117.5741, 10925, 133, 398, C750, , , , , C750
1660412586, , 33.2504, -117.5661, 10900, 133, 397, C750, , , , , C750
1660412586, , 33.2504, -117.5661, 10900, 133, 397, C750, , , , , C750
1660412589, , 33.2452, -117.5596, 10900, 133, 395, C750, , , , , C750
1660412589, , 33.2452, -117.5596, 10900, 133, 395, C750, , , , , C750
1660412592, , 33.2424, -117.5561, 10900, 133, 393, C750, , , , , C750
1660412592, , 33.2424, -117.5561, 10900, 133, 393, C750, , , , , C750
1660412598, , 33.2338, -117.5455, 10925, 133, 392, C750, , , , , C750
1660412601, , 33.2301, -117.5408, 10925, 133, 392, C750, , , , , C750
1660412601, , 33.2301, -117.5408, 10925, 133, 392, C750, , , , , C750
1660412604, , 33.2277, -117.5379, 10950, 133, 391, C750, , , , , C750
1660412604, , 33.2277, -117.5379, 10950, 133, 391, C750, , , , , C750
1660412610, , 33.2191, -117.5273, 10975, 133, 393, C750, , , , , C750
1660412610, , 33.2191, -117.5273, 10975, 133, 393, C750, , , , , C750
1660412613, , 33.2164, -117.5239, 10975, 133, 395, C750, , , , , C750
1660412616, , 33.2111, -117.5173, 10975, 133, 396, C750, , , , , C750
1660412616, , 33.2111, -117.5173, 10975, 133, 396, C750, , , , , C750
1660412622, , 33.2034, -117.5078, 10950, 133, 399, C750, , , , , C750
1660412622, , 33.2034, -117.5078, 10950, 133, 399, C750, , , , , C750
1660412625, , 33.1997, -117.5032, 10925, 133, 401, C750, , , , , C750
1660412625, , 33.1997, -117.5032, 10925, 133, 401, C750, , , , , C750
1660412628, , 33.1956, -117.4982, 10925, 133, 403, C750, , , , , C750
1660412631, , 33.1943, -117.4966, 10925, 133, 405, C750, , , , , C750
1660412631, , 33.1943, -117.4966, 10925, 133, 405, C750, , , , , C750
1660412638, , 33.1825, -117.4821, 10925, 134, 407, C750, , , , , C750
1660412638, , 33.1825, -117.4821, 10925, 134, 407, C750, , , , , C750
1660412641, , 33.1786, -117.4772, 10925, 134, 407, C750, , , , , C750
1660412641, , 33.1786, -117.4772, 10925, 134, 407, C750, , , , , C750
1660412644, , 33.1752, -117.473, 10950, 133, 406, C750, , , , , C750
1660412646, , 33.1715, -117.4685, 10950, 134, 407, C750, , , , , C750
1660412646, , 33.1715, -117.4685, 10950, 134, 407, C750, , , , , C750
1660412650, , 33.1662, -117.4621, 10925, 134, 407, C750, , , , , C750
1660412650, , 33.1662, -117.4621, 10925, 134, 407, C750, , , , , C750
1660412658, , 33.1572, -117.4518, 10925, 137, 406, C750, , , , , C750
1660412658, , 33.1572, -117.4518, 10925, 137, 406, C750, , , , , C750
1660412662, , 33.1502, -117.4444, 10950, 138, 406, C750, , , , , C750
1660412663, , 33.1497, -117.4437, 10950, 139, 406, C750, , , , , C750
1660412663, , 33.1497, -117.4437, 10950, 139, 406, C750, , , , , C750
1660412667, , 33.1424, -117.4366, 10950, 140, 405, C750, , , , , C750
1660412667, , 33.1424, -117.4366, 10950, 140, 405, C750, , , , , C750
1660412674, , 33.1336, -117.4276, 10950, 138, 403, C750, , , , , C750
1660412674, , 33.1336, -117.4276, 10950, 138, 403, C750, , , , , C750
1660412676, , 33.1295, -117.4231, 10950, 137, 400, C750, , , , , C750
1660412679, , 33.1257, -117.419, 10950, 136, 393, C750, , , , , C750
1660412679, , 33.1257, -117.419, 10950, 136, 393, C750, , , , , C750
