//Timestamp, ICAO, Latitude_deg, Longitude_deg, Altitude_ft, Heading_deg, GroundSpeed_kts, AircraftType, RegistrationNum, Departure, Arrival, FlightNumber1, FlightNumber2
1660398757, , 33.1257, -117.2828, 0, 0, 1, CL35, , , , , CL35
1660398761, , 33.1257, -117.2828, 0, 0, 0, CL35, , , , , CL35
1660398761, , 33.1257, -117.2828, 0, 0, 0, CL35, , , , , CL35
1660398765, , 33.1257, -117.2828, 0, 0, 1, CL35, , , , , CL35
1660398765, , 33.1257, -117.2828, 0, 0, 1, CL35, , , , , CL35
1660398770, , 33.1257, -117.2828, 0, 0, 0, CL35, , , , , CL35
1660398770, , 33.1257, -117.2828, 0, 0, 0, CL35, , , , , CL35
1660398773, , 33.1257, -117.2828, 0, 0, 1, CL35, , , , , CL35
1660398778, , 33.1257, -117.2828, 0, 118, 1, CL35, , , , , CL35
1660398778, , 33.1257, -117.2828, 0, 118, 1, CL35, , , , , CL35
1660398782, , 33.1257, -117.2828, 0, 118, 0, CL35, , , , , CL35
1660398782, , 33.1257, -117.2828, 0, 118, 0, CL35, , , , , CL35
1660398782, , 33.1257, -117.2828, 0, 118, 0, CL35, , , , , CL35
1660398782, , 33.1257, -117.2828, 0, 118, 0, CL35, , , , , CL35
1660398788, , 33.1257, -117.2828, 0, 165, 0, CL35, , , , , CL35
1660398793, , 33.1257, -117.2828, 0, 299, 0, CL35, , , , , CL35
1660398793, , 33.1257, -117.2828, 0, 299, 0, CL35, , , , , CL35
1660398798, , 33.1257, -117.2828, 0, 299, 0, CL35, , , , , CL35
1660398798, , 33.1257, -117.2828, 0, 299, 0, CL35, , , , , CL35
1660398798, , 33.1257, -117.2828, 0, 299, 0, CL35, , , , , CL35
1660398798, , 33.1257, -117.2828, 0, 299, 0, CL35, , , , , CL35
1660398798, , 33.1257, -117.2828, 0, 299, 0, CL35, , , , , CL35
1660398798, , 33.1257, -117.2828, 0, 299, 0, CL35, , , , , CL35
1660398798, , 33.1257, -117.2828, 0, 299, 0, CL35, , , , , CL35
1660398813, , 33.1257, -117.2828, 0, 299, 0, CL35, , , , , CL35
1660398813, , 33.1257, -117.2828, 0, 299, 0, CL35, , , , , CL35
1660398813, , 33.1257, -117.2828, 0, 299, 0, CL35, , , , , CL35
1660398813, , 33.1257, -117.2828, 0, 299, 0, CL35, , , , , CL35
1660398818, , 33.1257, -117.2828, 0, 299, 0, CL35, , , , , CL35
1660398818, , 33.1257, -117.2828, 0, 299, 0, CL35, , , , , CL35
1660398823, , 33.1257, -117.2828, 0, 242, 0, CL35, , , , , CL35
1660398828, , 33.1257, -117.2828, 0, 242, 1, CL35, , , , , CL35
1660398828, , 33.1257, -117.2828, 0, 242, 1, CL35, , , , , CL35
1660398832, , 33.1257, -117.2828, 0, 242, 0, CL35, , , , , CL35
1660398832, , 33.1257, -117.2828, 0, 242, 0, CL35, , , , , CL35
1660398832, , 33.1257, -117.2828, 0, 242, 0, CL35, , , , , CL35
1660398832, , 33.1257, -117.2828, 0, 242, 0, CL35, , , , , CL35
1660398838, , 33.1257, -117.2828, 0, 242, 0, CL35, , , , , CL35
1660398843, , 33.1257, -117.2828, 0, 242, 0, CL35, , , , , CL35
1660398843, , 33.1257, -117.2828, 0, 242, 0, CL35, , , , , CL35
1660398843, , 33.1257, -117.2828, 0, 242, 0, CL35, , , , , CL35
1660398843, , 33.1257, -117.2828, 0, 242, 0, CL35, , , , , CL35
1660398843, , 33.1257, -117.2828, 0, 242, 0, CL35, , , , , CL35
1660398843, , 33.1257, -117.2828, 0, 242, 0, CL35, , , , , CL35
1660398843, , 33.1257, -117.2828, 0, 242, 0, CL35, , , , , CL35
1660398843, , 33.1257, -117.2828, 0, 242, 0, CL35, , , , , CL35
1660398843, , 33.1257, -117.2828, 0, 242, 0, CL35, , , , , CL35
1660398862, , 33.1257, -117.2828, 0, 118, 0, CL35, , , , , CL35
1660398862, , 33.1257, -117.2828, 0, 118, 0, CL35, , , , , CL35
1660398867, , 33.1257, -117.2828, 0, 118, 0, CL35, , , , , CL35
1660398867, , 33.1257, -117.2828, 0, 118, 0, CL35, , , , , CL35
1660398867, , 33.1257, -117.2828, 0, 118, 0, CL35, , , , , CL35
1660398867, , 33.1257, -117.2828, 0, 118, 0, CL35, , , , , CL35
1660398877, , 33.1257, -117.2828, 0, 118, 0, CL35, , , , , CL35
1660398877, , 33.1257, -117.2828, 0, 118, 0, CL35, , , , , CL35
1660398877, , 33.1257, -117.2828, 0, 118, 0, CL35, , , , , CL35
1660398877, , 33.1257, -117.2828, 0, 118, 0, CL35, , , , , CL35
1660398877, , 33.1257, -117.2828, 0, 118, 0, CL35, , , , , CL35
1660398877, , 33.1257, -117.2828, 0, 118, 0, CL35, , , , , CL35
1660398877, , 33.1257, -117.2828, 0, 118, 0, CL35, , , , , CL35
1660398892, , 33.1257, -117.2828, 0, 118, 0, CL35, , , , , CL35
1660398892, , 33.1257, -117.2828, 0, 118, 0, CL35, , , , , CL35
1660398892, , 33.1257, -117.2828, 0, 118, 0, CL35, , , , , CL35
1660398892, , 33.1257, -117.2828, 0, 118, 0, CL35, , , , , CL35
1660398892, , 33.1257, -117.2828, 0, 118, 0, CL35, , , , , CL35
1660398892, , 33.1257, -117.2828, 0, 118, 0, CL35, , , , , CL35
1660398892, , 33.1257, -117.2828, 0, 118, 0, CL35, , , , , CL35
1660398892, , 33.1257, -117.2828, 0, 118, 0, CL35, , , , , CL35
1660398892, , 33.1257, -117.2828, 0, 118, 0, CL35, , , , , CL35
1660398912, , 33.1257, -117.2828, 0, 118, 0, CL35, , , , , CL35
1660398912, , 33.1257, -117.2828, 0, 118, 0, CL35, , , , , CL35
1660398912, , 33.1257, -117.2828, 0, 118, 0, CL35, , , , , CL35
1660398912, , 33.1257, -117.2828, 0, 118, 0, CL35, , , , , CL35
1660398912, , 33.1257, -117.2828, 0, 118, 0, CL35, , , , , CL35
1660398912, , 33.1257, -117.2828, 0, 118, 0, CL35, , , , , CL35
1660398912, , 33.1257, -117.2828, 0, 118, 0, CL35, , , , , CL35
1660398912, , 33.1257, -117.2828, 0, 118, 0, CL35, , , , , CL35
1660398912, , 33.1257, -117.2828, 0, 118, 0, CL35, , , , , CL35
1660398912, , 33.1257, -117.2828, 0, 118, 0, CL35, , , , , CL35
1660398912, , 33.1257, -117.2828, 0, 118, 0, CL35, , , , , CL35
1660398912, , 33.1257, -117.2828, 0, 118, 0, CL35, , , , , CL35
1660398912, , 33.1257, -117.2828, 0, 118, 0, CL35, , , , , CL35
1660398912, , 33.1257, -117.2828, 0, 118, 0, CL35, , , , , CL35
1660398942, , 33.1257, -117.2828, 0, 118, 0, CL35, , , , , CL35
1660398942, , 33.1257, -117.2828, 0, 118, 0, CL35, , , , , CL35
1660398942, , 33.1257, -117.2828, 0, 118, 0, CL35, , , , , CL35
1660398952, , 33.1257, -117.2828, 0, 118, 0, CL35, , , , , CL35
1660398952, , 33.1257, -117.2828, 0, 118, 0, CL35, , , , , CL35
1660398952, , 33.1257, -117.2828, 0, 118, 0, CL35, , , , , CL35
1660398952, , 33.1257, -117.2828, 0, 118, 0, CL35, , , , , CL35
1660398952, , 33.1257, -117.2828, 0, 118, 0, CL35, , , , , CL35
1660398952, , 33.1257, -117.2828, 0, 118, 0, CL35, , , , , CL35
1660398952, , 33.1257, -117.2828, 0, 118, 0, CL35, , , , , CL35
1660398952, , 33.1257, -117.2828, 0, 118, 0, CL35, , , , , CL35
1660398952, , 33.1257, -117.2828, 0, 118, 0, CL35, , , , , CL35
1660398952, , 33.1257, -117.2828, 0, 118, 0, CL35, , , , , CL35
1660398952, , 33.1257, -117.2828, 0, 118, 0, CL35, , , , , CL35
1660398952, , 33.1257, -117.2828, 0, 118, 0, CL35, , , , , CL35
1660398952, , 33.1257, -117.2828, 0, 118, 0, CL35, , , , , CL35
1660398952, , 33.1257, -117.2828, 0, 118, 0, CL35, , , , , CL35
1660398952, , 33.1257, -117.2828, 0, 118, 0, CL35, , , , , CL35
1660398952, , 33.1257, -117.2828, 0, 118, 0, CL35, , , , , CL35
1660398952, , 33.1257, -117.2828, 0, 118, 0, CL35, , , , , CL35
1660398952, , 33.1257, -117.2828, 0, 118, 0, CL35, , , , , CL35
1660398952, , 33.1257, -117.2828, 0, 118, 0, CL35, , , , , CL35
1660398952, , 33.1257, -117.2828, 0, 118, 0, CL35, , , , , CL35
1660398952, , 33.1257, -117.2828, 0, 118, 0, CL35, , , , , CL35
1660399002, , 33.1257, -117.2828, 0, 242, 0, CL35, , , , , CL35
1660399002, , 33.1257, -117.2828, 0, 242, 0, CL35, , , , , CL35
1660399002, , 33.1257, -117.2828, 0, 242, 0, CL35, , , , , CL35
1660399002, , 33.1257, -117.2828, 0, 242, 0, CL35, , , , , CL35
1660399002, , 33.1257, -117.2828, 0, 242, 0, CL35, , , , , CL35
1660399002, , 33.1257, -117.2828, 0, 242, 0, CL35, , , , , CL35
1660399012, , 33.1257, -117.2828, 0, 242, 0, CL35, , , , , CL35
1660399017, , 33.1257, -117.2828, 0, 118, 0, CL35, , , , , CL35
1660399017, , 33.1257, -117.2828, 0, 118, 0, CL35, , , , , CL35
1660399017, , 33.1257, -117.2828, 0, 118, 0, CL35, , , , , CL35
1660399017, , 33.1257, -117.2828, 0, 118, 0, CL35, , , , , CL35
1660399017, , 33.1257, -117.2828, 0, 118, 0, CL35, , , , , CL35
1660399017, , 33.1257, -117.2828, 0, 118, 0, CL35, , , , , CL35
1660399017, , 33.1257, -117.2828, 0, 118, 0, CL35, , , , , CL35
1660399017, , 33.1257, -117.2828, 0, 118, 0, CL35, , , , , CL35
1660399017, , 33.1257, -117.2828, 0, 118, 0, CL35, , , , , CL35
1660399017, , 33.1257, -117.2828, 0, 118, 0, CL35, , , , , CL35
1660399017, , 33.1257, -117.2828, 0, 118, 0, CL35, , , , , CL35
1660399017, , 33.1257, -117.2828, 0, 118, 0, CL35, , , , , CL35
1660399017, , 33.1257, -117.2828, 0, 118, 0, CL35, , , , , CL35
1660399017, , 33.1257, -117.2828, 0, 118, 0, CL35, , , , , CL35
1660399017, , 33.1257, -117.2828, 0, 118, 0, CL35, , , , , CL35
1660399017, , 33.1257, -117.2828, 0, 118, 0, CL35, , , , , CL35
1660399017, , 33.1257, -117.2828, 0, 118, 0, CL35, , , , , CL35
1660399017, , 33.1257, -117.2828, 0, 118, 0, CL35, , , , , CL35
1660399017, , 33.1257, -117.2828, 0, 118, 0, CL35, , , , , CL35
1660399017, , 33.1257, -117.2828, 0, 118, 0, CL35, , , , , CL35
1660399017, , 33.1257, -117.2828, 0, 118, 0, CL35, , , , , CL35
1660399017, , 33.1257, -117.2828, 0, 118, 0, CL35, , , , , CL35
1660399017, , 33.1257, -117.2828, 0, 118, 0, CL35, , , , , CL35
1660399017, , 33.1257, -117.2828, 0, 118, 0, CL35, , , , , CL35
1660399017, , 33.1257, -117.2828, 0, 118, 0, CL35, , , , , CL35
1660399017, , 33.1257, -117.2828, 0, 118, 0, CL35, , , , , CL35
1660399017, , 33.1257, -117.2828, 0, 118, 0, CL35, , , , , CL35
1660399017, , 33.1257, -117.2828, 0, 118, 0, CL35, , , , , CL35
1660399017, , 33.1257, -117.2828, 0, 118, 0, CL35, , , , , CL35
1660399017, , 33.1257, -117.2828, 0, 118, 0, CL35, , , , , CL35
1660399017, , 33.1257, -117.2828, 0, 118, 0, CL35, , , , , CL35
1660399017, , 33.1257, -117.2828, 0, 118, 0, CL35, , , , , CL35
1660399017, , 33.1257, -117.2828, 0, 118, 0, CL35, , , , , CL35
1660399017, , 33.1257, -117.2828, 0, 118, 0, CL35, , , , , CL35
1660399017, , 33.1257, -117.2828, 0, 118, 0, CL35, , , , , CL35
1660399017, , 33.1257, -117.2828, 0, 118, 0, CL35, , , , , CL35
1660399017, , 33.1257, -117.2828, 0, 118, 0, CL35, , , , , CL35
1660399017, , 33.1257, -117.2828, 0, 118, 0, CL35, , , , , CL35
1660399017, , 33.1257, -117.2828, 0, 118, 0, CL35, , , , , CL35
1660399253, , 33.1257, -117.2828, 0, 258, 0, CL35, , , , , CL35
1660399253, , 33.1257, -117.2828, 0, 258, 0, CL35, , , , , CL35
1660399258, , 33.1257, -117.2828, 0, 258, 0, CL35, , , , , CL35
1660399258, , 33.1257, -117.2828, 0, 258, 0, CL35, , , , , CL35
1660399258, , 33.1257, -117.2828, 0, 258, 0, CL35, , , , , CL35
1660399258, , 33.1257, -117.2828, 0, 258, 0, CL35, , , , , CL35
1660399258, , 33.1257, -117.2828, 0, 258, 0, CL35, , , , , CL35
1660399268, , 33.1257, -117.2828, 0, 258, 0, CL35, , , , , CL35
1660399268, , 33.1257, -117.2828, 0, 258, 0, CL35, , , , , CL35
1660399268, , 33.1257, -117.2828, 0, 258, 0, CL35, , , , , CL35
1660399268, , 33.1257, -117.2828, 0, 258, 0, CL35, , , , , CL35
1660399268, , 33.1257, -117.2828, 0, 258, 0, CL35, , , , , CL35
1660399268, , 33.1257, -117.2828, 0, 258, 0, CL35, , , , , CL35
1660399268, , 33.1257, -117.2828, 0, 258, 0, CL35, , , , , CL35
1660399268, , 33.1257, -117.2828, 0, 258, 0, CL35, , , , , CL35
1660399268, , 33.1257, -117.2828, 0, 258, 0, CL35, , , , , CL35
1660399268, , 33.1257, -117.2828, 0, 258, 0, CL35, , , , , CL35
1660399268, , 33.1257, -117.2828, 0, 258, 0, CL35, , , , , CL35
1660399268, , 33.1257, -117.2828, 0, 258, 0, CL35, , , , , CL35
1660399268, , 33.1257, -117.2828, 0, 258, 0, CL35, , , , , CL35
1660399268, , 33.1257, -117.2828, 0, 258, 0, CL35, , , , , CL35
1660399268, , 33.1257, -117.2828, 0, 258, 0, CL35, , , , , CL35
1660399268, , 33.1257, -117.2828, 0, 258, 0, CL35, , , , , CL35
1660399268, , 33.1257, -117.2828, 0, 258, 0, CL35, , , , , CL35
1660399268, , 33.1257, -117.2828, 0, 258, 0, CL35, , , , , CL35
1660399268, , 33.1257, -117.2828, 0, 258, 0, CL35, , , , , CL35
1660399268, , 33.1257, -117.2828, 0, 258, 0, CL35, , , , , CL35
1660399268, , 33.1257, -117.2828, 0, 258, 0, CL35, , , , , CL35
1660399268, , 33.1257, -117.2828, 0, 258, 0, CL35, , , , , CL35
1660399268, , 33.1257, -117.2828, 0, 258, 0, CL35, , , , , CL35
1660399268, , 33.1257, -117.2828, 0, 258, 0, CL35, , , , , CL35
1660399268, , 33.1257, -117.2828, 0, 258, 0, CL35, , , , , CL35
1660399268, , 33.1257, -117.2828, 0, 258, 0, CL35, , , , , CL35
1660399268, , 33.1257, -117.2828, 0, 258, 0, CL35, , , , , CL35
1660399268, , 33.1257, -117.2828, 0, 258, 0, CL35, , , , , CL35
1660399268, , 33.1257, -117.2828, 0, 258, 0, CL35, , , , , CL35
1660399268, , 33.1257, -117.2828, 0, 258, 0, CL35, , , , , CL35
1660399268, , 33.1257, -117.2828, 0, 258, 0, CL35, , , , , CL35
1660399268, , 33.1257, -117.2828, 0, 258, 0, CL35, , , , , CL35
1660399268, , 33.1257, -117.2828, 0, 258, 0, CL35, , , , , CL35
1660399268, , 33.1257, -117.2828, 0, 258, 0, CL35, , , , , CL35
1660399268, , 33.1257, -117.2828, 0, 258, 0, CL35, , , , , CL35
1660399268, , 33.1257, -117.2828, 0, 258, 0, CL35, , , , , CL35
1660399268, , 33.1257, -117.2828, 0, 258, 0, CL35, , , , , CL35
1660399268, , 33.1257, -117.2828, 0, 258, 0, CL35, , , , , CL35
1660399268, , 33.1257, -117.2828, 0, 258, 0, CL35, , , , , CL35
1660400975, , 33.1257, -117.2828, 0, 258, 0, CL35, , , , , CL35
1660400980, , 33.1257, -117.2828, 0, 258, 0, CL35, , , , , CL35
1660400980, , 33.1257, -117.2828, 0, 258, 0, CL35, , , , , CL35
1660400985, , 33.1257, -117.2828, 0, 258, 0, CL35, , , , , CL35
1660400985, , 33.1257, -117.2828, 0, 258, 0, CL35, , , , , CL35
1660400985, , 33.1257, -117.2828, 0, 258, 0, CL35, , , , , CL35
1660400985, , 33.1257, -117.2828, 0, 258, 0, CL35, , , , , CL35
1660400990, , 33.1257, -117.2828, 0, 258, 0, CL35, , , , , CL35
1660400990, , 33.1257, -117.2828, 0, 258, 0, CL35, , , , , CL35
1660400990, , 33.1257, -117.2828, 0, 258, 0, CL35, , , , , CL35
1660400990, , 33.1257, -117.2828, 0, 258, 0, CL35, , , , , CL35
1660400990, , 33.1257, -117.2828, 0, 258, 0, CL35, , , , , CL35
1660400990, , 33.1257, -117.2828, 0, 258, 0, CL35, , , , , CL35
1660400990, , 33.1257, -117.2828, 0, 258, 0, CL35, , , , , CL35
1660400990, , 33.1257, -117.2828, 0, 258, 0, CL35, , , , , CL35
1660400990, , 33.1257, -117.2828, 0, 258, 0, CL35, , , , , CL35
1660400990, , 33.1257, -117.2828, 0, 258, 0, CL35, , , , , CL35
1660400990, , 33.1257, -117.2828, 0, 258, 0, CL35, , , , , CL35
1660400990, , 33.1257, -117.2828, 0, 258, 0, CL35, , , , , CL35
1660400990, , 33.1257, -117.2828, 0, 258, 0, CL35, , , , , CL35
1660400990, , 33.1257, -117.2828, 0, 258, 0, CL35, , , , , CL35
1660400990, , 33.1257, -117.2828, 0, 258, 0, CL35, , , , , CL35
1660400990, , 33.1257, -117.2828, 0, 258, 0, CL35, , , , , CL35
1660400990, , 33.1257, -117.2828, 0, 258, 0, CL35, , , , , CL35
1660400990, , 33.1257, -117.2828, 0, 258, 0, CL35, , , , , CL35
1660400990, , 33.1257, -117.2828, 0, 258, 0, CL35, , , , , CL35
1660400990, , 33.1257, -117.2828, 0, 258, 0, CL35, , , , , CL35
1660400990, , 33.1257, -117.2828, 0, 258, 0, CL35, , , , , CL35
1660401040, , 33.1257, -117.2828, 0, 258, 0, CL35, , , , , CL35
1660401040, , 33.1257, -117.2828, 0, 258, 0, CL35, , , , , CL35
1660401040, , 33.1257, -117.2828, 0, 258, 0, CL35, , , , , CL35
1660401040, , 33.1257, -117.2828, 0, 258, 0, CL35, , , , , CL35
1660401040, , 33.1257, -117.2828, 0, 258, 0, CL35, , , , , CL35
1660401040, , 33.1257, -117.2828, 0, 258, 0, CL35, , , , , CL35
1660401040, , 33.1257, -117.2828, 0, 258, 0, CL35, , , , , CL35
1660401055, , 33.1257, -117.2828, 0, 258, 0, CL35, , , , , CL35
1660401060, , 33.1257, -117.2828, 0, 258, 0, CL35, , , , , CL35
1660401060, , 33.1257, -117.2828, 0, 258, 0, CL35, , , , , CL35
1660401060, , 33.1257, -117.2828, 0, 258, 0, CL35, , , , , CL35
1660401060, , 33.1257, -117.2828, 0, 258, 0, CL35, , , , , CL35
1660401070, , 33.1257, -117.2828, 0, 258, 1, CL35, , , , , CL35
1660401070, , 33.1257, -117.2828, 0, 258, 1, CL35, , , , , CL35
1660401070, , 33.1257, -117.2828, 0, 258, 1, CL35, , , , , CL35
1660401070, , 33.1257, -117.2828, 0, 258, 1, CL35, , , , , CL35
1660401070, , 33.1257, -117.2828, 0, 258, 1, CL35, , , , , CL35
1660401081, , 33.1257, -117.2828, 0, 258, 0, CL35, , , , , CL35
1660401081, , 33.1257, -117.2828, 0, 258, 0, CL35, , , , , CL35
1660401084, , 33.1256, -117.283, 0, 258, 0, CL35, , , , , CL35
1660401084, , 33.1256, -117.283, 0, 258, 0, CL35, , , , , CL35
1660401086, , 33.1256, -117.283, 0, 258, 1, CL35, , , , , CL35
1660401086, , 33.1256, -117.283, 0, 258, 1, CL35, , , , , CL35
1660401086, , 33.1256, -117.283, 0, 258, 1, CL35, , , , , CL35
1660401086, , 33.1256, -117.283, 0, 258, 1, CL35, , , , , CL35
1660401086, , 33.1256, -117.283, 0, 258, 1, CL35, , , , , CL35
1660401086, , 33.1256, -117.283, 0, 258, 1, CL35, , , , , CL35
1660401086, , 33.1256, -117.283, 0, 258, 1, CL35, , , , , CL35
1660401086, , 33.1256, -117.283, 0, 258, 1, CL35, , , , , CL35
1660401086, , 33.1256, -117.283, 0, 258, 1, CL35, , , , , CL35
1660401106, , 33.1257, -117.2828, 0, 258, 1, CL35, , , , , CL35
1660401106, , 33.1257, -117.2828, 0, 258, 1, CL35, , , , , CL35
1660401106, , 33.1257, -117.2828, 0, 258, 1, CL35, , , , , CL35
1660401116, , 33.1257, -117.2828, 0, 258, 1, CL35, , , , , CL35
1660401116, , 33.1257, -117.2828, 0, 258, 1, CL35, , , , , CL35
1660401116, , 33.1257, -117.2828, 0, 258, 1, CL35, , , , , CL35
1660401116, , 33.1257, -117.2828, 0, 258, 1, CL35, , , , , CL35
1660401116, , 33.1257, -117.2828, 0, 258, 1, CL35, , , , , CL35
1660401116, , 33.1257, -117.2828, 0, 258, 1, CL35, , , , , CL35
1660401116, , 33.1257, -117.2828, 0, 258, 1, CL35, , , , , CL35
1660401130, , 33.1257, -117.2828, 0, 258, 2, CL35, , , , , CL35
1660401130, , 33.1257, -117.2828, 0, 258, 2, CL35, , , , , CL35
1660401130, , 33.1257, -117.2828, 0, 258, 2, CL35, , , , , CL35
1660401130, , 33.1257, -117.2828, 0, 258, 2, CL35, , , , , CL35
1660401130, , 33.1257, -117.2828, 0, 258, 2, CL35, , , , , CL35
1660401130, , 33.1257, -117.2828, 0, 258, 2, CL35, , , , , CL35
1660401130, , 33.1257, -117.2828, 0, 258, 2, CL35, , , , , CL35
1660401130, , 33.1257, -117.2828, 0, 258, 2, CL35, , , , , CL35
1660401147, , 33.1258, -117.283, 0, 345, 5, CL35, , , , , CL35
1660401147, , 33.1258, -117.283, 0, 345, 5, CL35, , , , , CL35
1660401147, , 33.1258, -117.283, 0, 345, 5, CL35, , , , , CL35
1660401155, , 33.126, -117.283, 0, 348, 5, CL35, , , , , CL35
1660401155, , 33.126, -117.283, 0, 348, 5, CL35, , , , , CL35
1660401155, , 33.126, -117.283, 0, 348, 5, CL35, , , , , CL35
1660401155, , 33.126, -117.283, 0, 348, 5, CL35, , , , , CL35
1660401155, , 33.126, -117.283, 0, 348, 5, CL35, , , , , CL35
1660401155, , 33.126, -117.283, 0, 348, 5, CL35, , , , , CL35
1660401155, , 33.126, -117.283, 0, 348, 5, CL35, , , , , CL35
1660401155, , 33.126, -117.283, 0, 348, 5, CL35, , , , , CL35
1660401155, , 33.126, -117.283, 0, 348, 5, CL35, , , , , CL35
1660401155, , 33.126, -117.283, 0, 348, 5, CL35, , , , , CL35
1660401155, , 33.126, -117.283, 0, 348, 5, CL35, , , , , CL35
1660401181, , 33.1269, -117.2831, 0, 42, 8, CL35, , , , , CL35
1660401181, , 33.1269, -117.2831, 0, 42, 8, CL35, , , , , CL35
1660401181, , 33.1269, -117.2831, 0, 42, 8, CL35, , , , , CL35
1660401181, , 33.1269, -117.2831, 0, 42, 8, CL35, , , , , CL35
1660401181, , 33.1269, -117.2831, 0, 42, 8, CL35, , , , , CL35
1660401191, , 33.127, -117.2826, 0, 78, 11, CL35, , , , , CL35
1660401191, , 33.127, -117.2826, 0, 78, 11, CL35, , , , , CL35
1660401197, , 33.1271, -117.2822, 0, 78, 13, CL35, , , , , CL35
1660401197, , 33.1271, -117.2822, 0, 78, 13, CL35, , , , , CL35
1660401202, , 33.1272, -117.2818, 0, 78, 15, CL35, , , , , CL35
1660401205, , 33.1272, -117.2815, 0, 78, 15, CL35, , , , , CL35
1660401205, , 33.1272, -117.2815, 0, 78, 15, CL35, , , , , CL35
1660401207, , 33.1272, -117.2813, 0, 78, 16, CL35, , , , , CL35
1660401207, , 33.1272, -117.2813, 0, 78, 16, CL35, , , , , CL35
1660401207, , 33.1272, -117.2813, 0, 78, 16, CL35, , , , , CL35
1660401207, , 33.1272, -117.2813, 0, 78, 16, CL35, , , , , CL35
1660401207, , 33.1272, -117.2813, 0, 78, 16, CL35, , , , , CL35
1660401207, , 33.1272, -117.2813, 0, 78, 16, CL35, , , , , CL35
1660401207, , 33.1272, -117.2813, 0, 78, 16, CL35, , , , , CL35
1660401223, , 33.1275, -117.2799, 0, 78, 18, CL35, , , , , CL35
1660401223, , 33.1275, -117.2799, 0, 78, 18, CL35, , , , , CL35
1660401223, , 33.1275, -117.2799, 0, 78, 18, CL35, , , , , CL35
1660401223, , 33.1275, -117.2799, 0, 78, 18, CL35, , , , , CL35
1660401231, , 33.1276, -117.2791, 0, 78, 17, CL35, , , , , CL35
1660401231, , 33.1276, -117.2791, 0, 78, 17, CL35, , , , , CL35
1660401231, , 33.1276, -117.2791, 0, 78, 17, CL35, , , , , CL35
1660401241, , 33.1278, -117.2781, 0, 78, 16, CL35, , , , , CL35
1660401241, , 33.1278, -117.2781, 0, 78, 16, CL35, , , , , CL35
1660401245, , 33.1278, -117.2778, 0, 78, 15, CL35, , , , , CL35
1660401245, , 33.1278, -117.2778, 0, 78, 15, CL35, , , , , CL35
1660401249, , 33.1279, -117.2775, 0, 78, 15, CL35, , , , , CL35
1660401249, , 33.1279, -117.2775, 0, 78, 15, CL35, , , , , CL35
1660401254, , 33.1279, -117.2771, 0, 78, 14, CL35, , , , , CL35
1660401254, , 33.1279, -117.2771, 0, 78, 14, CL35, , , , , CL35
1660401254, , 33.1279, -117.2771, 0, 78, 14, CL35, , , , , CL35
1660401254, , 33.1279, -117.2771, 0, 78, 14, CL35, , , , , CL35
1660401254, , 33.1279, -117.2771, 0, 78, 14, CL35, , , , , CL35
1660401254, , 33.1279, -117.2771, 0, 78, 14, CL35, , , , , CL35
1660401254, , 33.1279, -117.2771, 0, 78, 14, CL35, , , , , CL35
1660401254, , 33.1279, -117.2771, 0, 78, 14, CL35, , , , , CL35
1660401254, , 33.1279, -117.2771, 0, 78, 14, CL35, , , , , CL35
1660401254, , 33.1279, -117.2771, 0, 78, 14, CL35, , , , , CL35
1660401254, , 33.1279, -117.2771, 0, 78, 14, CL35, , , , , CL35
1660401254, , 33.1279, -117.2771, 0, 78, 14, CL35, , , , , CL35
1660401254, , 33.1279, -117.2771, 0, 78, 14, CL35, , , , , CL35
1660401254, , 33.1279, -117.2771, 0, 78, 14, CL35, , , , , CL35
1660401254, , 33.1279, -117.2771, 0, 78, 14, CL35, , , , , CL35
1660401254, , 33.1279, -117.2771, 0, 78, 14, CL35, , , , , CL35
1660401254, , 33.1279, -117.2771, 0, 78, 14, CL35, , , , , CL35
1660401254, , 33.1279, -117.2771, 0, 78, 14, CL35, , , , , CL35
1660401291, , 33.1284, -117.274, 0, 78, 16, CL35, , , , , CL35
1660401291, , 33.1284, -117.274, 0, 78, 16, CL35, , , , , CL35
1660401291, , 33.1284, -117.274, 0, 78, 16, CL35, , , , , CL35
1660401291, , 33.1284, -117.274, 0, 78, 16, CL35, , , , , CL35
1660401291, , 33.1284, -117.274, 0, 78, 16, CL35, , , , , CL35
1660401291, , 33.1284, -117.274, 0, 78, 16, CL35, , , , , CL35
1660401291, , 33.1284, -117.274, 0, 78, 16, CL35, , , , , CL35
1660401291, , 33.1284, -117.274, 0, 78, 16, CL35, , , , , CL35
1660401291, , 33.1284, -117.274, 0, 78, 16, CL35, , , , , CL35
1660401291, , 33.1284, -117.274, 0, 78, 16, CL35, , , , , CL35
1660401291, , 33.1284, -117.274, 0, 78, 16, CL35, , , , , CL35
1660401291, , 33.1284, -117.274, 0, 78, 16, CL35, , , , , CL35
1660401291, , 33.1284, -117.274, 0, 78, 16, CL35, , , , , CL35
1660401291, , 33.1284, -117.274, 0, 78, 16, CL35, , , , , CL35
1660401291, , 33.1284, -117.274, 0, 78, 16, CL35, , , , , CL35
1660401291, , 33.1284, -117.274, 0, 78, 16, CL35, , , , , CL35
1660401291, , 33.1284, -117.274, 0, 78, 16, CL35, , , , , CL35
1660401291, , 33.1284, -117.274, 0, 78, 16, CL35, , , , , CL35
1660401291, , 33.1284, -117.274, 0, 78, 16, CL35, , , , , CL35
1660401291, , 33.1284, -117.274, 0, 78, 16, CL35, , , , , CL35
1660401291, , 33.1284, -117.274, 0, 78, 16, CL35, , , , , CL35
1660401291, , 33.1284, -117.274, 0, 78, 16, CL35, , , , , CL35
1660401291, , 33.1284, -117.274, 0, 78, 16, CL35, , , , , CL35
1660401291, , 33.1284, -117.274, 0, 78, 16, CL35, , , , , CL35
1660401291, , 33.1284, -117.274, 0, 78, 16, CL35, , , , , CL35
1660401291, , 33.1284, -117.274, 0, 78, 16, CL35, , , , , CL35
1660401291, , 33.1284, -117.274, 0, 78, 16, CL35, , , , , CL35
1660401291, , 33.1284, -117.274, 0, 78, 16, CL35, , , , , CL35
1660401291, , 33.1284, -117.274, 0, 78, 16, CL35, , , , , CL35
1660401291, , 33.1284, -117.274, 0, 78, 16, CL35, , , , , CL35
1660401291, , 33.1284, -117.274, 0, 78, 16, CL35, , , , , CL35
1660401291, , 33.1284, -117.274, 0, 78, 16, CL35, , , , , CL35
1660401291, , 33.1284, -117.274, 0, 78, 16, CL35, , , , , CL35
1660401291, , 33.1284, -117.274, 0, 78, 16, CL35, , , , , CL35
1660401291, , 33.1284, -117.274, 0, 78, 16, CL35, , , , , CL35
1660401291, , 33.1284, -117.274, 0, 78, 16, CL35, , , , , CL35
1660401291, , 33.1284, -117.274, 0, 78, 16, CL35, , , , , CL35
1660401291, , 33.1284, -117.274, 0, 78, 16, CL35, , , , , CL35
