//Timestamp, ICAO, Latitude_deg, Longitude_deg, Altitude_ft, Heading_deg, GroundSpeed_kts, AircraftType, RegistrationNum, Departure, Arrival, FlightNumber1, FlightNumber2
1660412807, , 33.7518, -118.6602, 14100, 162, 356, CL30, , , , , CL30
1660412807, , 33.7518, -118.6602, 14100, 162, 356, CL30, , , , , CL30
1660412811, , 33.7463, -118.6582, 13975, 162, 354, CL30, , , , , CL30
1660412811, , 33.7463, -118.6582, 13975, 162, 354, CL30, , , , , CL30
1660412815, , 33.7438, -118.6572, 13875, 162, 354, CL30, , , , , CL30
1660412819, , 33.735, -118.654, 13725, 163, 353, CL30, , , , , CL30
1660412819, , 33.735, -118.654, 13725, 163, 353, CL30, , , , , CL30
1660412823, , 33.7273, -118.6513, 13625, 163, 352, CL30, , , , , CL30
1660412823, , 33.7273, -118.6513, 13625, 163, 352, CL30, , , , , CL30
1660412827, , 33.721, -118.6491, 13525, 163, 350, CL30, , , , , CL30
1660412827, , 33.721, -118.6491, 13525, 163, 350, CL30, , , , , CL30
1660412831, , 33.7157, -118.6472, 13425, 163, 349, CL30, , , , , CL30
1660412835, , 33.7083, -118.6447, 13300, 163, 348, CL30, , , , , CL30
1660412835, , 33.7083, -118.6447, 13300, 163, 348, CL30, , , , , CL30
1660412839, , 33.7021, -118.6425, 13175, 163, 347, CL30, , , , , CL30
1660412839, , 33.7021, -118.6425, 13175, 163, 347, CL30, , , , , CL30
1660412843, , 33.697, -118.6407, 13075, 163, 346, CL30, , , , , CL30
1660412843, , 33.697, -118.6407, 13075, 163, 346, CL30, , , , , CL30
1660412847, , 33.6899, -118.6382, 12975, 163, 345, CL30, , , , , CL30
1660412851, , 33.6844, -118.6363, 12875, 163, 344, CL30, , , , , CL30
1660412851, , 33.6844, -118.6363, 12875, 163, 344, CL30, , , , , CL30
1660412855, , 33.6793, -118.6344, 12750, 163, 342, CL30, , , , , CL30
1660412855, , 33.6793, -118.6344, 12750, 163, 342, CL30, , , , , CL30
1660412859, , 33.6718, -118.6317, 12625, 163, 342, CL30, , , , , CL30
1660412859, , 33.6718, -118.6317, 12625, 163, 342, CL30, , , , , CL30
1660412863, , 33.6671, -118.63, 12525, 163, 341, CL30, , , , , CL30
1660412868, , 33.6603, -118.6276, 12375, 163, 340, CL30, , , , , CL30
1660412868, , 33.6603, -118.6276, 12375, 163, 340, CL30, , , , , CL30
1660412872, , 33.652, -118.6245, 12275, 163, 339, CL30, , , , , CL30
1660412872, , 33.652, -118.6245, 12275, 163, 339, CL30, , , , , CL30
1660412876, , 33.6451, -118.6221, 12150, 163, 337, CL30, , , , , CL30
1660412880, , 33.6466, -118.6226, 12050, 163, 338, CL30, , , , , CL30
1660412880, , 33.6466, -118.6226, 12050, 163, 338, CL30, , , , , CL30
1660412885, , 33.6334, -118.6179, 11925, 163, 331, CL30, , , , , CL30
1660412885, , 33.6334, -118.6179, 11925, 163, 331, CL30, , , , , CL30
1660412889, , 33.6268, -118.6156, 11800, 163, 329, CL30, , , , , CL30
1660412889, , 33.6268, -118.6156, 11800, 163, 329, CL30, , , , , CL30
1660412893, , 33.6209, -118.6134, 11700, 163, 329, CL30, , , , , CL30
1660412897, , 33.6154, -118.611, 11600, 159, 324, CL30, , , , , CL30
1660412897, , 33.6154, -118.611, 11600, 159, 324, CL30, , , , , CL30
1660412901, , 33.6101, -118.6081, 11475, 154, 321, CL30, , , , , CL30
1660412901, , 33.6101, -118.6081, 11475, 154, 321, CL30, , , , , CL30
1660412906, , 33.6048, -118.6045, 11375, 149, 319, CL30, , , , , CL30
1660412906, , 33.6048, -118.6045, 11375, 149, 319, CL30, , , , , CL30
1660412906, , 33.6048, -118.6045, 11375, 149, 319, CL30, , , , , CL30
1660412911, , 33.5993, -118.5999, 11250, 143, 315, CL30, , , , , CL30
1660412911, , 33.5993, -118.5999, 11250, 143, 315, CL30, , , , , CL30
1660412916, , 33.5961, -118.5969, 11125, 139, 313, CL30, , , , , CL30
1660412916, , 33.5961, -118.5969, 11125, 139, 313, CL30, , , , , CL30
1660412919, , 33.5918, -118.592, 11050, 135, 310, CL30, , , , , CL30
1660412919, , 33.5918, -118.592, 11050, 135, 310, CL30, , , , , CL30
1660412919, , 33.5918, -118.592, 11050, 135, 310, CL30, , , , , CL30
1660412919, , 33.5918, -118.592, 11050, 135, 310, CL30, , , , , CL30
1660412919, , 33.5918, -118.592, 11050, 135, 310, CL30, , , , , CL30
1660412919, , 33.5918, -118.592, 11050, 135, 310, CL30, , , , , CL30
1660412919, , 33.5918, -118.592, 11050, 135, 310, CL30, , , , , CL30
1660412919, , 33.5918, -118.592, 11050, 135, 310, CL30, , , , , CL30
1660412919, , 33.5918, -118.592, 11050, 135, 310, CL30, , , , , CL30
1660412938, , 33.5737, -118.5625, 10550, 123, 301, CL30, , , , , CL30
1660412943, , 33.5703, -118.5564, 10450, 122, 300, CL30, , , , , CL30
1660412943, , 33.5703, -118.5564, 10450, 122, 300, CL30, , , , , CL30
1660412948, , 33.5665, -118.5493, 10325, 122, 299, CL30, , , , , CL30
1660412948, , 33.5665, -118.5493, 10325, 122, 299, CL30, , , , , CL30
1660412952, , 33.5628, -118.5424, 10225, 122, 299, CL30, , , , , CL30
1660412952, , 33.5628, -118.5424, 10225, 122, 299, CL30, , , , , CL30
1660412956, , 33.5605, -118.5381, 10125, 122, 299, CL30, , , , , CL30
1660412960, , 33.5576, -118.5327, 10050, 122, 299, CL30, , , , , CL30
1660412960, , 33.5576, -118.5327, 10050, 122, 299, CL30, , , , , CL30
1660412964, , 33.5545, -118.527, 9950, 122, 298, CL30, , , , , CL30
1660412964, , 33.5545, -118.527, 9950, 122, 298, CL30, , , , , CL30
1660412969, , 33.5511, -118.5206, 9825, 122, 297, CL30, , , , , CL30
1660412973, , 33.548, -118.5147, 9750, 122, 297, CL30, , , , , CL30
1660412973, , 33.548, -118.5147, 9750, 122, 297, CL30, , , , , CL30
1660412977, , 33.5443, -118.5079, 9625, 122, 296, CL30, , , , , CL30
1660412977, , 33.5443, -118.5079, 9625, 122, 296, CL30, , , , , CL30
1660412981, , 33.5423, -118.5043, 9550, 122, 296, CL30, , , , , CL30
1660412981, , 33.5423, -118.5043, 9550, 122, 296, CL30, , , , , CL30
1660412985, , 33.539, -118.498, 9475, 122, 295, CL30, , , , , CL30
1660412988, , 33.5382, -118.4965, 9400, 122, 295, CL30, , , , , CL30
1660412988, , 33.5382, -118.4965, 9400, 122, 295, CL30, , , , , CL30
1660412992, , 33.5352, -118.4908, 9275, 122, 295, CL30, , , , , CL30
1660412992, , 33.5352, -118.4908, 9275, 122, 295, CL30, , , , , CL30
1660412996, , 33.5319, -118.4843, 9200, 122, 295, CL30, , , , , CL30
1660412996, , 33.5319, -118.4843, 9200, 122, 295, CL30, , , , , CL30
1660413000, , 33.5285, -118.4765, 9100, 115, 294, CL30, , , , , CL30
1660413004, , 33.5274, -118.4737, 9000, 112, 293, CL30, , , , , CL30
