//Timestamp, ICAO, Latitude_deg, Longitude_deg, Altitude_ft, Heading_deg, GroundSpeed_kts, AircraftType, RegistrationNum, Departure, Arrival, FlightNumber1, FlightNumber2
1660413195, , 33.1267, -117.283, 0, 258, 0, CL60, , , , , CL60
1660413195, , 33.1267, -117.283, 0, 258, 0, CL60, , , , , CL60
1660413195, , 33.1267, -117.283, 0, 258, 0, CL60, , , , , CL60
1660413205, , 33.1267, -117.283, 0, 258, 0, CL60, , , , , CL60
1660413205, , 33.1267, -117.283, 0, 258, 0, CL60, , , , , CL60
1660413205, , 33.1267, -117.283, 0, 258, 0, CL60, , , , , CL60
1660413205, , 33.1267, -117.283, 0, 258, 0, CL60, , , , , CL60
1660413212, , 33.1267, -117.283, 0, 258, 0, CL60, , , , , CL60
1660413212, , 33.1267, -117.283, 0, 258, 0, CL60, , , , , CL60
1660413212, , 33.1267, -117.283, 0, 258, 0, CL60, , , , , CL60
1660413212, , 33.1267, -117.283, 0, 258, 0, CL60, , , , , CL60
1660413212, , 33.1267, -117.283, 0, 258, 0, CL60, , , , , CL60
1660413212, , 33.1267, -117.283, 0, 258, 0, CL60, , , , , CL60
1660413212, , 33.1267, -117.283, 0, 258, 0, CL60, , , , , CL60
1660413212, , 33.1267, -117.283, 0, 258, 0, CL60, , , , , CL60
1660413212, , 33.1267, -117.283, 0, 258, 0, CL60, , , , , CL60
1660413212, , 33.1267, -117.283, 0, 258, 0, CL60, , , , , CL60
1660413212, , 33.1267, -117.283, 0, 258, 0, CL60, , , , , CL60
1660413212, , 33.1267, -117.283, 0, 258, 0, CL60, , , , , CL60
1660413212, , 33.1267, -117.283, 0, 258, 0, CL60, , , , , CL60
1660413212, , 33.1267, -117.283, 0, 258, 0, CL60, , , , , CL60
1660413212, , 33.1267, -117.283, 0, 258, 0, CL60, , , , , CL60
1660413247, , 33.1267, -117.283, 0, 258, 0, CL60, , , , , CL60
1660413247, , 33.1267, -117.283, 0, 258, 0, CL60, , , , , CL60
1660413247, , 33.1267, -117.283, 0, 258, 0, CL60, , , , , CL60
1660413247, , 33.1267, -117.283, 0, 258, 0, CL60, , , , , CL60
1660413247, , 33.1267, -117.283, 0, 258, 0, CL60, , , , , CL60
1660413247, , 33.1267, -117.283, 0, 258, 0, CL60, , , , , CL60
1660413247, , 33.1267, -117.283, 0, 258, 0, CL60, , , , , CL60
1660413247, , 33.1267, -117.283, 0, 258, 0, CL60, , , , , CL60
1660413247, , 33.1267, -117.283, 0, 258, 0, CL60, , , , , CL60
1660413247, , 33.1267, -117.283, 0, 258, 0, CL60, , , , , CL60
1660413247, , 33.1267, -117.283, 0, 258, 0, CL60, , , , , CL60
1660413247, , 33.1267, -117.283, 0, 258, 0, CL60, , , , , CL60
1660413247, , 33.1267, -117.283, 0, 258, 0, CL60, , , , , CL60
1660413247, , 33.1267, -117.283, 0, 258, 0, CL60, , , , , CL60
1660413247, , 33.1267, -117.283, 0, 258, 0, CL60, , , , , CL60
1660413247, , 33.1267, -117.283, 0, 258, 0, CL60, , , , , CL60
1660413247, , 33.1267, -117.283, 0, 258, 0, CL60, , , , , CL60
1660413247, , 33.1267, -117.283, 0, 258, 0, CL60, , , , , CL60
1660413247, , 33.1267, -117.283, 0, 258, 0, CL60, , , , , CL60
1660413247, , 33.1267, -117.283, 0, 258, 0, CL60, , , , , CL60
1660413247, , 33.1267, -117.283, 0, 258, 0, CL60, , , , , CL60
1660413247, , 33.1267, -117.283, 0, 258, 0, CL60, , , , , CL60
1660413247, , 33.1267, -117.283, 0, 258, 0, CL60, , , , , CL60
1660413247, , 33.1267, -117.283, 0, 258, 0, CL60, , , , , CL60
1660413247, , 33.1267, -117.283, 0, 258, 0, CL60, , , , , CL60
1660413247, , 33.1267, -117.283, 0, 258, 0, CL60, , , , , CL60
1660413247, , 33.1267, -117.283, 0, 258, 0, CL60, , , , , CL60
1660413247, , 33.1267, -117.283, 0, 258, 0, CL60, , , , , CL60
1660413247, , 33.1267, -117.283, 0, 258, 0, CL60, , , , , CL60
1660413247, , 33.1267, -117.283, 0, 258, 0, CL60, , , , , CL60
1660413247, , 33.1267, -117.283, 0, 258, 0, CL60, , , , , CL60
1660413247, , 33.1267, -117.283, 0, 258, 0, CL60, , , , , CL60
1660413247, , 33.1267, -117.283, 0, 258, 0, CL60, , , , , CL60
1660413247, , 33.1267, -117.283, 0, 258, 0, CL60, , , , , CL60
1660413247, , 33.1267, -117.283, 0, 258, 0, CL60, , , , , CL60
1660413247, , 33.1267, -117.283, 0, 258, 0, CL60, , , , , CL60
1660413247, , 33.1267, -117.283, 0, 258, 0, CL60, , , , , CL60
1660413333, , 33.1271, -117.2822, 0, 78, 12, CL60, , , , , CL60
1660413333, , 33.1271, -117.2822, 0, 78, 12, CL60, , , , , CL60
1660413336, , 33.1271, -117.282, 0, 78, 13, CL60, , , , , CL60
1660413336, , 33.1271, -117.282, 0, 78, 13, CL60, , , , , CL60
1660413336, , 33.1271, -117.282, 0, 78, 13, CL60, , , , , CL60
1660413336, , 33.1271, -117.282, 0, 78, 13, CL60, , , , , CL60
1660413336, , 33.1271, -117.282, 0, 78, 13, CL60, , , , , CL60
1660413336, , 33.1271, -117.282, 0, 78, 13, CL60, , , , , CL60
1660413336, , 33.1271, -117.282, 0, 78, 13, CL60, , , , , CL60
1660413336, , 33.1271, -117.282, 0, 78, 13, CL60, , , , , CL60
1660413357, , 33.1274, -117.28, 0, 78, 20, CL60, , , , , CL60
1660413357, , 33.1274, -117.28, 0, 78, 20, CL60, , , , , CL60
1660413357, , 33.1274, -117.28, 0, 78, 20, CL60, , , , , CL60
1660413357, , 33.1274, -117.28, 0, 78, 20, CL60, , , , , CL60
1660413357, , 33.1274, -117.28, 0, 78, 20, CL60, , , , , CL60
1660413357, , 33.1274, -117.28, 0, 78, 20, CL60, , , , , CL60
1660413357, , 33.1274, -117.28, 0, 78, 20, CL60, , , , , CL60
1660413357, , 33.1274, -117.28, 0, 78, 20, CL60, , , , , CL60
1660413357, , 33.1274, -117.28, 0, 78, 20, CL60, , , , , CL60
1660413357, , 33.1274, -117.28, 0, 78, 20, CL60, , , , , CL60
1660413357, , 33.1274, -117.28, 0, 78, 20, CL60, , , , , CL60
1660413357, , 33.1274, -117.28, 0, 78, 20, CL60, , , , , CL60
1660413357, , 33.1274, -117.28, 0, 78, 20, CL60, , , , , CL60
1660413383, , 33.1279, -117.2771, 0, 78, 20, CL60, , , , , CL60
1660413383, , 33.1279, -117.2771, 0, 78, 20, CL60, , , , , CL60
1660413383, , 33.1279, -117.2771, 0, 78, 20, CL60, , , , , CL60
1660413383, , 33.1279, -117.2771, 0, 78, 20, CL60, , , , , CL60
1660413383, , 33.1279, -117.2771, 0, 78, 20, CL60, , , , , CL60
1660413396, , 33.1281, -117.2757, 0, 78, 18, CL60, , , , , CL60
1660413396, , 33.1281, -117.2757, 0, 78, 18, CL60, , , , , CL60
1660413399, , 33.1282, -117.2754, 0, 78, 16, CL60, , , , , CL60
1660413405, , 33.1283, -117.2749, 0, 78, 15, CL60, , , , , CL60
1660413405, , 33.1283, -117.2749, 0, 78, 15, CL60, , , , , CL60
1660413406, , 33.1283, -117.2748, 0, 78, 14, CL60, , , , , CL60
1660413406, , 33.1283, -117.2748, 0, 78, 14, CL60, , , , , CL60
1660413406, , 33.1283, -117.2748, 0, 78, 14, CL60, , , , , CL60
1660413406, , 33.1283, -117.2748, 0, 78, 14, CL60, , , , , CL60
1660413406, , 33.1283, -117.2748, 0, 78, 14, CL60, , , , , CL60
1660413421, , 33.1285, -117.2738, 0, 78, 12, CL60, , , , , CL60
1660413421, , 33.1285, -117.2738, 0, 78, 12, CL60, , , , , CL60
1660413425, , 33.1285, -117.2735, 0, 78, 12, CL60, , , , , CL60
1660413425, , 33.1285, -117.2735, 0, 78, 12, CL60, , , , , CL60
1660413429, , 33.1285, -117.2733, 0, 78, 10, CL60, , , , , CL60
1660413429, , 33.1285, -117.2733, 0, 78, 10, CL60, , , , , CL60
1660413433, , 33.1286, -117.2731, 0, 78, 6, CL60, , , , , CL60
1660413436, , 33.1286, -117.2731, 0, 75, 4, CL60, , , , , CL60
1660413436, , 33.1286, -117.2731, 0, 75, 4, CL60, , , , , CL60
1660413438, , 33.1286, -117.273, 0, 73, 4, CL60, , , , , CL60
1660413438, , 33.1286, -117.273, 0, 73, 4, CL60, , , , , CL60
1660413438, , 33.1286, -117.273, 0, 73, 4, CL60, , , , , CL60
1660413447, , 33.1286, -117.2729, 0, 47, 2, CL60, , , , , CL60
1660413447, , 33.1286, -117.2729, 0, 47, 2, CL60, , , , , CL60
1660413453, , 33.1287, -117.2729, 0, 47, 0, CL60, , , , , CL60
1660413453, , 33.1287, -117.2729, 0, 47, 0, CL60, , , , , CL60
1660413453, , 33.1287, -117.2729, 0, 47, 0, CL60, , , , , CL60
1660413453, , 33.1287, -117.2729, 0, 47, 0, CL60, , , , , CL60
1660413460, , 33.1287, -117.2729, 0, 47, 0, CL60, , , , , CL60
1660413460, , 33.1287, -117.2729, 0, 47, 0, CL60, , , , , CL60
1660413460, , 33.1287, -117.2729, 0, 47, 0, CL60, , , , , CL60
1660413469, , 33.1287, -117.2729, 0, 47, 0, CL60, , , , , CL60
1660413469, , 33.1287, -117.2729, 0, 47, 0, CL60, , , , , CL60
1660413469, , 33.1287, -117.2729, 0, 47, 0, CL60, , , , , CL60
1660413469, , 33.1287, -117.2729, 0, 47, 0, CL60, , , , , CL60
1660413475, , 33.1287, -117.2729, 0, 47, 0, CL60, , , , , CL60
1660413475, , 33.1287, -117.2729, 0, 47, 0, CL60, , , , , CL60
1660413475, , 33.1287, -117.2729, 0, 47, 0, CL60, , , , , CL60
1660413475, , 33.1287, -117.2729, 0, 47, 0, CL60, , , , , CL60
1660413475, , 33.1287, -117.2729, 0, 47, 0, CL60, , , , , CL60
1660413475, , 33.1287, -117.2729, 0, 47, 0, CL60, , , , , CL60
1660413475, , 33.1287, -117.2729, 0, 47, 0, CL60, , , , , CL60
1660413475, , 33.1287, -117.2729, 0, 47, 0, CL60, , , , , CL60
1660413475, , 33.1287, -117.2729, 0, 47, 0, CL60, , , , , CL60
1660413475, , 33.1287, -117.2729, 0, 47, 0, CL60, , , , , CL60
1660413475, , 33.1287, -117.2729, 0, 47, 0, CL60, , , , , CL60
1660413475, , 33.1287, -117.2729, 0, 47, 0, CL60, , , , , CL60
1660413475, , 33.1287, -117.2729, 0, 47, 0, CL60, , , , , CL60
1660413475, , 33.1287, -117.2729, 0, 47, 0, CL60, , , , , CL60
1660413475, , 33.1287, -117.2729, 0, 47, 0, CL60, , , , , CL60
1660413475, , 33.1287, -117.2729, 0, 47, 0, CL60, , , , , CL60
1660413475, , 33.1287, -117.2729, 0, 47, 0, CL60, , , , , CL60
1660413475, , 33.1287, -117.2729, 0, 47, 0, CL60, , , , , CL60
1660413475, , 33.1287, -117.2729, 0, 47, 0, CL60, , , , , CL60
1660413475, , 33.1287, -117.2729, 0, 47, 0, CL60, , , , , CL60
1660413475, , 33.1287, -117.2729, 0, 47, 0, CL60, , , , , CL60
1660413475, , 33.1287, -117.2729, 0, 47, 0, CL60, , , , , CL60
1660413475, , 33.1287, -117.2729, 0, 47, 0, CL60, , , , , CL60
1660413475, , 33.1287, -117.2729, 0, 47, 0, CL60, , , , , CL60
1660413475, , 33.1287, -117.2729, 0, 47, 0, CL60, , , , , CL60
1660413475, , 33.1287, -117.2729, 0, 47, 0, CL60, , , , , CL60
1660413475, , 33.1287, -117.2729, 0, 47, 0, CL60, , , , , CL60
1660413475, , 33.1287, -117.2729, 0, 47, 0, CL60, , , , , CL60
1660413475, , 33.1287, -117.2729, 0, 47, 0, CL60, , , , , CL60
1660413475, , 33.1287, -117.2729, 0, 47, 0, CL60, , , , , CL60
1660413475, , 33.1287, -117.2729, 0, 47, 0, CL60, , , , , CL60
1660413475, , 33.1287, -117.2729, 0, 47, 0, CL60, , , , , CL60
1660413475, , 33.1287, -117.2729, 0, 47, 0, CL60, , , , , CL60
1660413475, , 33.1287, -117.2729, 0, 47, 0, CL60, , , , , CL60
1660413475, , 33.1287, -117.2729, 0, 47, 0, CL60, , , , , CL60
1660413475, , 33.1287, -117.2729, 0, 47, 0, CL60, , , , , CL60
1660413475, , 33.1287, -117.2729, 0, 47, 0, CL60, , , , , CL60
1660413605, , 33.1287, -117.2729, 0, 47, 0, CL60, , , , , CL60
1660413605, , 33.1287, -117.2729, 0, 47, 0, CL60, , , , , CL60
1660413605, , 33.1287, -117.2729, 0, 47, 0, CL60, , , , , CL60
1660413605, , 33.1287, -117.2729, 0, 47, 0, CL60, , , , , CL60
1660413605, , 33.1287, -117.2729, 0, 47, 0, CL60, , , , , CL60
1660413605, , 33.1287, -117.2729, 0, 47, 0, CL60, , , , , CL60
1660413605, , 33.1287, -117.2729, 0, 47, 0, CL60, , , , , CL60
1660413605, , 33.1287, -117.2729, 0, 47, 0, CL60, , , , , CL60
1660413605, , 33.1287, -117.2729, 0, 47, 0, CL60, , , , , CL60
1660413605, , 33.1287, -117.2729, 0, 47, 0, CL60, , , , , CL60
1660413605, , 33.1287, -117.2729, 0, 47, 0, CL60, , , , , CL60
1660413605, , 33.1287, -117.2729, 0, 47, 0, CL60, , , , , CL60
1660413605, , 33.1287, -117.2729, 0, 47, 0, CL60, , , , , CL60
1660413605, , 33.1287, -117.2729, 0, 47, 0, CL60, , , , , CL60
1660413605, , 33.1287, -117.2729, 0, 47, 0, CL60, , , , , CL60
1660413605, , 33.1287, -117.2729, 0, 47, 0, CL60, , , , , CL60
1660413605, , 33.1287, -117.2729, 0, 47, 0, CL60, , , , , CL60
1660413605, , 33.1287, -117.2729, 0, 47, 0, CL60, , , , , CL60
1660413605, , 33.1287, -117.2729, 0, 47, 0, CL60, , , , , CL60
1660413605, , 33.1287, -117.2729, 0, 47, 0, CL60, , , , , CL60
1660413605, , 33.1287, -117.2729, 0, 47, 0, CL60, , , , , CL60
1660413605, , 33.1287, -117.2729, 0, 47, 0, CL60, , , , , CL60
1660413605, , 33.1287, -117.2729, 0, 47, 0, CL60, , , , , CL60
1660413605, , 33.1287, -117.2729, 0, 47, 0, CL60, , , , , CL60
1660413605, , 33.1287, -117.2729, 0, 47, 0, CL60, , , , , CL60
1660413605, , 33.1287, -117.2729, 0, 47, 0, CL60, , , , , CL60
1660413605, , 33.1287, -117.2729, 0, 47, 0, CL60, , , , , CL60
1660413605, , 33.1287, -117.2729, 0, 47, 0, CL60, , , , , CL60
1660413605, , 33.1287, -117.2729, 0, 47, 0, CL60, , , , , CL60
1660413605, , 33.1287, -117.2729, 0, 47, 0, CL60, , , , , CL60
1660413605, , 33.1287, -117.2729, 0, 47, 0, CL60, , , , , CL60
1660413605, , 33.1287, -117.2729, 0, 47, 0, CL60, , , , , CL60
1660413605, , 33.1287, -117.2729, 0, 47, 0, CL60, , , , , CL60
1660413605, , 33.1287, -117.2729, 0, 47, 0, CL60, , , , , CL60
1660413605, , 33.1287, -117.2729, 0, 47, 0, CL60, , , , , CL60
1660413605, , 33.1287, -117.2729, 0, 47, 0, CL60, , , , , CL60
1660413605, , 33.1287, -117.2729, 0, 47, 0, CL60, , , , , CL60
1660413605, , 33.1287, -117.2729, 0, 47, 0, CL60, , , , , CL60
1660413738, , 33.129, -117.2725, 0, 42, 9, CL60, , , , , CL60
1660413738, , 33.129, -117.2725, 0, 42, 9, CL60, , , , , CL60
1660413738, , 33.129, -117.2725, 0, 42, 9, CL60, , , , , CL60
1660413738, , 33.129, -117.2725, 0, 42, 9, CL60, , , , , CL60
1660413749, , 33.1294, -117.2723, 0, 11, 7, CL60, , , , , CL60
1660413749, , 33.1294, -117.2723, 0, 11, 7, CL60, , , , , CL60
1660413750, , 33.1294, -117.2723, 0, 5, 7, CL60, , , , , CL60
1660413750, , 33.1294, -117.2723, 0, 5, 7, CL60, , , , , CL60
1660413750, , 33.1294, -117.2723, 0, 5, 7, CL60, , , , , CL60
1660413750, , 33.1294, -117.2723, 0, 5, 7, CL60, , , , , CL60
1660413750, , 33.1294, -117.2723, 0, 5, 7, CL60, , , , , CL60
1660413750, , 33.1294, -117.2723, 0, 5, 7, CL60, , , , , CL60
1660413750, , 33.1294, -117.2723, 0, 5, 7, CL60, , , , , CL60
1660413769, , 33.1292, -117.2745, 0, 258, 67, CL60, , , , , CL60
1660413769, , 33.1292, -117.2745, 0, 258, 67, CL60, , , , , CL60
1660413769, , 33.1292, -117.2745, 0, 258, 67, CL60, , , , , CL60
1660413769, , 33.1292, -117.2745, 0, 258, 67, CL60, , , , , CL60
1660413769, , 33.1292, -117.2745, 0, 258, 67, CL60, , , , , CL60
1660413769, , 33.1292, -117.2745, 0, 258, 67, CL60, , , , , CL60
1660413769, , 33.1292, -117.2745, 0, 258, 67, CL60, , , , , CL60
1660413769, , 33.1292, -117.2745, 0, 258, 67, CL60, , , , , CL60
1660413769, , 33.1292, -117.2745, 0, 258, 67, CL60, , , , , CL60
1660413769, , 33.1292, -117.2745, 0, 258, 67, CL60, , , , , CL60
1660413791, , 33.1266, -117.2906, 500, 258, 170, CL60, , , , , CL60
1660413791, , 33.1266, -117.2906, 500, 258, 170, CL60, , , , , CL60
1660413796, , 33.1258, -117.2956, 675, 259, 181, CL60, , , , , CL60
1660413796, , 33.1258, -117.2956, 675, 259, 181, CL60, , , , , CL60
1660424288, , 33.7531, -117.6624, 7175, 250, 248, CL60, , , , , CL60
1660424288, , 33.7531, -117.6624, 7175, 250, 248, CL60, , , , , CL60
1660424292, , 33.7519, -117.6664, 7100, 250, 247, CL60, , , , , CL60
1660424298, , 33.7498, -117.6737, 6975, 250, 246, CL60, , , , , CL60
1660424298, , 33.7498, -117.6737, 6975, 250, 246, CL60, , , , , CL60
1660424302, , 33.7482, -117.679, 6875, 250, 246, CL60, , , , , CL60
1660424302, , 33.7482, -117.679, 6875, 250, 246, CL60, , , , , CL60
1660424305, , 33.7469, -117.6833, 6800, 250, 247, CL60, , , , , CL60
1660424305, , 33.7469, -117.6833, 6800, 250, 247, CL60, , , , , CL60
1660424308, , 33.7458, -117.6868, 6700, 250, 249, CL60, , , , , CL60
1660424314, , 33.7435, -117.6945, 6525, 250, 251, CL60, , , , , CL60
1660424314, , 33.7435, -117.6945, 6525, 250, 251, CL60, , , , , CL60
1660424317, , 33.7421, -117.6994, 6450, 250, 252, CL60, , , , , CL60
1660424317, , 33.7421, -117.6994, 6450, 250, 252, CL60, , , , , CL60
1660424319, , 33.7413, -117.7021, 6375, 250, 252, CL60, , , , , CL60
1660424319, , 33.7413, -117.7021, 6375, 250, 252, CL60, , , , , CL60
1660424326, , 33.7385, -117.7114, 6225, 250, 250, CL60, , , , , CL60
1660424329, , 33.7376, -117.7146, 6150, 250, 250, CL60, , , , , CL60
1660424329, , 33.7376, -117.7146, 6150, 250, 250, CL60, , , , , CL60
1660424332, , 33.7363, -117.7191, 6075, 250, 249, CL60, , , , , CL60
1660424332, , 33.7363, -117.7191, 6075, 250, 249, CL60, , , , , CL60
1660424338, , 33.734, -117.7266, 5950, 250, 247, CL60, , , , , CL60
1660424338, , 33.734, -117.7266, 5950, 250, 247, CL60, , , , , CL60
1660424341, , 33.7328, -117.7306, 5875, 250, 246, CL60, , , , , CL60
1660424344, , 33.7318, -117.7341, 5800, 250, 246, CL60, , , , , CL60
1660424344, , 33.7318, -117.7341, 5800, 250, 246, CL60, , , , , CL60
1660424350, , 33.7294, -117.7421, 5700, 250, 244, CL60, , , , , CL60
1660424350, , 33.7294, -117.7421, 5700, 250, 244, CL60, , , , , CL60
1660424353, , 33.7284, -117.7457, 5625, 250, 244, CL60, , , , , CL60
1660424353, , 33.7284, -117.7457, 5625, 250, 244, CL60, , , , , CL60
1660424356, , 33.7272, -117.7496, 5575, 250, 244, CL60, , , , , CL60
1660424362, , 33.7254, -117.7556, 5425, 250, 245, CL60, , , , , CL60
1660424362, , 33.7254, -117.7556, 5425, 250, 245, CL60, , , , , CL60
1660424365, , 33.7239, -117.7606, 5375, 250, 245, CL60, , , , , CL60
1660424365, , 33.7239, -117.7606, 5375, 250, 245, CL60, , , , , CL60
1660424368, , 33.7225, -117.7652, 5300, 250, 246, CL60, , , , , CL60
1660424368, , 33.7225, -117.7652, 5300, 250, 246, CL60, , , , , CL60
1660424374, , 33.7201, -117.7732, 5175, 250, 247, CL60, , , , , CL60
1660424377, , 33.7194, -117.7758, 5100, 250, 248, CL60, , , , , CL60
1660424377, , 33.7194, -117.7758, 5100, 250, 248, CL60, , , , , CL60
1660424380, , 33.7178, -117.7811, 5050, 250, 248, CL60, , , , , CL60
1660424380, , 33.7178, -117.7811, 5050, 250, 248, CL60, , , , , CL60
1660424386, , 33.7158, -117.7877, 4900, 250, 248, CL60, , , , , CL60
1660424386, , 33.7158, -117.7877, 4900, 250, 248, CL60, , , , , CL60
1660424389, , 33.7144, -117.7923, 4850, 250, 248, CL60, , , , , CL60
1660424389, , 33.7144, -117.7923, 4850, 250, 248, CL60, , , , , CL60
1660424392, , 33.7132, -117.7966, 4775, 250, 248, CL60, , , , , CL60
1660424398, , 33.7109, -117.804, 4650, 250, 247, CL60, , , , , CL60
1660424398, , 33.7109, -117.804, 4650, 250, 247, CL60, , , , , CL60
1660424401, , 33.7098, -117.8079, 4575, 250, 246, CL60, , , , , CL60
1660424401, , 33.7098, -117.8079, 4575, 250, 246, CL60, , , , , CL60
1660424404, , 33.7087, -117.8118, 4525, 250, 245, CL60, , , , , CL60
1660424404, , 33.7087, -117.8118, 4525, 250, 245, CL60, , , , , CL60
1660424407, , 33.7076, -117.8151, 4450, 250, 245, CL60, , , , , CL60
1660424412, , 33.7056, -117.822, 4350, 250, 244, CL60, , , , , CL60
1660424412, , 33.7056, -117.822, 4350, 250, 244, CL60, , , , , CL60
1660424416, , 33.7041, -117.8269, 4275, 250, 244, CL60, , , , , CL60
1660424416, , 33.7041, -117.8269, 4275, 250, 244, CL60, , , , , CL60
1660424420, , 33.7027, -117.8318, 4175, 250, 243, CL60, , , , , CL60
1660424420, , 33.7027, -117.8318, 4175, 250, 243, CL60, , , , , CL60
1660424425, , 33.7007, -117.8386, 4075, 250, 242, CL60, , , , , CL60
1660424425, , 33.7007, -117.8386, 4075, 250, 242, CL60, , , , , CL60
1660424425, , 33.7007, -117.8386, 4075, 250, 242, CL60, , , , , CL60
1660424430, , 33.6985, -117.8457, 3975, 250, 241, CL60, , , , , CL60
1660424430, , 33.6985, -117.8457, 3975, 250, 241, CL60, , , , , CL60
1660424437, , 33.6959, -117.8544, 3825, 250, 240, CL60, , , , , CL60
1660424437, , 33.6959, -117.8544, 3825, 250, 240, CL60, , , , , CL60
1660424440, , 33.695, -117.8575, 3775, 250, 239, CL60, , , , , CL60
1660424443, , 33.6942, -117.86, 3725, 250, 239, CL60, , , , , CL60
1660424443, , 33.6942, -117.86, 3725, 250, 239, CL60, , , , , CL60
1660424449, , 33.6916, -117.8688, 3600, 250, 237, CL60, , , , , CL60
1660424449, , 33.6916, -117.8688, 3600, 250, 237, CL60, , , , , CL60
1660424452, , 33.691, -117.8708, 3550, 250, 236, CL60, , , , , CL60
1660424452, , 33.691, -117.8708, 3550, 250, 236, CL60, , , , , CL60
1660424455, , 33.6893, -117.8766, 3500, 250, 236, CL60, , , , , CL60
1660424461, , 33.6875, -117.8828, 3375, 250, 235, CL60, , , , , CL60
1660424461, , 33.6875, -117.8828, 3375, 250, 235, CL60, , , , , CL60
1660424464, , 33.6863, -117.8872, 3325, 251, 234, CL60, , , , , CL60
1660424464, , 33.6863, -117.8872, 3325, 251, 234, CL60, , , , , CL60
1660424467, , 33.6852, -117.891, 3250, 251, 234, CL60, , , , , CL60
1660424467, , 33.6852, -117.891, 3250, 251, 234, CL60, , , , , CL60
1660424473, , 33.6829, -117.8989, 3150, 251, 234, CL60, , , , , CL60
1660424476, , 33.6819, -117.9026, 3100, 251, 235, CL60, , , , , CL60
1660424476, , 33.6819, -117.9026, 3100, 251, 235, CL60, , , , , CL60
1660424479, , 33.6811, -117.9065, 3050, 255, 235, CL60, , , , , CL60
1660424485, , 33.6801, -117.914, 3000, 261, 235, CL60, , , , , CL60
1660424485, , 33.6801, -117.914, 3000, 261, 235, CL60, , , , , CL60
1660424488, , 33.68, -117.9181, 3000, 268, 237, CL60, , , , , CL60
1660424488, , 33.68, -117.9181, 3000, 268, 237, CL60, , , , , CL60
1660424491, , 33.68, -117.9221, 3000, 271, 237, CL60, , , , , CL60
1660424491, , 33.68, -117.9221, 3000, 271, 237, CL60, , , , , CL60
1660424498, , 33.6808, -117.9296, 3000, 279, 237, CL60, , , , , CL60
1660424500, , 33.6815, -117.9334, 3000, 281, 236, CL60, , , , , CL60
1660424500, , 33.6815, -117.9334, 3000, 281, 236, CL60, , , , , CL60
1660424504, , 33.6824, -117.9376, 2975, 283, 234, CL60, , , , , CL60
1660424504, , 33.6824, -117.9376, 2975, 283, 234, CL60, , , , , CL60
1660424509, , 33.684, -117.945, 3000, 285, 229, CL60, , , , , CL60
1660424509, , 33.684, -117.945, 3000, 285, 229, CL60, , , , , CL60
1660424512, , 33.6847, -117.948, 3000, 285, 226, CL60, , , , , CL60
1660424516, , 33.6855, -117.9516, 3000, 285, 222, CL60, , , , , CL60
1660424516, , 33.6855, -117.9516, 3000, 285, 222, CL60, , , , , CL60
1660424521, , 33.6872, -117.9586, 3000, 285, 219, CL60, , , , , CL60
1660424521, , 33.6872, -117.9586, 3000, 285, 219, CL60, , , , , CL60
1660424525, , 33.6882, -117.9626, 3000, 285, 218, CL60, , , , , CL60
1660424525, , 33.6882, -117.9626, 3000, 285, 218, CL60, , , , , CL60
1660424528, , 33.689, -117.9663, 3000, 285, 216, CL60, , , , , CL60
1660424534, , 33.6906, -117.9729, 3000, 285, 215, CL60, , , , , CL60
1660424534, , 33.6906, -117.9729, 3000, 285, 215, CL60, , , , , CL60
1660424536, , 33.6914, -117.9764, 3000, 285, 214, CL60, , , , , CL60
1660424536, , 33.6914, -117.9764, 3000, 285, 214, CL60, , , , , CL60
1660424540, , 33.6923, -117.98, 3000, 285, 214, CL60, , , , , CL60
1660424540, , 33.6923, -117.98, 3000, 285, 214, CL60, , , , , CL60
1660424545, , 33.6936, -117.9855, 3000, 287, 208, CL60, , , , , CL60
1660424549, , 33.6949, -117.9899, 3000, 290, 204, CL60, , , , , CL60
1660424549, , 33.6949, -117.9899, 3000, 290, 204, CL60, , , , , CL60
1660424552, , 33.696, -117.993, 3000, 292, 201, CL60, , , , , CL60
1660424552, , 33.696, -117.993, 3000, 292, 201, CL60, , , , , CL60
1660424558, , 33.6982, -117.9983, 2975, 298, 195, CL60, , , , , CL60
1660424558, , 33.6982, -117.9983, 2975, 298, 195, CL60, , , , , CL60
1660424561, , 33.6999, -118.0019, 2950, 300, 193, CL60, , , , , CL60
1660424561, , 33.6999, -118.0019, 2950, 300, 193, CL60, , , , , CL60
1660424564, , 33.7012, -118.0043, 2925, 302, 190, CL60, , , , , CL60
1660424570, , 33.7043, -118.0098, 2875, 304, 185, CL60, , , , , CL60
1660424570, , 33.7043, -118.0098, 2875, 304, 185, CL60, , , , , CL60
1660424573, , 33.7054, -118.0119, 2825, 304, 183, CL60, , , , , CL60
1660424573, , 33.7054, -118.0119, 2825, 304, 183, CL60, , , , , CL60
1660424576, , 33.707, -118.0144, 2800, 305, 181, CL60, , , , , CL60
1660424576, , 33.707, -118.0144, 2800, 305, 181, CL60, , , , , CL60
1660424582, , 33.7101, -118.0193, 2750, 307, 179, CL60, , , , , CL60
1660424585, , 33.7115, -118.0214, 2700, 308, 178, CL60, , , , , CL60
1660424585, , 33.7115, -118.0214, 2700, 308, 178, CL60, , , , , CL60
1660424588, , 33.7133, -118.0241, 2675, 309, 178, CL60, , , , , CL60
1660424588, , 33.7133, -118.0241, 2675, 309, 178, CL60, , , , , CL60
1660424594, , 33.7166, -118.0288, 2575, 310, 180, CL60, , , , , CL60
1660424594, , 33.7166, -118.0288, 2575, 310, 180, CL60, , , , , CL60
1660424597, , 33.7183, -118.031, 2525, 311, 182, CL60, , , , , CL60
1660424600, , 33.7198, -118.033, 2500, 312, 182, CL60, , , , , CL60
1660424600, , 33.7198, -118.033, 2500, 312, 182, CL60, , , , , CL60
1660424606, , 33.7234, -118.0376, 2400, 313, 183, CL60, , , , , CL60
1660424606, , 33.7234, -118.0376, 2400, 313, 183, CL60, , , , , CL60
1660424609, , 33.7252, -118.0398, 2375, 314, 183, CL60, , , , , CL60
1660424609, , 33.7252, -118.0398, 2375, 314, 183, CL60, , , , , CL60
1660424612, , 33.7271, -118.0421, 2325, 314, 183, CL60, , , , , CL60
1660424618, , 33.7305, -118.0462, 2225, 315, 181, CL60, , , , , CL60
1660424618, , 33.7305, -118.0462, 2225, 315, 181, CL60, , , , , CL60
1660424621, , 33.7322, -118.0483, 2175, 315, 179, CL60, , , , , CL60
1660424621, , 33.7322, -118.0483, 2175, 315, 179, CL60, , , , , CL60
1660424624, , 33.734, -118.0504, 2125, 315, 178, CL60, , , , , CL60
1660424624, , 33.734, -118.0504, 2125, 315, 178, CL60, , , , , CL60
1660424630, , 33.7375, -118.0545, 2025, 315, 176, CL60, , , , , CL60
1660424633, , 33.7393, -118.0567, 2000, 315, 174, CL60, , , , , CL60
1660424633, , 33.7393, -118.0567, 2000, 315, 174, CL60, , , , , CL60
1660424636, , 33.741, -118.0586, 1950, 315, 172, CL60, , , , , CL60
1660424636, , 33.741, -118.0586, 1950, 315, 172, CL60, , , , , CL60
1660424642, , 33.7444, -118.0627, 1875, 315, 166, CL60, , , , , CL60
1660424642, , 33.7444, -118.0627, 1875, 315, 166, CL60, , , , , CL60
1660424645, , 33.746, -118.0647, 1825, 315, 164, CL60, , , , , CL60
1660424648, , 33.7475, -118.0665, 1775, 315, 161, CL60, , , , , CL60
1660424648, , 33.7475, -118.0665, 1775, 315, 161, CL60, , , , , CL60
1660424654, , 33.7506, -118.0702, 1700, 314, 154, CL60, , , , , CL60
1660424654, , 33.7506, -118.0702, 1700, 314, 154, CL60, , , , , CL60
1660424657, , 33.7521, -118.072, 1650, 314, 153, CL60, , , , , CL60
1660424657, , 33.7521, -118.072, 1650, 314, 153, CL60, , , , , CL60
1660424660, , 33.7538, -118.0741, 1600, 314, 152, CL60, , , , , CL60
