//Timestamp, ICAO, Latitude_deg, Longitude_deg, Altitude_ft, Heading_deg, GroundSpeed_kts, AircraftType, RegistrationNum, Departure, Arrival, FlightNumber1, FlightNumber2
1660417193, , 33.7523, -118.5261, 7250, 175, 284, CRJ2, , , , , CRJ2
1660417193, , 33.7523, -118.5261, 7250, 175, 284, CRJ2, , , , , CRJ2
1660417195, , 33.7486, -118.5258, 7350, 175, 285, CRJ2, , , , , CRJ2
1660417195, , 33.7486, -118.5258, 7350, 175, 285, CRJ2, , , , , CRJ2
1660417201, , 33.741, -118.525, 7575, 175, 286, CRJ2, , , , , CRJ2
1660417204, , 33.7379, -118.5248, 7650, 175, 286, CRJ2, , , , , CRJ2
1660417204, , 33.7379, -118.5248, 7650, 175, 286, CRJ2, , , , , CRJ2
1660417208, , 33.733, -118.5243, 7775, 175, 287, CRJ2, , , , , CRJ2
1660417208, , 33.733, -118.5243, 7775, 175, 287, CRJ2, , , , , CRJ2
1660417214, , 33.7255, -118.5235, 7950, 172, 290, CRJ2, , , , , CRJ2
1660417214, , 33.7255, -118.5235, 7950, 172, 290, CRJ2, , , , , CRJ2
1660417216, , 33.7213, -118.5226, 8050, 168, 291, CRJ2, , , , , CRJ2
1660417220, , 33.7168, -118.5213, 8150, 164, 291, CRJ2, , , , , CRJ2
1660417220, , 33.7168, -118.5213, 8150, 164, 291, CRJ2, , , , , CRJ2
1660417225, , 33.7093, -118.5178, 8350, 155, 292, CRJ2, , , , , CRJ2
1660417225, , 33.7093, -118.5178, 8350, 155, 292, CRJ2, , , , , CRJ2
1660417228, , 33.7058, -118.5156, 8475, 151, 292, CRJ2, , , , , CRJ2
1660417228, , 33.7058, -118.5156, 8475, 151, 292, CRJ2, , , , , CRJ2
1660417232, , 33.702, -118.5127, 8575, 149, 292, CRJ2, , , , , CRJ2
1660417236, , 33.6984, -118.5095, 8725, 141, 293, CRJ2, , , , , CRJ2
1660417236, , 33.6984, -118.5095, 8725, 141, 293, CRJ2, , , , , CRJ2
1660417241, , 33.6919, -118.5021, 8875, 137, 295, CRJ2, , , , , CRJ2
1660417241, , 33.6919, -118.5021, 8875, 137, 295, CRJ2, , , , , CRJ2
1660417241, , 33.6919, -118.5021, 8875, 137, 295, CRJ2, , , , , CRJ2
1660417241, , 33.6919, -118.5021, 8875, 137, 295, CRJ2, , , , , CRJ2
1660417249, , 33.6856, -118.4917, 9150, 122, 295, CRJ2, , , , , CRJ2
1660417251, , 33.685, -118.4904, 9225, 121, 295, CRJ2, , , , , CRJ2
1660417251, , 33.685, -118.4904, 9225, 121, 295, CRJ2, , , , , CRJ2
1660417256, , 33.6814, -118.4823, 9425, 117, 293, CRJ2, , , , , CRJ2
1660417262, , 33.6783, -118.475, 9700, 117, 292, CRJ2, , , , , CRJ2
1660417262, , 33.6783, -118.475, 9700, 117, 292, CRJ2, , , , , CRJ2
1660417265, , 33.6759, -118.4697, 9800, 117, 293, CRJ2, , , , , CRJ2
1660417265, , 33.6759, -118.4697, 9800, 117, 293, CRJ2, , , , , CRJ2
1660417269, , 33.673, -118.4632, 9925, 117, 294, CRJ2, , , , , CRJ2
1660417269, , 33.673, -118.4632, 9925, 117, 294, CRJ2, , , , , CRJ2
1660417272, , 33.6711, -118.4588, 10025, 117, 295, CRJ2, , , , , CRJ2
1660417275, , 33.6704, -118.4575, 10100, 117, 296, CRJ2, , , , , CRJ2
1660417275, , 33.6704, -118.4575, 10100, 117, 296, CRJ2, , , , , CRJ2
1660417281, , 33.6653, -118.4457, 10250, 117, 300, CRJ2, , , , , CRJ2
1660417281, , 33.6653, -118.4457, 10250, 117, 300, CRJ2, , , , , CRJ2
1660417284, , 33.6632, -118.4409, 10325, 117, 301, CRJ2, , , , , CRJ2
1660417284, , 33.6632, -118.4409, 10325, 117, 301, CRJ2, , , , , CRJ2
1660417288, , 33.6611, -118.4362, 10400, 117, 304, CRJ2, , , , , CRJ2
1660417294, , 33.6568, -118.4264, 10500, 117, 307, CRJ2, , , , , CRJ2
1660417294, , 33.6568, -118.4264, 10500, 117, 307, CRJ2, , , , , CRJ2
1660417296, , 33.6552, -118.4226, 10550, 117, 309, CRJ2, , , , , CRJ2
1660417296, , 33.6552, -118.4226, 10550, 117, 309, CRJ2, , , , , CRJ2
1660417300, , 33.6534, -118.4187, 10600, 117, 311, CRJ2, , , , , CRJ2
1660417300, , 33.6534, -118.4187, 10600, 117, 311, CRJ2, , , , , CRJ2
1660417306, , 33.649, -118.4086, 10700, 117, 315, CRJ2, , , , , CRJ2
1660417308, , 33.6475, -118.4052, 10750, 117, 317, CRJ2, , , , , CRJ2
1660417308, , 33.6475, -118.4052, 10750, 117, 317, CRJ2, , , , , CRJ2
1660417311, , 33.6457, -118.401, 10800, 117, 319, CRJ2, , , , , CRJ2
1660417311, , 33.6457, -118.401, 10800, 117, 319, CRJ2, , , , , CRJ2
1660417318, , 33.641, -118.3902, 10900, 117, 323, CRJ2, , , , , CRJ2
1660417318, , 33.641, -118.3902, 10900, 117, 323, CRJ2, , , , , CRJ2
1660417321, , 33.639, -118.3858, 10950, 117, 324, CRJ2, , , , , CRJ2
1660417324, , 33.6369, -118.3808, 11000, 117, 324, CRJ2, , , , , CRJ2
1660417324, , 33.6369, -118.3808, 11000, 117, 324, CRJ2, , , , , CRJ2
1660417329, , 33.6324, -118.3706, 11100, 117, 329, CRJ2, , , , , CRJ2
1660417329, , 33.6324, -118.3706, 11100, 117, 329, CRJ2, , , , , CRJ2
1660417333, , 33.6305, -118.366, 11150, 117, 331, CRJ2, , , , , CRJ2
1660417333, , 33.6305, -118.366, 11150, 117, 331, CRJ2, , , , , CRJ2
1660417336, , 33.6283, -118.3612, 11200, 117, 332, CRJ2, , , , , CRJ2
1660417342, , 33.6238, -118.3507, 11300, 117, 335, CRJ2, , , , , CRJ2
1660417342, , 33.6238, -118.3507, 11300, 117, 335, CRJ2, , , , , CRJ2
1660417345, , 33.6217, -118.3458, 11350, 117, 338, CRJ2, , , , , CRJ2
1660417345, , 33.6217, -118.3458, 11350, 117, 338, CRJ2, , , , , CRJ2
1660417349, , 33.6187, -118.3391, 11425, 117, 339, CRJ2, , , , , CRJ2
1660417352, , 33.6163, -118.3334, 11475, 117, 341, CRJ2, , , , , CRJ2
1660417352, , 33.6163, -118.3334, 11475, 117, 341, CRJ2, , , , , CRJ2
1660417358, , 33.6121, -118.3238, 11575, 117, 342, CRJ2, , , , , CRJ2
1660417358, , 33.6121, -118.3238, 11575, 117, 342, CRJ2, , , , , CRJ2
1660417358, , 33.6121, -118.3238, 11575, 117, 342, CRJ2, , , , , CRJ2
1660417358, , 33.6121, -118.3238, 11575, 117, 342, CRJ2, , , , , CRJ2
1660417366, , 33.6064, -118.3106, 11725, 117, 345, CRJ2, , , , , CRJ2
1660417366, , 33.6064, -118.3106, 11725, 117, 345, CRJ2, , , , , CRJ2
1660417368, , 33.6046, -118.3065, 11775, 117, 345, CRJ2, , , , , CRJ2
1660417372, , 33.6018, -118.3, 11850, 117, 347, CRJ2, , , , , CRJ2
1660417372, , 33.6018, -118.3, 11850, 117, 347, CRJ2, , , , , CRJ2
1660417377, , 33.5977, -118.2906, 12000, 117, 347, CRJ2, , , , , CRJ2
1660417377, , 33.5977, -118.2906, 12000, 117, 347, CRJ2, , , , , CRJ2
1660417381, , 33.595, -118.2844, 12075, 117, 347, CRJ2, , , , , CRJ2
1660417384, , 33.5928, -118.2793, 12150, 117, 347, CRJ2, , , , , CRJ2
1660417384, , 33.5928, -118.2793, 12150, 117, 347, CRJ2, , , , , CRJ2
1660417390, , 33.5882, -118.2688, 12300, 117, 348, CRJ2, , , , , CRJ2
1660417390, , 33.5882, -118.2688, 12300, 117, 348, CRJ2, , , , , CRJ2
1660417393, , 33.5864, -118.2646, 12400, 117, 349, CRJ2, , , , , CRJ2
1660417393, , 33.5864, -118.2646, 12400, 117, 349, CRJ2, , , , , CRJ2
1660417396, , 33.5841, -118.2592, 12475, 117, 349, CRJ2, , , , , CRJ2
1660417402, , 33.5794, -118.2484, 12625, 117, 349, CRJ2, , , , , CRJ2
1660417402, , 33.5794, -118.2484, 12625, 117, 349, CRJ2, , , , , CRJ2
1660417404, , 33.5774, -118.244, 12700, 117, 348, CRJ2, , , , , CRJ2
1660417404, , 33.5774, -118.244, 12700, 117, 348, CRJ2, , , , , CRJ2
1660417407, , 33.5754, -118.2391, 12750, 117, 349, CRJ2, , , , , CRJ2
1660417407, , 33.5754, -118.2391, 12750, 117, 349, CRJ2, , , , , CRJ2
1660417413, , 33.571, -118.2288, 12925, 117, 349, CRJ2, , , , , CRJ2
1660417416, , 33.5692, -118.2247, 13000, 117, 349, CRJ2, , , , , CRJ2
1660417416, , 33.5692, -118.2247, 13000, 117, 349, CRJ2, , , , , CRJ2
1660417419, , 33.5663, -118.2179, 13075, 115, 349, CRJ2, , , , , CRJ2
1660417419, , 33.5663, -118.2179, 13075, 115, 349, CRJ2, , , , , CRJ2
1660417425, , 33.5631, -118.2091, 13200, 114, 349, CRJ2, , , , , CRJ2
1660417425, , 33.5631, -118.2091, 13200, 114, 349, CRJ2, , , , , CRJ2
1660417429, , 33.5608, -118.2016, 13300, 109, 348, CRJ2, , , , , CRJ2
1660417432, , 33.5593, -118.1961, 13375, 107, 348, CRJ2, , , , , CRJ2
1660417432, , 33.5593, -118.1961, 13375, 107, 348, CRJ2, , , , , CRJ2
1660417438, , 33.5568, -118.1842, 13550, 103, 348, CRJ2, , , , , CRJ2
1660417438, , 33.5568, -118.1842, 13550, 103, 348, CRJ2, , , , , CRJ2
1660417441, , 33.5558, -118.1792, 13650, 102, 347, CRJ2, , , , , CRJ2
1660417441, , 33.5558, -118.1792, 13650, 102, 347, CRJ2, , , , , CRJ2
1660417444, , 33.5547, -118.1732, 13725, 102, 347, CRJ2, , , , , CRJ2
1660417450, , 33.5526, -118.1618, 13900, 102, 347, CRJ2, , , , , CRJ2
1660417450, , 33.5526, -118.1618, 13900, 102, 347, CRJ2, , , , , CRJ2
1660417453, , 33.5517, -118.1575, 14000, 102, 347, CRJ2, , , , , CRJ2
1660417453, , 33.5517, -118.1575, 14000, 102, 347, CRJ2, , , , , CRJ2
1660417456, , 33.5505, -118.151, 14075, 102, 347, CRJ2, , , , , CRJ2
1660417456, , 33.5505, -118.151, 14075, 102, 347, CRJ2, , , , , CRJ2
1660417462, , 33.5484, -118.1395, 14225, 102, 346, CRJ2, , , , , CRJ2
1660417465, , 33.5472, -118.1333, 14325, 102, 347, CRJ2, , , , , CRJ2
1660417465, , 33.5472, -118.1333, 14325, 102, 347, CRJ2, , , , , CRJ2
1660417468, , 33.5462, -118.1279, 14400, 102, 347, CRJ2, , , , , CRJ2
1660417468, , 33.5462, -118.1279, 14400, 102, 347, CRJ2, , , , , CRJ2
1660417474, , 33.5441, -118.1164, 14550, 102, 346, CRJ2, , , , , CRJ2
1660417474, , 33.5441, -118.1164, 14550, 102, 346, CRJ2, , , , , CRJ2
1660417477, , 33.5431, -118.111, 14625, 102, 347, CRJ2, , , , , CRJ2
1660417480, , 33.5421, -118.1053, 14700, 102, 347, CRJ2, , , , , CRJ2
1660417480, , 33.5421, -118.1053, 14700, 102, 347, CRJ2, , , , , CRJ2
1660417486, , 33.5402, -118.0948, 14850, 101, 347, CRJ2, , , , , CRJ2
1660417486, , 33.5402, -118.0948, 14850, 101, 347, CRJ2, , , , , CRJ2
1660417489, , 33.539, -118.088, 14925, 101, 347, CRJ2, , , , , CRJ2
1660417489, , 33.539, -118.088, 14925, 101, 347, CRJ2, , , , , CRJ2
1660417492, , 33.5381, -118.0833, 15000, 102, 347, CRJ2, , , , , CRJ2
1660417498, , 33.536, -118.0711, 15150, 102, 347, CRJ2, , , , , CRJ2
1660417498, , 33.536, -118.0711, 15150, 102, 347, CRJ2, , , , , CRJ2
1660417501, , 33.5351, -118.0659, 15225, 101, 348, CRJ2, , , , , CRJ2
1660417501, , 33.5351, -118.0659, 15225, 101, 348, CRJ2, , , , , CRJ2
1660417504, , 33.534, -118.0602, 15300, 101, 348, CRJ2, , , , , CRJ2
1660417504, , 33.534, -118.0602, 15300, 101, 348, CRJ2, , , , , CRJ2
1660417510, , 33.5321, -118.049, 15450, 101, 348, CRJ2, , , , , CRJ2
1660417513, , 33.531, -118.0428, 15525, 101, 348, CRJ2, , , , , CRJ2
1660417513, , 33.531, -118.0428, 15525, 101, 348, CRJ2, , , , , CRJ2
1660417517, , 33.5299, -118.0363, 15625, 101, 348, CRJ2, , , , , CRJ2
1660417517, , 33.5299, -118.0363, 15625, 101, 348, CRJ2, , , , , CRJ2
1660417522, , 33.5281, -118.0265, 15750, 101, 348, CRJ2, , , , , CRJ2
1660417522, , 33.5281, -118.0265, 15750, 101, 348, CRJ2, , , , , CRJ2
1660417525, , 33.5271, -118.0207, 15825, 101, 349, CRJ2, , , , , CRJ2
1660417528, , 33.5261, -118.0148, 15900, 101, 349, CRJ2, , , , , CRJ2
1660417528, , 33.5261, -118.0148, 15900, 101, 349, CRJ2, , , , , CRJ2
1660417534, , 33.524, -118.0029, 16050, 101, 348, CRJ2, , , , , CRJ2
1660417534, , 33.524, -118.0029, 16050, 101, 348, CRJ2, , , , , CRJ2
1660417537, , 33.5232, -117.9978, 16125, 101, 349, CRJ2, , , , , CRJ2
1660417537, , 33.5232, -117.9978, 16125, 101, 349, CRJ2, , , , , CRJ2
1660417540, , 33.5223, -117.9923, 16175, 101, 349, CRJ2, , , , , CRJ2
1660417546, , 33.5202, -117.9801, 16325, 101, 351, CRJ2, , , , , CRJ2
1660417546, , 33.5202, -117.9801, 16325, 101, 351, CRJ2, , , , , CRJ2
1660417549, , 33.5194, -117.9753, 16375, 101, 351, CRJ2, , , , , CRJ2
1660417549, , 33.5194, -117.9753, 16375, 101, 351, CRJ2, , , , , CRJ2
1660417552, , 33.5183, -117.9686, 16450, 101, 353, CRJ2, , , , , CRJ2
1660417552, , 33.5183, -117.9686, 16450, 101, 353, CRJ2, , , , , CRJ2
1660417558, , 33.5164, -117.9575, 16550, 101, 353, CRJ2, , , , , CRJ2
1660417561, , 33.5154, -117.9513, 16625, 101, 354, CRJ2, , , , , CRJ2
1660417561, , 33.5154, -117.9513, 16625, 101, 354, CRJ2, , , , , CRJ2
1660417564, , 33.5145, -117.9461, 16675, 101, 355, CRJ2, , , , , CRJ2
1660417564, , 33.5145, -117.9461, 16675, 101, 355, CRJ2, , , , , CRJ2
1660417570, , 33.5126, -117.9341, 16800, 101, 356, CRJ2, , , , , CRJ2
1660417570, , 33.5126, -117.9341, 16800, 101, 356, CRJ2, , , , , CRJ2
1660417573, , 33.5116, -117.9281, 16850, 101, 357, CRJ2, , , , , CRJ2
1660417576, , 33.5106, -117.9225, 16900, 101, 357, CRJ2, , , , , CRJ2
1660417576, , 33.5106, -117.9225, 16900, 101, 357, CRJ2, , , , , CRJ2
1660417582, , 33.5087, -117.9108, 17025, 101, 358, CRJ2, , , , , CRJ2
1660417582, , 33.5087, -117.9108, 17025, 101, 358, CRJ2, , , , , CRJ2
1660417585, , 33.5077, -117.9047, 17100, 101, 359, CRJ2, , , , , CRJ2
1660417585, , 33.5077, -117.9047, 17100, 101, 359, CRJ2, , , , , CRJ2
1660417589, , 33.5066, -117.8977, 17175, 101, 360, CRJ2, , , , , CRJ2
1660417592, , 33.5056, -117.892, 17225, 101, 360, CRJ2, , , , , CRJ2
1660417592, , 33.5056, -117.892, 17225, 101, 360, CRJ2, , , , , CRJ2
1660417598, , 33.5036, -117.8803, 17350, 101, 361, CRJ2, , , , , CRJ2
1660417598, , 33.5036, -117.8803, 17350, 101, 361, CRJ2, , , , , CRJ2
1660417601, , 33.5026, -117.8746, 17400, 101, 361, CRJ2, , , , , CRJ2
1660417602, , 33.5021, -117.8716, 17425, 101, 361, CRJ2, , , , , CRJ2
1660417602, , 33.5021, -117.8716, 17425, 101, 361, CRJ2, , , , , CRJ2
1660417609, , 33.4996, -117.8577, 17575, 101, 362, CRJ2, , , , , CRJ2
1660417609, , 33.4996, -117.8577, 17575, 101, 362, CRJ2, , , , , CRJ2
1660417612, , 33.4986, -117.8518, 17625, 101, 363, CRJ2, , , , , CRJ2
1660417612, , 33.4986, -117.8518, 17625, 101, 363, CRJ2, , , , , CRJ2
1660417615, , 33.4977, -117.8467, 17700, 101, 363, CRJ2, , , , , CRJ2
1660417621, , 33.4956, -117.8343, 17825, 101, 363, CRJ2, , , , , CRJ2
1660417621, , 33.4956, -117.8343, 17825, 101, 363, CRJ2, , , , , CRJ2
1660417624, , 33.4945, -117.828, 17875, 101, 364, CRJ2, , , , , CRJ2
1660417624, , 33.4945, -117.828, 17875, 101, 364, CRJ2, , , , , CRJ2
1660417627, , 33.4934, -117.8217, 17950, 101, 364, CRJ2, , , , , CRJ2
1660417627, , 33.4934, -117.8217, 17950, 101, 364, CRJ2, , , , , CRJ2
1660417633, , 33.4914, -117.8102, 18075, 101, 364, CRJ2, , , , , CRJ2
1660417636, , 33.4904, -117.8045, 18125, 101, 365, CRJ2, , , , , CRJ2
1660417636, , 33.4904, -117.8045, 18125, 101, 365, CRJ2, , , , , CRJ2
1660417639, , 33.4893, -117.7979, 18175, 101, 365, CRJ2, , , , , CRJ2
1660417639, , 33.4893, -117.7979, 18175, 101, 365, CRJ2, , , , , CRJ2
1660417645, , 33.4873, -117.7867, 18300, 101, 366, CRJ2, , , , , CRJ2
1660417645, , 33.4873, -117.7867, 18300, 101, 366, CRJ2, , , , , CRJ2
1660417648, , 33.4863, -117.7807, 18375, 101, 366, CRJ2, , , , , CRJ2
1660417651, , 33.4853, -117.7751, 18425, 101, 367, CRJ2, , , , , CRJ2
1660417651, , 33.4853, -117.7751, 18425, 101, 367, CRJ2, , , , , CRJ2
1660417657, , 33.4832, -117.7624, 18550, 101, 367, CRJ2, , , , , CRJ2
1660417657, , 33.4832, -117.7624, 18550, 101, 367, CRJ2, , , , , CRJ2
1660417660, , 33.4822, -117.7562, 18600, 101, 367, CRJ2, , , , , CRJ2
1660417663, , 33.4813, -117.751, 18650, 101, 368, CRJ2, , , , , CRJ2
1660417663, , 33.4813, -117.751, 18650, 101, 368, CRJ2, , , , , CRJ2
1660417669, , 33.4794, -117.7394, 18775, 101, 368, CRJ2, , , , , CRJ2
1660417669, , 33.4794, -117.7394, 18775, 101, 368, CRJ2, , , , , CRJ2
1660417673, , 33.4781, -117.732, 18850, 101, 368, CRJ2, , , , , CRJ2
1660417673, , 33.4781, -117.732, 18850, 101, 368, CRJ2, , , , , CRJ2
1660417676, , 33.4771, -117.726, 18900, 101, 367, CRJ2, , , , , CRJ2
1660417681, , 33.4753, -117.7146, 19025, 101, 368, CRJ2, , , , , CRJ2
1660417681, , 33.4753, -117.7146, 19025, 101, 368, CRJ2, , , , , CRJ2
1660417685, , 33.4743, -117.7088, 19100, 101, 369, CRJ2, , , , , CRJ2
1660417685, , 33.4743, -117.7088, 19100, 101, 369, CRJ2, , , , , CRJ2
1660417688, , 33.4733, -117.7029, 19150, 101, 369, CRJ2, , , , , CRJ2
1660417688, , 33.4733, -117.7029, 19150, 101, 369, CRJ2, , , , , CRJ2
1660417694, , 33.4713, -117.6909, 19275, 101, 369, CRJ2, , , , , CRJ2
1660417697, , 33.4703, -117.6844, 19325, 101, 369, CRJ2, , , , , CRJ2
1660417697, , 33.4703, -117.6844, 19325, 101, 369, CRJ2, , , , , CRJ2
1660417699, , 33.4694, -117.6792, 19400, 101, 369, CRJ2, , , , , CRJ2
1660417699, , 33.4694, -117.6792, 19400, 101, 369, CRJ2, , , , , CRJ2
1660417706, , 33.4671, -117.666, 19525, 101, 369, CRJ2, , , , , CRJ2
1660417706, , 33.4671, -117.666, 19525, 101, 369, CRJ2, , , , , CRJ2
1660417709, , 33.4664, -117.6618, 19575, 101, 369, CRJ2, , , , , CRJ2
1660417712, , 33.4652, -117.6544, 19625, 101, 369, CRJ2, , , , , CRJ2
1660417712, , 33.4652, -117.6544, 19625, 101, 369, CRJ2, , , , , CRJ2
1660417718, , 33.4632, -117.6422, 19750, 101, 369, CRJ2, , , , , CRJ2
1660417718, , 33.4632, -117.6422, 19750, 101, 369, CRJ2, , , , , CRJ2
1660417721, , 33.4622, -117.636, 19825, 101, 369, CRJ2, , , , , CRJ2
1660417721, , 33.4622, -117.636, 19825, 101, 369, CRJ2, , , , , CRJ2
1660417724, , 33.4614, -117.6312, 19875, 101, 369, CRJ2, , , , , CRJ2
1660417730, , 33.4594, -117.6191, 20000, 100, 369, CRJ2, , , , , CRJ2
1660417730, , 33.4594, -117.6191, 20000, 100, 369, CRJ2, , , , , CRJ2
1660417733, , 33.4582, -117.6117, 20050, 100, 369, CRJ2, , , , , CRJ2
1660417733, , 33.4582, -117.6117, 20050, 100, 369, CRJ2, , , , , CRJ2
1660417736, , 33.4575, -117.6071, 20125, 100, 369, CRJ2, , , , , CRJ2
1660417736, , 33.4575, -117.6071, 20125, 100, 369, CRJ2, , , , , CRJ2
1660417742, , 33.4554, -117.5941, 20250, 100, 369, CRJ2, , , , , CRJ2
1660417745, , 33.4544, -117.5883, 20300, 100, 369, CRJ2, , , , , CRJ2
1660417745, , 33.4544, -117.5883, 20300, 100, 369, CRJ2, , , , , CRJ2
1660417748, , 33.4535, -117.582, 20375, 100, 369, CRJ2, , , , , CRJ2
1660417748, , 33.4535, -117.582, 20375, 100, 369, CRJ2, , , , , CRJ2
1660417754, , 33.4516, -117.5702, 20475, 100, 369, CRJ2, , , , , CRJ2
1660417754, , 33.4516, -117.5702, 20475, 100, 369, CRJ2, , , , , CRJ2
1660417757, , 33.4506, -117.564, 20550, 100, 369, CRJ2, , , , , CRJ2
1660417760, , 33.4496, -117.5578, 20600, 100, 369, CRJ2, , , , , CRJ2
1660417760, , 33.4496, -117.5578, 20600, 100, 369, CRJ2, , , , , CRJ2
1660417766, , 33.4474, -117.5452, 20725, 102, 369, CRJ2, , , , , CRJ2
1660417766, , 33.4474, -117.5452, 20725, 102, 369, CRJ2, , , , , CRJ2
1660417769, , 33.446, -117.5395, 20775, 106, 369, CRJ2, , , , , CRJ2
1660417769, , 33.446, -117.5395, 20775, 106, 369, CRJ2, , , , , CRJ2
1660417773, , 33.4436, -117.5318, 20850, 111, 368, CRJ2, , , , , CRJ2
1660417778, , 33.4402, -117.5236, 20925, 118, 368, CRJ2, , , , , CRJ2
1660417778, , 33.4402, -117.5236, 20925, 118, 368, CRJ2, , , , , CRJ2
1660417779, , 33.4389, -117.521, 20950, 119, 368, CRJ2, , , , , CRJ2
1660417779, , 33.4389, -117.521, 20950, 119, 368, CRJ2, , , , , CRJ2
1660417785, , 33.4325, -117.5105, 21050, 127, 367, CRJ2, , , , , CRJ2
1660417785, , 33.4325, -117.5105, 21050, 127, 367, CRJ2, , , , , CRJ2
1660417788, , 33.4292, -117.5061, 21100, 133, 367, CRJ2, , , , , CRJ2
1660417791, , 33.4262, -117.5028, 21125, 137, 368, CRJ2, , , , , CRJ2
1660417791, , 33.4262, -117.5028, 21125, 137, 368, CRJ2, , , , , CRJ2
1660417796, , 33.4209, -117.4974, 21200, 141, 367, CRJ2, , , , , CRJ2
1660417796, , 33.4209, -117.4974, 21200, 141, 367, CRJ2, , , , , CRJ2
1660417802, , 33.411, -117.4899, 21300, 150, 367, CRJ2, , , , , CRJ2
1660417802, , 33.411, -117.4899, 21300, 150, 367, CRJ2, , , , , CRJ2
1660417805, , 33.4061, -117.487, 21350, 152, 367, CRJ2, , , , , CRJ2
1660417808, , 33.4015, -117.4842, 21400, 153, 368, CRJ2, , , , , CRJ2
1660417808, , 33.4015, -117.4842, 21400, 153, 368, CRJ2, , , , , CRJ2
1660417814, , 33.3927, -117.479, 21475, 153, 368, CRJ2, , , , , CRJ2
1660417814, , 33.3927, -117.479, 21475, 153, 368, CRJ2, , , , , CRJ2
1660417817, , 33.3879, -117.4762, 21525, 153, 369, CRJ2, , , , , CRJ2
1660417820, , 33.3832, -117.4733, 21575, 153, 370, CRJ2, , , , , CRJ2
1660417820, , 33.3832, -117.4733, 21575, 153, 370, CRJ2, , , , , CRJ2
1660417826, , 33.374, -117.4677, 21650, 152, 371, CRJ2, , , , , CRJ2
1660417826, , 33.374, -117.4677, 21650, 152, 371, CRJ2, , , , , CRJ2
1660417829, , 33.3697, -117.465, 21675, 152, 371, CRJ2, , , , , CRJ2
1660417829, , 33.3697, -117.465, 21675, 152, 371, CRJ2, , , , , CRJ2
1660417832, , 33.3648, -117.4621, 21725, 152, 372, CRJ2, , , , , CRJ2
1660417838, , 33.356, -117.4567, 21775, 152, 374, CRJ2, , , , , CRJ2
1660417838, , 33.356, -117.4567, 21775, 152, 374, CRJ2, , , , , CRJ2
1660417841, , 33.3508, -117.4535, 21825, 152, 374, CRJ2, , , , , CRJ2
1660417841, , 33.3508, -117.4535, 21825, 152, 374, CRJ2, , , , , CRJ2
1660417844, , 33.3463, -117.4507, 21850, 152, 375, CRJ2, , , , , CRJ2
1660417844, , 33.3463, -117.4507, 21850, 152, 375, CRJ2, , , , , CRJ2
1660417850, , 33.3371, -117.4451, 21925, 152, 376, CRJ2, , , , , CRJ2
1660417853, , 33.3322, -117.442, 21950, 152, 377, CRJ2, , , , , CRJ2
1660417856, , 33.3277, -117.4393, 21975, 152, 377, CRJ2, , , , , CRJ2
1660417856, , 33.3277, -117.4393, 21975, 152, 377, CRJ2, , , , , CRJ2
1660417862, , 33.3182, -117.4334, 22050, 152, 378, CRJ2, , , , , CRJ2
1660417862, , 33.3182, -117.4334, 22050, 152, 378, CRJ2, , , , , CRJ2
1660417865, , 33.3137, -117.4306, 22075, 152, 379, CRJ2, , , , , CRJ2
1660417865, , 33.3137, -117.4306, 22075, 152, 379, CRJ2, , , , , CRJ2
1660417868, , 33.3098, -117.4281, 22100, 152, 380, CRJ2, , , , , CRJ2
1660417874, , 33.2996, -117.4218, 22175, 152, 381, CRJ2, , , , , CRJ2
1660417874, , 33.2996, -117.4218, 22175, 152, 381, CRJ2, , , , , CRJ2
1660417877, , 33.2949, -117.4189, 22200, 152, 382, CRJ2, , , , , CRJ2
1660417877, , 33.2949, -117.4189, 22200, 152, 382, CRJ2, , , , , CRJ2
1660417880, , 33.2902, -117.4159, 22250, 152, 382, CRJ2, , , , , CRJ2
1660417880, , 33.2902, -117.4159, 22250, 152, 382, CRJ2, , , , , CRJ2
1660417886, , 33.2808, -117.4101, 22300, 152, 383, CRJ2, , , , , CRJ2
1660417889, , 33.2758, -117.407, 22350, 152, 383, CRJ2, , , , , CRJ2
1660417889, , 33.2758, -117.407, 22350, 152, 383, CRJ2, , , , , CRJ2
1660417892, , 33.2711, -117.4041, 22375, 152, 384, CRJ2, , , , , CRJ2
1660417892, , 33.2711, -117.4041, 22375, 152, 384, CRJ2, , , , , CRJ2
1660417898, , 33.2632, -117.3992, 22450, 152, 385, CRJ2, , , , , CRJ2
1660417898, , 33.2632, -117.3992, 22450, 152, 385, CRJ2, , , , , CRJ2
1660417901, , 33.2592, -117.3968, 22475, 152, 385, CRJ2, , , , , CRJ2
1660417904, , 33.2542, -117.3937, 22525, 152, 385, CRJ2, , , , , CRJ2
1660417904, , 33.2542, -117.3937, 22525, 152, 385, CRJ2, , , , , CRJ2
1660417908, , 33.2466, -117.389, 22575, 152, 385, CRJ2, , , , , CRJ2
1660417908, , 33.2466, -117.389, 22575, 152, 385, CRJ2, , , , , CRJ2
1660417913, , 33.2369, -117.3829, 22625, 152, 386, CRJ2, , , , , CRJ2
1660417916, , 33.2321, -117.38, 22675, 152, 386, CRJ2, , , , , CRJ2
1660417916, , 33.2321, -117.38, 22675, 152, 386, CRJ2, , , , , CRJ2
1660417920, , 33.2288, -117.3779, 22700, 152, 387, CRJ2, , , , , CRJ2
1660417920, , 33.2288, -117.3779, 22700, 152, 387, CRJ2, , , , , CRJ2
1660417926, , 33.2216, -117.3735, 22775, 152, 387, CRJ2, , , , , CRJ2
1660417926, , 33.2216, -117.3735, 22775, 152, 387, CRJ2, , , , , CRJ2
1660417929, , 33.2124, -117.3678, 22800, 152, 388, CRJ2, , , , , CRJ2
1660417932, , 33.2092, -117.3658, 22850, 152, 388, CRJ2, , , , , CRJ2
1660417932, , 33.2092, -117.3658, 22850, 152, 388, CRJ2, , , , , CRJ2
1660417938, , 33.1994, -117.3597, 22900, 152, 389, CRJ2, , , , , CRJ2
1660417938, , 33.1994, -117.3597, 22900, 152, 389, CRJ2, , , , , CRJ2
1660417941, , 33.1959, -117.3575, 22950, 152, 389, CRJ2, , , , , CRJ2
1660417941, , 33.1959, -117.3575, 22950, 152, 389, CRJ2, , , , , CRJ2
1660417944, , 33.1906, -117.3543, 22975, 152, 389, CRJ2, , , , , CRJ2
1660417950, , 33.1801, -117.3477, 23050, 152, 389, CRJ2, , , , , CRJ2
1660417950, , 33.1801, -117.3477, 23050, 152, 389, CRJ2, , , , , CRJ2
1660417953, , 33.1738, -117.3438, 23100, 152, 389, CRJ2, , , , , CRJ2
1660417953, , 33.1738, -117.3438, 23100, 152, 389, CRJ2, , , , , CRJ2
1660417956, , 33.169, -117.3408, 23125, 152, 390, CRJ2, , , , , CRJ2
1660417956, , 33.169, -117.3408, 23125, 152, 390, CRJ2, , , , , CRJ2
1660417962, , 33.1613, -117.3361, 23200, 152, 390, CRJ2, , , , , CRJ2
1660417962, , 33.1613, -117.3361, 23200, 152, 390, CRJ2, , , , , CRJ2
1660417965, , 33.156, -117.3328, 23225, 152, 390, CRJ2, , , , , CRJ2
1660417968, , 33.1504, -117.3293, 23275, 152, 390, CRJ2, , , , , CRJ2
1660417968, , 33.1504, -117.3293, 23275, 152, 390, CRJ2, , , , , CRJ2
1660417974, , 33.1406, -117.3233, 23325, 152, 390, CRJ2, , , , , CRJ2
1660417974, , 33.1406, -117.3233, 23325, 152, 390, CRJ2, , , , , CRJ2
1660417977, , 33.1355, -117.3201, 23375, 152, 391, CRJ2, , , , , CRJ2
1660417980, , 33.1311, -117.3174, 23400, 152, 391, CRJ2, , , , , CRJ2
1660417980, , 33.1311, -117.3174, 23400, 152, 391, CRJ2, , , , , CRJ2
