//Timestamp, ICAO, Latitude_deg, Longitude_deg, Altitude_ft, Heading_deg, GroundSpeed_kts, AircraftType, RegistrationNum, Departure, Arrival, FlightNumber1, FlightNumber2
1660426406, , 33.7528, -117.754, 5650, 142, 117, DA40, , , , , DA40
1660426406, , 33.7528, -117.754, 5650, 142, 117, DA40, , , , , DA40
1660426410, , 33.7508, -117.7531, 5675, 149, 118, DA40, , , , , DA40
1660426410, , 33.7508, -117.7531, 5675, 149, 118, DA40, , , , , DA40
1660426415, , 33.7486, -117.7522, 5650, 149, 118, DA40, , , , , DA40
1660426419, , 33.7463, -117.7515, 5725, 159, 118, DA40, , , , , DA40
1660426419, , 33.7463, -117.7515, 5725, 159, 118, DA40, , , , , DA40
1660426422, , 33.744, -117.7512, 5725, 159, 118, DA40, , , , , DA40
1660426422, , 33.744, -117.7512, 5725, 159, 118, DA40, , , , , DA40
1660426426, , 33.7417, -117.7508, 5750, 168, 122, DA40, , , , , DA40
1660426426, , 33.7417, -117.7508, 5750, 168, 122, DA40, , , , , DA40
1660426430, , 33.7396, -117.7508, 5775, 168, 122, DA40, , , , , DA40
1660426434, , 33.7368, -117.7502, 5725, 172, 125, DA40, , , , , DA40
1660426434, , 33.7368, -117.7502, 5725, 172, 125, DA40, , , , , DA40
1660426438, , 33.7337, -117.7492, 5750, 172, 125, DA40, , , , , DA40
1660426438, , 33.7337, -117.7492, 5750, 172, 125, DA40, , , , , DA40
1660426442, , 33.7317, -117.7496, 5775, 173, 131, DA40, , , , , DA40
1660426442, , 33.7317, -117.7496, 5775, 173, 131, DA40, , , , , DA40
1660426446, , 33.7294, -117.7496, 5800, 173, 131, DA40, , , , , DA40
1660426450, , 33.727, -117.7497, 5825, 179, 130, DA40, , , , , DA40
1660426450, , 33.727, -117.7497, 5825, 179, 130, DA40, , , , , DA40
1660426454, , 33.7245, -117.7495, 5850, 179, 130, DA40, , , , , DA40
1660426454, , 33.7245, -117.7495, 5850, 179, 130, DA40, , , , , DA40
1660426454, , 33.7245, -117.7495, 5850, 179, 130, DA40, , , , , DA40
1660426454, , 33.7245, -117.7495, 5850, 179, 130, DA40, , , , , DA40
1660426463, , 33.7221, -117.7492, 6000, 176, 130, DA40, , , , , DA40
1660426463, , 33.7221, -117.7492, 6000, 176, 130, DA40, , , , , DA40
1660426463, , 33.7221, -117.7492, 6000, 176, 130, DA40, , , , , DA40
1660426463, , 33.7221, -117.7492, 6000, 176, 130, DA40, , , , , DA40
1660426463, , 33.7221, -117.7492, 6000, 176, 130, DA40, , , , , DA40
1660426463, , 33.7221, -117.7492, 6000, 176, 130, DA40, , , , , DA40
1660426463, , 33.7221, -117.7492, 6000, 176, 130, DA40, , , , , DA40
1660426479, , 33.7175, -117.748, 6025, 169, 126, DA40, , , , , DA40
1660426479, , 33.7175, -117.748, 6025, 169, 126, DA40, , , , , DA40
1660426479, , 33.7175, -117.748, 6025, 169, 126, DA40, , , , , DA40
1660426479, , 33.7175, -117.748, 6025, 169, 126, DA40, , , , , DA40
1660426479, , 33.7175, -117.748, 6025, 169, 126, DA40, , , , , DA40
1660426490, , 33.7042, -117.7461, 6025, 181, 123, DA40, , , , , DA40
1660426494, , 33.7026, -117.7468, 6025, 181, 123, DA40, , , , , DA40
1660426494, , 33.7026, -117.7468, 6025, 181, 123, DA40, , , , , DA40
1660426494, , 33.7026, -117.7468, 6025, 181, 123, DA40, , , , , DA40
1660426494, , 33.7026, -117.7468, 6025, 181, 123, DA40, , , , , DA40
1660426502, , 33.7004, -117.7463, 6000, 183, 121, DA40, , , , , DA40
1660426502, , 33.7004, -117.7463, 6000, 183, 121, DA40, , , , , DA40
1660426507, , 33.696, -117.745, 6000, 170, 120, DA40, , , , , DA40
1660426510, , 33.6933, -117.7441, 6025, 170, 120, DA40, , , , , DA40
1660426510, , 33.6933, -117.7441, 6025, 170, 120, DA40, , , , , DA40
1660426514, , 33.6913, -117.7434, 6000, 165, 124, DA40, , , , , DA40
1660426514, , 33.6913, -117.7434, 6000, 165, 124, DA40, , , , , DA40
1660426518, , 33.6893, -117.7427, 6000, 165, 124, DA40, , , , , DA40
1660426518, , 33.6893, -117.7427, 6000, 165, 124, DA40, , , , , DA40
1660426518, , 33.6893, -117.7427, 6000, 165, 124, DA40, , , , , DA40
1660426518, , 33.6893, -117.7427, 6000, 165, 124, DA40, , , , , DA40
1660426518, , 33.6893, -117.7427, 6000, 165, 124, DA40, , , , , DA40
1660426530, , 33.6871, -117.7419, 6025, 162, 122, DA40, , , , , DA40
1660426530, , 33.6871, -117.7419, 6025, 162, 122, DA40, , , , , DA40
1660426530, , 33.6871, -117.7419, 6025, 162, 122, DA40, , , , , DA40
1660426530, , 33.6871, -117.7419, 6025, 162, 122, DA40, , , , , DA40
1660426538, , 33.6788, -117.7384, 5975, 162, 122, DA40, , , , , DA40
1660426543, , 33.6772, -117.7375, 5975, 156, 121, DA40, , , , , DA40
1660426543, , 33.6772, -117.7375, 5975, 156, 121, DA40, , , , , DA40
1660426543, , 33.6772, -117.7375, 5975, 156, 121, DA40, , , , , DA40
1660426543, , 33.6772, -117.7375, 5975, 156, 121, DA40, , , , , DA40
1660426543, , 33.6772, -117.7375, 5975, 156, 121, DA40, , , , , DA40
1660426543, , 33.6772, -117.7375, 5975, 156, 121, DA40, , , , , DA40
1660426554, , 33.6743, -117.7361, 5975, 156, 121, DA40, , , , , DA40
1660426554, , 33.6743, -117.7361, 5975, 156, 121, DA40, , , , , DA40
1660426554, , 33.6743, -117.7361, 5975, 156, 121, DA40, , , , , DA40
1660426554, , 33.6743, -117.7361, 5975, 156, 121, DA40, , , , , DA40
1660426554, , 33.6743, -117.7361, 5975, 156, 121, DA40, , , , , DA40
1660426554, , 33.6743, -117.7361, 5975, 156, 121, DA40, , , , , DA40
1660426554, , 33.6743, -117.7361, 5975, 156, 121, DA40, , , , , DA40
1660426570, , 33.6659, -117.7324, 6000, 156, 121, DA40, , , , , DA40
1660426570, , 33.6659, -117.7324, 6000, 156, 121, DA40, , , , , DA40
1660426570, , 33.6659, -117.7324, 6000, 156, 121, DA40, , , , , DA40
1660426579, , 33.6576, -117.7299, 5975, 156, 121, DA40, , , , , DA40
1660426579, , 33.6576, -117.7299, 5975, 156, 121, DA40, , , , , DA40
1660426579, , 33.6576, -117.7299, 5975, 156, 121, DA40, , , , , DA40
1660426579, , 33.6576, -117.7299, 5975, 156, 121, DA40, , , , , DA40
1660426579, , 33.6576, -117.7299, 5975, 156, 121, DA40, , , , , DA40
1660426579, , 33.6576, -117.7299, 5975, 156, 121, DA40, , , , , DA40
1660426591, , 33.655, -117.7293, 5975, 165, 120, DA40, , , , , DA40
1660426591, , 33.655, -117.7293, 5975, 165, 120, DA40, , , , , DA40
1660426591, , 33.655, -117.7293, 5975, 165, 120, DA40, , , , , DA40
1660426598, , 33.6472, -117.7284, 5975, 165, 120, DA40, , , , , DA40
1660426598, , 33.6472, -117.7284, 5975, 165, 120, DA40, , , , , DA40
1660426603, , 33.6447, -117.7283, 5950, 175, 120, DA40, , , , , DA40
1660426603, , 33.6447, -117.7283, 5950, 175, 120, DA40, , , , , DA40
1660426606, , 33.642, -117.7282, 5900, 175, 120, DA40, , , , , DA40
1660426606, , 33.642, -117.7282, 5900, 175, 120, DA40, , , , , DA40
1660426606, , 33.642, -117.7282, 5900, 175, 120, DA40, , , , , DA40
1660426615, , 33.6402, -117.7282, 5800, 177, 120, DA40, , , , , DA40
1660426615, , 33.6402, -117.7282, 5800, 177, 120, DA40, , , , , DA40
1660426615, , 33.6402, -117.7282, 5800, 177, 120, DA40, , , , , DA40
1660426615, , 33.6402, -117.7282, 5800, 177, 120, DA40, , , , , DA40
1660426622, , 33.6333, -117.728, 5750, 175, 120, DA40, , , , , DA40
1660426627, , 33.632, -117.7288, 5600, 189, 120, DA40, , , , , DA40
1660426627, , 33.632, -117.7288, 5600, 189, 120, DA40, , , , , DA40
1660426627, , 33.632, -117.7288, 5600, 189, 120, DA40, , , , , DA40
1660426627, , 33.632, -117.7288, 5600, 189, 120, DA40, , , , , DA40
1660426627, , 33.632, -117.7288, 5600, 189, 120, DA40, , , , , DA40
1660426627, , 33.632, -117.7288, 5600, 189, 120, DA40, , , , , DA40
1660426627, , 33.632, -117.7288, 5600, 189, 120, DA40, , , , , DA40
1660426627, , 33.632, -117.7288, 5600, 189, 120, DA40, , , , , DA40
1660426627, , 33.632, -117.7288, 5600, 189, 120, DA40, , , , , DA40
1660426627, , 33.632, -117.7288, 5600, 189, 120, DA40, , , , , DA40
1660426627, , 33.632, -117.7288, 5600, 189, 120, DA40, , , , , DA40
1660426650, , 33.6288, -117.7288, 5350, 189, 120, DA40, , , , , DA40
1660426650, , 33.6288, -117.7288, 5350, 189, 120, DA40, , , , , DA40
1660426650, , 33.6288, -117.7288, 5350, 189, 120, DA40, , , , , DA40
1660426650, , 33.6288, -117.7288, 5350, 189, 120, DA40, , , , , DA40
1660426650, , 33.6288, -117.7288, 5350, 189, 120, DA40, , , , , DA40
1660426650, , 33.6288, -117.7288, 5350, 189, 120, DA40, , , , , DA40
1660426650, , 33.6288, -117.7288, 5350, 189, 120, DA40, , , , , DA40
1660426650, , 33.6288, -117.7288, 5350, 189, 120, DA40, , , , , DA40
1660426675, , 33.6172, -117.731, 5350, 189, 120, DA40, , , , , DA40
1660426675, , 33.6172, -117.731, 5350, 189, 120, DA40, , , , , DA40
1660426674, , 33.6094, -117.7258, 5050, 176, 120, DA40, , , , , DA40
1660426674, , 33.6094, -117.7258, 5050, 176, 120, DA40, , , , , DA40
1660426674, , 33.6094, -117.7258, 5050, 176, 120, DA40, , , , , DA40
1660426674, , 33.6094, -117.7258, 5050, 176, 120, DA40, , , , , DA40
1660426683, , 33.6006, -117.7236, 5025, 176, 120, DA40, , , , , DA40
1660426687, , 33.5988, -117.7233, 5000, 170, 116, DA40, , , , , DA40
1660426687, , 33.5988, -117.7233, 5000, 170, 116, DA40, , , , , DA40
1660426691, , 33.5968, -117.7227, 5000, 170, 116, DA40, , , , , DA40
1660426691, , 33.5968, -117.7227, 5000, 170, 116, DA40, , , , , DA40
1660426691, , 33.5968, -117.7227, 5000, 170, 116, DA40, , , , , DA40
1660426691, , 33.5968, -117.7227, 5000, 170, 116, DA40, , , , , DA40
1660426691, , 33.5968, -117.7227, 5000, 170, 116, DA40, , , , , DA40
1660426691, , 33.5968, -117.7227, 5000, 170, 116, DA40, , , , , DA40
1660426691, , 33.5968, -117.7227, 5000, 170, 116, DA40, , , , , DA40
1660426707, , 33.5945, -117.722, 4975, 167, 117, DA40, , , , , DA40
1660426707, , 33.5945, -117.722, 4975, 167, 117, DA40, , , , , DA40
1660426707, , 33.5945, -117.722, 4975, 167, 117, DA40, , , , , DA40
1660426707, , 33.5945, -117.722, 4975, 167, 117, DA40, , , , , DA40
1660426707, , 33.5945, -117.722, 4975, 167, 117, DA40, , , , , DA40
1660426707, , 33.5945, -117.722, 4975, 167, 117, DA40, , , , , DA40
1660426707, , 33.5945, -117.722, 4975, 167, 117, DA40, , , , , DA40
1660426723, , 33.5817, -117.7188, 4975, 167, 122, DA40, , , , , DA40
1660426723, , 33.5817, -117.7188, 4975, 167, 122, DA40, , , , , DA40
1660426723, , 33.5817, -117.7188, 4975, 167, 122, DA40, , , , , DA40
1660426723, , 33.5817, -117.7188, 4975, 167, 122, DA40, , , , , DA40
1660426723, , 33.5817, -117.7188, 4975, 167, 122, DA40, , , , , DA40
1660426734, , 33.5767, -117.7174, 5000, 167, 121, DA40, , , , , DA40
1660426734, , 33.5767, -117.7174, 5000, 167, 121, DA40, , , , , DA40
1660426734, , 33.5767, -117.7174, 5000, 167, 121, DA40, , , , , DA40
1660426734, , 33.5767, -117.7174, 5000, 167, 121, DA40, , , , , DA40
1660426734, , 33.5767, -117.7174, 5000, 167, 121, DA40, , , , , DA40
1660426734, , 33.5767, -117.7174, 5000, 167, 121, DA40, , , , , DA40
1660426734, , 33.5767, -117.7174, 5000, 167, 121, DA40, , , , , DA40
1660426734, , 33.5767, -117.7174, 5000, 167, 121, DA40, , , , , DA40
1660426734, , 33.5767, -117.7174, 5000, 167, 121, DA40, , , , , DA40
1660426759, , 33.5651, -117.7142, 5000, 167, 121, DA40, , , , , DA40
1660426759, , 33.5651, -117.7142, 5000, 167, 121, DA40, , , , , DA40
1660426759, , 33.5651, -117.7142, 5000, 167, 121, DA40, , , , , DA40
1660426759, , 33.5651, -117.7142, 5000, 167, 121, DA40, , , , , DA40
1660426759, , 33.5651, -117.7142, 5000, 167, 121, DA40, , , , , DA40
1660426771, , 33.5595, -117.7127, 5000, 167, 121, DA40, , , , , DA40
1660426771, , 33.5595, -117.7127, 5000, 167, 121, DA40, , , , , DA40
1660426771, , 33.5595, -117.7127, 5000, 167, 121, DA40, , , , , DA40
1660426771, , 33.5595, -117.7127, 5000, 167, 121, DA40, , , , , DA40
1660426771, , 33.5595, -117.7127, 5000, 167, 121, DA40, , , , , DA40
1660426779, , 33.5706, -117.7159, 5000, 167, 121, DA40, , , , , DA40
1660426779, , 33.5706, -117.7159, 5000, 167, 121, DA40, , , , , DA40
1660426779, , 33.5706, -117.7159, 5000, 167, 121, DA40, , , , , DA40
1660426779, , 33.5706, -117.7159, 5000, 167, 121, DA40, , , , , DA40
1660426779, , 33.5706, -117.7159, 5000, 167, 121, DA40, , , , , DA40
1660426779, , 33.5706, -117.7159, 5000, 167, 121, DA40, , , , , DA40
1660426779, , 33.5706, -117.7159, 5000, 167, 121, DA40, , , , , DA40
1660426779, , 33.5706, -117.7159, 5000, 167, 121, DA40, , , , , DA40
1660426779, , 33.5706, -117.7159, 5000, 167, 121, DA40, , , , , DA40
1660426779, , 33.5706, -117.7159, 5000, 167, 121, DA40, , , , , DA40
1660426779, , 33.5706, -117.7159, 5000, 167, 121, DA40, , , , , DA40
1660426803, , 33.5395, -117.7102, 5000, 167, 121, DA40, , , , , DA40
1660426803, , 33.5395, -117.7102, 5000, 167, 121, DA40, , , , , DA40
1660426803, , 33.5395, -117.7102, 5000, 167, 121, DA40, , , , , DA40
1660426803, , 33.5395, -117.7102, 5000, 167, 121, DA40, , , , , DA40
1660426803, , 33.5395, -117.7102, 5000, 167, 121, DA40, , , , , DA40
1660426803, , 33.5395, -117.7102, 5000, 167, 121, DA40, , , , , DA40
1660426803, , 33.5395, -117.7102, 5000, 167, 121, DA40, , , , , DA40
1660426818, , 33.5303, -117.7087, 4975, 167, 121, DA40, , , , , DA40
1660426818, , 33.5303, -117.7087, 4975, 167, 121, DA40, , , , , DA40
1660426818, , 33.5303, -117.7087, 4975, 167, 121, DA40, , , , , DA40
1660426818, , 33.5303, -117.7087, 4975, 167, 121, DA40, , , , , DA40
1660426818, , 33.5303, -117.7087, 4975, 167, 121, DA40, , , , , DA40
1660426831, , 33.5237, -117.7073, 4975, 167, 121, DA40, , , , , DA40
1660426831, , 33.5237, -117.7073, 4975, 167, 121, DA40, , , , , DA40
1660426831, , 33.5237, -117.7073, 4975, 167, 121, DA40, , , , , DA40
1660426839, , 33.5155, -117.7054, 5000, 167, 121, DA40, , , , , DA40
1660426839, , 33.5155, -117.7054, 5000, 167, 121, DA40, , , , , DA40
1660426839, , 33.5155, -117.7054, 5000, 167, 121, DA40, , , , , DA40
1660426839, , 33.5155, -117.7054, 5000, 167, 121, DA40, , , , , DA40
1660426846, , 33.5129, -117.7046, 5000, 167, 120, DA40, , , , , DA40
1660426846, , 33.5129, -117.7046, 5000, 167, 120, DA40, , , , , DA40
1660426846, , 33.5129, -117.7046, 5000, 167, 120, DA40, , , , , DA40
1660426846, , 33.5129, -117.7046, 5000, 167, 120, DA40, , , , , DA40
1660426846, , 33.5129, -117.7046, 5000, 167, 120, DA40, , , , , DA40
1660426846, , 33.5129, -117.7046, 5000, 167, 120, DA40, , , , , DA40
1660426846, , 33.5129, -117.7046, 5000, 167, 120, DA40, , , , , DA40
1660426846, , 33.5129, -117.7046, 5000, 167, 120, DA40, , , , , DA40
1660426846, , 33.5129, -117.7046, 5000, 167, 120, DA40, , , , , DA40
1660426871, , 33.5014, -117.7014, 5000, 167, 120, DA40, , , , , DA40
1660426871, , 33.5014, -117.7014, 5000, 167, 120, DA40, , , , , DA40
1660426871, , 33.5014, -117.7014, 5000, 167, 120, DA40, , , , , DA40
1660426874, , 33.5087, -117.7037, 5000, 169, 120, DA40, , , , , DA40
1660426874, , 33.5087, -117.7037, 5000, 169, 120, DA40, , , , , DA40
1660426874, , 33.5087, -117.7037, 5000, 169, 120, DA40, , , , , DA40
1660426874, , 33.5087, -117.7037, 5000, 169, 120, DA40, , , , , DA40
1660426874, , 33.5087, -117.7037, 5000, 169, 120, DA40, , , , , DA40
1660426874, , 33.5087, -117.7037, 5000, 169, 120, DA40, , , , , DA40
1660426890, , 33.4902, -117.7006, 5000, 169, 120, DA40, , , , , DA40
1660426890, , 33.4902, -117.7006, 5000, 169, 120, DA40, , , , , DA40
1660426890, , 33.4902, -117.7006, 5000, 169, 120, DA40, , , , , DA40
1660426890, , 33.4902, -117.7006, 5000, 169, 120, DA40, , , , , DA40
1660426898, , 33.4815, -117.699, 5000, 169, 120, DA40, , , , , DA40
1660426898, , 33.4815, -117.699, 5000, 169, 120, DA40, , , , , DA40
1660426902, , 33.4799, -117.6983, 5000, 168, 120, DA40, , , , , DA40
1660426906, , 33.4776, -117.6976, 5000, 168, 120, DA40, , , , , DA40
1660426906, , 33.4776, -117.6976, 5000, 168, 120, DA40, , , , , DA40
1660426910, , 33.4755, -117.6966, 5025, 162, 120, DA40, , , , , DA40
1660426910, , 33.4755, -117.6966, 5025, 162, 120, DA40, , , , , DA40
1660426914, , 33.4738, -117.6957, 5025, 162, 120, DA40, , , , , DA40
1660426914, , 33.4738, -117.6957, 5025, 162, 120, DA40, , , , , DA40
1660426914, , 33.4738, -117.6957, 5025, 162, 120, DA40, , , , , DA40
1660426914, , 33.4738, -117.6957, 5025, 162, 120, DA40, , , , , DA40
1660426914, , 33.4738, -117.6957, 5025, 162, 120, DA40, , , , , DA40
1660426926, , 33.4719, -117.6945, 5025, 156, 120, DA40, , , , , DA40
1660426926, , 33.4719, -117.6945, 5025, 156, 120, DA40, , , , , DA40
1660426926, , 33.4719, -117.6945, 5025, 156, 120, DA40, , , , , DA40
1660426926, , 33.4719, -117.6945, 5025, 156, 120, DA40, , , , , DA40
1660426926, , 33.4719, -117.6945, 5025, 156, 120, DA40, , , , , DA40
1660426938, , 33.4648, -117.6894, 5050, 156, 120, DA40, , , , , DA40
1660426938, , 33.4648, -117.6894, 5050, 156, 120, DA40, , , , , DA40
1660426938, , 33.4648, -117.6894, 5050, 156, 120, DA40, , , , , DA40
1660426938, , 33.4648, -117.6894, 5050, 156, 120, DA40, , , , , DA40
1660426938, , 33.4648, -117.6894, 5050, 156, 120, DA40, , , , , DA40
1660426938, , 33.4648, -117.6894, 5050, 156, 120, DA40, , , , , DA40
1660426938, , 33.4648, -117.6894, 5050, 156, 120, DA40, , , , , DA40
1660426938, , 33.4648, -117.6894, 5050, 156, 120, DA40, , , , , DA40
1660426938, , 33.4648, -117.6894, 5050, 156, 120, DA40, , , , , DA40
1660426959, , 33.4613, -117.6863, 5050, 156, 120, DA40, , , , , DA40
1660426959, , 33.4613, -117.6863, 5050, 156, 120, DA40, , , , , DA40
1660426959, , 33.4613, -117.6863, 5050, 156, 120, DA40, , , , , DA40
1660426959, , 33.4613, -117.6863, 5050, 156, 120, DA40, , , , , DA40
1660426959, , 33.4613, -117.6863, 5050, 156, 120, DA40, , , , , DA40
1660426959, , 33.4613, -117.6863, 5050, 156, 120, DA40, , , , , DA40
1660426959, , 33.4613, -117.6863, 5050, 156, 120, DA40, , , , , DA40
1660426975, , 33.4497, -117.6697, 5075, 115, 136, DA40, , , , , DA40
1660426975, , 33.4497, -117.6697, 5075, 115, 136, DA40, , , , , DA40
1660426978, , 33.4483, -117.6669, 5075, 119, 133, DA40, , , , , DA40
1660426978, , 33.4483, -117.6669, 5075, 119, 133, DA40, , , , , DA40
1660426982, , 33.4474, -117.6646, 5075, 119, 133, DA40, , , , , DA40
1660426982, , 33.4474, -117.6646, 5075, 119, 133, DA40, , , , , DA40
1660426982, , 33.4474, -117.6646, 5075, 119, 133, DA40, , , , , DA40
1660426990, , 33.4463, -117.6624, 5075, 117, 131, DA40, , , , , DA40
1660426990, , 33.4463, -117.6624, 5075, 117, 131, DA40, , , , , DA40
1660426990, , 33.4463, -117.6624, 5075, 117, 131, DA40, , , , , DA40
1660426990, , 33.4463, -117.6624, 5075, 117, 131, DA40, , , , , DA40
1660426999, , 33.4432, -117.6583, 5075, 128, 126, DA40, , , , , DA40
1660426999, , 33.4432, -117.6583, 5075, 128, 126, DA40, , , , , DA40
1660426999, , 33.4432, -117.6583, 5075, 128, 126, DA40, , , , , DA40
1660426999, , 33.4432, -117.6583, 5075, 128, 126, DA40, , , , , DA40
1660426999, , 33.4432, -117.6583, 5075, 128, 126, DA40, , , , , DA40
1660426999, , 33.4432, -117.6583, 5075, 128, 126, DA40, , , , , DA40
1660426999, , 33.4432, -117.6583, 5075, 128, 126, DA40, , , , , DA40
1660426999, , 33.4432, -117.6583, 5075, 128, 126, DA40, , , , , DA40
1660426999, , 33.4432, -117.6583, 5075, 128, 126, DA40, , , , , DA40
1660426999, , 33.4432, -117.6583, 5075, 128, 126, DA40, , , , , DA40
1660427027, , 33.4346, -117.6452, 5075, 128, 126, DA40, , , , , DA40
1660427027, , 33.4346, -117.6452, 5075, 128, 126, DA40, , , , , DA40
1660427027, , 33.4346, -117.6452, 5075, 128, 126, DA40, , , , , DA40
1660427027, , 33.4346, -117.6452, 5075, 128, 126, DA40, , , , , DA40
1660427027, , 33.4346, -117.6452, 5075, 128, 126, DA40, , , , , DA40
1660427027, , 33.4346, -117.6452, 5075, 128, 126, DA40, , , , , DA40
1660427039, , 33.431, -117.6396, 5075, 128, 126, DA40, , , , , DA40
1660427039, , 33.431, -117.6396, 5075, 128, 126, DA40, , , , , DA40
1660427039, , 33.431, -117.6396, 5075, 128, 126, DA40, , , , , DA40
1660427039, , 33.431, -117.6396, 5075, 128, 126, DA40, , , , , DA40
1660427039, , 33.431, -117.6396, 5075, 128, 126, DA40, , , , , DA40
1660427046, , 33.4386, -117.6517, 5025, 131, 123, DA40, , , , , DA40
1660427046, , 33.4386, -117.6517, 5025, 131, 123, DA40, , , , , DA40
1660427046, , 33.4386, -117.6517, 5025, 131, 123, DA40, , , , , DA40
1660427046, , 33.4386, -117.6517, 5025, 131, 123, DA40, , , , , DA40
1660427046, , 33.4386, -117.6517, 5025, 131, 123, DA40, , , , , DA40
1660427046, , 33.4386, -117.6517, 5025, 131, 123, DA40, , , , , DA40
1660427046, , 33.4386, -117.6517, 5025, 131, 123, DA40, , , , , DA40
1660427046, , 33.4386, -117.6517, 5025, 131, 123, DA40, , , , , DA40
1660427046, , 33.4386, -117.6517, 5025, 131, 123, DA40, , , , , DA40
1660427071, , 33.4306, -117.6408, 5025, 131, 123, DA40, , , , , DA40
1660427071, , 33.4306, -117.6408, 5025, 131, 123, DA40, , , , , DA40
1660427071, , 33.4306, -117.6408, 5025, 131, 123, DA40, , , , , DA40
1660427071, , 33.4306, -117.6408, 5025, 131, 123, DA40, , , , , DA40
1660427071, , 33.4306, -117.6408, 5025, 131, 123, DA40, , , , , DA40
1660427083, , 33.4268, -117.6356, 5025, 131, 123, DA40, , , , , DA40
1660427083, , 33.4268, -117.6356, 5025, 131, 123, DA40, , , , , DA40
1660427083, , 33.4268, -117.6356, 5025, 131, 123, DA40, , , , , DA40
1660427083, , 33.4268, -117.6356, 5025, 131, 123, DA40, , , , , DA40
1660427083, , 33.4268, -117.6356, 5025, 131, 123, DA40, , , , , DA40
1660427083, , 33.4268, -117.6356, 5025, 131, 123, DA40, , , , , DA40
1660427083, , 33.4268, -117.6356, 5025, 131, 123, DA40, , , , , DA40
1660427083, , 33.4268, -117.6356, 5025, 131, 123, DA40, , , , , DA40
1660427083, , 33.4268, -117.6356, 5025, 131, 123, DA40, , , , , DA40
1660427083, , 33.4268, -117.6356, 5025, 131, 123, DA40, , , , , DA40
1660427083, , 33.4268, -117.6356, 5025, 131, 123, DA40, , , , , DA40
1660427083, , 33.4268, -117.6356, 5025, 131, 123, DA40, , , , , DA40
1660427083, , 33.4268, -117.6356, 5025, 131, 123, DA40, , , , , DA40
1660427083, , 33.4268, -117.6356, 5025, 131, 123, DA40, , , , , DA40
1660427083, , 33.4268, -117.6356, 5025, 131, 123, DA40, , , , , DA40
1660427083, , 33.4268, -117.6356, 5025, 131, 123, DA40, , , , , DA40
1660427083, , 33.4268, -117.6356, 5025, 131, 123, DA40, , , , , DA40
1660427083, , 33.4268, -117.6356, 5025, 131, 123, DA40, , , , , DA40
1660427083, , 33.4268, -117.6356, 5025, 131, 123, DA40, , , , , DA40
1660427083, , 33.4268, -117.6356, 5025, 131, 123, DA40, , , , , DA40
1660427083, , 33.4268, -117.6356, 5025, 131, 123, DA40, , , , , DA40
1660427083, , 33.4268, -117.6356, 5025, 131, 123, DA40, , , , , DA40
1660427131, , 33.4157, -117.6214, 5000, 127, 129, DA40, , , , , DA40
1660427131, , 33.4157, -117.6214, 5000, 127, 129, DA40, , , , , DA40
1660427131, , 33.4157, -117.6214, 5000, 127, 129, DA40, , , , , DA40
1660427131, , 33.4157, -117.6214, 5000, 127, 129, DA40, , , , , DA40
1660427131, , 33.4157, -117.6214, 5000, 127, 129, DA40, , , , , DA40
1660427131, , 33.4157, -117.6214, 5000, 127, 129, DA40, , , , , DA40
1660427131, , 33.4157, -117.6214, 5000, 127, 129, DA40, , , , , DA40
1660427131, , 33.4157, -117.6214, 5000, 127, 129, DA40, , , , , DA40
1660427131, , 33.4157, -117.6214, 5000, 127, 129, DA40, , , , , DA40
1660427131, , 33.4157, -117.6214, 5000, 127, 129, DA40, , , , , DA40
1660427131, , 33.4157, -117.6214, 5000, 127, 129, DA40, , , , , DA40
1660427155, , 33.3843, -117.5816, 5000, 130, 129, DA40, , , , , DA40
1660427155, , 33.3843, -117.5816, 5000, 130, 129, DA40, , , , , DA40
1660427155, , 33.3843, -117.5816, 5000, 130, 129, DA40, , , , , DA40
1660427155, , 33.3843, -117.5816, 5000, 130, 129, DA40, , , , , DA40
1660427155, , 33.3843, -117.5816, 5000, 130, 129, DA40, , , , , DA40
1660427166, , 33.3785, -117.5702, 5000, 115, 129, DA40, , , , , DA40
1660427166, , 33.3785, -117.5702, 5000, 115, 129, DA40, , , , , DA40
1660427171, , 33.3775, -117.5678, 5000, 115, 129, DA40, , , , , DA40
1660427171, , 33.3775, -117.5678, 5000, 115, 129, DA40, , , , , DA40
1660427171, , 33.3775, -117.5678, 5000, 115, 129, DA40, , , , , DA40
1660427171, , 33.3775, -117.5678, 5000, 115, 129, DA40, , , , , DA40
1660427171, , 33.3775, -117.5678, 5000, 115, 129, DA40, , , , , DA40
1660427183, , 33.3762, -117.5646, 5025, 115, 125, DA40, , , , , DA40
1660427183, , 33.3762, -117.5646, 5025, 115, 125, DA40, , , , , DA40
1660427183, , 33.3762, -117.5646, 5025, 115, 125, DA40, , , , , DA40
1660427183, , 33.3762, -117.5646, 5025, 115, 125, DA40, , , , , DA40
1660427183, , 33.3762, -117.5646, 5025, 115, 125, DA40, , , , , DA40
1660427194, , 33.3782, -117.5612, 5025, 278, 155, DA40, , , , , DA40
1660427194, , 33.3782, -117.5612, 5025, 278, 155, DA40, , , , , DA40
1660427198, , 33.379, -117.5603, 5025, 278, 155, DA40, , , , , DA40
1660427202, , 33.383, -117.5638, 5025, 321, 157, DA40, , , , , DA40
1660427202, , 33.383, -117.5638, 5025, 321, 157, DA40, , , , , DA40
1660427206, , 33.3809, -117.5596, 5025, 321, 157, DA40, , , , , DA40
1660427206, , 33.3809, -117.5596, 5025, 321, 157, DA40, , , , , DA40
1660427210, , 33.379, -117.5557, 5000, 170, 174, DA40, , , , , DA40
1660427210, , 33.379, -117.5557, 5000, 170, 174, DA40, , , , , DA40
1660427214, , 33.3772, -117.5522, 5000, 170, 174, DA40, , , , , DA40
1660427218, , 33.3752, -117.5488, 5000, 134, 184, DA40, , , , , DA40
1660427218, , 33.3752, -117.5488, 5000, 134, 184, DA40, , , , , DA40
1660427223, , 33.3729, -117.5452, 5000, 134, 184, DA40, , , , , DA40
1660427223, , 33.3729, -117.5452, 5000, 134, 184, DA40, , , , , DA40
1660427226, , 33.3703, -117.5417, 5000, 130, 182, DA40, , , , , DA40
1660427226, , 33.3703, -117.5417, 5000, 130, 182, DA40, , , , , DA40
1660427231, , 33.3684, -117.5395, 5000, 130, 182, DA40, , , , , DA40
1660427235, , 33.3657, -117.536, 5000, 133, 181, DA40, , , , , DA40
1660427235, , 33.3657, -117.536, 5000, 133, 181, DA40, , , , , DA40
1660427235, , 33.3657, -117.536, 5000, 133, 181, DA40, , , , , DA40
1660427235, , 33.3657, -117.536, 5000, 133, 181, DA40, , , , , DA40
1660427235, , 33.3657, -117.536, 5000, 133, 181, DA40, , , , , DA40
1660427235, , 33.3657, -117.536, 5000, 133, 181, DA40, , , , , DA40
1660427235, , 33.3657, -117.536, 5000, 133, 181, DA40, , , , , DA40
1660427250, , 33.3634, -117.5336, 5000, 133, 181, DA40, , , , , DA40
1660427250, , 33.3634, -117.5336, 5000, 133, 181, DA40, , , , , DA40
1660427250, , 33.3634, -117.5336, 5000, 133, 181, DA40, , , , , DA40
1660427250, , 33.3634, -117.5336, 5000, 133, 181, DA40, , , , , DA40
1660427250, , 33.3634, -117.5336, 5000, 133, 181, DA40, , , , , DA40
1660427250, , 33.3634, -117.5336, 5000, 133, 181, DA40, , , , , DA40
1660427250, , 33.3634, -117.5336, 5000, 133, 181, DA40, , , , , DA40
1660427250, , 33.3634, -117.5336, 5000, 133, 181, DA40, , , , , DA40
1660427250, , 33.3634, -117.5336, 5000, 133, 181, DA40, , , , , DA40
1660427275, , 33.3513, -117.518, 5000, 133, 181, DA40, , , , , DA40
1660427275, , 33.3513, -117.518, 5000, 133, 181, DA40, , , , , DA40
1660427275, , 33.3513, -117.518, 5000, 133, 181, DA40, , , , , DA40
1660427275, , 33.3513, -117.518, 5000, 133, 181, DA40, , , , , DA40
1660427275, , 33.3513, -117.518, 5000, 133, 181, DA40, , , , , DA40
1660427287, , 33.3455, -117.5105, 5000, 133, 181, DA40, , , , , DA40
1660427287, , 33.3455, -117.5105, 5000, 133, 181, DA40, , , , , DA40
1660427287, , 33.3455, -117.5105, 5000, 133, 181, DA40, , , , , DA40
1660427287, , 33.3455, -117.5105, 5000, 133, 181, DA40, , , , , DA40
1660427287, , 33.3455, -117.5105, 5000, 133, 181, DA40, , , , , DA40
1660427287, , 33.3455, -117.5105, 5000, 133, 181, DA40, , , , , DA40
1660427287, , 33.3455, -117.5105, 5000, 133, 181, DA40, , , , , DA40
1660427287, , 33.3455, -117.5105, 5000, 133, 181, DA40, , , , , DA40
1660427287, , 33.3455, -117.5105, 5000, 133, 181, DA40, , , , , DA40
1660427287, , 33.3455, -117.5105, 5000, 133, 181, DA40, , , , , DA40
1660427287, , 33.3455, -117.5105, 5000, 133, 181, DA40, , , , , DA40
1660427287, , 33.3455, -117.5105, 5000, 133, 181, DA40, , , , , DA40
1660427287, , 33.3455, -117.5105, 5000, 133, 181, DA40, , , , , DA40
1660427287, , 33.3455, -117.5105, 5000, 133, 181, DA40, , , , , DA40
1660427287, , 33.3455, -117.5105, 5000, 133, 181, DA40, , , , , DA40
1660427287, , 33.3455, -117.5105, 5000, 133, 181, DA40, , , , , DA40
1660427287, , 33.3455, -117.5105, 5000, 133, 181, DA40, , , , , DA40
1660427287, , 33.3455, -117.5105, 5000, 133, 181, DA40, , , , , DA40
1660427287, , 33.3455, -117.5105, 5000, 133, 181, DA40, , , , , DA40
1660427287, , 33.3455, -117.5105, 5000, 133, 181, DA40, , , , , DA40
1660427287, , 33.3455, -117.5105, 5000, 133, 181, DA40, , , , , DA40
1660427287, , 33.3455, -117.5105, 5000, 133, 181, DA40, , , , , DA40
1660427287, , 33.3455, -117.5105, 5000, 133, 181, DA40, , , , , DA40
1660427287, , 33.3455, -117.5105, 5000, 133, 181, DA40, , , , , DA40
1660427287, , 33.3455, -117.5105, 5000, 133, 181, DA40, , , , , DA40
1660427287, , 33.3455, -117.5105, 5000, 133, 181, DA40, , , , , DA40
1660427287, , 33.3455, -117.5105, 5000, 133, 181, DA40, , , , , DA40
1660427287, , 33.3455, -117.5105, 5000, 133, 181, DA40, , , , , DA40
1660427287, , 33.3455, -117.5105, 5000, 133, 181, DA40, , , , , DA40
1660427287, , 33.3455, -117.5105, 5000, 133, 181, DA40, , , , , DA40
1660427287, , 33.3455, -117.5105, 5000, 133, 181, DA40, , , , , DA40
1660427287, , 33.3455, -117.5105, 5000, 133, 181, DA40, , , , , DA40
1660427287, , 33.3455, -117.5105, 5000, 133, 181, DA40, , , , , DA40
1660427287, , 33.3455, -117.5105, 5000, 133, 181, DA40, , , , , DA40
1660427287, , 33.3455, -117.5105, 5000, 133, 181, DA40, , , , , DA40
1660427287, , 33.3455, -117.5105, 5000, 133, 181, DA40, , , , , DA40
1660427287, , 33.3455, -117.5105, 5000, 133, 181, DA40, , , , , DA40
1660427287, , 33.3455, -117.5105, 5000, 133, 181, DA40, , , , , DA40
1660427287, , 33.3455, -117.5105, 5000, 133, 181, DA40, , , , , DA40
1660427287, , 33.3455, -117.5105, 5000, 133, 181, DA40, , , , , DA40
1660427398, , 33.3455, -117.5105, 5000, 133, 181, DA40, , , , , DA40
1660427398, , 33.3455, -117.5105, 5000, 133, 181, DA40, , , , , DA40
1660427398, , 33.3455, -117.5105, 5000, 133, 181, DA40, , , , , DA40
1660427398, , 33.3455, -117.5105, 5000, 133, 181, DA40, , , , , DA40
1660427398, , 33.3455, -117.5105, 5000, 133, 181, DA40, , , , , DA40
1660427398, , 33.3455, -117.5105, 5000, 133, 181, DA40, , , , , DA40
1660427398, , 33.3455, -117.5105, 5000, 133, 181, DA40, , , , , DA40
1660427398, , 33.3455, -117.5105, 5000, 133, 181, DA40, , , , , DA40
1660427398, , 33.3455, -117.5105, 5000, 133, 181, DA40, , , , , DA40
1660427398, , 33.3455, -117.5105, 5000, 133, 181, DA40, , , , , DA40
1660427398, , 33.3455, -117.5105, 5000, 133, 181, DA40, , , , , DA40
1660427398, , 33.3455, -117.5105, 5000, 133, 181, DA40, , , , , DA40
1660427398, , 33.3455, -117.5105, 5000, 133, 181, DA40, , , , , DA40
1660427398, , 33.3455, -117.5105, 5000, 133, 181, DA40, , , , , DA40
1660427398, , 33.3455, -117.5105, 5000, 133, 181, DA40, , , , , DA40
1660427398, , 33.3455, -117.5105, 5000, 133, 181, DA40, , , , , DA40
1660427398, , 33.3455, -117.5105, 5000, 133, 181, DA40, , , , , DA40
1660427398, , 33.3455, -117.5105, 5000, 133, 181, DA40, , , , , DA40
