//Timestamp, ICAO, Latitude_deg, Longitude_deg, Altitude_ft, Heading_deg, GroundSpeed_kts, AircraftType, RegistrationNum, Departure, Arrival, FlightNumber1, FlightNumber2
1660415193, , 33.135, -117.2377, 925, 259, 109, E550, , , , , E550
1660415193, , 33.135, -117.2377, 925, 259, 109, E550, , , , , E550
1660415197, , 33.1346, -117.2403, 900, 259, 109, E550, , , , , E550
1660415197, , 33.1346, -117.2403, 900, 259, 109, E550, , , , , E550
1660415201, , 33.1345, -117.2413, 850, 258, 111, E550, , , , , E550
1660415203, , 33.1343, -117.2425, 825, 258, 111, E550, , , , , E550
1660415203, , 33.1343, -117.2425, 825, 258, 111, E550, , , , , E550
1660415207, , 33.1338, -117.2456, 800, 259, 111, E550, , , , , E550
1660415207, , 33.1338, -117.2456, 800, 259, 111, E550, , , , , E550
1660415211, , 33.1334, -117.2483, 750, 259, 127, E550, , , , , E550
1660415211, , 33.1334, -117.2483, 750, 259, 127, E550, , , , , E550
1660415215, , 33.1333, -117.249, 700, 258, 110, E550, , , , , E550
1660415222, , 33.1323, -117.2548, 650, 258, 110, E550, , , , , E550
1660415222, , 33.1323, -117.2548, 650, 258, 110, E550, , , , , E550
1660415222, , 33.1323, -117.2548, 650, 258, 110, E550, , , , , E550
1660415222, , 33.1323, -117.2548, 650, 258, 110, E550, , , , , E550
1660415227, , 33.1318, -117.2577, 600, 258, 110, E550, , , , , E550
1660415227, , 33.1318, -117.2577, 600, 258, 110, E550, , , , , E550
1660415231, , 33.1314, -117.2604, 550, 258, 110, E550, , , , , E550
1660415235, , 33.131, -117.2627, 500, 259, 109, E550, , , , , E550
1660415235, , 33.131, -117.2627, 500, 259, 109, E550, , , , , E550
1660415240, , 33.1306, -117.2653, 475, 258, 109, E550, , , , , E550
1660415240, , 33.1306, -117.2653, 475, 258, 109, E550, , , , , E550
1660415244, , 33.1301, -117.2683, 425, 258, 109, E550, , , , , E550
1660415248, , 33.1298, -117.2704, 375, 258, 109, E550, , , , , E550
1660415248, , 33.1298, -117.2704, 375, 258, 109, E550, , , , , E550
1660415253, , 33.1293, -117.2734, 325, 259, 127, E550, , , , , E550
1660415253, , 33.1293, -117.2734, 325, 259, 127, E550, , , , , E550
1660415257, , 33.129, -117.2752, 300, 259, 108, E550, , , , , E550
1660415257, , 33.129, -117.2752, 300, 259, 108, E550, , , , , E550
1660415260, , 33.1287, -117.2772, 275, 259, 108, E550, , , , , E550
1660415264, , 33.1284, -117.2796, 0, 255, 90, E550, , , , , E550
1660415264, , 33.1284, -117.2796, 0, 255, 90, E550, , , , , E550
1660415269, , 33.128, -117.2815, 0, 258, 76, E550, , , , , E550
1660415269, , 33.128, -117.2815, 0, 258, 76, E550, , , , , E550
1660415269, , 33.128, -117.2815, 0, 258, 76, E550, , , , , E550
1660415269, , 33.128, -117.2815, 0, 258, 76, E550, , , , , E550
1660415275, , 33.1277, -117.2837, 0, 258, 51, E550, , , , , E550
1660415280, , 33.1275, -117.2849, 0, 258, 38, E550, , , , , E550
1660415280, , 33.1275, -117.2849, 0, 258, 38, E550, , , , , E550
1660415280, , 33.1275, -117.2849, 0, 258, 38, E550, , , , , E550
1660415280, , 33.1275, -117.2849, 0, 258, 38, E550, , , , , E550
1660415280, , 33.1275, -117.2849, 0, 258, 38, E550, , , , , E550
1660415280, , 33.1275, -117.2849, 0, 258, 38, E550, , , , , E550
1660415294, , 33.1272, -117.2869, 0, 258, 20, E550, , , , , E550
1660415298, , 33.1271, -117.2873, 0, 258, 15, E550, , , , , E550
1660415298, , 33.1271, -117.2873, 0, 258, 15, E550, , , , , E550
1660415302, , 33.1271, -117.2875, 0, 258, 10, E550, , , , , E550
1660415302, , 33.1271, -117.2875, 0, 258, 10, E550, , , , , E550
1660415306, , 33.127, -117.2877, 0, 233, 11, E550, , , , , E550
1660415306, , 33.127, -117.2877, 0, 233, 11, E550, , , , , E550
1660415310, , 33.1268, -117.2878, 0, 182, 12, E550, , , , , E550
1660415314, , 33.1266, -117.2877, 0, 151, 13, E550, , , , , E550
1660415314, , 33.1266, -117.2877, 0, 151, 13, E550, , , , , E550
1660415318, , 33.1264, -117.2875, 0, 118, 14, E550, , , , , E550
1660415318, , 33.1264, -117.2875, 0, 118, 14, E550, , , , , E550
1660415322, , 33.1263, -117.2871, 0, 95, 15, E550, , , , , E550
1660415322, , 33.1263, -117.2871, 0, 95, 15, E550, , , , , E550
1660415326, , 33.1264, -117.2868, 0, 84, 14, E550, , , , , E550
1660415330, , 33.1264, -117.2866, 0, 78, 14, E550, , , , , E550
1660415330, , 33.1264, -117.2866, 0, 78, 14, E550, , , , , E550
1660415334, , 33.1264, -117.2862, 0, 78, 13, E550, , , , , E550
1660415334, , 33.1264, -117.2862, 0, 78, 13, E550, , , , , E550
1660415338, , 33.1265, -117.286, 0, 78, 10, E550, , , , , E550
1660415338, , 33.1265, -117.286, 0, 78, 10, E550, , , , , E550
1660415341, , 33.1265, -117.2859, 0, 78, 8, E550, , , , , E550
1660415346, , 33.1265, -117.2857, 0, 78, 7, E550, , , , , E550
1660415346, , 33.1265, -117.2857, 0, 78, 7, E550, , , , , E550
1660415350, , 33.1266, -117.2855, 0, 78, 8, E550, , , , , E550
1660415350, , 33.1266, -117.2855, 0, 78, 8, E550, , , , , E550
1660415350, , 33.1266, -117.2855, 0, 81, 8, E550, , , , , E550
1660415350, , 33.1266, -117.2855, 0, 81, 8, E550, , , , , E550
1660415350, , 33.1266, -117.2855, 0, 81, 8, E550, , , , , E550
1660415358, , 33.1266, -117.2851, 0, 78, 7, E550, , , , , E550
1660415358, , 33.1266, -117.2851, 0, 78, 7, E550, , , , , E550
1660415364, , 33.1267, -117.2849, 0, 78, 6, E550, , , , , E550
1660415364, , 33.1267, -117.2849, 0, 78, 6, E550, , , , , E550
1660415367, , 33.1267, -117.2848, 0, 78, 6, E550, , , , , E550
1660415367, , 33.1267, -117.2848, 0, 78, 6, E550, , , , , E550
1660415373, , 33.1267, -117.2846, 0, 78, 5, E550, , , , , E550
1660415373, , 33.1267, -117.2846, 0, 78, 5, E550, , , , , E550
1660415373, , 33.1267, -117.2846, 0, 78, 5, E550, , , , , E550
1660415373, , 33.1267, -117.2846, 0, 78, 5, E550, , , , , E550
1660415373, , 33.1267, -117.2846, 0, 78, 5, E550, , , , , E550
1660415383, , 33.1267, -117.2844, 0, 78, 4, E550, , , , , E550
1660415383, , 33.1267, -117.2844, 0, 78, 4, E550, , , , , E550
1660415383, , 33.1267, -117.2844, 0, 78, 4, E550, , , , , E550
1660415383, , 33.1267, -117.2844, 0, 78, 4, E550, , , , , E550
1660415383, , 33.1267, -117.2844, 0, 78, 4, E550, , , , , E550
1660415383, , 33.1267, -117.2844, 0, 78, 4, E550, , , , , E550
1660415383, , 33.1267, -117.2844, 0, 78, 4, E550, , , , , E550
1660415399, , 33.1268, -117.284, 0, 78, 6, E550, , , , , E550
1660415399, , 33.1268, -117.284, 0, 78, 6, E550, , , , , E550
1660415399, , 33.1268, -117.284, 0, 78, 6, E550, , , , , E550
1660415399, , 33.1268, -117.284, 0, 78, 6, E550, , , , , E550
1660415399, , 33.1268, -117.284, 0, 78, 6, E550, , , , , E550
1660415413, , 33.1269, -117.2835, 0, 78, 7, E550, , , , , E550
1660415413, , 33.1269, -117.2835, 0, 78, 7, E550, , , , , E550
1660415413, , 33.1269, -117.2835, 0, 78, 7, E550, , , , , E550
1660415413, , 33.1269, -117.2835, 0, 78, 7, E550, , , , , E550
1660415413, , 33.1269, -117.2835, 0, 78, 7, E550, , , , , E550
1660415413, , 33.1269, -117.2835, 0, 78, 7, E550, , , , , E550
1660415413, , 33.1269, -117.2835, 0, 78, 7, E550, , , , , E550
1660415427, , 33.127, -117.283, 0, 78, 6, E550, , , , , E550
1660415427, , 33.127, -117.283, 0, 78, 6, E550, , , , , E550
1660415427, , 33.127, -117.283, 0, 78, 6, E550, , , , , E550
1660415427, , 33.127, -117.283, 0, 78, 6, E550, , , , , E550
1660415427, , 33.127, -117.283, 0, 78, 6, E550, , , , , E550
1660415427, , 33.127, -117.283, 0, 78, 6, E550, , , , , E550
1660415427, , 33.127, -117.283, 0, 78, 6, E550, , , , , E550
1660415442, , 33.1268, -117.2827, 0, 160, 4, E550, , , , , E550
1660415442, , 33.1268, -117.2827, 0, 160, 4, E550, , , , , E550
1660415442, , 33.1268, -117.2827, 0, 160, 4, E550, , , , , E550
1660415453, , 33.1267, -117.2828, 0, 236, 3, E550, , , , , E550
1660415453, , 33.1267, -117.2828, 0, 236, 3, E550, , , , , E550
1660415453, , 33.1267, -117.2828, 0, 236, 3, E550, , , , , E550
1660415453, , 33.1267, -117.2828, 0, 236, 3, E550, , , , , E550
1660415460, , 33.1267, -117.2829, 0, 258, 2, E550, , , , , E550
1660415460, , 33.1267, -117.2829, 0, 258, 2, E550, , , , , E550
1660415460, , 33.1267, -117.2829, 0, 258, 2, E550, , , , , E550
1660415469, , 33.1267, -117.2829, 0, 258, 1, E550, , , , , E550
1660415469, , 33.1267, -117.2829, 0, 258, 1, E550, , , , , E550
1660415469, , 33.1267, -117.2829, 0, 258, 1, E550, , , , , E550
1660415469, , 33.1267, -117.2829, 0, 258, 1, E550, , , , , E550
1660415469, , 33.1267, -117.2829, 0, 258, 1, E550, , , , , E550
1660415469, , 33.1267, -117.2829, 0, 258, 1, E550, , , , , E550
1660415469, , 33.1267, -117.2829, 0, 258, 1, E550, , , , , E550
1660415469, , 33.1267, -117.2829, 0, 258, 1, E550, , , , , E550
1660415469, , 33.1267, -117.2829, 0, 258, 1, E550, , , , , E550
1660415469, , 33.1267, -117.2829, 0, 258, 1, E550, , , , , E550
1660415469, , 33.1267, -117.2829, 0, 258, 1, E550, , , , , E550
1660415469, , 33.1267, -117.2829, 0, 258, 1, E550, , , , , E550
1660415469, , 33.1267, -117.2829, 0, 258, 1, E550, , , , , E550
1660415469, , 33.1267, -117.2829, 0, 258, 1, E550, , , , , E550
1660415469, , 33.1267, -117.2829, 0, 258, 1, E550, , , , , E550
1660415469, , 33.1267, -117.2829, 0, 258, 1, E550, , , , , E550
1660415469, , 33.1267, -117.2829, 0, 258, 1, E550, , , , , E550
1660415469, , 33.1267, -117.2829, 0, 258, 1, E550, , , , , E550
1660415469, , 33.1267, -117.2829, 0, 258, 1, E550, , , , , E550
1660415469, , 33.1267, -117.2829, 0, 258, 1, E550, , , , , E550
1660415469, , 33.1267, -117.2829, 0, 258, 1, E550, , , , , E550
1660415469, , 33.1267, -117.2829, 0, 258, 1, E550, , , , , E550
1660415469, , 33.1267, -117.2829, 0, 258, 1, E550, , , , , E550
1660415469, , 33.1267, -117.2829, 0, 258, 1, E550, , , , , E550
1660415469, , 33.1267, -117.2829, 0, 258, 1, E550, , , , , E550
1660415469, , 33.1267, -117.2829, 0, 258, 1, E550, , , , , E550
1660415469, , 33.1267, -117.2829, 0, 258, 1, E550, , , , , E550
1660415469, , 33.1267, -117.2829, 0, 258, 1, E550, , , , , E550
1660415469, , 33.1267, -117.2829, 0, 258, 1, E550, , , , , E550
1660415469, , 33.1267, -117.2829, 0, 258, 1, E550, , , , , E550
1660415469, , 33.1267, -117.2829, 0, 258, 1, E550, , , , , E550
1660415469, , 33.1267, -117.2829, 0, 258, 1, E550, , , , , E550
1660415469, , 33.1267, -117.2829, 0, 258, 1, E550, , , , , E550
1660415469, , 33.1267, -117.2829, 0, 258, 1, E550, , , , , E550
1660415469, , 33.1267, -117.2829, 0, 258, 1, E550, , , , , E550
1660415469, , 33.1267, -117.2829, 0, 258, 1, E550, , , , , E550
1660415469, , 33.1267, -117.2829, 0, 258, 1, E550, , , , , E550
1660415469, , 33.1267, -117.2829, 0, 258, 1, E550, , , , , E550
