//Timestamp, ICAO, Latitude_deg, Longitude_deg, Altitude_ft, Heading_deg, GroundSpeed_kts, AircraftType, RegistrationNum, Departure, Arrival, FlightNumber1, FlightNumber2
1660415010, , 33.135, -117.2375, 975, 259, 127, F900, , , , , F900
1660415013, , 33.1347, -117.2393, 925, 259, 127, F900, , , , , F900
1660415013, , 33.1347, -117.2393, 925, 259, 127, F900, , , , , F900
1660415015, , 33.1344, -117.2414, 875, 259, 127, F900, , , , , F900
1660415015, , 33.1344, -117.2414, 875, 259, 127, F900, , , , , F900
1660415021, , 33.1337, -117.2456, 825, 258, 128, F900, , , , , F900
1660415021, , 33.1337, -117.2456, 825, 258, 128, F900, , , , , F900
1660415024, , 33.1334, -117.2474, 775, 259, 128, F900, , , , , F900
1660415028, , 33.1331, -117.2493, 750, 259, 127, F900, , , , , F900
1660415028, , 33.1331, -117.2493, 750, 259, 127, F900, , , , , F900
1660415033, , 33.1324, -117.2537, 675, 259, 126, F900, , , , , F900
1660415033, , 33.1324, -117.2537, 675, 259, 126, F900, , , , , F900
1660415036, , 33.1322, -117.2556, 650, 259, 125, F900, , , , , F900
1660415039, , 33.1319, -117.2569, 600, 258, 124, F900, , , , , F900
1660415039, , 33.1319, -117.2569, 600, 258, 124, F900, , , , , F900
1660415045, , 33.1312, -117.2612, 550, 258, 130, F900, , , , , F900
1660415045, , 33.1312, -117.2612, 550, 258, 130, F900, , , , , F900
1660415049, , 33.1308, -117.2638, 500, 258, 118, F900, , , , , F900
1660415049, , 33.1308, -117.2638, 500, 258, 118, F900, , , , , F900
1660415054, , 33.1303, -117.267, 450, 259, 115, F900, , , , , F900
1660415054, , 33.1303, -117.267, 450, 259, 115, F900, , , , , F900
1660415054, , 33.1303, -117.267, 450, 259, 115, F900, , , , , F900
1660415058, , 33.1301, -117.2687, 400, 259, 113, F900, , , , , F900
1660415058, , 33.1301, -117.2687, 400, 259, 113, F900, , , , , F900
1660415065, , 33.1292, -117.2743, 300, 259, 114, F900, , , , , F900
1660415065, , 33.1292, -117.2743, 300, 259, 114, F900, , , , , F900
1660415065, , 33.1292, -117.2743, 300, 259, 114, F900, , , , , F900
1660415071, , 33.1288, -117.2771, 325, 258, 130, F900, , , , , F900
1660415071, , 33.1288, -117.2771, 325, 258, 130, F900, , , , , F900
1660415076, , 33.1283, -117.2796, 300, 258, 130, F900, , , , , F900
1660415076, , 33.1283, -117.2796, 300, 258, 130, F900, , , , , F900
1660415080, , 33.1281, -117.2815, 300, 258, 130, F900, , , , , F900
1660415080, , 33.1281, -117.2815, 300, 258, 130, F900, , , , , F900
1660415086, , 33.1278, -117.2831, 0, 255, 49, F900, , , , , F900
1660415086, , 33.1278, -117.2831, 0, 255, 49, F900, , , , , F900
1660415086, , 33.1278, -117.2831, 0, 255, 49, F900, , , , , F900
1660415086, , 33.1278, -117.2831, 0, 255, 49, F900, , , , , F900
1660415091, , 33.1276, -117.2844, 0, 255, 46, F900, , , , , F900
1660415092, , 33.126, -117.2898, 700, 255, 45, F900, , , , , F900
1660415092, , 33.126, -117.2898, 700, 255, 45, F900, , , , , F900
1660415092, , 33.126, -117.2898, 700, 255, 45, F900, , , , , F900
1660415092, , 33.126, -117.2898, 700, 255, 45, F900, , , , , F900
1660415092, , 33.126, -117.2898, 700, 255, 45, F900, , , , , F900
1660415092, , 33.126, -117.2898, 700, 255, 45, F900, , , , , F900
1660415092, , 33.126, -117.2898, 700, 255, 45, F900, , , , , F900
1660415092, , 33.126, -117.2898, 700, 255, 45, F900, , , , , F900
1660415092, , 33.126, -117.2898, 700, 255, 45, F900, , , , , F900
1660415213, , 33.1274, -117.2803, 0, 78, 15, F900, , , , , F900
1660415213, , 33.1274, -117.2803, 0, 78, 15, F900, , , , , F900
1660415217, , 33.1275, -117.2799, 0, 78, 16, F900, , , , , F900
1660415217, , 33.1275, -117.2799, 0, 78, 16, F900, , , , , F900
1660415217, , 33.1275, -117.2799, 0, 78, 16, F900, , , , , F900
1660415217, , 33.1275, -117.2799, 0, 78, 16, F900, , , , , F900
1660415217, , 33.1275, -117.2799, 0, 78, 16, F900, , , , , F900
1660415228, , 33.1276, -117.2789, 0, 78, 15, F900, , , , , F900
1660415228, , 33.1276, -117.2789, 0, 78, 15, F900, , , , , F900
1660415228, , 33.1276, -117.2789, 0, 78, 15, F900, , , , , F900
1660415228, , 33.1276, -117.2789, 0, 78, 15, F900, , , , , F900
1660415228, , 33.1276, -117.2789, 0, 78, 15, F900, , , , , F900
1660415240, , 33.1278, -117.278, 0, 78, 14, F900, , , , , F900
1660415240, , 33.1278, -117.278, 0, 78, 14, F900, , , , , F900
1660415240, , 33.1278, -117.278, 0, 78, 14, F900, , , , , F900
1660415240, , 33.1278, -117.278, 0, 78, 14, F900, , , , , F900
1660415240, , 33.1278, -117.278, 0, 78, 14, F900, , , , , F900
1660415251, , 33.1279, -117.2772, 0, 78, 13, F900, , , , , F900
1660415251, , 33.1279, -117.2772, 0, 78, 13, F900, , , , , F900
1660415255, , 33.128, -117.2769, 0, 78, 13, F900, , , , , F900
1660415255, , 33.128, -117.2769, 0, 78, 13, F900, , , , , F900
1660415260, , 33.128, -117.2766, 0, 78, 11, F900, , , , , F900
1660415265, , 33.1281, -117.2763, 0, 78, 11, F900, , , , , F900
1660415265, , 33.1281, -117.2763, 0, 78, 11, F900, , , , , F900
1660415265, , 33.1281, -117.2763, 0, 78, 11, F900, , , , , F900
1660415265, , 33.1281, -117.2763, 0, 78, 11, F900, , , , , F900
1660415273, , 33.1281, -117.2759, 0, 81, 9, F900, , , , , F900
1660415273, , 33.1281, -117.2759, 0, 81, 9, F900, , , , , F900
1660415273, , 33.1281, -117.2759, 0, 81, 9, F900, , , , , F900
1660415281, , 33.1279, -117.2757, 0, 157, 6, F900, , , , , F900
1660415281, , 33.1279, -117.2757, 0, 157, 6, F900, , , , , F900
1660415281, , 33.1279, -117.2757, 0, 157, 6, F900, , , , , F900
1660415281, , 33.1279, -117.2757, 0, 157, 6, F900, , , , , F900
1660415290, , 33.1278, -117.2759, 0, 225, 4, F900, , , , , F900
1660415290, , 33.1278, -117.2759, 0, 225, 4, F900, , , , , F900
1660415292, , 33.1278, -117.2759, 0, 236, 4, F900, , , , , F900
1660415296, , 33.1278, -117.276, 0, 253, 2, F900, , , , , F900
1660415296, , 33.1278, -117.276, 0, 253, 2, F900, , , , , F900
1660415299, , 33.1278, -117.276, 0, 255, 2, F900, , , , , F900
1660415299, , 33.1278, -117.276, 0, 255, 2, F900, , , , , F900
1660415299, , 33.1278, -117.276, 0, 255, 2, F900, , , , , F900
1660415299, , 33.1278, -117.276, 0, 255, 2, F900, , , , , F900
1660415310, , 33.1277, -117.276, 0, 258, 0, F900, , , , , F900
1660415313, , 33.1277, -117.276, 0, 258, 0, F900, , , , , F900
1660415313, , 33.1277, -117.276, 0, 258, 0, F900, , , , , F900
1660415318, , 33.1277, -117.276, 0, 258, 0, F900, , , , , F900
1660415318, , 33.1277, -117.276, 0, 258, 0, F900, , , , , F900
1660415319, , 33.1277, -117.276, 0, 258, 0, F900, , , , , F900
1660415319, , 33.1277, -117.276, 0, 258, 0, F900, , , , , F900
1660415323, , 33.1277, -117.276, 0, 258, 0, F900, , , , , F900
1660415327, , 33.1277, -117.276, 0, 258, 0, F900, , , , , F900
1660415327, , 33.1277, -117.276, 0, 258, 0, F900, , , , , F900
1660415327, , 33.1277, -117.276, 0, 258, 0, F900, , , , , F900
1660415327, , 33.1277, -117.276, 0, 258, 0, F900, , , , , F900
1660415327, , 33.1277, -117.276, 0, 258, 0, F900, , , , , F900
1660415327, , 33.1277, -117.276, 0, 258, 0, F900, , , , , F900
1660415327, , 33.1277, -117.276, 0, 258, 0, F900, , , , , F900
1660415327, , 33.1277, -117.276, 0, 258, 0, F900, , , , , F900
1660415327, , 33.1277, -117.276, 0, 258, 0, F900, , , , , F900
1660415327, , 33.1277, -117.276, 0, 258, 0, F900, , , , , F900
1660415327, , 33.1277, -117.276, 0, 258, 0, F900, , , , , F900
1660415327, , 33.1277, -117.276, 0, 258, 0, F900, , , , , F900
1660415327, , 33.1277, -117.276, 0, 258, 0, F900, , , , , F900
1660415327, , 33.1277, -117.276, 0, 258, 0, F900, , , , , F900
1660415327, , 33.1277, -117.276, 0, 258, 0, F900, , , , , F900
1660415327, , 33.1277, -117.276, 0, 258, 0, F900, , , , , F900
1660415327, , 33.1277, -117.276, 0, 258, 0, F900, , , , , F900
1660415327, , 33.1277, -117.276, 0, 258, 0, F900, , , , , F900
1660415327, , 33.1277, -117.276, 0, 258, 0, F900, , , , , F900
1660415327, , 33.1277, -117.276, 0, 258, 0, F900, , , , , F900
1660415327, , 33.1277, -117.276, 0, 258, 0, F900, , , , , F900
1660415327, , 33.1277, -117.276, 0, 258, 0, F900, , , , , F900
1660415327, , 33.1277, -117.276, 0, 258, 0, F900, , , , , F900
1660415327, , 33.1277, -117.276, 0, 258, 0, F900, , , , , F900
1660415327, , 33.1277, -117.276, 0, 258, 0, F900, , , , , F900
1660415327, , 33.1277, -117.276, 0, 258, 0, F900, , , , , F900
1660415327, , 33.1277, -117.276, 0, 258, 0, F900, , , , , F900
1660415327, , 33.1277, -117.276, 0, 258, 0, F900, , , , , F900
1660415327, , 33.1277, -117.276, 0, 258, 0, F900, , , , , F900
1660415327, , 33.1277, -117.276, 0, 258, 0, F900, , , , , F900
1660415327, , 33.1277, -117.276, 0, 258, 0, F900, , , , , F900
1660415327, , 33.1277, -117.276, 0, 258, 0, F900, , , , , F900
1660415327, , 33.1277, -117.276, 0, 258, 0, F900, , , , , F900
1660415327, , 33.1277, -117.276, 0, 258, 0, F900, , , , , F900
1660415327, , 33.1277, -117.276, 0, 258, 0, F900, , , , , F900
1660415327, , 33.1277, -117.276, 0, 258, 0, F900, , , , , F900
1660415327, , 33.1277, -117.276, 0, 258, 0, F900, , , , , F900
1660415327, , 33.1277, -117.276, 0, 258, 0, F900, , , , , F900
1660422757, , 33.1351, -117.2368, 825, 259, 119, F900, , , , , F900
1660422757, , 33.1351, -117.2368, 825, 259, 119, F900, , , , , F900
1660422759, , 33.1349, -117.2385, 825, 259, 119, F900, , , , , F900
1660422759, , 33.1349, -117.2385, 825, 259, 119, F900, , , , , F900
1660422765, , 33.1342, -117.2426, 750, 258, 118, F900, , , , , F900
1660422765, , 33.1342, -117.2426, 750, 258, 118, F900, , , , , F900
1660422768, , 33.1339, -117.2444, 725, 259, 118, F900, , , , , F900
1660422772, , 33.1336, -117.2465, 700, 259, 117, F900, , , , , F900
1660422772, , 33.1336, -117.2465, 700, 259, 117, F900, , , , , F900
1660422777, , 33.1331, -117.2496, 650, 259, 116, F900, , , , , F900
1660422777, , 33.1331, -117.2496, 650, 259, 116, F900, , , , , F900
1660422781, , 33.1327, -117.2524, 600, 259, 118, F900, , , , , F900
1660422781, , 33.1327, -117.2524, 600, 259, 118, F900, , , , , F900
1660422785, , 33.1323, -117.2551, 575, 259, 118, F900, , , , , F900
1660422790, , 33.1317, -117.2581, 525, 259, 119, F900, , , , , F900
1660422790, , 33.1317, -117.2581, 525, 259, 119, F900, , , , , F900
1660422794, , 33.1313, -117.2607, 475, 259, 119, F900, , , , , F900
1660422794, , 33.1313, -117.2607, 475, 259, 119, F900, , , , , F900
1660422794, , 33.1313, -117.2607, 475, 259, 119, F900, , , , , F900
1660422794, , 33.1313, -117.2607, 475, 259, 119, F900, , , , , F900
1660422802, , 33.1305, -117.2658, 400, 258, 119, F900, , , , , F900
1660422802, , 33.1305, -117.2658, 400, 258, 119, F900, , , , , F900
1660422802, , 33.1305, -117.2658, 400, 258, 119, F900, , , , , F900
1660422809, , 33.1299, -117.27, 350, 259, 117, F900, , , , , F900
1660422809, , 33.1299, -117.27, 350, 259, 117, F900, , , , , F900
1660422814, , 33.1296, -117.2719, 300, 259, 115, F900, , , , , F900
1660422814, , 33.1296, -117.2719, 300, 259, 115, F900, , , , , F900
1660422814, , 33.1296, -117.2719, 300, 259, 115, F900, , , , , F900
1660422818, , 33.1291, -117.275, 300, 258, 114, F900, , , , , F900
1660422818, , 33.1291, -117.275, 300, 258, 114, F900, , , , , F900
1660422826, , 33.1283, -117.2799, 0, 255, 86, F900, , , , , F900
1660422826, , 33.1283, -117.2799, 0, 255, 86, F900, , , , , F900
1660422828, , 33.1282, -117.2808, 0, 255, 78, F900, , , , , F900
1660422828, , 33.1282, -117.2808, 0, 255, 78, F900, , , , , F900
1660422828, , 33.1282, -117.2808, 0, 255, 78, F900, , , , , F900
1660422828, , 33.1282, -117.2808, 0, 255, 78, F900, , , , , F900
1660422836, , 33.1277, -117.2837, 0, 258, 52, F900, , , , , F900
1660422836, , 33.1277, -117.2837, 0, 258, 52, F900, , , , , F900
1660422836, , 33.1277, -117.2837, 0, 258, 52, F900, , , , , F900
1660422836, , 33.1277, -117.2837, 0, 258, 52, F900, , , , , F900
1660422836, , 33.1277, -117.2837, 0, 258, 52, F900, , , , , F900
1660422836, , 33.1277, -117.2837, 0, 258, 52, F900, , , , , F900
1660422836, , 33.1277, -117.2837, 0, 258, 52, F900, , , , , F900
1660422836, , 33.1277, -117.2837, 0, 258, 52, F900, , , , , F900
1660422836, , 33.1277, -117.2837, 0, 258, 52, F900, , , , , F900
1660422836, , 33.1277, -117.2837, 0, 258, 52, F900, , , , , F900
1660422836, , 33.1277, -117.2837, 0, 258, 52, F900, , , , , F900
1660422836, , 33.1277, -117.2837, 0, 258, 52, F900, , , , , F900
1660422864, , 33.1267, -117.2877, 0, 258, 12, F900, , , , , F900
1660422864, , 33.1267, -117.2877, 0, 258, 12, F900, , , , , F900
1660422864, , 33.1267, -117.2877, 0, 258, 12, F900, , , , , F900
1660422872, , 33.1264, -117.2874, 0, 258, 12, F900, , , , , F900
1660422872, , 33.1264, -117.2874, 0, 258, 12, F900, , , , , F900
1660422872, , 33.1264, -117.2874, 0, 258, 12, F900, , , , , F900
1660422872, , 33.1264, -117.2874, 0, 258, 12, F900, , , , , F900
1660422872, , 33.1264, -117.2874, 0, 258, 12, F900, , , , , F900
1660422872, , 33.1264, -117.2874, 0, 258, 12, F900, , , , , F900
1660422872, , 33.1264, -117.2874, 0, 258, 12, F900, , , , , F900
1660422872, , 33.1264, -117.2874, 0, 258, 12, F900, , , , , F900
1660422872, , 33.1264, -117.2874, 0, 258, 12, F900, , , , , F900
1660422893, , 33.1265, -117.2859, 0, 258, 14, F900, , , , , F900
1660422893, , 33.1265, -117.2859, 0, 258, 14, F900, , , , , F900
1660422898, , 33.1266, -117.2855, 0, 258, 14, F900, , , , , F900
1660422898, , 33.1266, -117.2855, 0, 258, 14, F900, , , , , F900
1660422898, , 33.1266, -117.2855, 0, 258, 14, F900, , , , , F900
1660422898, , 33.1266, -117.2855, 0, 258, 14, F900, , , , , F900
1660422898, , 33.1266, -117.2855, 0, 258, 14, F900, , , , , F900
1660422898, , 33.1266, -117.2855, 0, 258, 14, F900, , , , , F900
1660422898, , 33.1266, -117.2855, 0, 258, 14, F900, , , , , F900
1660422898, , 33.1266, -117.2855, 0, 258, 14, F900, , , , , F900
1660422898, , 33.1266, -117.2855, 0, 258, 14, F900, , , , , F900
1660422898, , 33.1266, -117.2855, 0, 258, 14, F900, , , , , F900
1660422898, , 33.1266, -117.2855, 0, 258, 14, F900, , , , , F900
1660422898, , 33.1266, -117.2855, 0, 258, 14, F900, , , , , F900
1660422898, , 33.1266, -117.2855, 0, 258, 14, F900, , , , , F900
1660422898, , 33.1266, -117.2855, 0, 258, 14, F900, , , , , F900
1660422898, , 33.1266, -117.2855, 0, 258, 14, F900, , , , , F900
1660422898, , 33.1266, -117.2855, 0, 258, 14, F900, , , , , F900
1660422898, , 33.1266, -117.2855, 0, 258, 14, F900, , , , , F900
1660422898, , 33.1266, -117.2855, 0, 258, 14, F900, , , , , F900
1660422898, , 33.1266, -117.2855, 0, 258, 14, F900, , , , , F900
1660422898, , 33.1266, -117.2855, 0, 258, 14, F900, , , , , F900
1660422898, , 33.1266, -117.2855, 0, 258, 14, F900, , , , , F900
1660422898, , 33.1266, -117.2855, 0, 258, 14, F900, , , , , F900
1660422898, , 33.1266, -117.2855, 0, 258, 14, F900, , , , , F900
1660422898, , 33.1266, -117.2855, 0, 258, 14, F900, , , , , F900
1660422898, , 33.1266, -117.2855, 0, 258, 14, F900, , , , , F900
1660422898, , 33.1266, -117.2855, 0, 258, 14, F900, , , , , F900
1660422898, , 33.1266, -117.2855, 0, 258, 14, F900, , , , , F900
1660422898, , 33.1266, -117.2855, 0, 258, 14, F900, , , , , F900
1660422898, , 33.1266, -117.2855, 0, 258, 14, F900, , , , , F900
1660422898, , 33.1266, -117.2855, 0, 258, 14, F900, , , , , F900
1660422898, , 33.1266, -117.2855, 0, 258, 14, F900, , , , , F900
1660422970, , 33.1265, -117.2826, 0, 258, 2, F900, , , , , F900
1660422970, , 33.1265, -117.2826, 0, 258, 2, F900, , , , , F900
1660422970, , 33.1265, -117.2826, 0, 258, 2, F900, , , , , F900
1660422970, , 33.1265, -117.2826, 0, 258, 2, F900, , , , , F900
1660422970, , 33.1265, -117.2826, 0, 258, 2, F900, , , , , F900
1660422970, , 33.1265, -117.2826, 0, 258, 2, F900, , , , , F900
1660422970, , 33.1265, -117.2826, 0, 258, 2, F900, , , , , F900
1660422970, , 33.1265, -117.2826, 0, 258, 2, F900, , , , , F900
1660422970, , 33.1265, -117.2826, 0, 258, 2, F900, , , , , F900
1660422970, , 33.1265, -117.2826, 0, 258, 2, F900, , , , , F900
1660422970, , 33.1265, -117.2826, 0, 258, 2, F900, , , , , F900
1660422970, , 33.1265, -117.2826, 0, 258, 2, F900, , , , , F900
1660422970, , 33.1265, -117.2826, 0, 258, 2, F900, , , , , F900
1660422970, , 33.1265, -117.2826, 0, 258, 2, F900, , , , , F900
1660422970, , 33.1265, -117.2826, 0, 258, 2, F900, , , , , F900
1660422970, , 33.1265, -117.2826, 0, 258, 2, F900, , , , , F900
1660422970, , 33.1265, -117.2826, 0, 258, 2, F900, , , , , F900
1660422970, , 33.1265, -117.2826, 0, 258, 2, F900, , , , , F900
1660422970, , 33.1265, -117.2826, 0, 258, 2, F900, , , , , F900
1660422970, , 33.1265, -117.2826, 0, 258, 2, F900, , , , , F900
1660422970, , 33.1265, -117.2826, 0, 258, 2, F900, , , , , F900
1660422970, , 33.1265, -117.2826, 0, 258, 2, F900, , , , , F900
1660422970, , 33.1265, -117.2826, 0, 258, 2, F900, , , , , F900
1660422970, , 33.1265, -117.2826, 0, 258, 2, F900, , , , , F900
1660422970, , 33.1265, -117.2826, 0, 258, 2, F900, , , , , F900
1660422970, , 33.1265, -117.2826, 0, 258, 2, F900, , , , , F900
1660422970, , 33.1265, -117.2826, 0, 258, 2, F900, , , , , F900
1660422970, , 33.1265, -117.2826, 0, 258, 2, F900, , , , , F900
1660422970, , 33.1265, -117.2826, 0, 258, 2, F900, , , , , F900
1660422970, , 33.1265, -117.2826, 0, 258, 2, F900, , , , , F900
1660422970, , 33.1265, -117.2826, 0, 258, 2, F900, , , , , F900
1660422970, , 33.1265, -117.2826, 0, 258, 2, F900, , , , , F900
1660422970, , 33.1265, -117.2826, 0, 258, 2, F900, , , , , F900
1660422970, , 33.1265, -117.2826, 0, 258, 2, F900, , , , , F900
1660422970, , 33.1265, -117.2826, 0, 258, 2, F900, , , , , F900
1660422970, , 33.1265, -117.2826, 0, 258, 2, F900, , , , , F900
1660422970, , 33.1265, -117.2826, 0, 258, 2, F900, , , , , F900
1660422970, , 33.1265, -117.2826, 0, 258, 2, F900, , , , , F900
1660422970, , 33.1265, -117.2826, 0, 258, 2, F900, , , , , F900
1660422970, , 33.1265, -117.2826, 0, 258, 2, F900, , , , , F900
