//Timestamp, ICAO, Latitude_deg, Longitude_deg, Altitude_ft, Heading_deg, GroundSpeed_kts, AircraftType, RegistrationNum, Departure, Arrival, FlightNumber1, FlightNumber2
1660411903, , 33.1354, -117.2358, 850, 259, 121, G150, , , , , G150
1660411903, , 33.1354, -117.2358, 850, 259, 121, G150, , , , , G150
1660411907, , 33.135, -117.2383, 850, 259, 119, G150, , , , , G150
1660411911, , 33.1346, -117.2413, 800, 259, 118, G150, , , , , G150
1660411911, , 33.1346, -117.2413, 800, 259, 118, G150, , , , , G150
1660411915, , 33.134, -117.2445, 750, 258, 121, G150, , , , , G150
1660411915, , 33.134, -117.2445, 750, 258, 121, G150, , , , , G150
1660411919, , 33.1337, -117.2464, 725, 258, 121, G150, , , , , G150
1660411919, , 33.1337, -117.2464, 725, 258, 121, G150, , , , , G150
1660411923, , 33.1333, -117.249, 675, 259, 123, G150, , , , , G150
1660411927, , 33.1329, -117.2518, 650, 259, 125, G150, , , , , G150
1660411927, , 33.1329, -117.2518, 650, 259, 125, G150, , , , , G150
1660411931, , 33.1323, -117.2552, 575, 259, 126, G150, , , , , G150
1660411931, , 33.1323, -117.2552, 575, 259, 126, G150, , , , , G150
1660411933, , 33.1322, -117.2561, 575, 259, 126, G150, , , , , G150
1660411933, , 33.1322, -117.2561, 575, 259, 126, G150, , , , , G150
1660411939, , 33.1315, -117.2604, 500, 259, 126, G150, , , , , G150
1660411943, , 33.131, -117.2635, 450, 259, 125, G150, , , , , G150
1660411943, , 33.131, -117.2635, 450, 259, 125, G150, , , , , G150
1660411947, , 33.1306, -117.2658, 425, 258, 123, G150, , , , , G150
1660411947, , 33.1306, -117.2658, 425, 258, 123, G150, , , , , G150
1660411952, , 33.1302, -117.2683, 425, 258, 122, G150, , , , , G150
1660411952, , 33.1302, -117.2683, 425, 258, 122, G150, , , , , G150
1660411956, , 33.1296, -117.2716, 325, 259, 121, G150, , , , , G150
1660411956, , 33.1296, -117.2716, 325, 259, 121, G150, , , , , G150
1660411956, , 33.1296, -117.2716, 325, 259, 121, G150, , , , , G150
1660411962, , 33.1291, -117.2748, 250, 258, 122, G150, , , , , G150
1660411962, , 33.1291, -117.2748, 250, 258, 122, G150, , , , , G150
1660411962, , 33.1291, -117.2748, 250, 258, 122, G150, , , , , G150
1660411962, , 33.1291, -117.2748, 250, 258, 122, G150, , , , , G150
1660411962, , 33.1291, -117.2748, 250, 258, 122, G150, , , , , G150
1660411962, , 33.1291, -117.2748, 250, 258, 122, G150, , , , , G150
1660411962, , 33.1291, -117.2748, 250, 258, 122, G150, , , , , G150
1660411981, , 33.1277, -117.2836, 0, 255, 43, G150, , , , , G150
1660411981, , 33.1277, -117.2836, 0, 255, 43, G150, , , , , G150
1660411983, , 33.1276, -117.2841, 0, 255, 39, G150, , , , , G150
1660411983, , 33.1276, -117.2841, 0, 255, 39, G150, , , , , G150
1660411988, , 33.1275, -117.2849, 0, 255, 32, G150, , , , , G150
1660411988, , 33.1275, -117.2849, 0, 255, 32, G150, , , , , G150
1660411988, , 33.1275, -117.2849, 0, 255, 32, G150, , , , , G150
1660411995, , 33.1273, -117.286, 0, 255, 27, G150, , , , , G150
1660411995, , 33.1273, -117.286, 0, 255, 27, G150, , , , , G150
1660412002, , 33.1272, -117.287, 0, 255, 22, G150, , , , , G150
1660412002, , 33.1272, -117.287, 0, 255, 22, G150, , , , , G150
1660412002, , 33.1272, -117.287, 0, 255, 22, G150, , , , , G150
1660412002, , 33.1272, -117.287, 0, 255, 22, G150, , , , , G150
1660412002, , 33.1272, -117.287, 0, 255, 22, G150, , , , , G150
1660412002, , 33.1272, -117.287, 0, 255, 22, G150, , , , , G150
1660412002, , 33.1272, -117.287, 0, 255, 22, G150, , , , , G150
1660412002, , 33.1272, -117.287, 0, 255, 22, G150, , , , , G150
1660412002, , 33.1272, -117.287, 0, 255, 22, G150, , , , , G150
1660412002, , 33.1272, -117.287, 0, 255, 22, G150, , , , , G150
1660412002, , 33.1272, -117.287, 0, 255, 22, G150, , , , , G150
1660412002, , 33.1272, -117.287, 0, 255, 22, G150, , , , , G150
1660412002, , 33.1272, -117.287, 0, 255, 22, G150, , , , , G150
1660412002, , 33.1272, -117.287, 0, 255, 22, G150, , , , , G150
1660412002, , 33.1272, -117.287, 0, 255, 22, G150, , , , , G150
1660412002, , 33.1272, -117.287, 0, 255, 22, G150, , , , , G150
1660412002, , 33.1272, -117.287, 0, 255, 22, G150, , , , , G150
1660412002, , 33.1272, -117.287, 0, 255, 22, G150, , , , , G150
1660412002, , 33.1272, -117.287, 0, 255, 22, G150, , , , , G150
1660412002, , 33.1272, -117.287, 0, 255, 22, G150, , , , , G150
1660412002, , 33.1272, -117.287, 0, 255, 22, G150, , , , , G150
1660412002, , 33.1272, -117.287, 0, 255, 22, G150, , , , , G150
1660412002, , 33.1272, -117.287, 0, 255, 22, G150, , , , , G150
1660412002, , 33.1272, -117.287, 0, 255, 22, G150, , , , , G150
1660412002, , 33.1272, -117.287, 0, 255, 22, G150, , , , , G150
1660412002, , 33.1272, -117.287, 0, 255, 22, G150, , , , , G150
1660412002, , 33.1272, -117.287, 0, 255, 22, G150, , , , , G150
1660412002, , 33.1272, -117.287, 0, 255, 22, G150, , , , , G150
1660412002, , 33.1272, -117.287, 0, 255, 22, G150, , , , , G150
1660412002, , 33.1272, -117.287, 0, 255, 22, G150, , , , , G150
1660412002, , 33.1272, -117.287, 0, 255, 22, G150, , , , , G150
1660412002, , 33.1272, -117.287, 0, 255, 22, G150, , , , , G150
1660412002, , 33.1272, -117.287, 0, 255, 22, G150, , , , , G150
1660412002, , 33.1272, -117.287, 0, 255, 22, G150, , , , , G150
1660412002, , 33.1272, -117.287, 0, 255, 22, G150, , , , , G150
1660412002, , 33.1272, -117.287, 0, 255, 22, G150, , , , , G150
1660412002, , 33.1272, -117.287, 0, 255, 22, G150, , , , , G150
1660412002, , 33.1272, -117.287, 0, 255, 22, G150, , , , , G150
1660412002, , 33.1272, -117.287, 0, 255, 22, G150, , , , , G150
1660413826, , 33.1274, -117.2801, 0, 75, 18, G150, , , , , G150
1660413826, , 33.1274, -117.2801, 0, 75, 18, G150, , , , , G150
1660413826, , 33.1274, -117.2801, 0, 75, 18, G150, , , , , G150
1660413857, , 33.1279, -117.277, 0, 78, 18, G150, , , , , G150
1660413857, , 33.1279, -117.277, 0, 78, 18, G150, , , , , G150
1660413857, , 33.1279, -117.277, 0, 78, 18, G150, , , , , G150
1660413857, , 33.1279, -117.277, 0, 78, 18, G150, , , , , G150
1660413857, , 33.1279, -117.277, 0, 78, 18, G150, , , , , G150
1660413869, , 33.1281, -117.2757, 0, 78, 20, G150, , , , , G150
1660413869, , 33.1281, -117.2757, 0, 78, 20, G150, , , , , G150
1660413869, , 33.1281, -117.2757, 0, 78, 20, G150, , , , , G150
1660413869, , 33.1281, -117.2757, 0, 78, 20, G150, , , , , G150
1660413869, , 33.1281, -117.2757, 0, 78, 20, G150, , , , , G150
1660413869, , 33.1281, -117.2757, 0, 78, 20, G150, , , , , G150
1660413869, , 33.1281, -117.2757, 0, 78, 20, G150, , , , , G150
1660413869, , 33.1281, -117.2757, 0, 78, 20, G150, , , , , G150
1660413869, , 33.1281, -117.2757, 0, 78, 20, G150, , , , , G150
1660413869, , 33.1281, -117.2757, 0, 78, 20, G150, , , , , G150
1660413869, , 33.1281, -117.2757, 0, 78, 20, G150, , , , , G150
1660413869, , 33.1281, -117.2757, 0, 78, 20, G150, , , , , G150
1660413869, , 33.1281, -117.2757, 0, 78, 20, G150, , , , , G150
1660413869, , 33.1281, -117.2757, 0, 78, 20, G150, , , , , G150
1660413869, , 33.1281, -117.2757, 0, 78, 20, G150, , , , , G150
1660413869, , 33.1281, -117.2757, 0, 78, 20, G150, , , , , G150
1660413869, , 33.1281, -117.2757, 0, 78, 20, G150, , , , , G150
1660413906, , 33.1284, -117.2728, 0, 95, 6, G150, , , , , G150
1660413906, , 33.1284, -117.2728, 0, 95, 6, G150, , , , , G150
1660413906, , 33.1284, -117.2728, 0, 95, 6, G150, , , , , G150
1660413906, , 33.1284, -117.2728, 0, 95, 6, G150, , , , , G150
1660413906, , 33.1284, -117.2728, 0, 95, 6, G150, , , , , G150
1660413906, , 33.1284, -117.2728, 0, 95, 6, G150, , , , , G150
1660413906, , 33.1284, -117.2728, 0, 95, 6, G150, , , , , G150
1660413906, , 33.1284, -117.2728, 0, 95, 6, G150, , , , , G150
1660413906, , 33.1284, -117.2728, 0, 95, 6, G150, , , , , G150
1660413906, , 33.1284, -117.2728, 0, 95, 6, G150, , , , , G150
1660413906, , 33.1284, -117.2728, 0, 95, 6, G150, , , , , G150
1660413906, , 33.1284, -117.2728, 0, 95, 6, G150, , , , , G150
1660413906, , 33.1284, -117.2728, 0, 95, 6, G150, , , , , G150
1660413906, , 33.1284, -117.2728, 0, 95, 6, G150, , , , , G150
1660413906, , 33.1284, -117.2728, 0, 95, 6, G150, , , , , G150
1660413906, , 33.1284, -117.2728, 0, 95, 6, G150, , , , , G150
1660413906, , 33.1284, -117.2728, 0, 95, 6, G150, , , , , G150
1660413906, , 33.1284, -117.2728, 0, 95, 6, G150, , , , , G150
1660413906, , 33.1284, -117.2728, 0, 95, 6, G150, , , , , G150
1660413906, , 33.1284, -117.2728, 0, 95, 6, G150, , , , , G150
1660413906, , 33.1284, -117.2728, 0, 95, 6, G150, , , , , G150
1660413906, , 33.1284, -117.2728, 0, 95, 6, G150, , , , , G150
1660413906, , 33.1284, -117.2728, 0, 95, 6, G150, , , , , G150
1660413906, , 33.1284, -117.2728, 0, 95, 6, G150, , , , , G150
1660413906, , 33.1284, -117.2728, 0, 95, 6, G150, , , , , G150
1660413906, , 33.1284, -117.2728, 0, 95, 6, G150, , , , , G150
1660413906, , 33.1284, -117.2728, 0, 95, 6, G150, , , , , G150
1660413906, , 33.1284, -117.2728, 0, 95, 6, G150, , , , , G150
1660413906, , 33.1284, -117.2728, 0, 95, 6, G150, , , , , G150
1660413906, , 33.1284, -117.2728, 0, 95, 6, G150, , , , , G150
1660413906, , 33.1284, -117.2728, 0, 95, 6, G150, , , , , G150
1660413906, , 33.1284, -117.2728, 0, 95, 6, G150, , , , , G150
1660413906, , 33.1284, -117.2728, 0, 95, 6, G150, , , , , G150
1660413906, , 33.1284, -117.2728, 0, 95, 6, G150, , , , , G150
1660413906, , 33.1284, -117.2728, 0, 95, 6, G150, , , , , G150
1660413906, , 33.1284, -117.2728, 0, 95, 6, G150, , , , , G150
1660413906, , 33.1284, -117.2728, 0, 95, 6, G150, , , , , G150
1660413906, , 33.1284, -117.2728, 0, 95, 6, G150, , , , , G150
1660414102, , 33.1292, -117.2745, 0, 258, 63, G150, , , , , G150
1660414102, , 33.1292, -117.2745, 0, 258, 63, G150, , , , , G150
1660414102, , 33.1292, -117.2745, 0, 258, 63, G150, , , , , G150
1660414102, , 33.1292, -117.2745, 0, 258, 63, G150, , , , , G150
1660414102, , 33.1292, -117.2745, 0, 258, 63, G150, , , , , G150
1660414102, , 33.1292, -117.2745, 0, 258, 63, G150, , , , , G150
1660414102, , 33.1292, -117.2745, 0, 258, 63, G150, , , , , G150
1660414102, , 33.1292, -117.2745, 0, 258, 63, G150, , , , , G150
1660414119, , 33.1275, -117.285, 0, 259, 145, G150, , , , , G150
1660414119, , 33.1275, -117.285, 0, 259, 145, G150, , , , , G150
1660414125, , 33.1268, -117.2893, 525, 259, 150, G150, , , , , G150
1660414125, , 33.1268, -117.2893, 525, 259, 150, G150, , , , , G150
1660414128, , 33.1264, -117.2921, 650, 259, 153, G150, , , , , G150
1660414131, , 33.126, -117.2949, 800, 260, 156, G150, , , , , G150
1660414131, , 33.126, -117.2949, 800, 260, 156, G150, , , , , G150
1660414134, , 33.1258, -117.2962, 925, 260, 162, G150, , , , , G150
1660414134, , 33.1258, -117.2962, 925, 260, 162, G150, , , , , G150
1660414139, , 33.1251, -117.3014, 1075, 261, 168, G150, , , , , G150
1660414139, , 33.1251, -117.3014, 1075, 261, 168, G150, , , , , G150
1660414419, , 33.1261, -117.7003, 14975, 295, 296, G150, , , , , G150
1660414419, , 33.1261, -117.7003, 14975, 295, 296, G150, , , , , G150
1660414425, , 33.1298, -117.7093, 15275, 295, 296, G150, , , , , G150
1660414425, , 33.1298, -117.7093, 15275, 295, 296, G150, , , , , G150
1660414429, , 33.131, -117.7122, 15425, 296, 296, G150, , , , , G150
1660414432, , 33.1332, -117.7176, 15575, 296, 296, G150, , , , , G150
1660414432, , 33.1332, -117.7176, 15575, 296, 296, G150, , , , , G150
1660414437, , 33.1364, -117.7252, 15825, 296, 295, G150, , , , , G150
1660414437, , 33.1364, -117.7252, 15825, 296, 295, G150, , , , , G150
1660414440, , 33.1388, -117.731, 16025, 296, 294, G150, , , , , G150
1660414440, , 33.1388, -117.731, 16025, 296, 294, G150, , , , , G150
1660414444, , 33.1402, -117.7345, 16175, 295, 295, G150, , , , , G150
1660414449, , 33.1439, -117.7438, 16450, 295, 295, G150, , , , , G150
1660414449, , 33.1439, -117.7438, 16450, 295, 295, G150, , , , , G150
1660414453, , 33.146, -117.749, 16600, 296, 296, G150, , , , , G150
1660414453, , 33.146, -117.749, 16600, 296, 296, G150, , , , , G150
1660414455, , 33.1475, -117.7526, 16700, 296, 297, G150, , , , , G150
1660414455, , 33.1475, -117.7526, 16700, 296, 297, G150, , , , , G150
1660414462, , 33.1517, -117.7626, 16925, 296, 300, G150, , , , , G150
1660414465, , 33.1535, -117.7669, 17025, 296, 301, G150, , , , , G150
1660414465, , 33.1535, -117.7669, 17025, 296, 301, G150, , , , , G150
1660414468, , 33.1553, -117.771, 17150, 296, 303, G150, , , , , G150
1660414468, , 33.1553, -117.771, 17150, 296, 303, G150, , , , , G150
1660414474, , 33.1593, -117.7803, 17375, 297, 304, G150, , , , , G150
1660414476, , 33.1601, -117.7822, 17475, 297, 304, G150, , , , , G150
1660414476, , 33.1601, -117.7822, 17475, 297, 304, G150, , , , , G150
1660414480, , 33.1631, -117.7891, 17650, 297, 305, G150, , , , , G150
1660414480, , 33.1631, -117.7891, 17650, 297, 305, G150, , , , , G150
1660414483, , 33.1654, -117.7946, 17775, 296, 305, G150, , , , , G150
1660414483, , 33.1654, -117.7946, 17775, 296, 305, G150, , , , , G150
1660414489, , 33.1691, -117.8034, 18025, 296, 306, G150, , , , , G150
1660414492, , 33.1708, -117.8073, 18150, 296, 306, G150, , , , , G150
1660414492, , 33.1708, -117.8073, 18150, 296, 306, G150, , , , , G150
1660414495, , 33.1727, -117.8118, 18275, 296, 306, G150, , , , , G150
1660414495, , 33.1727, -117.8118, 18275, 296, 306, G150, , , , , G150
1660414500, , 33.1759, -117.8193, 18450, 296, 308, G150, , , , , G150
1660414500, , 33.1759, -117.8193, 18450, 296, 308, G150, , , , , G150
1660414504, , 33.1778, -117.8238, 18600, 296, 309, G150, , , , , G150
1660414509, , 33.1818, -117.8332, 18850, 297, 310, G150, , , , , G150
1660414509, , 33.1818, -117.8332, 18850, 297, 310, G150, , , , , G150
1660414512, , 33.1838, -117.8376, 18950, 299, 311, G150, , , , , G150
1660414512, , 33.1838, -117.8376, 18950, 299, 311, G150, , , , , G150
1660414515, , 33.1856, -117.8413, 19075, 301, 311, G150, , , , , G150
1660414515, , 33.1856, -117.8413, 19075, 301, 311, G150, , , , , G150
1660414521, , 33.1912, -117.8516, 19300, 304, 313, G150, , , , , G150
1660414524, , 33.1938, -117.8557, 19400, 307, 314, G150, , , , , G150
1660414524, , 33.1938, -117.8557, 19400, 307, 314, G150, , , , , G150
1660414528, , 33.1968, -117.8603, 19525, 309, 314, G150, , , , , G150
1660414528, , 33.1968, -117.8603, 19525, 309, 314, G150, , , , , G150
1660414533, , 33.2021, -117.8673, 19725, 313, 315, G150, , , , , G150
1660414533, , 33.2021, -117.8673, 19725, 313, 315, G150, , , , , G150
1660414536, , 33.205, -117.8707, 19850, 315, 315, G150, , , , , G150
1660414542, , 33.2112, -117.8776, 20125, 318, 315, G150, , , , , G150
1660414542, , 33.2112, -117.8776, 20125, 318, 315, G150, , , , , G150
1660414545, , 33.2145, -117.881, 20225, 319, 315, G150, , , , , G150
1660414545, , 33.2145, -117.881, 20225, 319, 315, G150, , , , , G150
1660414548, , 33.2182, -117.8846, 20375, 320, 315, G150, , , , , G150
1660414548, , 33.2182, -117.8846, 20375, 320, 315, G150, , , , , G150
1660414554, , 33.2252, -117.8915, 20600, 320, 316, G150, , , , , G150
1660414554, , 33.2252, -117.8915, 20600, 320, 316, G150, , , , , G150
1660414554, , 33.2252, -117.8915, 20600, 320, 316, G150, , , , , G150
1660414562, , 33.2321, -117.8983, 20900, 320, 316, G150, , , , , G150
1660414562, , 33.2321, -117.8983, 20900, 320, 316, G150, , , , , G150
1660414565, , 33.2367, -117.9029, 21000, 320, 317, G150, , , , , G150
1660414565, , 33.2367, -117.9029, 21000, 320, 317, G150, , , , , G150
1660414569, , 33.242, -117.9081, 21150, 320, 318, G150, , , , , G150
1660414572, , 33.2453, -117.9113, 21250, 320, 318, G150, , , , , G150
1660414572, , 33.2453, -117.9113, 21250, 320, 318, G150, , , , , G150
1660414578, , 33.2519, -117.9178, 21450, 320, 319, G150, , , , , G150
1660414578, , 33.2519, -117.9178, 21450, 320, 319, G150, , , , , G150
1660414581, , 33.2552, -117.9211, 21550, 320, 320, G150, , , , , G150
1660414581, , 33.2552, -117.9211, 21550, 320, 320, G150, , , , , G150
1660414583, , 33.2585, -117.9243, 21650, 320, 321, G150, , , , , G150
1660414590, , 33.2645, -117.9303, 21825, 320, 323, G150, , , , , G150
1660414590, , 33.2645, -117.9303, 21825, 320, 323, G150, , , , , G150
1660414592, , 33.2687, -117.9344, 21925, 320, 323, G150, , , , , G150
1660414592, , 33.2687, -117.9344, 21925, 320, 323, G150, , , , , G150
1660414595, , 33.2725, -117.9381, 22000, 320, 325, G150, , , , , G150
1660414595, , 33.2725, -117.9381, 22000, 320, 325, G150, , , , , G150
1660414599, , 33.2762, -117.9418, 22100, 320, 326, G150, , , , , G150
1660414603, , 33.281, -117.9465, 22225, 320, 328, G150, , , , , G150
1660414603, , 33.281, -117.9465, 22225, 320, 328, G150, , , , , G150
1660414610, , 33.2895, -117.9548, 22450, 320, 330, G150, , , , , G150
1660414610, , 33.2895, -117.9548, 22450, 320, 330, G150, , , , , G150
1660414613, , 33.2929, -117.9582, 22525, 320, 331, G150, , , , , G150
1660414613, , 33.2929, -117.9582, 22525, 320, 331, G150, , , , , G150
1660414616, , 33.2952, -117.9604, 22625, 320, 331, G150, , , , , G150
1660414622, , 33.3035, -117.9686, 22800, 320, 334, G150, , , , , G150
1660414622, , 33.3035, -117.9686, 22800, 320, 334, G150, , , , , G150
1660414625, , 33.3071, -117.9721, 22875, 320, 335, G150, , , , , G150
1660414625, , 33.3071, -117.9721, 22875, 320, 335, G150, , , , , G150
1660414628, , 33.3108, -117.9758, 22950, 320, 336, G150, , , , , G150
1660414634, , 33.3185, -117.9834, 23125, 320, 338, G150, , , , , G150
1660414634, , 33.3185, -117.9834, 23125, 320, 338, G150, , , , , G150
1660414637, , 33.3222, -117.9869, 23225, 320, 339, G150, , , , , G150
1660414637, , 33.3222, -117.9869, 23225, 320, 339, G150, , , , , G150
1660414640, , 33.3258, -117.9905, 23300, 320, 340, G150, , , , , G150
1660414640, , 33.3258, -117.9905, 23300, 320, 340, G150, , , , , G150
1660414646, , 33.3327, -117.9973, 23475, 320, 342, G150, , , , , G150
1660414649, , 33.3366, -118.0011, 23550, 320, 343, G150, , , , , G150
1660414649, , 33.3366, -118.0011, 23550, 320, 343, G150, , , , , G150
1660414652, , 33.34, -118.0044, 23650, 320, 343, G150, , , , , G150
1660414652, , 33.34, -118.0044, 23650, 320, 343, G150, , , , , G150
1660414658, , 33.3461, -118.0104, 23800, 320, 345, G150, , , , , G150
1660414658, , 33.3461, -118.0104, 23800, 320, 345, G150, , , , , G150
1660414661, , 33.3513, -118.0156, 23900, 320, 346, G150, , , , , G150
1660414664, , 33.3547, -118.0189, 23975, 320, 346, G150, , , , , G150
1660414664, , 33.3547, -118.0189, 23975, 320, 346, G150, , , , , G150
1660414670, , 33.3628, -118.0269, 24150, 320, 348, G150, , , , , G150
1660414670, , 33.3628, -118.0269, 24150, 320, 348, G150, , , , , G150
1660414673, , 33.3654, -118.0294, 24225, 320, 348, G150, , , , , G150
1660414673, , 33.3654, -118.0294, 24225, 320, 348, G150, , , , , G150
1660414676, , 33.3703, -118.0342, 24325, 320, 350, G150, , , , , G150
1660414682, , 33.3777, -118.0415, 24500, 320, 350, G150, , , , , G150
1660414682, , 33.3777, -118.0415, 24500, 320, 350, G150, , , , , G150
1660414685, , 33.3817, -118.0453, 24575, 320, 351, G150, , , , , G150
1660414685, , 33.3817, -118.0453, 24575, 320, 351, G150, , , , , G150
1660414688, , 33.3851, -118.0487, 24650, 320, 352, G150, , , , , G150
1660414688, , 33.3851, -118.0487, 24650, 320, 352, G150, , , , , G150
1660414694, , 33.3922, -118.0557, 24825, 320, 353, G150, , , , , G150
1660414697, , 33.3968, -118.0601, 24925, 320, 354, G150, , , , , G150
1660414697, , 33.3968, -118.0601, 24925, 320, 354, G150, , , , , G150
1660414700, , 33.4002, -118.0635, 25000, 320, 354, G150, , , , , G150
1660414700, , 33.4002, -118.0635, 25000, 320, 354, G150, , , , , G150
1660414703, , 33.4037, -118.0669, 25075, 320, 355, G150, , , , , G150
1660414703, , 33.4037, -118.0669, 25075, 320, 355, G150, , , , , G150
1660414709, , 33.412, -118.075, 25275, 320, 356, G150, , , , , G150
1660414712, , 33.4151, -118.078, 25350, 320, 357, G150, , , , , G150
1660414712, , 33.4151, -118.078, 25350, 320, 357, G150, , , , , G150
1660414716, , 33.42, -118.0829, 25450, 320, 356, G150, , , , , G150
1660414716, , 33.42, -118.0829, 25450, 320, 356, G150, , , , , G150
1660414721, , 33.4276, -118.0904, 25600, 320, 358, G150, , , , , G150
1660414721, , 33.4276, -118.0904, 25600, 320, 358, G150, , , , , G150
1660414724, , 33.431, -118.0937, 25675, 320, 358, G150, , , , , G150
1660414728, , 33.4356, -118.0984, 25800, 319, 359, G150, , , , , G150
1660414728, , 33.4356, -118.0984, 25800, 319, 359, G150, , , , , G150
1660414734, , 33.4427, -118.1062, 25950, 317, 360, G150, , , , , G150
1660414734, , 33.4427, -118.1062, 25950, 317, 360, G150, , , , , G150
1660414734, , 33.4427, -118.1062, 25950, 317, 360, G150, , , , , G150
1660414734, , 33.4427, -118.1062, 25950, 317, 360, G150, , , , , G150
1660414739, , 33.4494, -118.1139, 26125, 315, 361, G150, , , , , G150
1660414745, , 33.4567, -118.1224, 26300, 315, 362, G150, , , , , G150
1660414745, , 33.4567, -118.1224, 26300, 315, 362, G150, , , , , G150
1660414748, , 33.4594, -118.1255, 26375, 315, 362, G150, , , , , G150
1660414748, , 33.4594, -118.1255, 26375, 315, 362, G150, , , , , G150
1660414751, , 33.4639, -118.1308, 26450, 315, 362, G150, , , , , G150
1660414751, , 33.4639, -118.1308, 26450, 315, 362, G150, , , , , G150
1660414751, , 33.4639, -118.1308, 26450, 315, 362, G150, , , , , G150
1660414751, , 33.4639, -118.1308, 26450, 315, 362, G150, , , , , G150
1660414760, , 33.4746, -118.1433, 26725, 315, 363, G150, , , , , G150
1660414763, , 33.4784, -118.1476, 26800, 315, 364, G150, , , , , G150
1660414763, , 33.4784, -118.1476, 26800, 315, 364, G150, , , , , G150
1660414769, , 33.4855, -118.1559, 26975, 315, 364, G150, , , , , G150
1660414769, , 33.4855, -118.1559, 26975, 315, 364, G150, , , , , G150
1660414772, , 33.4894, -118.1604, 27050, 315, 365, G150, , , , , G150
1660414775, , 33.4931, -118.1647, 27125, 316, 365, G150, , , , , G150
1660414775, , 33.4931, -118.1647, 27125, 316, 365, G150, , , , , G150
1660414781, , 33.4995, -118.172, 27300, 316, 366, G150, , , , , G150
1660414781, , 33.4995, -118.172, 27300, 316, 366, G150, , , , , G150
1660414784, , 33.5031, -118.176, 27375, 316, 366, G150, , , , , G150
1660414784, , 33.5031, -118.176, 27375, 316, 366, G150, , , , , G150
1660414788, , 33.5082, -118.1817, 27475, 316, 367, G150, , , , , G150
1660414793, , 33.5154, -118.1898, 27625, 317, 368, G150, , , , , G150
1660414793, , 33.5154, -118.1898, 27625, 317, 368, G150, , , , , G150
1660414797, , 33.5191, -118.1939, 27725, 317, 369, G150, , , , , G150
1660414797, , 33.5191, -118.1939, 27725, 317, 369, G150, , , , , G150
1660414800, , 33.5231, -118.1983, 27800, 317, 370, G150, , , , , G150
1660414800, , 33.5231, -118.1983, 27800, 317, 370, G150, , , , , G150
1660414806, , 33.5307, -118.2067, 27925, 317, 370, G150, , , , , G150
1660414809, , 33.5337, -118.21, 28025, 317, 371, G150, , , , , G150
1660414809, , 33.5337, -118.21, 28025, 317, 371, G150, , , , , G150
1660414812, , 33.5384, -118.2151, 28100, 317, 371, G150, , , , , G150
1660414812, , 33.5384, -118.2151, 28100, 317, 371, G150, , , , , G150
1660414818, , 33.5458, -118.2232, 28250, 317, 373, G150, , , , , G150
1660414818, , 33.5458, -118.2232, 28250, 317, 373, G150, , , , , G150
1660414821, , 33.5499, -118.2277, 28325, 317, 374, G150, , , , , G150
1660414824, , 33.5527, -118.2307, 28400, 317, 374, G150, , , , , G150
1660414824, , 33.5527, -118.2307, 28400, 317, 374, G150, , , , , G150
1660414830, , 33.5613, -118.2401, 28550, 317, 375, G150, , , , , G150
1660414830, , 33.5613, -118.2401, 28550, 317, 375, G150, , , , , G150
1660414833, , 33.5646, -118.2438, 28625, 317, 376, G150, , , , , G150
1660414833, , 33.5646, -118.2438, 28625, 317, 376, G150, , , , , G150
1660414836, , 33.5686, -118.2482, 28700, 317, 377, G150, , , , , G150
1660414842, , 33.5768, -118.2572, 28850, 317, 377, G150, , , , , G150
1660414842, , 33.5768, -118.2572, 28850, 317, 377, G150, , , , , G150
1660414845, , 33.5806, -118.2615, 28925, 317, 378, G150, , , , , G150
1660414848, , 33.5845, -118.2657, 29000, 317, 378, G150, , , , , G150
1660414848, , 33.5845, -118.2657, 29000, 317, 378, G150, , , , , G150
1660414854, , 33.5926, -118.2747, 29150, 317, 378, G150, , , , , G150
1660414854, , 33.5926, -118.2747, 29150, 317, 378, G150, , , , , G150
1660414857, , 33.595, -118.2774, 29225, 317, 379, G150, , , , , G150
1660414857, , 33.595, -118.2774, 29225, 317, 379, G150, , , , , G150
1660414859, , 33.599, -118.2818, 29300, 317, 379, G150, , , , , G150
1660414866, , 33.6081, -118.2919, 29475, 316, 380, G150, , , , , G150
1660414866, , 33.6081, -118.2919, 29475, 316, 380, G150, , , , , G150
1660414869, , 33.6119, -118.2961, 29550, 317, 381, G150, , , , , G150
1660414869, , 33.6119, -118.2961, 29550, 317, 381, G150, , , , , G150
1660414872, , 33.6148, -118.2993, 29600, 317, 382, G150, , , , , G150
1660414872, , 33.6148, -118.2993, 29600, 317, 382, G150, , , , , G150
1660414878, , 33.6237, -118.3092, 29725, 317, 383, G150, , , , , G150
1660414881, , 33.627, -118.3129, 29775, 317, 384, G150, , , , , G150
1660414881, , 33.627, -118.3129, 29775, 317, 384, G150, , , , , G150
1660414884, , 33.6304, -118.3166, 29825, 317, 386, G150, , , , , G150
1660414884, , 33.6304, -118.3166, 29825, 317, 386, G150, , , , , G150
1660414890, , 33.6392, -118.3265, 29925, 316, 387, G150, , , , , G150
1660414893, , 33.6432, -118.3309, 30000, 316, 388, G150, , , , , G150
1660414893, , 33.6432, -118.3309, 30000, 316, 388, G150, , , , , G150
1660414896, , 33.6468, -118.3351, 30050, 316, 389, G150, , , , , G150
1660414896, , 33.6468, -118.3351, 30050, 316, 389, G150, , , , , G150
1660414902, , 33.6547, -118.3439, 30200, 316, 389, G150, , , , , G150
1660414902, , 33.6547, -118.3439, 30200, 316, 389, G150, , , , , G150
1660414905, , 33.6587, -118.3484, 30250, 316, 389, G150, , , , , G150
1660414908, , 33.6631, -118.3534, 30325, 316, 390, G150, , , , , G150
1660414908, , 33.6631, -118.3534, 30325, 316, 390, G150, , , , , G150
1660414914, , 33.6704, -118.3617, 30500, 316, 389, G150, , , , , G150
1660414914, , 33.6704, -118.3617, 30500, 316, 389, G150, , , , , G150
1660414917, , 33.6751, -118.3668, 30575, 316, 389, G150, , , , , G150
1660414917, , 33.6751, -118.3668, 30575, 316, 389, G150, , , , , G150
1660414920, , 33.6784, -118.3707, 30650, 316, 389, G150, , , , , G150
1660414926, , 33.6867, -118.3799, 30800, 317, 390, G150, , , , , G150
1660414926, , 33.6867, -118.3799, 30800, 317, 390, G150, , , , , G150
1660414929, , 33.6907, -118.3844, 30875, 317, 389, G150, , , , , G150
1660414929, , 33.6907, -118.3844, 30875, 317, 389, G150, , , , , G150
1660414932, , 33.6946, -118.3886, 30925, 317, 391, G150, , , , , G150
1660414938, , 33.7028, -118.3977, 31050, 317, 392, G150, , , , , G150
1660414938, , 33.7028, -118.3977, 31050, 317, 392, G150, , , , , G150
1660414941, , 33.7064, -118.4017, 31100, 317, 392, G150, , , , , G150
1660414941, , 33.7064, -118.4017, 31100, 317, 392, G150, , , , , G150
1660414944, , 33.7102, -118.406, 31150, 317, 393, G150, , , , , G150
1660414944, , 33.7102, -118.406, 31150, 317, 393, G150, , , , , G150
1660414950, , 33.718, -118.4146, 31300, 317, 394, G150, , , , , G150
1660414953, , 33.7228, -118.4199, 31350, 317, 394, G150, , , , , G150
1660414953, , 33.7228, -118.4199, 31350, 317, 394, G150, , , , , G150
1660414956, , 33.7256, -118.423, 31425, 317, 394, G150, , , , , G150
1660414956, , 33.7256, -118.423, 31425, 317, 394, G150, , , , , G150
1660414962, , 33.735, -118.4335, 31550, 317, 395, G150, , , , , G150
1660414962, , 33.735, -118.4335, 31550, 317, 395, G150, , , , , G150
1660414965, , 33.7383, -118.4372, 31600, 317, 395, G150, , , , , G150
1660414968, , 33.743, -118.4424, 31675, 317, 396, G150, , , , , G150
1660414968, , 33.743, -118.4424, 31675, 317, 396, G150, , , , , G150
1660414974, , 33.7507, -118.4509, 31800, 317, 397, G150, , , , , G150
1660414974, , 33.7507, -118.4509, 31800, 317, 397, G150, , , , , G150
