//Timestamp, ICAO, Latitude_deg, Longitude_deg, Altitude_ft, Heading_deg, GroundSpeed_kts, AircraftType, RegistrationNum, Departure, Arrival, FlightNumber1, FlightNumber2
1660406863, , 33.7527, -118.25, 5175, 191, 225, G280, , , , , G280
1660406863, , 33.7527, -118.25, 5175, 191, 225, G280, , , , , G280
1660406867, , 33.7492, -118.2509, 5275, 191, 225, G280, , , , , G280
1660406867, , 33.7492, -118.2509, 5275, 191, 225, G280, , , , , G280
1660406872, , 33.747, -118.2514, 5375, 191, 225, G280, , , , , G280
1660406872, , 33.747, -118.2514, 5375, 191, 225, G280, , , , , G280
1660406877, , 33.7392, -118.2533, 5475, 191, 225, G280, , , , , G280
1660406877, , 33.7392, -118.2533, 5475, 191, 225, G280, , , , , G280
1660406881, , 33.7343, -118.2545, 5575, 191, 225, G280, , , , , G280
1660406884, , 33.7306, -118.2554, 5625, 191, 225, G280, , , , , G280
1660406884, , 33.7306, -118.2554, 5625, 191, 225, G280, , , , , G280
1660406890, , 33.7253, -118.2567, 5725, 191, 226, G280, , , , , G280
1660406890, , 33.7253, -118.2567, 5725, 191, 226, G280, , , , , G280
1660406893, , 33.7214, -118.2577, 5825, 191, 225, G280, , , , , G280
1660406893, , 33.7214, -118.2577, 5825, 191, 225, G280, , , , , G280
1660406896, , 33.7209, -118.2578, 5900, 191, 225, G280, , , , , G280
1660406902, , 33.7127, -118.2598, 6075, 191, 226, G280, , , , , G280
1660406902, , 33.7127, -118.2598, 6075, 191, 226, G280, , , , , G280
1660406902, , 33.7127, -118.2598, 6075, 191, 226, G280, , , , , G280
1660406902, , 33.7127, -118.2598, 6075, 191, 226, G280, , , , , G280
1660406902, , 33.7127, -118.2598, 6075, 191, 226, G280, , , , , G280
1660406914, , 33.7007, -118.2628, 6475, 191, 229, G280, , , , , G280
1660406914, , 33.7007, -118.2628, 6475, 191, 229, G280, , , , , G280
1660406917, , 33.6977, -118.2635, 6575, 191, 230, G280, , , , , G280
1660406917, , 33.6977, -118.2635, 6575, 191, 230, G280, , , , , G280
1660406920, , 33.694, -118.2644, 6675, 191, 231, G280, , , , , G280
1660406920, , 33.694, -118.2644, 6675, 191, 231, G280, , , , , G280
1660406926, , 33.6877, -118.266, 6900, 191, 231, G280, , , , , G280
1660406928, , 33.685, -118.2666, 7025, 191, 231, G280, , , , , G280
1660406928, , 33.685, -118.2666, 7025, 191, 231, G280, , , , , G280
1660406932, , 33.6822, -118.2673, 7150, 191, 232, G280, , , , , G280
1660406932, , 33.6822, -118.2673, 7150, 191, 232, G280, , , , , G280
1660406937, , 33.6759, -118.2689, 7450, 191, 235, G280, , , , , G280
1660406937, , 33.6759, -118.2689, 7450, 191, 235, G280, , , , , G280
1660406940, , 33.6729, -118.2695, 7575, 190, 236, G280, , , , , G280
1660406943, , 33.6705, -118.2699, 7725, 188, 237, G280, , , , , G280
1660406943, , 33.6705, -118.2699, 7725, 188, 237, G280, , , , , G280
1660406950, , 33.6627, -118.2702, 8100, 173, 243, G280, , , , , G280
1660406950, , 33.6627, -118.2702, 8100, 173, 243, G280, , , , , G280
1660406953, , 33.6585, -118.2693, 8250, 167, 245, G280, , , , , G280
1660406953, , 33.6585, -118.2693, 8250, 167, 245, G280, , , , , G280
1660406956, , 33.6552, -118.2682, 8400, 161, 247, G280, , , , , G280
1660406962, , 33.6489, -118.2646, 8675, 149, 254, G280, , , , , G280
1660406962, , 33.6489, -118.2646, 8675, 149, 254, G280, , , , , G280
1660406965, , 33.6461, -118.2623, 8800, 145, 257, G280, , , , , G280
1660406965, , 33.6461, -118.2623, 8800, 145, 257, G280, , , , , G280
1660406970, , 33.6411, -118.2568, 9000, 134, 264, G280, , , , , G280
1660406973, , 33.639, -118.2536, 9100, 128, 267, G280, , , , , G280
1660406973, , 33.639, -118.2536, 9100, 128, 267, G280, , , , , G280
1660406976, , 33.6369, -118.2497, 9200, 126, 269, G280, , , , , G280
1660406976, , 33.6369, -118.2497, 9200, 126, 269, G280, , , , , G280
1660406979, , 33.6354, -118.246, 9300, 114, 276, G280, , , , , G280
1660406979, , 33.6354, -118.246, 9300, 114, 276, G280, , , , , G280
1660406984, , 33.6333, -118.2389, 9475, 105, 281, G280, , , , , G280
1660406990, , 33.6321, -118.2294, 9675, 94, 287, G280, , , , , G280
1660406990, , 33.6321, -118.2294, 9675, 94, 287, G280, , , , , G280
1660406993, , 33.632, -118.2247, 9775, 87, 292, G280, , , , , G280
1660406993, , 33.632, -118.2247, 9775, 87, 292, G280, , , , , G280
1660406996, , 33.6324, -118.2197, 9900, 83, 294, G280, , , , , G280
1660406996, , 33.6324, -118.2197, 9900, 83, 294, G280, , , , , G280
1660407002, , 33.6344, -118.21, 10100, 72, 302, G280, , , , , G280
1660407005, , 33.6355, -118.2064, 10175, 67, 305, G280, , , , , G280
1660407005, , 33.6355, -118.2064, 10175, 67, 305, G280, , , , , G280
1660407008, , 33.6377, -118.2011, 10275, 61, 310, G280, , , , , G280
1660407008, , 33.6377, -118.2011, 10275, 61, 310, G280, , , , , G280
1660407014, , 33.6427, -118.1923, 10450, 50, 319, G280, , , , , G280
1660407014, , 33.6427, -118.1923, 10450, 50, 319, G280, , , , , G280
1660407016, , 33.645, -118.1891, 10525, 46, 321, G280, , , , , G280
1660407020, , 33.6492, -118.1844, 10625, 40, 326, G280, , , , , G280
1660407026, , 33.6563, -118.1782, 10825, 33, 331, G280, , , , , G280
1660407026, , 33.6563, -118.1782, 10825, 33, 331, G280, , , , , G280
1660407029, , 33.6608, -118.1748, 10950, 32, 334, G280, , , , , G280
1660407029, , 33.6608, -118.1748, 10950, 32, 334, G280, , , , , G280
1660407031, , 33.6628, -118.1734, 11050, 32, 334, G280, , , , , G280
1660407038, , 33.672, -118.1661, 11375, 33, 338, G280, , , , , G280
1660407038, , 33.672, -118.1661, 11375, 33, 338, G280, , , , , G280
1660407041, , 33.6765, -118.1626, 11550, 34, 338, G280, , , , , G280
1660407041, , 33.6765, -118.1626, 11550, 34, 338, G280, , , , , G280
1660407044, , 33.6798, -118.1598, 11725, 34, 338, G280, , , , , G280
1660407044, , 33.6798, -118.1598, 11725, 34, 338, G280, , , , , G280
1660407050, , 33.6877, -118.1533, 12075, 34, 338, G280, , , , , G280
1660407052, , 33.6902, -118.1512, 12175, 34, 338, G280, , , , , G280
1660407052, , 33.6902, -118.1512, 12175, 34, 338, G280, , , , , G280
1660407057, , 33.6941, -118.1479, 12525, 35, 339, G280, , , , , G280
1660407057, , 33.6941, -118.1479, 12525, 35, 339, G280, , , , , G280
1660407060, , 33.7004, -118.1425, 12675, 35, 338, G280, , , , , G280
1660407060, , 33.7004, -118.1425, 12675, 35, 338, G280, , , , , G280
1660407066, , 33.708, -118.1359, 13050, 36, 339, G280, , , , , G280
1660407069, , 33.7121, -118.1323, 13200, 36, 339, G280, , , , , G280
1660407069, , 33.7121, -118.1323, 13200, 36, 339, G280, , , , , G280
1660407072, , 33.7157, -118.1291, 13400, 36, 340, G280, , , , , G280
1660407072, , 33.7157, -118.1291, 13400, 36, 340, G280, , , , , G280
1660407078, , 33.7238, -118.1218, 13750, 36, 341, G280, , , , , G280
1660407078, , 33.7238, -118.1218, 13750, 36, 341, G280, , , , , G280
1660407081, , 33.7273, -118.1187, 13850, 37, 344, G280, , , , , G280
1660407084, , 33.7305, -118.1158, 13950, 37, 348, G280, , , , , G280
1660407084, , 33.7305, -118.1158, 13950, 37, 348, G280, , , , , G280
1660407089, , 33.7372, -118.1096, 14125, 37, 350, G280, , , , , G280
1660407089, , 33.7372, -118.1096, 14125, 37, 350, G280, , , , , G280
1660407093, , 33.7424, -118.1049, 14325, 37, 353, G280, , , , , G280
1660407093, , 33.7424, -118.1049, 14325, 37, 353, G280, , , , , G280
1660407095, , 33.7435, -118.1038, 14400, 38, 354, G280, , , , , G280
