//Timestamp, ICAO, Latitude_deg, Longitude_deg, Altitude_ft, Heading_deg, GroundSpeed_kts, AircraftType, RegistrationNum, Departure, Arrival, FlightNumber1, FlightNumber2
1660417113, , 33.7528, -117.8202, 2000, 206, 149, GL5T, , , , , GL5T
1660417113, , 33.7528, -117.8202, 2000, 206, 149, GL5T, , , , , GL5T
1660417116, , 33.7511, -117.8213, 1925, 206, 148, GL5T, , , , , GL5T
1660417122, , 33.7478, -117.8232, 1800, 206, 147, GL5T, , , , , GL5T
1660417122, , 33.7478, -117.8232, 1800, 206, 147, GL5T, , , , , GL5T
1660417125, , 33.7457, -117.8244, 1725, 206, 146, GL5T, , , , , GL5T
1660417125, , 33.7457, -117.8244, 1725, 206, 146, GL5T, , , , , GL5T
1660417128, , 33.7439, -117.8256, 1650, 207, 145, GL5T, , , , , GL5T
1660417128, , 33.7439, -117.8256, 1650, 207, 145, GL5T, , , , , GL5T
1660417134, , 33.7401, -117.8279, 1550, 207, 143, GL5T, , , , , GL5T
1660417137, , 33.7382, -117.8292, 1475, 208, 142, GL5T, , , , , GL5T
1660417137, , 33.7382, -117.8292, 1475, 208, 142, GL5T, , , , , GL5T
1660417140, , 33.7367, -117.8301, 1425, 207, 141, GL5T, , , , , GL5T
1660417140, , 33.7367, -117.8301, 1425, 207, 141, GL5T, , , , , GL5T
1660417146, , 33.7331, -117.8323, 1300, 207, 140, GL5T, , , , , GL5T
1660417146, , 33.7331, -117.8323, 1300, 207, 140, GL5T, , , , , GL5T
1660417149, , 33.7322, -117.8329, 1250, 207, 139, GL5T, , , , , GL5T
1660417152, , 33.7295, -117.8346, 1175, 207, 139, GL5T, , , , , GL5T
1660417152, , 33.7295, -117.8346, 1175, 207, 139, GL5T, , , , , GL5T
1660417158, , 33.7268, -117.8364, 1075, 208, 136, GL5T, , , , , GL5T
1660417158, , 33.7268, -117.8364, 1075, 208, 136, GL5T, , , , , GL5T
1660417161, , 33.7246, -117.8378, 1025, 208, 134, GL5T, , , , , GL5T
1660417161, , 33.7246, -117.8378, 1025, 208, 134, GL5T, , , , , GL5T
1660417164, , 33.7233, -117.8386, 1000, 208, 132, GL5T, , , , , GL5T
1660417164, , 33.7233, -117.8386, 1000, 208, 132, GL5T, , , , , GL5T
1660417170, , 33.72, -117.8408, 925, 208, 128, GL5T, , , , , GL5T
1660417173, , 33.7183, -117.842, 875, 209, 126, GL5T, , , , , GL5T
1660417173, , 33.7183, -117.842, 875, 209, 126, GL5T, , , , , GL5T
1660417176, , 33.7167, -117.843, 850, 208, 125, GL5T, , , , , GL5T
1660417176, , 33.7167, -117.843, 850, 208, 125, GL5T, , , , , GL5T
1660417182, , 33.7141, -117.8447, 775, 208, 121, GL5T, , , , , GL5T
1660417182, , 33.7141, -117.8447, 775, 208, 121, GL5T, , , , , GL5T
1660417185, , 33.7124, -117.8458, 750, 208, 121, GL5T, , , , , GL5T
1660417188, , 33.7108, -117.8468, 700, 208, 121, GL5T, , , , , GL5T
1660417188, , 33.7108, -117.8468, 700, 208, 121, GL5T, , , , , GL5T
1660417193, , 33.708, -117.8485, 675, 206, 121, GL5T, , , , , GL5T
1660417193, , 33.708, -117.8485, 675, 206, 121, GL5T, , , , , GL5T
1660417197, , 33.707, -117.8491, 650, 206, 120, GL5T, , , , , GL5T
1660417197, , 33.707, -117.8491, 650, 206, 120, GL5T, , , , , GL5T
1660417201, , 33.7042, -117.8507, 575, 207, 120, GL5T, , , , , GL5T
1660417204, , 33.7028, -117.8517, 550, 208, 121, GL5T, , , , , GL5T
1660417204, , 33.7028, -117.8517, 550, 208, 121, GL5T, , , , , GL5T
1660417210, , 33.6999, -117.8535, 500, 208, 120, GL5T, , , , , GL5T
1660417210, , 33.6999, -117.8535, 500, 208, 120, GL5T, , , , , GL5T
1660417212, , 33.6993, -117.8539, 500, 208, 120, GL5T, , , , , GL5T
1660417212, , 33.6993, -117.8539, 500, 208, 120, GL5T, , , , , GL5T
1660417216, , 33.6971, -117.8553, 450, 207, 120, GL5T, , , , , GL5T
1660417222, , 33.6939, -117.8573, 400, 206, 119, GL5T, , , , , GL5T
1660417222, , 33.6939, -117.8573, 400, 206, 119, GL5T, , , , , GL5T
1660417222, , 33.6939, -117.8573, 400, 206, 119, GL5T, , , , , GL5T
1660417222, , 33.6939, -117.8573, 400, 206, 119, GL5T, , , , , GL5T
1660417227, , 33.6918, -117.8586, 325, 207, 117, GL5T, , , , , GL5T
1660417227, , 33.6918, -117.8586, 325, 207, 117, GL5T, , , , , GL5T
1660417234, , 33.689, -117.8604, 250, 208, 118, GL5T, , , , , GL5T
1660417234, , 33.689, -117.8604, 250, 208, 118, GL5T, , , , , GL5T
1660417234, , 33.689, -117.8604, 250, 208, 118, GL5T, , , , , GL5T
1660417238, , 33.6868, -117.8617, 200, 208, 119, GL5T, , , , , GL5T
1660417238, , 33.6868, -117.8617, 200, 208, 119, GL5T, , , , , GL5T
1660417242, , 33.6849, -117.863, 150, 208, 116, GL5T, , , , , GL5T
1660417242, , 33.6849, -117.863, 150, 208, 116, GL5T, , , , , GL5T
1660417249, , 33.6811, -117.8654, 75, 207, 113, GL5T, , , , , GL5T
1660417249, , 33.6811, -117.8654, 75, 207, 113, GL5T, , , , , GL5T
1660417249, , 33.6811, -117.8654, 75, 207, 113, GL5T, , , , , GL5T
1660417254, , 33.6789, -117.8668, 50, 208, 110, GL5T, , , , , GL5T
1660417261, , 33.6768, -117.8681, 50, 208, 97, GL5T, , , , , GL5T
1660417261, , 33.6768, -117.8681, 50, 208, 97, GL5T, , , , , GL5T
1660417265, , 33.6744, -117.8697, 0, 194, 76, GL5T, , , , , GL5T
1660417265, , 33.6744, -117.8697, 0, 194, 76, GL5T, , , , , GL5T
1660417270, , 33.6733, -117.8704, 0, 194, 62, GL5T, , , , , GL5T
1660417270, , 33.6733, -117.8704, 0, 194, 62, GL5T, , , , , GL5T
1660417273, , 33.6725, -117.8709, 0, 194, 53, GL5T, , , , , GL5T
1660417276, , 33.6718, -117.8713, 0, 194, 45, GL5T, , , , , GL5T
1660417276, , 33.6718, -117.8713, 0, 194, 45, GL5T, , , , , GL5T
1660417281, , 33.671, -117.8718, 0, 194, 36, GL5T, , , , , GL5T
1660417281, , 33.671, -117.8718, 0, 194, 36, GL5T, , , , , GL5T
1660417284, , 33.6706, -117.8721, 0, 194, 28, GL5T, , , , , GL5T
1660417284, , 33.6706, -117.8721, 0, 194, 28, GL5T, , , , , GL5T
1660417287, , 33.6703, -117.8723, 0, 196, 21, GL5T, , , , , GL5T
1660417294, , 33.67, -117.8727, 0, 230, 15, GL5T, , , , , GL5T
1660417294, , 33.67, -117.8727, 0, 230, 15, GL5T, , , , , GL5T
1660417298, , 33.67, -117.873, 0, 255, 12, GL5T, , , , , GL5T
1660417298, , 33.67, -117.873, 0, 255, 12, GL5T, , , , , GL5T
1660417300, , 33.67, -117.8731, 0, 272, 10, GL5T, , , , , GL5T
1660417300, , 33.67, -117.8731, 0, 272, 10, GL5T, , , , , GL5T
1660417306, , 33.6701, -117.8734, 0, 286, 7, GL5T, , , , , GL5T
1660417309, , 33.6702, -117.8735, 0, 286, 5, GL5T, , , , , GL5T
1660417309, , 33.6702, -117.8735, 0, 286, 5, GL5T, , , , , GL5T
1660417313, , 33.6702, -117.8735, 0, 295, 5, GL5T, , , , , GL5T
1660417313, , 33.6702, -117.8735, 0, 295, 5, GL5T, , , , , GL5T
1660417317, , 33.6703, -117.8736, 0, 315, 5, GL5T, , , , , GL5T
1660417317, , 33.6703, -117.8736, 0, 315, 5, GL5T, , , , , GL5T
1660417319, , 33.6703, -117.8736, 0, 323, 5, GL5T, , , , , GL5T
1660417325, , 33.6705, -117.8736, 0, 351, 5, GL5T, , , , , GL5T
1660417325, , 33.6705, -117.8736, 0, 351, 5, GL5T, , , , , GL5T
1660417327, , 33.6706, -117.8736, 0, 2, 7, GL5T, , , , , GL5T
1660417327, , 33.6706, -117.8736, 0, 2, 7, GL5T, , , , , GL5T
1660417334, , 33.6709, -117.8734, 0, 14, 14, GL5T, , , , , GL5T
1660417334, , 33.6709, -117.8734, 0, 14, 14, GL5T, , , , , GL5T
1660417335, , 33.6709, -117.8734, 0, 14, 15, GL5T, , , , , GL5T
1660417341, , 33.6714, -117.8731, 0, 14, 17, GL5T, , , , , GL5T
1660417341, , 33.6714, -117.8731, 0, 14, 17, GL5T, , , , , GL5T
1660417341, , 33.6714, -117.8731, 0, 14, 17, GL5T, , , , , GL5T
1660417341, , 33.6714, -117.8731, 0, 14, 17, GL5T, , , , , GL5T
1660417349, , 33.672, -117.8727, 0, 14, 19, GL5T, , , , , GL5T
1660417353, , 33.6723, -117.8725, 0, 14, 20, GL5T, , , , , GL5T
1660417353, , 33.6723, -117.8725, 0, 14, 20, GL5T, , , , , GL5T
1660417357, , 33.6726, -117.8723, 0, 14, 21, GL5T, , , , , GL5T
1660417357, , 33.6726, -117.8723, 0, 14, 21, GL5T, , , , , GL5T
1660417359, , 33.6728, -117.8722, 0, 14, 21, GL5T, , , , , GL5T
1660417359, , 33.6728, -117.8722, 0, 14, 21, GL5T, , , , , GL5T
1660417363, , 33.6732, -117.8719, 0, 14, 22, GL5T, , , , , GL5T
1660417363, , 33.6732, -117.8719, 0, 14, 22, GL5T, , , , , GL5T
1660417368, , 33.6736, -117.8717, 0, 14, 19, GL5T, , , , , GL5T
1660417373, , 33.674, -117.8714, 0, 14, 17, GL5T, , , , , GL5T
1660417373, , 33.674, -117.8714, 0, 14, 17, GL5T, , , , , GL5T
1660417376, , 33.6742, -117.8713, 0, 14, 16, GL5T, , , , , GL5T
1660417376, , 33.6742, -117.8713, 0, 14, 16, GL5T, , , , , GL5T
1660417381, , 33.6746, -117.8711, 0, 14, 15, GL5T, , , , , GL5T
1660417384, , 33.6747, -117.871, 0, 14, 14, GL5T, , , , , GL5T
1660417384, , 33.6747, -117.871, 0, 14, 14, GL5T, , , , , GL5T
1660417389, , 33.675, -117.8708, 0, 14, 13, GL5T, , , , , GL5T
1660417389, , 33.675, -117.8708, 0, 14, 13, GL5T, , , , , GL5T
1660417392, , 33.6751, -117.8707, 0, 14, 12, GL5T, , , , , GL5T
1660417392, , 33.6751, -117.8707, 0, 14, 12, GL5T, , , , , GL5T
1660417396, , 33.6753, -117.8706, 0, 14, 10, GL5T, , , , , GL5T
1660417400, , 33.6755, -117.8705, 0, 11, 7, GL5T, , , , , GL5T
1660417400, , 33.6755, -117.8705, 0, 11, 7, GL5T, , , , , GL5T
1660417404, , 33.6756, -117.8705, 0, 354, 6, GL5T, , , , , GL5T
1660417404, , 33.6756, -117.8705, 0, 354, 6, GL5T, , , , , GL5T
1660417408, , 33.6757, -117.8706, 0, 320, 8, GL5T, , , , , GL5T
1660417408, , 33.6757, -117.8706, 0, 320, 8, GL5T, , , , , GL5T
1660417413, , 33.6758, -117.8707, 0, 284, 6, GL5T, , , , , GL5T
1660417418, , 33.6758, -117.8709, 0, 272, 4, GL5T, , , , , GL5T
1660417418, , 33.6758, -117.8709, 0, 272, 4, GL5T, , , , , GL5T
1660417420, , 33.6758, -117.8709, 0, 272, 4, GL5T, , , , , GL5T
1660417420, , 33.6758, -117.8709, 0, 272, 4, GL5T, , , , , GL5T
1660417424, , 33.6759, -117.871, 0, 270, 3, GL5T, , , , , GL5T
1660417424, , 33.6759, -117.871, 0, 270, 3, GL5T, , , , , GL5T
1660417429, , 33.6759, -117.871, 0, 258, 2, GL5T, , , , , GL5T
1660417432, , 33.6758, -117.8711, 0, 239, 2, GL5T, , , , , GL5T
1660417432, , 33.6758, -117.8711, 0, 239, 2, GL5T, , , , , GL5T
1660417437, , 33.6758, -117.8711, 0, 202, 2, GL5T, , , , , GL5T
1660417437, , 33.6758, -117.8711, 0, 202, 2, GL5T, , , , , GL5T
1660417440, , 33.6758, -117.8711, 0, 182, 2, GL5T, , , , , GL5T
1660417440, , 33.6758, -117.8711, 0, 182, 2, GL5T, , , , , GL5T
1660417446, , 33.6757, -117.8711, 0, 157, 2, GL5T, , , , , GL5T
1660417449, , 33.6757, -117.8711, 0, 154, 2, GL5T, , , , , GL5T
1660417449, , 33.6757, -117.8711, 0, 154, 2, GL5T, , , , , GL5T
1660417453, , 33.6756, -117.871, 0, 154, 2, GL5T, , , , , GL5T
1660417453, , 33.6756, -117.871, 0, 154, 2, GL5T, , , , , GL5T
1660417458, , 33.6756, -117.871, 0, 154, 1, GL5T, , , , , GL5T
1660417458, , 33.6756, -117.871, 0, 154, 1, GL5T, , , , , GL5T
1660417461, , 33.6756, -117.871, 0, 154, 0, GL5T, , , , , GL5T
1660417462, , 33.6756, -117.871, 0, 154, 0, GL5T, , , , , GL5T
1660417462, , 33.6756, -117.871, 0, 154, 0, GL5T, , , , , GL5T
1660417462, , 33.6756, -117.871, 0, 154, 0, GL5T, , , , , GL5T
1660417462, , 33.6756, -117.871, 0, 154, 0, GL5T, , , , , GL5T
1660417462, , 33.6756, -117.871, 0, 154, 0, GL5T, , , , , GL5T
1660417462, , 33.6756, -117.871, 0, 154, 0, GL5T, , , , , GL5T
1660417462, , 33.6756, -117.871, 0, 154, 0, GL5T, , , , , GL5T
1660417462, , 33.6756, -117.871, 0, 154, 0, GL5T, , , , , GL5T
1660417462, , 33.6756, -117.871, 0, 154, 0, GL5T, , , , , GL5T
1660417462, , 33.6756, -117.871, 0, 154, 0, GL5T, , , , , GL5T
1660417462, , 33.6756, -117.871, 0, 154, 0, GL5T, , , , , GL5T
1660417462, , 33.6756, -117.871, 0, 154, 0, GL5T, , , , , GL5T
1660417462, , 33.6756, -117.871, 0, 154, 0, GL5T, , , , , GL5T
1660417462, , 33.6756, -117.871, 0, 154, 0, GL5T, , , , , GL5T
1660417462, , 33.6756, -117.871, 0, 154, 0, GL5T, , , , , GL5T
1660417462, , 33.6756, -117.871, 0, 154, 0, GL5T, , , , , GL5T
1660417462, , 33.6756, -117.871, 0, 154, 0, GL5T, , , , , GL5T
1660417462, , 33.6756, -117.871, 0, 154, 0, GL5T, , , , , GL5T
1660417462, , 33.6756, -117.871, 0, 154, 0, GL5T, , , , , GL5T
1660417462, , 33.6756, -117.871, 0, 154, 0, GL5T, , , , , GL5T
1660417462, , 33.6756, -117.871, 0, 154, 0, GL5T, , , , , GL5T
1660417462, , 33.6756, -117.871, 0, 154, 0, GL5T, , , , , GL5T
1660417462, , 33.6756, -117.871, 0, 154, 0, GL5T, , , , , GL5T
1660417462, , 33.6756, -117.871, 0, 154, 0, GL5T, , , , , GL5T
1660417462, , 33.6756, -117.871, 0, 154, 0, GL5T, , , , , GL5T
1660417462, , 33.6756, -117.871, 0, 154, 0, GL5T, , , , , GL5T
1660417462, , 33.6756, -117.871, 0, 154, 0, GL5T, , , , , GL5T
1660417462, , 33.6756, -117.871, 0, 154, 0, GL5T, , , , , GL5T
1660417462, , 33.6756, -117.871, 0, 154, 0, GL5T, , , , , GL5T
1660417462, , 33.6756, -117.871, 0, 154, 0, GL5T, , , , , GL5T
1660417462, , 33.6756, -117.871, 0, 154, 0, GL5T, , , , , GL5T
1660417462, , 33.6756, -117.871, 0, 154, 0, GL5T, , , , , GL5T
1660417462, , 33.6756, -117.871, 0, 154, 0, GL5T, , , , , GL5T
1660417462, , 33.6756, -117.871, 0, 154, 0, GL5T, , , , , GL5T
1660417462, , 33.6756, -117.871, 0, 154, 0, GL5T, , , , , GL5T
1660417462, , 33.6756, -117.871, 0, 154, 0, GL5T, , , , , GL5T
1660417462, , 33.6756, -117.871, 0, 154, 0, GL5T, , , , , GL5T
1660417462, , 33.6756, -117.871, 0, 154, 0, GL5T, , , , , GL5T
1660419247, , 33.6758, -117.8703, 0, 14, 24, GL5T, , , , , GL5T
1660419247, , 33.6758, -117.8703, 0, 14, 24, GL5T, , , , , GL5T
1660419251, , 33.6759, -117.8702, 0, 14, 11, GL5T, , , , , GL5T
1660419256, , 33.6762, -117.87, 0, 14, 12, GL5T, , , , , GL5T
1660419256, , 33.6762, -117.87, 0, 14, 12, GL5T, , , , , GL5T
1660419260, , 33.6764, -117.8699, 0, 14, 12, GL5T, , , , , GL5T
1660419260, , 33.6764, -117.8699, 0, 14, 12, GL5T, , , , , GL5T
1660419265, , 33.6767, -117.8697, 0, 14, 13, GL5T, , , , , GL5T
1660419265, , 33.6767, -117.8697, 0, 14, 13, GL5T, , , , , GL5T
1660419269, , 33.6769, -117.8696, 0, 14, 13, GL5T, , , , , GL5T
1660419273, , 33.6771, -117.8695, 0, 14, 13, GL5T, , , , , GL5T
1660419273, , 33.6771, -117.8695, 0, 14, 13, GL5T, , , , , GL5T
1660419277, , 33.6773, -117.8693, 0, 14, 14, GL5T, , , , , GL5T
1660419277, , 33.6773, -117.8693, 0, 14, 14, GL5T, , , , , GL5T
1660419280, , 33.6775, -117.8692, 0, 14, 14, GL5T, , , , , GL5T
1660419280, , 33.6775, -117.8692, 0, 14, 14, GL5T, , , , , GL5T
1660419283, , 33.6776, -117.8691, 0, 14, 14, GL5T, , , , , GL5T
1660419287, , 33.6779, -117.8689, 0, 14, 15, GL5T, , , , , GL5T
1660419287, , 33.6779, -117.8689, 0, 14, 15, GL5T, , , , , GL5T
1660419287, , 33.6779, -117.8689, 0, 14, 15, GL5T, , , , , GL5T
1660419287, , 33.6779, -117.8689, 0, 14, 15, GL5T, , , , , GL5T
1660419287, , 33.6779, -117.8689, 0, 14, 15, GL5T, , , , , GL5T
1660419301, , 33.6788, -117.8684, 0, 14, 14, GL5T, , , , , GL5T
1660419301, , 33.6788, -117.8684, 0, 14, 14, GL5T, , , , , GL5T
1660419301, , 33.6788, -117.8684, 0, 14, 14, GL5T, , , , , GL5T
1660419301, , 33.6788, -117.8684, 0, 14, 14, GL5T, , , , , GL5T
1660419309, , 33.6792, -117.8681, 0, 8, 13, GL5T, , , , , GL5T
1660419309, , 33.6792, -117.8681, 0, 8, 13, GL5T, , , , , GL5T
1660419313, , 33.6795, -117.868, 0, 2, 14, GL5T, , , , , GL5T
1660419316, , 33.6797, -117.868, 0, 2, 14, GL5T, , , , , GL5T
1660419316, , 33.6797, -117.868, 0, 2, 14, GL5T, , , , , GL5T
1660419321, , 33.68, -117.8678, 0, 11, 15, GL5T, , , , , GL5T
1660419321, , 33.68, -117.8678, 0, 11, 15, GL5T, , , , , GL5T
1660419325, , 33.6802, -117.8677, 0, 14, 14, GL5T, , , , , GL5T
1660419325, , 33.6802, -117.8677, 0, 14, 14, GL5T, , , , , GL5T
1660419326, , 33.6803, -117.8676, 0, 14, 13, GL5T, , , , , GL5T
1660419331, , 33.6805, -117.8674, 0, 14, 12, GL5T, , , , , GL5T
1660419331, , 33.6805, -117.8674, 0, 14, 12, GL5T, , , , , GL5T
1660419335, , 33.6807, -117.8674, 0, 14, 10, GL5T, , , , , GL5T
1660419335, , 33.6807, -117.8674, 0, 14, 10, GL5T, , , , , GL5T
1660419342, , 33.681, -117.8672, 0, 14, 9, GL5T, , , , , GL5T
1660419342, , 33.681, -117.8672, 0, 14, 9, GL5T, , , , , GL5T
1660419345, , 33.6811, -117.8671, 0, 14, 8, GL5T, , , , , GL5T
1660419349, , 33.6812, -117.8671, 0, 14, 7, GL5T, , , , , GL5T
1660419349, , 33.6812, -117.8671, 0, 14, 7, GL5T, , , , , GL5T
1660419351, , 33.6812, -117.867, 0, 14, 6, GL5T, , , , , GL5T
1660419351, , 33.6812, -117.867, 0, 14, 6, GL5T, , , , , GL5T
1660419357, , 33.6813, -117.867, 0, 14, 1, GL5T, , , , , GL5T
1660419357, , 33.6813, -117.867, 0, 14, 1, GL5T, , , , , GL5T
1660419361, , 33.6813, -117.867, 0, 14, 1, GL5T, , , , , GL5T
1660419365, , 33.6813, -117.867, 0, 14, 0, GL5T, , , , , GL5T
1660419365, , 33.6813, -117.867, 0, 14, 0, GL5T, , , , , GL5T
1660419369, , 33.6813, -117.867, 0, 14, 0, GL5T, , , , , GL5T
1660419369, , 33.6813, -117.867, 0, 14, 0, GL5T, , , , , GL5T
1660419371, , 33.6813, -117.867, 0, 14, 0, GL5T, , , , , GL5T
1660419371, , 33.6813, -117.867, 0, 14, 0, GL5T, , , , , GL5T
1660419377, , 33.6813, -117.867, 0, 14, 1, GL5T, , , , , GL5T
1660419380, , 33.6814, -117.8669, 0, 14, 3, GL5T, , , , , GL5T
1660419380, , 33.6814, -117.8669, 0, 14, 3, GL5T, , , , , GL5T
1660419384, , 33.6815, -117.8669, 0, 14, 7, GL5T, , , , , GL5T
1660419384, , 33.6815, -117.8669, 0, 14, 7, GL5T, , , , , GL5T
1660419390, , 33.6817, -117.8667, 0, 22, 10, GL5T, , , , , GL5T
1660419390, , 33.6817, -117.8667, 0, 22, 10, GL5T, , , , , GL5T
1660419393, , 33.6818, -117.8666, 0, 33, 10, GL5T, , , , , GL5T
1660419398, , 33.6819, -117.8663, 0, 56, 11, GL5T, , , , , GL5T
1660419398, , 33.6819, -117.8663, 0, 56, 11, GL5T, , , , , GL5T
1660419399, , 33.6819, -117.8663, 0, 61, 11, GL5T, , , , , GL5T
1660419399, , 33.6819, -117.8663, 0, 61, 11, GL5T, , , , , GL5T
1660419403, , 33.6819, -117.866, 0, 78, 10, GL5T, , , , , GL5T
1660419403, , 33.6819, -117.866, 0, 78, 10, GL5T, , , , , GL5T
1660419409, , 33.6818, -117.8657, 0, 98, 10, GL5T, , , , , GL5T
1660419414, , 33.6817, -117.8655, 0, 104, 10, GL5T, , , , , GL5T
1660419414, , 33.6817, -117.8655, 0, 104, 10, GL5T, , , , , GL5T
1660419417, , 33.6816, -117.8653, 0, 106, 7, GL5T, , , , , GL5T
1660419417, , 33.6816, -117.8653, 0, 106, 7, GL5T, , , , , GL5T
1660419422, , 33.6816, -117.8652, 0, 109, 5, GL5T, , , , , GL5T
1660419422, , 33.6816, -117.8652, 0, 109, 5, GL5T, , , , , GL5T
1660419426, , 33.6815, -117.8652, 0, 140, 4, GL5T, , , , , GL5T
1660419429, , 33.6815, -117.8652, 0, 171, 4, GL5T, , , , , GL5T
1660419429, , 33.6815, -117.8652, 0, 171, 4, GL5T, , , , , GL5T
1660419434, , 33.6814, -117.8652, 0, 191, 1, GL5T, , , , , GL5T
1660419434, , 33.6814, -117.8652, 0, 191, 1, GL5T, , , , , GL5T
1660419437, , 33.6814, -117.8652, 0, 191, 0, GL5T, , , , , GL5T
1660419442, , 33.6814, -117.8652, 0, 191, 0, GL5T, , , , , GL5T
1660419442, , 33.6814, -117.8652, 0, 191, 0, GL5T, , , , , GL5T
1660419446, , 33.6814, -117.8652, 0, 191, 0, GL5T, , , , , GL5T
1660419446, , 33.6814, -117.8652, 0, 191, 0, GL5T, , , , , GL5T
1660419450, , 33.6814, -117.8653, 0, 191, 1, GL5T, , , , , GL5T
1660419450, , 33.6814, -117.8653, 0, 191, 1, GL5T, , , , , GL5T
1660419451, , 33.6813, -117.8653, 0, 191, 12, GL5T, , , , , GL5T
1660419451, , 33.6813, -117.8653, 0, 191, 12, GL5T, , , , , GL5T
1660419457, , 33.6804, -117.8659, 0, 194, 59, GL5T, , , , , GL5T
1660419462, , 33.679, -117.8668, 0, 194, 88, GL5T, , , , , GL5T
1660419462, , 33.679, -117.8668, 0, 194, 88, GL5T, , , , , GL5T
1660419464, , 33.678, -117.8674, 0, 194, 105, GL5T, , , , , GL5T
1660419464, , 33.678, -117.8674, 0, 194, 105, GL5T, , , , , GL5T
1660419464, , 33.678, -117.8674, 0, 194, 105, GL5T, , , , , GL5T
1660419473, , 33.6728, -117.8707, 150, 207, 147, GL5T, , , , , GL5T
1660419473, , 33.6728, -117.8707, 150, 207, 147, GL5T, , , , , GL5T
1660419478, , 33.6703, -117.8723, 300, 207, 151, GL5T, , , , , GL5T
1660419478, , 33.6703, -117.8723, 300, 207, 151, GL5T, , , , , GL5T
1660419482, , 33.6682, -117.8736, 550, 206, 154, GL5T, , , , , GL5T
1660419482, , 33.6682, -117.8736, 550, 206, 154, GL5T, , , , , GL5T
1660419483, , 33.6671, -117.8742, 625, 206, 155, GL5T, , , , , GL5T
1660419489, , 33.6628, -117.8768, 1000, 206, 163, GL5T, , , , , GL5T
1660419489, , 33.6628, -117.8768, 1000, 206, 163, GL5T, , , , , GL5T
1660419493, , 33.6607, -117.8781, 1200, 206, 167, GL5T, , , , , GL5T
1660419493, , 33.6607, -117.8781, 1200, 206, 167, GL5T, , , , , GL5T
1660419497, , 33.6576, -117.8799, 1450, 206, 173, GL5T, , , , , GL5T
1660419497, , 33.6576, -117.8799, 1450, 206, 173, GL5T, , , , , GL5T
1660419500, , 33.6561, -117.8808, 1625, 207, 176, GL5T, , , , , GL5T
1660419506, , 33.6513, -117.8838, 2025, 207, 177, GL5T, , , , , GL5T
1660419506, , 33.6513, -117.8838, 2025, 207, 177, GL5T, , , , , GL5T
1660419509, , 33.6488, -117.8854, 2175, 207, 176, GL5T, , , , , GL5T
1660419509, , 33.6488, -117.8854, 2175, 207, 176, GL5T, , , , , GL5T
1660419514, , 33.6453, -117.8875, 2325, 207, 171, GL5T, , , , , GL5T
1660419514, , 33.6453, -117.8875, 2325, 207, 171, GL5T, , , , , GL5T
1660419517, , 33.6433, -117.8887, 2400, 205, 169, GL5T, , , , , GL5T
1660419520, , 33.6411, -117.8898, 2475, 203, 167, GL5T, , , , , GL5T
1660419520, , 33.6411, -117.8898, 2475, 203, 167, GL5T, , , , , GL5T
1660419526, , 33.6366, -117.8914, 2625, 193, 166, GL5T, , , , , GL5T
1660419526, , 33.6366, -117.8914, 2625, 193, 166, GL5T, , , , , GL5T
1660419529, , 33.6342, -117.8919, 2700, 190, 166, GL5T, , , , , GL5T
1660419529, , 33.6342, -117.8919, 2700, 190, 166, GL5T, , , , , GL5T
1660419532, , 33.6319, -117.8923, 2775, 189, 167, GL5T, , , , , GL5T
1660419537, , 33.6281, -117.893, 2925, 187, 167, GL5T, , , , , GL5T
1660419537, , 33.6281, -117.893, 2925, 187, 167, GL5T, , , , , GL5T
1660419540, , 33.6264, -117.8933, 2975, 187, 169, GL5T, , , , , GL5T
1660419540, , 33.6264, -117.8933, 2975, 187, 169, GL5T, , , , , GL5T
1660419543, , 33.6234, -117.8937, 3075, 187, 170, GL5T, , , , , GL5T
1660419543, , 33.6234, -117.8937, 3075, 187, 170, GL5T, , , , , GL5T
1660419549, , 33.6183, -117.8945, 3225, 187, 176, GL5T, , , , , GL5T
1660419553, , 33.6153, -117.8949, 3300, 186, 181, GL5T, , , , , GL5T
1660419553, , 33.6153, -117.8949, 3300, 186, 181, GL5T, , , , , GL5T
1660419556, , 33.6128, -117.8953, 3375, 185, 185, GL5T, , , , , GL5T
1660419556, , 33.6128, -117.8953, 3375, 185, 185, GL5T, , , , , GL5T
1660419562, , 33.6075, -117.8958, 3500, 185, 194, GL5T, , , , , GL5T
1660419562, , 33.6075, -117.8958, 3500, 185, 194, GL5T, , , , , GL5T
1660419565, , 33.6049, -117.8961, 3575, 185, 198, GL5T, , , , , GL5T
1660419568, , 33.6023, -117.8964, 3675, 185, 202, GL5T, , , , , GL5T
1660419568, , 33.6023, -117.8964, 3675, 185, 202, GL5T, , , , , GL5T
1660419574, , 33.5971, -117.897, 3900, 186, 208, GL5T, , , , , GL5T
1660419574, , 33.5971, -117.897, 3900, 186, 208, GL5T, , , , , GL5T
1660419578, , 33.5933, -117.8975, 4050, 187, 212, GL5T, , , , , GL5T
1660419578, , 33.5933, -117.8975, 4050, 187, 212, GL5T, , , , , GL5T
1660419581, , 33.5897, -117.898, 4175, 187, 214, GL5T, , , , , GL5T
1660419584, , 33.5871, -117.8985, 4300, 187, 218, GL5T, , , , , GL5T
1660419584, , 33.5871, -117.8985, 4300, 187, 218, GL5T, , , , , GL5T
1660419590, , 33.5815, -117.8993, 4475, 187, 227, GL5T, , , , , GL5T
1660419590, , 33.5815, -117.8993, 4475, 187, 227, GL5T, , , , , GL5T
1660419592, , 33.5775, -117.8999, 4575, 186, 230, GL5T, , , , , GL5T
1660419592, , 33.5775, -117.8999, 4575, 186, 230, GL5T, , , , , GL5T
1660419596, , 33.5739, -117.9002, 4700, 182, 234, GL5T, , , , , GL5T
1660419602, , 33.5679, -117.8999, 4975, 171, 240, GL5T, , , , , GL5T
1660419602, , 33.5679, -117.8999, 4975, 171, 240, GL5T, , , , , GL5T
1660419605, , 33.5644, -117.8992, 5075, 166, 243, GL5T, , , , , GL5T
1660419605, , 33.5644, -117.8992, 5075, 166, 243, GL5T, , , , , GL5T
1660419608, , 33.5607, -117.8978, 5225, 161, 245, GL5T, , , , , GL5T
1660419608, , 33.5607, -117.8978, 5225, 161, 245, GL5T, , , , , GL5T
1660419614, , 33.5546, -117.894, 5575, 148, 247, GL5T, , , , , GL5T
1660419617, , 33.5518, -117.8917, 5775, 144, 246, GL5T, , , , , GL5T
1660419617, , 33.5518, -117.8917, 5775, 144, 246, GL5T, , , , , GL5T
1660419620, , 33.5494, -117.8896, 6000, 143, 246, GL5T, , , , , GL5T
1660419620, , 33.5494, -117.8896, 6000, 143, 246, GL5T, , , , , GL5T
1660419626, , 33.5435, -117.8844, 6425, 143, 246, GL5T, , , , , GL5T
1660419626, , 33.5435, -117.8844, 6425, 143, 246, GL5T, , , , , GL5T
1660419629, , 33.5408, -117.8819, 6675, 143, 245, GL5T, , , , , GL5T
1660419632, , 33.538, -117.8796, 6875, 144, 245, GL5T, , , , , GL5T
1660419632, , 33.538, -117.8796, 6875, 144, 245, GL5T, , , , , GL5T
1660419638, , 33.5324, -117.8749, 7250, 145, 247, GL5T, , , , , GL5T
1660419638, , 33.5324, -117.8749, 7250, 145, 247, GL5T, , , , , GL5T
1660419641, , 33.5294, -117.8725, 7450, 146, 248, GL5T, , , , , GL5T
1660419641, , 33.5294, -117.8725, 7450, 146, 248, GL5T, , , , , GL5T
1660419644, , 33.5266, -117.8704, 7625, 148, 249, GL5T, , , , , GL5T
1660419650, , 33.5205, -117.8662, 7975, 150, 252, GL5T, , , , , GL5T
1660419650, , 33.5205, -117.8662, 7975, 150, 252, GL5T, , , , , GL5T
1660419653, , 33.5173, -117.8639, 8150, 148, 254, GL5T, , , , , GL5T
1660419653, , 33.5173, -117.8639, 8150, 148, 254, GL5T, , , , , GL5T
1660419656, , 33.5144, -117.8615, 8300, 146, 256, GL5T, , , , , GL5T
1660419662, , 33.5088, -117.8564, 8650, 139, 258, GL5T, , , , , GL5T
1660419665, , 33.5061, -117.8533, 8850, 134, 259, GL5T, , , , , GL5T
1660419665, , 33.5061, -117.8533, 8850, 134, 259, GL5T, , , , , GL5T
1660419668, , 33.5044, -117.8509, 9050, 128, 259, GL5T, , , , , GL5T
1660419668, , 33.5044, -117.8509, 9050, 128, 259, GL5T, , , , , GL5T
1660419674, , 33.5, -117.8427, 9400, 117, 260, GL5T, , , , , GL5T
1660419674, , 33.5, -117.8427, 9400, 117, 260, GL5T, , , , , GL5T
1660419677, , 33.4985, -117.8388, 9575, 112, 261, GL5T, , , , , GL5T
1660419680, , 33.4972, -117.8347, 9775, 110, 262, GL5T, , , , , GL5T
1660419680, , 33.4972, -117.8347, 9775, 110, 262, GL5T, , , , , GL5T
1660419686, , 33.4947, -117.8267, 10125, 110, 263, GL5T, , , , , GL5T
1660419686, , 33.4947, -117.8267, 10125, 110, 263, GL5T, , , , , GL5T
1660419689, , 33.4934, -117.8225, 10275, 110, 265, GL5T, , , , , GL5T
1660419689, , 33.4934, -117.8225, 10275, 110, 265, GL5T, , , , , GL5T
1660419692, , 33.492, -117.8185, 10425, 111, 267, GL5T, , , , , GL5T
1660419698, , 33.4891, -117.8102, 10775, 113, 269, GL5T, , , , , GL5T
1660419698, , 33.4891, -117.8102, 10775, 113, 269, GL5T, , , , , GL5T
1660419701, , 33.4875, -117.806, 10975, 114, 269, GL5T, , , , , GL5T
1660419701, , 33.4875, -117.806, 10975, 114, 269, GL5T, , , , , GL5T
1660419704, , 33.486, -117.8022, 11150, 115, 270, GL5T, , , , , GL5T
1660419704, , 33.486, -117.8022, 11150, 115, 270, GL5T, , , , , GL5T
1660419710, , 33.4829, -117.7946, 11575, 116, 269, GL5T, , , , , GL5T
1660419713, , 33.481, -117.7901, 11775, 116, 268, GL5T, , , , , GL5T
1660419713, , 33.481, -117.7901, 11775, 116, 268, GL5T, , , , , GL5T
1660419716, , 33.4792, -117.7859, 11975, 116, 268, GL5T, , , , , GL5T
1660419716, , 33.4792, -117.7859, 11975, 116, 268, GL5T, , , , , GL5T
1660419722, , 33.4764, -117.7785, 12350, 110, 268, GL5T, , , , , GL5T
1660419722, , 33.4764, -117.7785, 12350, 110, 268, GL5T, , , , , GL5T
1660419725, , 33.475, -117.7732, 12525, 105, 269, GL5T, , , , , GL5T
1660419728, , 33.4743, -117.7694, 12650, 101, 270, GL5T, , , , , GL5T
1660419728, , 33.4743, -117.7694, 12650, 101, 270, GL5T, , , , , GL5T
1660419734, , 33.4736, -117.7602, 12825, 92, 270, GL5T, , , , , GL5T
1660419734, , 33.4736, -117.7602, 12825, 92, 270, GL5T, , , , , GL5T
1660419737, , 33.4737, -117.7558, 12900, 87, 270, GL5T, , , , , GL5T
1660419737, , 33.4737, -117.7558, 12900, 87, 270, GL5T, , , , , GL5T
1660419740, , 33.4739, -117.7512, 12950, 85, 269, GL5T, , , , , GL5T
1660419746, , 33.4749, -117.7423, 12975, 81, 269, GL5T, , , , , GL5T
1660419746, , 33.4749, -117.7423, 12975, 81, 269, GL5T, , , , , GL5T
1660419749, , 33.4755, -117.7376, 13000, 80, 268, GL5T, , , , , GL5T
1660419749, , 33.4755, -117.7376, 13000, 80, 268, GL5T, , , , , GL5T
1660419752, , 33.4761, -117.7335, 13000, 80, 267, GL5T, , , , , GL5T
1660419758, , 33.4773, -117.725, 12975, 80, 267, GL5T, , , , , GL5T
1660419758, , 33.4773, -117.725, 12975, 80, 267, GL5T, , , , , GL5T
1660419761, , 33.478, -117.7203, 12975, 80, 268, GL5T, , , , , GL5T
1660419761, , 33.478, -117.7203, 12975, 80, 268, GL5T, , , , , GL5T
1660419764, , 33.4786, -117.7158, 13000, 79, 269, GL5T, , , , , GL5T
1660419764, , 33.4786, -117.7158, 13000, 79, 269, GL5T, , , , , GL5T
1660419770, , 33.4803, -117.7071, 13075, 75, 271, GL5T, , , , , GL5T
1660419773, , 33.4812, -117.7034, 13150, 73, 272, GL5T, , , , , GL5T
1660419773, , 33.4812, -117.7034, 13150, 73, 272, GL5T, , , , , GL5T
1660419776, , 33.4824, -117.6987, 13225, 71, 272, GL5T, , , , , GL5T
1660419776, , 33.4824, -117.6987, 13225, 71, 272, GL5T, , , , , GL5T
1660419782, , 33.4846, -117.6917, 13475, 68, 274, GL5T, , , , , GL5T
1660419782, , 33.4846, -117.6917, 13475, 68, 274, GL5T, , , , , GL5T
1660419785, , 33.4866, -117.6858, 13625, 66, 274, GL5T, , , , , GL5T
1660419788, , 33.4883, -117.6817, 13800, 64, 275, GL5T, , , , , GL5T
1660419788, , 33.4883, -117.6817, 13800, 64, 275, GL5T, , , , , GL5T
1660419794, , 33.4918, -117.6736, 14125, 61, 277, GL5T, , , , , GL5T
1660419794, , 33.4918, -117.6736, 14125, 61, 277, GL5T, , , , , GL5T
1660419797, , 33.4939, -117.6693, 14300, 59, 277, GL5T, , , , , GL5T
1660419800, , 33.4958, -117.6653, 14475, 59, 278, GL5T, , , , , GL5T
1660419800, , 33.4958, -117.6653, 14475, 59, 278, GL5T, , , , , GL5T
1660419806, , 33.4999, -117.6573, 14800, 58, 281, GL5T, , , , , GL5T
1660419806, , 33.4999, -117.6573, 14800, 58, 281, GL5T, , , , , GL5T
1660419808, , 33.5011, -117.6548, 14925, 59, 282, GL5T, , , , , GL5T
1660419808, , 33.5011, -117.6548, 14925, 59, 282, GL5T, , , , , GL5T
1660419812, , 33.5035, -117.65, 15075, 59, 283, GL5T, , , , , GL5T
1660419818, , 33.5076, -117.6417, 15425, 59, 285, GL5T, , , , , GL5T
1660419818, , 33.5076, -117.6417, 15425, 59, 285, GL5T, , , , , GL5T
1660419821, , 33.5092, -117.6384, 15575, 59, 285, GL5T, , , , , GL5T
1660419821, , 33.5092, -117.6384, 15575, 59, 285, GL5T, , , , , GL5T
1660419824, , 33.5116, -117.6334, 15725, 59, 286, GL5T, , , , , GL5T
1660419824, , 33.5116, -117.6334, 15725, 59, 286, GL5T, , , , , GL5T
1660419830, , 33.5156, -117.6254, 16025, 59, 291, GL5T, , , , , GL5T
1660419833, , 33.5179, -117.6206, 16125, 59, 294, GL5T, , , , , GL5T
1660419833, , 33.5179, -117.6206, 16125, 59, 294, GL5T, , , , , GL5T
1660419836, , 33.5199, -117.6163, 16225, 60, 297, GL5T, , , , , GL5T
1660419836, , 33.5199, -117.6163, 16225, 60, 297, GL5T, , , , , GL5T
1660419842, , 33.5229, -117.6102, 16400, 60, 305, GL5T, , , , , GL5T
1660419845, , 33.5252, -117.6052, 16475, 60, 309, GL5T, , , , , GL5T
1660419845, , 33.5252, -117.6052, 16475, 60, 309, GL5T, , , , , GL5T
1660419848, , 33.5285, -117.5984, 16550, 60, 314, GL5T, , , , , GL5T
1660419848, , 33.5285, -117.5984, 16550, 60, 314, GL5T, , , , , GL5T
1660419854, , 33.5328, -117.5895, 16725, 60, 321, GL5T, , , , , GL5T
1660419854, , 33.5328, -117.5895, 16725, 60, 321, GL5T, , , , , GL5T
1660419857, , 33.5352, -117.5845, 16800, 60, 325, GL5T, , , , , GL5T
1660419860, , 33.5374, -117.5798, 16875, 60, 330, GL5T, , , , , GL5T
1660419860, , 33.5374, -117.5798, 16875, 60, 330, GL5T, , , , , GL5T
1660419866, , 33.5408, -117.5726, 17025, 60, 335, GL5T, , , , , GL5T
1660419866, , 33.5408, -117.5726, 17025, 60, 335, GL5T, , , , , GL5T
1660419869, , 33.5443, -117.5652, 17100, 60, 340, GL5T, , , , , GL5T
1660419869, , 33.5443, -117.5652, 17100, 60, 340, GL5T, , , , , GL5T
1660419872, , 33.5464, -117.5609, 17175, 60, 343, GL5T, , , , , GL5T
1660419878, , 33.5515, -117.5501, 17350, 60, 349, GL5T, , , , , GL5T
1660419878, , 33.5515, -117.5501, 17350, 60, 349, GL5T, , , , , GL5T
1660419881, , 33.5539, -117.5451, 17425, 60, 354, GL5T, , , , , GL5T
1660419881, , 33.5539, -117.5451, 17425, 60, 354, GL5T, , , , , GL5T
1660419883, , 33.5555, -117.5416, 17475, 60, 356, GL5T, , , , , GL5T
1660419883, , 33.5555, -117.5416, 17475, 60, 356, GL5T, , , , , GL5T
1660419889, , 33.5604, -117.5315, 17625, 60, 362, GL5T, , , , , GL5T
1660419892, , 33.5625, -117.527, 17700, 60, 365, GL5T, , , , , GL5T
1660419892, , 33.5625, -117.527, 17700, 60, 365, GL5T, , , , , GL5T
1660419898, , 33.5669, -117.5178, 17850, 60, 372, GL5T, , , , , GL5T
1660419898, , 33.5669, -117.5178, 17850, 60, 372, GL5T, , , , , GL5T
1660419901, , 33.5689, -117.5134, 17950, 60, 372, GL5T, , , , , GL5T
1660419904, , 33.5722, -117.506, 18025, 63, 377, GL5T, , , , , GL5T
1660419904, , 33.5722, -117.506, 18025, 63, 377, GL5T, , , , , GL5T
1660419907, , 33.5751, -117.4984, 18075, 66, 380, GL5T, , , , , GL5T
1660419907, , 33.5751, -117.4984, 18075, 66, 380, GL5T, , , , , GL5T
1660419914, , 33.5789, -117.4847, 18275, 75, 387, GL5T, , , , , GL5T
1660419914, , 33.5789, -117.4847, 18275, 75, 387, GL5T, , , , , GL5T
1660419917, , 33.5803, -117.4776, 18350, 78, 386, GL5T, , , , , GL5T
1660419920, , 33.5812, -117.4716, 18425, 80, 386, GL5T, , , , , GL5T
1660419920, , 33.5812, -117.4716, 18425, 80, 386, GL5T, , , , , GL5T
1660419926, , 33.5823, -117.4592, 18600, 85, 383, GL5T, , , , , GL5T
1660419926, , 33.5823, -117.4592, 18600, 85, 383, GL5T, , , , , GL5T
1660419929, , 33.5826, -117.4523, 18675, 88, 382, GL5T, , , , , GL5T
1660419929, , 33.5826, -117.4523, 18675, 88, 382, GL5T, , , , , GL5T
1660419932, , 33.5826, -117.4459, 18750, 90, 382, GL5T, , , , , GL5T
1660419932, , 33.5826, -117.4459, 18750, 90, 382, GL5T, , , , , GL5T
1660419938, , 33.5822, -117.4332, 18900, 92, 381, GL5T, , , , , GL5T
1660419941, , 33.582, -117.4272, 18975, 92, 381, GL5T, , , , , GL5T
1660419941, , 33.582, -117.4272, 18975, 92, 381, GL5T, , , , , GL5T
1660419944, , 33.5818, -117.421, 19000, 92, 382, GL5T, , , , , GL5T
1660419944, , 33.5818, -117.421, 19000, 92, 382, GL5T, , , , , GL5T
1660419950, , 33.5814, -117.4078, 19100, 91, 383, GL5T, , , , , GL5T
1660419950, , 33.5814, -117.4078, 19100, 91, 383, GL5T, , , , , GL5T
1660419953, , 33.5812, -117.4018, 19200, 91, 383, GL5T, , , , , GL5T
1660419956, , 33.5811, -117.395, 19300, 91, 383, GL5T, , , , , GL5T
1660419956, , 33.5811, -117.395, 19300, 91, 383, GL5T, , , , , GL5T
1660419962, , 33.5808, -117.3829, 19575, 91, 383, GL5T, , , , , GL5T
1660419962, , 33.5808, -117.3829, 19575, 91, 383, GL5T, , , , , GL5T
1660419965, , 33.5806, -117.3765, 19700, 91, 383, GL5T, , , , , GL5T
1660419965, , 33.5806, -117.3765, 19700, 91, 383, GL5T, , , , , GL5T
1660419968, , 33.5806, -117.3731, 19850, 91, 384, GL5T, , , , , GL5T
1660419971, , 33.5803, -117.3637, 19950, 91, 384, GL5T, , , , , GL5T
1660419971, , 33.5803, -117.3637, 19950, 91, 384, GL5T, , , , , GL5T
1660419977, , 33.58, -117.3514, 20200, 91, 386, GL5T, , , , , GL5T
1660419977, , 33.58, -117.3514, 20200, 91, 386, GL5T, , , , , GL5T
1660419980, , 33.5798, -117.3436, 20325, 91, 387, GL5T, , , , , GL5T
1660419980, , 33.5798, -117.3436, 20325, 91, 387, GL5T, , , , , GL5T
1660419983, , 33.5797, -117.338, 20450, 91, 388, GL5T, , , , , GL5T
1660419989, , 33.5793, -117.325, 20700, 91, 391, GL5T, , , , , GL5T
1660419989, , 33.5793, -117.325, 20700, 91, 391, GL5T, , , , , GL5T
1660419992, , 33.5791, -117.3177, 20825, 91, 393, GL5T, , , , , GL5T
1660419992, , 33.5791, -117.3177, 20825, 91, 393, GL5T, , , , , GL5T
1660419995, , 33.579, -117.312, 20950, 91, 393, GL5T, , , , , GL5T
1660420001, , 33.5786, -117.2989, 21225, 91, 395, GL5T, , , , , GL5T
1660420001, , 33.5786, -117.2989, 21225, 91, 395, GL5T, , , , , GL5T
1660420005, , 33.5785, -117.2913, 21350, 91, 397, GL5T, , , , , GL5T
1660420005, , 33.5785, -117.2913, 21350, 91, 397, GL5T, , , , , GL5T
1660420008, , 33.5783, -117.2849, 21475, 91, 397, GL5T, , , , , GL5T
1660420008, , 33.5783, -117.2849, 21475, 91, 397, GL5T, , , , , GL5T
1660420013, , 33.578, -117.2716, 21725, 91, 400, GL5T, , , , , GL5T
1660420016, , 33.5779, -117.2654, 21850, 91, 400, GL5T, , , , , GL5T
1660420016, , 33.5779, -117.2654, 21850, 91, 400, GL5T, , , , , GL5T
1660420020, , 33.5777, -117.2592, 21975, 91, 401, GL5T, , , , , GL5T
1660420020, , 33.5777, -117.2592, 21975, 91, 401, GL5T, , , , , GL5T
1660420025, , 33.5774, -117.2449, 22225, 91, 403, GL5T, , , , , GL5T
1660420025, , 33.5774, -117.2449, 22225, 91, 403, GL5T, , , , , GL5T
1660420029, , 33.5774, -117.2387, 22375, 90, 404, GL5T, , , , , GL5T
