//Timestamp, ICAO, Latitude_deg, Longitude_deg, Altitude_ft, Heading_deg, GroundSpeed_kts, AircraftType, RegistrationNum, Departure, Arrival, FlightNumber1, FlightNumber2
1660407066, , 33.6755, -117.871, 0, 168, 0, GLF5, , , , , GLF5
1660407066, , 33.6755, -117.871, 0, 168, 0, GLF5, , , , , GLF5
1660407073, , 33.6754, -117.8709, 0, 151, 5, GLF5, , , , , GLF5
1660407073, , 33.6754, -117.8709, 0, 151, 5, GLF5, , , , , GLF5
1660407076, , 33.6753, -117.8708, 0, 135, 6, GLF5, , , , , GLF5
1660407076, , 33.6753, -117.8708, 0, 135, 6, GLF5, , , , , GLF5
1660407082, , 33.6754, -117.8706, 0, 84, 8, GLF5, , , , , GLF5
1660407084, , 33.6755, -117.8705, 0, 64, 10, GLF5, , , , , GLF5
1660407084, , 33.6755, -117.8705, 0, 64, 10, GLF5, , , , , GLF5
1660407089, , 33.6757, -117.8704, 0, 33, 13, GLF5, , , , , GLF5
1660407089, , 33.6757, -117.8704, 0, 33, 13, GLF5, , , , , GLF5
1660407089, , 33.6757, -117.8704, 0, 33, 13, GLF5, , , , , GLF5
1660407089, , 33.6757, -117.8704, 0, 33, 13, GLF5, , , , , GLF5
1660407097, , 33.6762, -117.87, 0, 28, 15, GLF5, , , , , GLF5
1660407097, , 33.6762, -117.87, 0, 28, 15, GLF5, , , , , GLF5
1660407097, , 33.6762, -117.87, 0, 28, 15, GLF5, , , , , GLF5
1660407102, , 33.6765, -117.8698, 0, 28, 16, GLF5, , , , , GLF5
1660407102, , 33.6765, -117.8698, 0, 28, 16, GLF5, , , , , GLF5
1660407108, , 33.6769, -117.8696, 0, 28, 18, GLF5, , , , , GLF5
1660407108, , 33.6769, -117.8696, 0, 28, 18, GLF5, , , , , GLF5
1660407114, , 33.6774, -117.8693, 0, 28, 19, GLF5, , , , , GLF5
1660407117, , 33.6776, -117.8691, 0, 28, 18, GLF5, , , , , GLF5
1660407117, , 33.6776, -117.8691, 0, 28, 18, GLF5, , , , , GLF5
1660407117, , 33.6776, -117.8691, 0, 28, 18, GLF5, , , , , GLF5
1660407117, , 33.6776, -117.8691, 0, 28, 18, GLF5, , , , , GLF5
1660407117, , 33.6776, -117.8691, 0, 28, 18, GLF5, , , , , GLF5
1660407117, , 33.6776, -117.8691, 0, 28, 18, GLF5, , , , , GLF5
1660407117, , 33.6776, -117.8691, 0, 28, 18, GLF5, , , , , GLF5
1660407117, , 33.6776, -117.8691, 0, 28, 18, GLF5, , , , , GLF5
1660407117, , 33.6776, -117.8691, 0, 28, 18, GLF5, , , , , GLF5
1660407135, , 33.679, -117.8683, 0, 28, 18, GLF5, , , , , GLF5
1660407135, , 33.679, -117.8683, 0, 28, 18, GLF5, , , , , GLF5
1660407142, , 33.6795, -117.868, 0, 16, 19, GLF5, , , , , GLF5
1660407142, , 33.6795, -117.868, 0, 16, 19, GLF5, , , , , GLF5
1660407144, , 33.6797, -117.868, 0, 16, 18, GLF5, , , , , GLF5
1660407149, , 33.6801, -117.8678, 0, 25, 16, GLF5, , , , , GLF5
1660407149, , 33.6801, -117.8678, 0, 25, 16, GLF5, , , , , GLF5
1660407153, , 33.6803, -117.8676, 0, 28, 15, GLF5, , , , , GLF5
1660407153, , 33.6803, -117.8676, 0, 28, 15, GLF5, , , , , GLF5
1660407155, , 33.6804, -117.8675, 0, 28, 14, GLF5, , , , , GLF5
1660407155, , 33.6804, -117.8675, 0, 28, 14, GLF5, , , , , GLF5
1660407160, , 33.6806, -117.8674, 0, 28, 12, GLF5, , , , , GLF5
1660407165, , 33.6809, -117.8672, 0, 28, 12, GLF5, , , , , GLF5
1660407165, , 33.6809, -117.8672, 0, 28, 12, GLF5, , , , , GLF5
1660407169, , 33.6811, -117.8671, 0, 28, 10, GLF5, , , , , GLF5
1660407169, , 33.6811, -117.8671, 0, 28, 10, GLF5, , , , , GLF5
1660407173, , 33.6813, -117.867, 0, 28, 10, GLF5, , , , , GLF5
1660407173, , 33.6813, -117.867, 0, 28, 10, GLF5, , , , , GLF5
1660407176, , 33.6814, -117.8669, 0, 28, 10, GLF5, , , , , GLF5
1660407176, , 33.6814, -117.8669, 0, 28, 10, GLF5, , , , , GLF5
1660407181, , 33.6816, -117.8668, 0, 30, 11, GLF5, , , , , GLF5
1660407184, , 33.6817, -117.8666, 0, 39, 11, GLF5, , , , , GLF5
1660407184, , 33.6817, -117.8666, 0, 39, 11, GLF5, , , , , GLF5
1660407188, , 33.6818, -117.8664, 0, 56, 12, GLF5, , , , , GLF5
1660407188, , 33.6818, -117.8664, 0, 56, 12, GLF5, , , , , GLF5
1660407192, , 33.6819, -117.8661, 0, 75, 13, GLF5, , , , , GLF5
1660407192, , 33.6819, -117.8661, 0, 75, 13, GLF5, , , , , GLF5
1660407198, , 33.6818, -117.8658, 0, 101, 11, GLF5, , , , , GLF5
1660407202, , 33.6818, -117.8656, 0, 112, 11, GLF5, , , , , GLF5
1660407202, , 33.6818, -117.8656, 0, 112, 11, GLF5, , , , , GLF5
1660407205, , 33.6817, -117.8654, 0, 115, 10, GLF5, , , , , GLF5
1660407205, , 33.6817, -117.8654, 0, 115, 10, GLF5, , , , , GLF5
1660407210, , 33.6816, -117.8652, 0, 118, 7, GLF5, , , , , GLF5
1660407210, , 33.6816, -117.8652, 0, 118, 7, GLF5, , , , , GLF5
1660407213, , 33.6815, -117.8652, 0, 137, 6, GLF5, , , , , GLF5
1660407218, , 33.6814, -117.8652, 0, 180, 6, GLF5, , , , , GLF5
1660407218, , 33.6814, -117.8652, 0, 180, 6, GLF5, , , , , GLF5
1660407222, , 33.6813, -117.8653, 0, 205, 4, GLF5, , , , , GLF5
1660407222, , 33.6813, -117.8653, 0, 205, 4, GLF5, , , , , GLF5
1660407225, , 33.6813, -117.8653, 0, 205, 1, GLF5, , , , , GLF5
1660407225, , 33.6813, -117.8653, 0, 205, 1, GLF5, , , , , GLF5
1660407230, , 33.6813, -117.8653, 0, 205, 0, GLF5, , , , , GLF5
1660407234, , 33.6813, -117.8653, 0, 205, 0, GLF5, , , , , GLF5
1660407234, , 33.6813, -117.8653, 0, 205, 0, GLF5, , , , , GLF5
1660407237, , 33.6813, -117.8653, 0, 205, 0, GLF5, , , , , GLF5
1660407237, , 33.6813, -117.8653, 0, 205, 0, GLF5, , , , , GLF5
1660407242, , 33.6813, -117.8653, 0, 205, 0, GLF5, , , , , GLF5
1660407242, , 33.6813, -117.8653, 0, 205, 0, GLF5, , , , , GLF5
1660407245, , 33.6813, -117.8653, 0, 205, 0, GLF5, , , , , GLF5
1660407245, , 33.6813, -117.8653, 0, 205, 0, GLF5, , , , , GLF5
1660407250, , 33.6813, -117.8653, 0, 205, 0, GLF5, , , , , GLF5
1660407251, , 33.6813, -117.8653, 0, 205, 0, GLF5, , , , , GLF5
1660407251, , 33.6813, -117.8653, 0, 205, 0, GLF5, , , , , GLF5
1660407251, , 33.6813, -117.8653, 0, 205, 0, GLF5, , , , , GLF5
1660407251, , 33.6813, -117.8653, 0, 205, 0, GLF5, , , , , GLF5
1660407251, , 33.6813, -117.8653, 0, 205, 0, GLF5, , , , , GLF5
1660407251, , 33.6813, -117.8653, 0, 205, 0, GLF5, , , , , GLF5
1660407251, , 33.6813, -117.8653, 0, 205, 0, GLF5, , , , , GLF5
1660407269, , 33.6808, -117.8656, 0, 208, 37, GLF5, , , , , GLF5
1660407269, , 33.6808, -117.8656, 0, 208, 37, GLF5, , , , , GLF5
1660407271, , 33.6804, -117.8658, 0, 208, 55, GLF5, , , , , GLF5
1660407271, , 33.6804, -117.8658, 0, 208, 55, GLF5, , , , , GLF5
1660407271, , 33.6804, -117.8658, 0, 208, 55, GLF5, , , , , GLF5
1660407271, , 33.6804, -117.8658, 0, 208, 55, GLF5, , , , , GLF5
1660407280, , 33.6777, -117.8676, 25, 207, 113, GLF5, , , , , GLF5
1660407286, , 33.6744, -117.8697, 175, 206, 148, GLF5, , , , , GLF5
1660407286, , 33.6744, -117.8697, 175, 206, 148, GLF5, , , , , GLF5
1660407286, , 33.6744, -117.8697, 175, 206, 148, GLF5, , , , , GLF5
1660407286, , 33.6744, -117.8697, 175, 206, 148, GLF5, , , , , GLF5
1660407290, , 33.6711, -117.8716, 425, 206, 154, GLF5, , , , , GLF5
1660407290, , 33.6711, -117.8716, 425, 206, 154, GLF5, , , , , GLF5
1660407298, , 33.6659, -117.8748, 950, 207, 169, GLF5, , , , , GLF5
1660407300, , 33.6644, -117.8757, 1075, 207, 170, GLF5, , , , , GLF5
1660407300, , 33.6644, -117.8757, 1075, 207, 170, GLF5, , , , , GLF5
1660407306, , 33.6603, -117.8783, 1525, 207, 175, GLF5, , , , , GLF5
1660407306, , 33.6603, -117.8783, 1525, 207, 175, GLF5, , , , , GLF5
1660407309, , 33.6586, -117.8794, 1725, 207, 178, GLF5, , , , , GLF5
1660407309, , 33.6586, -117.8794, 1725, 207, 178, GLF5, , , , , GLF5
1660407312, , 33.6552, -117.8815, 1975, 207, 186, GLF5, , , , , GLF5
1660407316, , 33.6525, -117.8831, 2175, 206, 191, GLF5, , , , , GLF5
1660407316, , 33.6525, -117.8831, 2175, 206, 191, GLF5, , , , , GLF5
1660407322, , 33.6476, -117.8861, 2525, 206, 199, GLF5, , , , , GLF5
1660407322, , 33.6476, -117.8861, 2525, 206, 199, GLF5, , , , , GLF5
1660407324, , 33.6457, -117.8873, 2650, 206, 202, GLF5, , , , , GLF5
1660407324, , 33.6457, -117.8873, 2650, 206, 202, GLF5, , , , , GLF5
1660407330, , 33.6415, -117.8898, 2975, 204, 208, GLF5, , , , , GLF5
1660407334, , 33.6385, -117.8914, 3225, 198, 211, GLF5, , , , , GLF5
1660407334, , 33.6385, -117.8914, 3225, 198, 211, GLF5, , , , , GLF5
1660407337, , 33.6341, -117.8929, 3425, 193, 212, GLF5, , , , , GLF5
1660407337, , 33.6341, -117.8929, 3425, 193, 212, GLF5, , , , , GLF5
1660407340, , 33.6332, -117.8931, 3650, 190, 212, GLF5, , , , , GLF5
1660407340, , 33.6332, -117.8931, 3650, 190, 212, GLF5, , , , , GLF5
1660407344, , 33.6273, -117.8942, 4000, 206, 204, GLF5, , , , , GLF5
1660407344, , 33.6273, -117.8942, 4000, 206, 204, GLF5, , , , , GLF5
1660407348, , 33.6234, -117.8948, 4300, 187, 212, GLF5, , , , , GLF5
1660407354, , 33.6171, -117.8958, 4775, 188, 216, GLF5, , , , , GLF5
1660407354, , 33.6171, -117.8958, 4775, 188, 216, GLF5, , , , , GLF5
1660407357, , 33.6141, -117.8963, 4950, 188, 223, GLF5, , , , , GLF5
1660407357, , 33.6141, -117.8963, 4950, 188, 223, GLF5, , , , , GLF5
1660407360, , 33.6109, -117.8969, 5050, 188, 230, GLF5, , , , , GLF5
1660407360, , 33.6109, -117.8969, 5050, 188, 230, GLF5, , , , , GLF5
1660407366, , 33.6043, -117.8982, 5125, 189, 246, GLF5, , , , , GLF5
1660407369, , 33.6013, -117.8988, 5150, 189, 247, GLF5, , , , , GLF5
1660407369, , 33.6013, -117.8988, 5150, 189, 247, GLF5, , , , , GLF5
1660407372, , 33.5975, -117.8996, 5150, 190, 247, GLF5, , , , , GLF5
1660407372, , 33.5975, -117.8996, 5150, 190, 247, GLF5, , , , , GLF5
1660407375, , 33.5945, -117.9003, 5150, 190, 246, GLF5, , , , , GLF5
1660407375, , 33.5945, -117.9003, 5150, 190, 246, GLF5, , , , , GLF5
1660407381, , 33.5885, -117.9016, 5150, 190, 245, GLF5, , , , , GLF5
1660407384, , 33.5844, -117.9025, 5125, 190, 244, GLF5, , , , , GLF5
1660407384, , 33.5844, -117.9025, 5125, 190, 244, GLF5, , , , , GLF5
1660407387, , 33.5831, -117.9028, 5100, 190, 243, GLF5, , , , , GLF5
1660407387, , 33.5831, -117.9028, 5100, 190, 243, GLF5, , , , , GLF5
1660407394, , 33.5736, -117.9049, 5100, 191, 236, GLF5, , , , , GLF5
1660407394, , 33.5736, -117.9049, 5100, 191, 236, GLF5, , , , , GLF5
1660407397, , 33.5705, -117.9058, 5075, 194, 234, GLF5, , , , , GLF5
1660407400, , 33.5674, -117.9069, 5050, 199, 235, GLF5, , , , , GLF5
1660407400, , 33.5674, -117.9069, 5050, 199, 235, GLF5, , , , , GLF5
1660407406, , 33.5616, -117.9105, 5000, 213, 236, GLF5, , , , , GLF5
1660407406, , 33.5616, -117.9105, 5000, 213, 236, GLF5, , , , , GLF5
1660407409, , 33.559, -117.9128, 5000, 217, 236, GLF5, , , , , GLF5
1660407409, , 33.559, -117.9128, 5000, 217, 236, GLF5, , , , , GLF5
1660407412, , 33.5569, -117.9148, 5000, 219, 236, GLF5, , , , , GLF5
1660407418, , 33.5514, -117.9204, 4975, 221, 236, GLF5, , , , , GLF5
1660407418, , 33.5514, -117.9204, 4975, 221, 236, GLF5, , , , , GLF5
1660407421, , 33.5489, -117.9231, 5000, 222, 236, GLF5, , , , , GLF5
1660407421, , 33.5489, -117.9231, 5000, 222, 236, GLF5, , , , , GLF5
1660407424, , 33.5466, -117.9257, 5050, 222, 237, GLF5, , , , , GLF5
1660407424, , 33.5466, -117.9257, 5050, 222, 237, GLF5, , , , , GLF5
1660407428, , 33.5427, -117.93, 5125, 222, 237, GLF5, , , , , GLF5
1660407431, , 33.5403, -117.9326, 5175, 222, 237, GLF5, , , , , GLF5
1660407431, , 33.5403, -117.9326, 5175, 222, 237, GLF5, , , , , GLF5
1660407438, , 33.5349, -117.9385, 5275, 222, 237, GLF5, , , , , GLF5
1660407438, , 33.5349, -117.9385, 5275, 222, 237, GLF5, , , , , GLF5
1660407441, , 33.5328, -117.9409, 5325, 222, 237, GLF5, , , , , GLF5
1660407441, , 33.5328, -117.9409, 5325, 222, 237, GLF5, , , , , GLF5
1660407444, , 33.5301, -117.9439, 5375, 223, 238, GLF5, , , , , GLF5
1660407449, , 33.5258, -117.9488, 5450, 223, 238, GLF5, , , , , GLF5
1660407449, , 33.5258, -117.9488, 5450, 223, 238, GLF5, , , , , GLF5
1660407453, , 33.5229, -117.952, 5525, 222, 239, GLF5, , , , , GLF5
1660407453, , 33.5229, -117.952, 5525, 222, 239, GLF5, , , , , GLF5
1660407456, , 33.5207, -117.9544, 5550, 223, 239, GLF5, , , , , GLF5
1660407456, , 33.5207, -117.9544, 5550, 223, 239, GLF5, , , , , GLF5
1660407462, , 33.5156, -117.9603, 5675, 225, 241, GLF5, , , , , GLF5
1660407465, , 33.5133, -117.9633, 5725, 230, 242, GLF5, , , , , GLF5
1660407465, , 33.5133, -117.9633, 5725, 230, 242, GLF5, , , , , GLF5
1660407468, , 33.5115, -117.9665, 5775, 236, 242, GLF5, , , , , GLF5
1660407468, , 33.5115, -117.9665, 5775, 236, 242, GLF5, , , , , GLF5
1660407474, , 33.5086, -117.9737, 5875, 249, 243, GLF5, , , , , GLF5
1660407474, , 33.5086, -117.9737, 5875, 249, 243, GLF5, , , , , GLF5
1660407477, , 33.5076, -117.9781, 5925, 257, 244, GLF5, , , , , GLF5
1660407480, , 33.5071, -117.9821, 5950, 262, 245, GLF5, , , , , GLF5
1660407480, , 33.5071, -117.9821, 5950, 262, 245, GLF5, , , , , GLF5
1660407486, , 33.5072, -117.99, 5975, 274, 245, GLF5, , , , , GLF5
1660407486, , 33.5072, -117.99, 5975, 274, 245, GLF5, , , , , GLF5
1660407489, , 33.5075, -117.9935, 6000, 278, 245, GLF5, , , , , GLF5
1660407489, , 33.5075, -117.9935, 6000, 278, 245, GLF5, , , , , GLF5
1660407492, , 33.5082, -117.9982, 6000, 280, 245, GLF5, , , , , GLF5
1660407492, , 33.5082, -117.9982, 6000, 280, 245, GLF5, , , , , GLF5
1660407495, , 33.5088, -118.0018, 5975, 281, 245, GLF5, , , , , GLF5
1660407501, , 33.5103, -118.0096, 5975, 282, 246, GLF5, , , , , GLF5
1660407501, , 33.5103, -118.0096, 5975, 282, 246, GLF5, , , , , GLF5
1660407504, , 33.5111, -118.0143, 5975, 282, 246, GLF5, , , , , GLF5
1660407504, , 33.5111, -118.0143, 5975, 282, 246, GLF5, , , , , GLF5
1660407510, , 33.5128, -118.0219, 5975, 287, 246, GLF5, , , , , GLF5
1660407513, , 33.5141, -118.0257, 5975, 294, 247, GLF5, , , , , GLF5
1660407513, , 33.5141, -118.0257, 5975, 294, 247, GLF5, , , , , GLF5
1660407516, , 33.5157, -118.0291, 5975, 299, 247, GLF5, , , , , GLF5
1660407516, , 33.5157, -118.0291, 5975, 299, 247, GLF5, , , , , GLF5
1660407522, , 33.5199, -118.0361, 6000, 308, 247, GLF5, , , , , GLF5
1660407522, , 33.5199, -118.0361, 6000, 308, 247, GLF5, , , , , GLF5
1660407525, , 33.522, -118.0392, 5975, 306, 247, GLF5, , , , , GLF5
1660407528, , 33.524, -118.0425, 5975, 304, 248, GLF5, , , , , GLF5
1660407528, , 33.524, -118.0425, 5975, 304, 248, GLF5, , , , , GLF5
1660407534, , 33.5279, -118.0492, 5975, 308, 247, GLF5, , , , , GLF5
1660407534, , 33.5279, -118.0492, 5975, 308, 247, GLF5, , , , , GLF5
1660407537, , 33.5303, -118.0526, 5975, 312, 247, GLF5, , , , , GLF5
1660407537, , 33.5303, -118.0526, 5975, 312, 247, GLF5, , , , , GLF5
1660407540, , 33.5328, -118.0555, 5975, 316, 247, GLF5, , , , , GLF5
1660407543, , 33.5352, -118.0581, 5975, 318, 247, GLF5, , , , , GLF5
1660407543, , 33.5352, -118.0581, 5975, 318, 247, GLF5, , , , , GLF5
1660407549, , 33.5404, -118.0633, 5975, 319, 248, GLF5, , , , , GLF5
1660407549, , 33.5404, -118.0633, 5975, 319, 248, GLF5, , , , , GLF5
1660407552, , 33.5431, -118.066, 5975, 320, 249, GLF5, , , , , GLF5
1660407552, , 33.5431, -118.066, 5975, 320, 249, GLF5, , , , , GLF5
1660407555, , 33.546, -118.0688, 5975, 320, 248, GLF5, , , , , GLF5
1660407561, , 33.5512, -118.0738, 5975, 321, 249, GLF5, , , , , GLF5
1660407561, , 33.5512, -118.0738, 5975, 321, 249, GLF5, , , , , GLF5
1660407564, , 33.5539, -118.0762, 5975, 322, 248, GLF5, , , , , GLF5
1660407564, , 33.5539, -118.0762, 5975, 322, 248, GLF5, , , , , GLF5
1660407567, , 33.557, -118.0792, 5975, 321, 248, GLF5, , , , , GLF5
1660407567, , 33.557, -118.0792, 5975, 321, 248, GLF5, , , , , GLF5
1660407573, , 33.5625, -118.0844, 5975, 321, 248, GLF5, , , , , GLF5
1660407576, , 33.5652, -118.0869, 5975, 322, 248, GLF5, , , , , GLF5
1660407576, , 33.5652, -118.0869, 5975, 322, 248, GLF5, , , , , GLF5
1660407579, , 33.5675, -118.0891, 5975, 321, 247, GLF5, , , , , GLF5
1660407579, , 33.5675, -118.0891, 5975, 321, 247, GLF5, , , , , GLF5
1660407585, , 33.5729, -118.0941, 5975, 321, 242, GLF5, , , , , GLF5
1660407585, , 33.5729, -118.0941, 5975, 321, 242, GLF5, , , , , GLF5
1660407588, , 33.5759, -118.0969, 5975, 321, 239, GLF5, , , , , GLF5
1660407591, , 33.5785, -118.0994, 5975, 321, 237, GLF5, , , , , GLF5
1660407591, , 33.5785, -118.0994, 5975, 321, 237, GLF5, , , , , GLF5
1660407597, , 33.5826, -118.1033, 5975, 321, 236, GLF5, , , , , GLF5
1660407597, , 33.5826, -118.1033, 5975, 321, 236, GLF5, , , , , GLF5
1660407601, , 33.5862, -118.1066, 5975, 322, 237, GLF5, , , , , GLF5
1660407601, , 33.5862, -118.1066, 5975, 322, 237, GLF5, , , , , GLF5
1660407604, , 33.5887, -118.109, 5975, 322, 237, GLF5, , , , , GLF5
1660407610, , 33.5939, -118.1138, 5975, 321, 237, GLF5, , , , , GLF5
1660407610, , 33.5939, -118.1138, 5975, 321, 237, GLF5, , , , , GLF5
1660407613, , 33.5965, -118.1163, 5975, 321, 237, GLF5, , , , , GLF5
1660407613, , 33.5965, -118.1163, 5975, 321, 237, GLF5, , , , , GLF5
1660407616, , 33.5993, -118.119, 5975, 321, 237, GLF5, , , , , GLF5
1660407616, , 33.5993, -118.119, 5975, 321, 237, GLF5, , , , , GLF5
1660407622, , 33.6044, -118.1238, 5975, 321, 237, GLF5, , , , , GLF5
1660407625, , 33.607, -118.1262, 5975, 321, 237, GLF5, , , , , GLF5
1660407628, , 33.6096, -118.1287, 5975, 321, 237, GLF5, , , , , GLF5
1660407628, , 33.6096, -118.1287, 5975, 321, 237, GLF5, , , , , GLF5
1660407634, , 33.6149, -118.1337, 5975, 321, 237, GLF5, , , , , GLF5
1660407634, , 33.6149, -118.1337, 5975, 321, 237, GLF5, , , , , GLF5
1660407637, , 33.6172, -118.1358, 5975, 322, 237, GLF5, , , , , GLF5
1660407637, , 33.6172, -118.1358, 5975, 322, 237, GLF5, , , , , GLF5
1660407640, , 33.62, -118.1385, 5975, 322, 237, GLF5, , , , , GLF5
1660407645, , 33.6247, -118.1428, 5975, 321, 238, GLF5, , , , , GLF5
1660407645, , 33.6247, -118.1428, 5975, 321, 238, GLF5, , , , , GLF5
1660407649, , 33.6278, -118.1457, 5975, 322, 238, GLF5, , , , , GLF5
1660407649, , 33.6278, -118.1457, 5975, 322, 238, GLF5, , , , , GLF5
1660407652, , 33.6304, -118.1482, 5975, 322, 238, GLF5, , , , , GLF5
1660407652, , 33.6304, -118.1482, 5975, 322, 238, GLF5, , , , , GLF5
1660407658, , 33.6357, -118.153, 5975, 322, 238, GLF5, , , , , GLF5
1660407658, , 33.6357, -118.153, 5975, 322, 238, GLF5, , , , , GLF5
1660407661, , 33.6383, -118.1554, 5975, 322, 238, GLF5, , , , , GLF5
1660407664, , 33.6405, -118.1576, 5975, 322, 238, GLF5, , , , , GLF5
1660407664, , 33.6405, -118.1576, 5975, 322, 238, GLF5, , , , , GLF5
1660407670, , 33.6461, -118.1628, 5975, 322, 237, GLF5, , , , , GLF5
1660407670, , 33.6461, -118.1628, 5975, 322, 237, GLF5, , , , , GLF5
1660407672, , 33.6487, -118.1652, 5975, 321, 237, GLF5, , , , , GLF5
1660407672, , 33.6487, -118.1652, 5975, 321, 237, GLF5, , , , , GLF5
1660407675, , 33.6511, -118.1674, 5975, 321, 237, GLF5, , , , , GLF5
1660407682, , 33.6565, -118.1725, 5975, 321, 237, GLF5, , , , , GLF5
1660407682, , 33.6565, -118.1725, 5975, 321, 237, GLF5, , , , , GLF5
1660407685, , 33.6593, -118.1751, 5975, 321, 237, GLF5, , , , , GLF5
1660407685, , 33.6593, -118.1751, 5975, 321, 237, GLF5, , , , , GLF5
1660407688, , 33.6617, -118.1774, 5975, 322, 237, GLF5, , , , , GLF5
1660407688, , 33.6617, -118.1774, 5975, 322, 237, GLF5, , , , , GLF5
1660407693, , 33.6659, -118.1813, 5975, 321, 236, GLF5, , , , , GLF5
1660407697, , 33.6698, -118.185, 5975, 321, 236, GLF5, , , , , GLF5
1660407697, , 33.6698, -118.185, 5975, 321, 236, GLF5, , , , , GLF5
1660407700, , 33.6722, -118.1873, 5975, 321, 236, GLF5, , , , , GLF5
1660407700, , 33.6722, -118.1873, 5975, 321, 236, GLF5, , , , , GLF5
1660407706, , 33.677, -118.1918, 5975, 321, 236, GLF5, , , , , GLF5
1660407706, , 33.677, -118.1918, 5975, 321, 236, GLF5, , , , , GLF5
1660407709, , 33.6801, -118.1947, 5975, 321, 236, GLF5, , , , , GLF5
1660407712, , 33.6827, -118.1971, 5975, 321, 236, GLF5, , , , , GLF5
1660407712, , 33.6827, -118.1971, 5975, 321, 236, GLF5, , , , , GLF5
1660407718, , 33.6877, -118.2018, 5975, 321, 235, GLF5, , , , , GLF5
1660407718, , 33.6877, -118.2018, 5975, 321, 235, GLF5, , , , , GLF5
1660407721, , 33.6905, -118.2044, 5975, 321, 235, GLF5, , , , , GLF5
1660407724, , 33.6929, -118.2067, 5975, 321, 236, GLF5, , , , , GLF5
1660407724, , 33.6929, -118.2067, 5975, 321, 236, GLF5, , , , , GLF5
1660407730, , 33.698, -118.2115, 5975, 321, 236, GLF5, , , , , GLF5
1660407730, , 33.698, -118.2115, 5975, 321, 236, GLF5, , , , , GLF5
1660407733, , 33.7007, -118.2139, 5975, 322, 235, GLF5, , , , , GLF5
1660407733, , 33.7007, -118.2139, 5975, 322, 235, GLF5, , , , , GLF5
1660407736, , 33.7031, -118.2162, 5975, 322, 235, GLF5, , , , , GLF5
1660407736, , 33.7031, -118.2162, 5975, 322, 235, GLF5, , , , , GLF5
1660407742, , 33.7088, -118.2215, 5975, 322, 235, GLF5, , , , , GLF5
1660407745, , 33.7102, -118.2228, 5975, 322, 235, GLF5, , , , , GLF5
1660407745, , 33.7102, -118.2228, 5975, 322, 235, GLF5, , , , , GLF5
1660407748, , 33.7139, -118.2263, 5975, 322, 235, GLF5, , , , , GLF5
1660407748, , 33.7139, -118.2263, 5975, 322, 235, GLF5, , , , , GLF5
1660407754, , 33.7183, -118.2304, 5975, 321, 236, GLF5, , , , , GLF5
1660407754, , 33.7183, -118.2304, 5975, 321, 236, GLF5, , , , , GLF5
1660407757, , 33.7208, -118.2328, 5975, 321, 236, GLF5, , , , , GLF5
1660407760, , 33.724, -118.2357, 5975, 321, 236, GLF5, , , , , GLF5
1660407760, , 33.724, -118.2357, 5975, 321, 236, GLF5, , , , , GLF5
1660407766, , 33.7291, -118.2405, 5975, 321, 236, GLF5, , , , , GLF5
1660407766, , 33.7291, -118.2405, 5975, 321, 236, GLF5, , , , , GLF5
1660407769, , 33.7317, -118.243, 5975, 322, 235, GLF5, , , , , GLF5
1660407769, , 33.7317, -118.243, 5975, 322, 235, GLF5, , , , , GLF5
1660407772, , 33.7341, -118.2452, 5975, 322, 235, GLF5, , , , , GLF5
1660407778, , 33.7396, -118.2504, 5975, 322, 235, GLF5, , , , , GLF5
1660407778, , 33.7396, -118.2504, 5975, 322, 235, GLF5, , , , , GLF5
1660407781, , 33.7422, -118.2527, 5975, 322, 235, GLF5, , , , , GLF5
1660407781, , 33.7422, -118.2527, 5975, 322, 235, GLF5, , , , , GLF5
1660407784, , 33.7442, -118.2547, 5975, 321, 236, GLF5, , , , , GLF5
1660407784, , 33.7442, -118.2547, 5975, 321, 236, GLF5, , , , , GLF5
1660407790, , 33.7496, -118.2597, 5975, 321, 236, GLF5, , , , , GLF5
1660407793, , 33.7528, -118.2628, 5975, 321, 236, GLF5, , , , , GLF5
1660407793, , 33.7528, -118.2628, 5975, 321, 236, GLF5, , , , , GLF5
1660408909, , 33.6665, -117.8732, 0, 0, 0, GLF5, , , , , GLF5
1660408909, , 33.6665, -117.8732, 0, 0, 0, GLF5, , , , , GLF5
1660408909, , 33.6665, -117.8732, 0, 0, 0, GLF5, , , , , GLF5
1660408909, , 33.6665, -117.8732, 0, 0, 0, GLF5, , , , , GLF5
1660408914, , 33.6665, -117.8732, 0, 0, 0, GLF5, , , , , GLF5
1660408919, , 33.6665, -117.8732, 0, 0, 0, GLF5, , , , , GLF5
1660408919, , 33.6665, -117.8732, 0, 0, 0, GLF5, , , , , GLF5
1660408919, , 33.6665, -117.8732, 0, 0, 0, GLF5, , , , , GLF5
1660408919, , 33.6665, -117.8732, 0, 0, 0, GLF5, , , , , GLF5
1660408919, , 33.6665, -117.8732, 0, 0, 0, GLF5, , , , , GLF5
1660408919, , 33.6665, -117.8732, 0, 0, 0, GLF5, , , , , GLF5
1660408934, , 33.6665, -117.8732, 0, 0, 0, GLF5, , , , , GLF5
1660408934, , 33.6665, -117.8732, 0, 0, 0, GLF5, , , , , GLF5
1660408934, , 33.6665, -117.8732, 0, 0, 0, GLF5, , , , , GLF5
1660408934, , 33.6665, -117.8732, 0, 0, 0, GLF5, , , , , GLF5
1660408934, , 33.6665, -117.8732, 0, 0, 0, GLF5, , , , , GLF5
1660408944, , 33.6665, -117.8732, 0, 0, 0, GLF5, , , , , GLF5
1660408944, , 33.6665, -117.8732, 0, 0, 0, GLF5, , , , , GLF5
1660408949, , 33.6665, -117.8732, 0, 0, 0, GLF5, , , , , GLF5
1660408949, , 33.6665, -117.8732, 0, 0, 0, GLF5, , , , , GLF5
1660408949, , 33.6665, -117.8732, 0, 0, 0, GLF5, , , , , GLF5
1660408949, , 33.6665, -117.8732, 0, 0, 0, GLF5, , , , , GLF5
1660408949, , 33.6665, -117.8732, 0, 0, 0, GLF5, , , , , GLF5
1660408959, , 33.6665, -117.8732, 0, 0, 0, GLF5, , , , , GLF5
1660408963, , 33.6665, -117.8732, 0, 0, 0, GLF5, , , , , GLF5
1660408963, , 33.6665, -117.8732, 0, 0, 0, GLF5, , , , , GLF5
1660408963, , 33.6665, -117.8732, 0, 0, 0, GLF5, , , , , GLF5
1660408963, , 33.6665, -117.8732, 0, 0, 0, GLF5, , , , , GLF5
1660408974, , 33.6665, -117.8732, 0, 0, 0, GLF5, , , , , GLF5
1660408974, , 33.6665, -117.8732, 0, 0, 0, GLF5, , , , , GLF5
1660408974, , 33.6665, -117.8732, 0, 0, 0, GLF5, , , , , GLF5
1660408978, , 33.6665, -117.8732, 0, 0, 0, GLF5, , , , , GLF5
1660408978, , 33.6665, -117.8732, 0, 0, 0, GLF5, , , , , GLF5
1660408984, , 33.6665, -117.8732, 0, 0, 0, GLF5, , , , , GLF5
1660408984, , 33.6665, -117.8732, 0, 0, 0, GLF5, , , , , GLF5
1660408989, , 33.6665, -117.8732, 0, 0, 0, GLF5, , , , , GLF5
1660408989, , 33.6665, -117.8732, 0, 0, 0, GLF5, , , , , GLF5
1660408989, , 33.6665, -117.8732, 0, 0, 0, GLF5, , , , , GLF5
1660408989, , 33.6665, -117.8732, 0, 0, 0, GLF5, , , , , GLF5
1660408989, , 33.6665, -117.8732, 0, 0, 0, GLF5, , , , , GLF5
1660408989, , 33.6665, -117.8732, 0, 0, 0, GLF5, , , , , GLF5
1660409004, , 33.6665, -117.8732, 0, 318, 0, GLF5, , , , , GLF5
1660409004, , 33.6665, -117.8732, 0, 318, 0, GLF5, , , , , GLF5
1660409004, , 33.6665, -117.8732, 0, 318, 0, GLF5, , , , , GLF5
1660409004, , 33.6665, -117.8732, 0, 318, 0, GLF5, , , , , GLF5
1660409004, , 33.6665, -117.8732, 0, 318, 0, GLF5, , , , , GLF5
1660409004, , 33.6665, -117.8732, 0, 318, 0, GLF5, , , , , GLF5
1660409004, , 33.6665, -117.8732, 0, 318, 0, GLF5, , , , , GLF5
1660409019, , 33.6665, -117.8732, 0, 89, 0, GLF5, , , , , GLF5
1660409019, , 33.6665, -117.8732, 0, 89, 0, GLF5, , , , , GLF5
1660409024, , 33.6665, -117.8732, 0, 223, 0, GLF5, , , , , GLF5
1660409024, , 33.6665, -117.8732, 0, 223, 0, GLF5, , , , , GLF5
1660409024, , 33.6665, -117.8732, 0, 223, 0, GLF5, , , , , GLF5
1660409024, , 33.6665, -117.8732, 0, 223, 0, GLF5, , , , , GLF5
1660409024, , 33.6665, -117.8732, 0, 223, 0, GLF5, , , , , GLF5
1660409024, , 33.6665, -117.8732, 0, 223, 0, GLF5, , , , , GLF5
1660409024, , 33.6665, -117.8732, 0, 223, 0, GLF5, , , , , GLF5
1660409038, , 33.6665, -117.8732, 0, 271, 0, GLF5, , , , , GLF5
1660409038, , 33.6665, -117.8732, 0, 271, 0, GLF5, , , , , GLF5
1660409038, , 33.6665, -117.8732, 0, 271, 0, GLF5, , , , , GLF5
1660409048, , 33.6665, -117.8732, 0, 271, 0, GLF5, , , , , GLF5
1660409048, , 33.6665, -117.8732, 0, 271, 0, GLF5, , , , , GLF5
1660409053, , 33.6665, -117.8732, 0, 137, 0, GLF5, , , , , GLF5
1660409053, , 33.6665, -117.8732, 0, 137, 0, GLF5, , , , , GLF5
1660409053, , 33.6665, -117.8732, 0, 137, 0, GLF5, , , , , GLF5
1660409053, , 33.6665, -117.8732, 0, 137, 0, GLF5, , , , , GLF5
1660409058, , 33.6665, -117.8732, 0, 137, 0, GLF5, , , , , GLF5
1660409063, , 33.6665, -117.8732, 0, 137, 0, GLF5, , , , , GLF5
1660409063, , 33.6665, -117.8732, 0, 137, 0, GLF5, , , , , GLF5
1660409069, , 33.6665, -117.8732, 0, 137, 0, GLF5, , , , , GLF5
1660409069, , 33.6665, -117.8732, 0, 137, 0, GLF5, , , , , GLF5
1660409074, , 33.6665, -117.8732, 0, 137, 0, GLF5, , , , , GLF5
1660409074, , 33.6665, -117.8732, 0, 137, 0, GLF5, , , , , GLF5
1660409074, , 33.6665, -117.8732, 0, 137, 0, GLF5, , , , , GLF5
1660409078, , 33.6665, -117.8732, 0, 89, 0, GLF5, , , , , GLF5
1660409078, , 33.6665, -117.8732, 0, 89, 0, GLF5, , , , , GLF5
1660409078, , 33.6665, -117.8732, 0, 89, 0, GLF5, , , , , GLF5
1660409078, , 33.6665, -117.8732, 0, 89, 0, GLF5, , , , , GLF5
1660409088, , 33.6665, -117.8732, 0, 318, 0, GLF5, , , , , GLF5
1660409088, , 33.6665, -117.8732, 0, 318, 0, GLF5, , , , , GLF5
1660409088, , 33.6665, -117.8732, 0, 318, 0, GLF5, , , , , GLF5
1660409088, , 33.6665, -117.8732, 0, 318, 0, GLF5, , , , , GLF5
1660409088, , 33.6665, -117.8732, 0, 318, 0, GLF5, , , , , GLF5
1660409088, , 33.6665, -117.8732, 0, 318, 0, GLF5, , , , , GLF5
1660409088, , 33.6665, -117.8732, 0, 318, 0, GLF5, , , , , GLF5
1660409103, , 33.6665, -117.8732, 0, 318, 0, GLF5, , , , , GLF5
1660409103, , 33.6665, -117.8732, 0, 318, 0, GLF5, , , , , GLF5
1660409103, , 33.6665, -117.8732, 0, 318, 0, GLF5, , , , , GLF5
1660409103, , 33.6665, -117.8732, 0, 318, 0, GLF5, , , , , GLF5
1660409103, , 33.6665, -117.8732, 0, 318, 0, GLF5, , , , , GLF5
1660409118, , 33.6665, -117.8732, 0, 271, 0, GLF5, , , , , GLF5
1660409118, , 33.6665, -117.8732, 0, 271, 0, GLF5, , , , , GLF5
1660409118, , 33.6665, -117.8732, 0, 271, 0, GLF5, , , , , GLF5
1660409118, , 33.6665, -117.8732, 0, 271, 0, GLF5, , , , , GLF5
1660409123, , 33.6665, -117.8732, 0, 271, 0, GLF5, , , , , GLF5
1660409123, , 33.6665, -117.8732, 0, 271, 0, GLF5, , , , , GLF5
1660409123, , 33.6665, -117.8732, 0, 271, 0, GLF5, , , , , GLF5
1660409133, , 33.6665, -117.8732, 0, 318, 0, GLF5, , , , , GLF5
1660409133, , 33.6665, -117.8732, 0, 318, 0, GLF5, , , , , GLF5
1660409133, , 33.6665, -117.8732, 0, 318, 0, GLF5, , , , , GLF5
1660409133, , 33.6665, -117.8732, 0, 318, 0, GLF5, , , , , GLF5
1660409133, , 33.6665, -117.8732, 0, 318, 0, GLF5, , , , , GLF5
1660409143, , 33.6665, -117.8732, 0, 318, 0, GLF5, , , , , GLF5
1660409143, , 33.6665, -117.8732, 0, 318, 0, GLF5, , , , , GLF5
1660409143, , 33.6665, -117.8732, 0, 318, 0, GLF5, , , , , GLF5
1660409143, , 33.6665, -117.8732, 0, 318, 0, GLF5, , , , , GLF5
1660409143, , 33.6665, -117.8732, 0, 318, 0, GLF5, , , , , GLF5
1660409143, , 33.6665, -117.8732, 0, 318, 0, GLF5, , , , , GLF5
1660409158, , 33.6665, -117.8732, 0, 318, 0, GLF5, , , , , GLF5
1660409158, , 33.6665, -117.8732, 0, 318, 0, GLF5, , , , , GLF5
1660409158, , 33.6665, -117.8732, 0, 318, 0, GLF5, , , , , GLF5
1660409158, , 33.6665, -117.8732, 0, 318, 0, GLF5, , , , , GLF5
1660409158, , 33.6665, -117.8732, 0, 318, 0, GLF5, , , , , GLF5
1660409158, , 33.6665, -117.8732, 0, 318, 0, GLF5, , , , , GLF5
1660409158, , 33.6665, -117.8732, 0, 318, 0, GLF5, , , , , GLF5
1660409158, , 33.6665, -117.8732, 0, 318, 0, GLF5, , , , , GLF5
1660409158, , 33.6665, -117.8732, 0, 318, 0, GLF5, , , , , GLF5
1660409158, , 33.6665, -117.8732, 0, 318, 0, GLF5, , , , , GLF5
1660409158, , 33.6665, -117.8732, 0, 318, 0, GLF5, , , , , GLF5
1660409158, , 33.6665, -117.8732, 0, 318, 0, GLF5, , , , , GLF5
1660409182, , 33.6665, -117.8732, 0, 42, 0, GLF5, , , , , GLF5
1660409182, , 33.6665, -117.8732, 0, 42, 0, GLF5, , , , , GLF5
1660409187, , 33.6665, -117.8732, 0, 271, 0, GLF5, , , , , GLF5
1660409191, , 33.6665, -117.8732, 0, 271, 0, GLF5, , , , , GLF5
1660409191, , 33.6665, -117.8732, 0, 271, 0, GLF5, , , , , GLF5
1660409191, , 33.6665, -117.8732, 0, 271, 0, GLF5, , , , , GLF5
1660409191, , 33.6665, -117.8732, 0, 271, 0, GLF5, , , , , GLF5
1660409191, , 33.6665, -117.8732, 0, 271, 0, GLF5, , , , , GLF5
1660409191, , 33.6665, -117.8732, 0, 271, 0, GLF5, , , , , GLF5
1660409191, , 33.6665, -117.8732, 0, 271, 0, GLF5, , , , , GLF5
1660409191, , 33.6665, -117.8732, 0, 271, 0, GLF5, , , , , GLF5
1660409191, , 33.6665, -117.8732, 0, 271, 0, GLF5, , , , , GLF5
1660409212, , 33.6665, -117.8732, 0, 223, 0, GLF5, , , , , GLF5
1660409212, , 33.6665, -117.8732, 0, 223, 0, GLF5, , , , , GLF5
1660409212, , 33.6665, -117.8732, 0, 223, 0, GLF5, , , , , GLF5
1660409212, , 33.6665, -117.8732, 0, 223, 0, GLF5, , , , , GLF5
1660409212, , 33.6665, -117.8732, 0, 223, 0, GLF5, , , , , GLF5
1660409212, , 33.6665, -117.8732, 0, 223, 0, GLF5, , , , , GLF5
1660409212, , 33.6665, -117.8732, 0, 223, 0, GLF5, , , , , GLF5
1660409212, , 33.6665, -117.8732, 0, 223, 0, GLF5, , , , , GLF5
1660409212, , 33.6665, -117.8732, 0, 223, 0, GLF5, , , , , GLF5
1660409232, , 33.6665, -117.8732, 0, 253, 0, GLF5, , , , , GLF5
1660409232, , 33.6665, -117.8732, 0, 253, 0, GLF5, , , , , GLF5
1660409232, , 33.6665, -117.8732, 0, 253, 0, GLF5, , , , , GLF5
1660409232, , 33.6665, -117.8732, 0, 253, 0, GLF5, , , , , GLF5
1660409232, , 33.6665, -117.8732, 0, 253, 0, GLF5, , , , , GLF5
1660409232, , 33.6665, -117.8732, 0, 253, 0, GLF5, , , , , GLF5
1660409232, , 33.6665, -117.8732, 0, 253, 0, GLF5, , , , , GLF5
1660409247, , 33.6665, -117.8732, 0, 253, 0, GLF5, , , , , GLF5
1660409247, , 33.6665, -117.8732, 0, 253, 0, GLF5, , , , , GLF5
1660409247, , 33.6665, -117.8732, 0, 253, 0, GLF5, , , , , GLF5
1660409256, , 33.6665, -117.8732, 0, 253, 0, GLF5, , , , , GLF5
1660409256, , 33.6665, -117.8732, 0, 253, 0, GLF5, , , , , GLF5
1660409256, , 33.6665, -117.8732, 0, 253, 0, GLF5, , , , , GLF5
1660409256, , 33.6665, -117.8732, 0, 253, 0, GLF5, , , , , GLF5
1660409256, , 33.6665, -117.8732, 0, 253, 0, GLF5, , , , , GLF5
1660409256, , 33.6665, -117.8732, 0, 253, 0, GLF5, , , , , GLF5
1660409256, , 33.6665, -117.8732, 0, 253, 0, GLF5, , , , , GLF5
1660409256, , 33.6665, -117.8732, 0, 253, 0, GLF5, , , , , GLF5
1660409256, , 33.6665, -117.8732, 0, 253, 0, GLF5, , , , , GLF5
1660409256, , 33.6665, -117.8732, 0, 253, 0, GLF5, , , , , GLF5
1660409256, , 33.6665, -117.8732, 0, 253, 0, GLF5, , , , , GLF5
1660409256, , 33.6665, -117.8732, 0, 253, 0, GLF5, , , , , GLF5
1660409256, , 33.6665, -117.8732, 0, 253, 0, GLF5, , , , , GLF5
1660409256, , 33.6665, -117.8732, 0, 253, 0, GLF5, , , , , GLF5
1660409256, , 33.6665, -117.8732, 0, 253, 0, GLF5, , , , , GLF5
1660409256, , 33.6665, -117.8732, 0, 253, 0, GLF5, , , , , GLF5
1660409292, , 33.6665, -117.8732, 0, 253, 0, GLF5, , , , , GLF5
1660409292, , 33.6665, -117.8732, 0, 253, 0, GLF5, , , , , GLF5
1660409292, , 33.6665, -117.8732, 0, 253, 0, GLF5, , , , , GLF5
1660409292, , 33.6665, -117.8732, 0, 253, 0, GLF5, , , , , GLF5
1660409292, , 33.6665, -117.8732, 0, 253, 0, GLF5, , , , , GLF5
1660409292, , 33.6665, -117.8732, 0, 253, 0, GLF5, , , , , GLF5
1660409292, , 33.6665, -117.8732, 0, 253, 0, GLF5, , , , , GLF5
1660409292, , 33.6665, -117.8732, 0, 253, 0, GLF5, , , , , GLF5
1660409292, , 33.6665, -117.8732, 0, 253, 0, GLF5, , , , , GLF5
1660409311, , 33.6665, -117.8732, 0, 253, 0, GLF5, , , , , GLF5
1660409316, , 33.6665, -117.8732, 0, 253, 0, GLF5, , , , , GLF5
1660409316, , 33.6665, -117.8732, 0, 253, 0, GLF5, , , , , GLF5
1660409321, , 33.6665, -117.8732, 0, 253, 0, GLF5, , , , , GLF5
1660409321, , 33.6665, -117.8732, 0, 253, 0, GLF5, , , , , GLF5
1660409321, , 33.6665, -117.8732, 0, 253, 0, GLF5, , , , , GLF5
1660409326, , 33.6665, -117.8732, 0, 253, 0, GLF5, , , , , GLF5
1660409326, , 33.6665, -117.8732, 0, 253, 0, GLF5, , , , , GLF5
1660409326, , 33.6665, -117.8732, 0, 253, 0, GLF5, , , , , GLF5
1660409326, , 33.6665, -117.8732, 0, 253, 0, GLF5, , , , , GLF5
1660409336, , 33.6665, -117.8732, 0, 253, 0, GLF5, , , , , GLF5
1660409336, , 33.6665, -117.8732, 0, 253, 0, GLF5, , , , , GLF5
1660409336, , 33.6665, -117.8732, 0, 253, 0, GLF5, , , , , GLF5
1660409336, , 33.6665, -117.8732, 0, 253, 0, GLF5, , , , , GLF5
1660409336, , 33.6665, -117.8732, 0, 253, 0, GLF5, , , , , GLF5
1660409347, , 33.6665, -117.8732, 0, 253, 0, GLF5, , , , , GLF5
1660409347, , 33.6665, -117.8732, 0, 253, 0, GLF5, , , , , GLF5
1660409352, , 33.6665, -117.8732, 0, 253, 0, GLF5, , , , , GLF5
1660409352, , 33.6665, -117.8732, 0, 253, 0, GLF5, , , , , GLF5
1660409352, , 33.6665, -117.8732, 0, 253, 0, GLF5, , , , , GLF5
1660409352, , 33.6665, -117.8732, 0, 253, 0, GLF5, , , , , GLF5
1660409352, , 33.6665, -117.8732, 0, 253, 0, GLF5, , , , , GLF5
1660409352, , 33.6665, -117.8732, 0, 253, 0, GLF5, , , , , GLF5
1660409352, , 33.6665, -117.8732, 0, 253, 0, GLF5, , , , , GLF5
1660409367, , 33.6665, -117.8732, 0, 253, 0, GLF5, , , , , GLF5
1660409367, , 33.6665, -117.8732, 0, 253, 0, GLF5, , , , , GLF5
1660409372, , 33.6665, -117.8732, 0, 253, 0, GLF5, , , , , GLF5
1660409372, , 33.6665, -117.8732, 0, 253, 0, GLF5, , , , , GLF5
1660409376, , 33.6665, -117.8732, 0, 253, 0, GLF5, , , , , GLF5
1660409376, , 33.6665, -117.8732, 0, 253, 0, GLF5, , , , , GLF5
1660409376, , 33.6665, -117.8732, 0, 253, 0, GLF5, , , , , GLF5
1660409376, , 33.6665, -117.8732, 0, 253, 0, GLF5, , , , , GLF5
1660409376, , 33.6665, -117.8732, 0, 253, 0, GLF5, , , , , GLF5
1660409376, , 33.6665, -117.8732, 0, 253, 0, GLF5, , , , , GLF5
1660409376, , 33.6665, -117.8732, 0, 253, 0, GLF5, , , , , GLF5
1660409376, , 33.6665, -117.8732, 0, 253, 0, GLF5, , , , , GLF5
1660409376, , 33.6665, -117.8732, 0, 253, 0, GLF5, , , , , GLF5
1660409376, , 33.6665, -117.8732, 0, 253, 0, GLF5, , , , , GLF5
1660409376, , 33.6665, -117.8732, 0, 253, 0, GLF5, , , , , GLF5
1660409376, , 33.6665, -117.8732, 0, 253, 0, GLF5, , , , , GLF5
1660409376, , 33.6665, -117.8732, 0, 253, 0, GLF5, , , , , GLF5
1660409376, , 33.6665, -117.8732, 0, 253, 0, GLF5, , , , , GLF5
1660409376, , 33.6665, -117.8732, 0, 253, 0, GLF5, , , , , GLF5
1660409376, , 33.6665, -117.8732, 0, 253, 0, GLF5, , , , , GLF5
1660409376, , 33.6665, -117.8732, 0, 253, 0, GLF5, , , , , GLF5
1660409376, , 33.6665, -117.8732, 0, 253, 0, GLF5, , , , , GLF5
1660409376, , 33.6665, -117.8732, 0, 253, 0, GLF5, , , , , GLF5
1660409376, , 33.6665, -117.8732, 0, 253, 0, GLF5, , , , , GLF5
1660409376, , 33.6665, -117.8732, 0, 253, 0, GLF5, , , , , GLF5
1660409376, , 33.6665, -117.8732, 0, 253, 0, GLF5, , , , , GLF5
1660409376, , 33.6665, -117.8732, 0, 253, 0, GLF5, , , , , GLF5
1660409376, , 33.6665, -117.8732, 0, 253, 0, GLF5, , , , , GLF5
1660409376, , 33.6665, -117.8732, 0, 253, 0, GLF5, , , , , GLF5
1660409376, , 33.6665, -117.8732, 0, 253, 0, GLF5, , , , , GLF5
1660409376, , 33.6665, -117.8732, 0, 253, 0, GLF5, , , , , GLF5
1660409376, , 33.6665, -117.8732, 0, 253, 0, GLF5, , , , , GLF5
1660409376, , 33.6665, -117.8732, 0, 253, 0, GLF5, , , , , GLF5
1660409376, , 33.6665, -117.8732, 0, 253, 0, GLF5, , , , , GLF5
1660409376, , 33.6665, -117.8732, 0, 253, 0, GLF5, , , , , GLF5
1660409376, , 33.6665, -117.8732, 0, 253, 0, GLF5, , , , , GLF5
1660409376, , 33.6665, -117.8732, 0, 253, 0, GLF5, , , , , GLF5
1660409376, , 33.6665, -117.8732, 0, 253, 0, GLF5, , , , , GLF5
1660409376, , 33.6665, -117.8732, 0, 253, 0, GLF5, , , , , GLF5
1660409376, , 33.6665, -117.8732, 0, 253, 0, GLF5, , , , , GLF5
1660409376, , 33.6665, -117.8732, 0, 253, 0, GLF5, , , , , GLF5
1660410265, , 33.6665, -117.8732, 0, 90, 0, GLF5, , , , , GLF5
1660410265, , 33.6665, -117.8732, 0, 90, 0, GLF5, , , , , GLF5
1660410265, , 33.6665, -117.8732, 0, 90, 0, GLF5, , , , , GLF5
1660410265, , 33.6665, -117.8732, 0, 90, 0, GLF5, , , , , GLF5
1660410270, , 33.6665, -117.8732, 0, 90, 0, GLF5, , , , , GLF5
1660410275, , 33.6665, -117.8732, 0, 90, 0, GLF5, , , , , GLF5
1660410275, , 33.6665, -117.8732, 0, 90, 0, GLF5, , , , , GLF5
1660410280, , 33.6665, -117.8732, 0, 90, 0, GLF5, , , , , GLF5
1660410280, , 33.6665, -117.8732, 0, 90, 0, GLF5, , , , , GLF5
1660410285, , 33.6665, -117.8732, 0, 90, 0, GLF5, , , , , GLF5
1660410285, , 33.6665, -117.8732, 0, 90, 0, GLF5, , , , , GLF5
1660410285, , 33.6665, -117.8732, 0, 90, 0, GLF5, , , , , GLF5
1660410285, , 33.6665, -117.8732, 0, 90, 0, GLF5, , , , , GLF5
1660410285, , 33.6665, -117.8732, 0, 90, 0, GLF5, , , , , GLF5
1660410285, , 33.6665, -117.8732, 0, 90, 0, GLF5, , , , , GLF5
1660410285, , 33.6665, -117.8732, 0, 90, 0, GLF5, , , , , GLF5
1660410285, , 33.6665, -117.8732, 0, 90, 0, GLF5, , , , , GLF5
1660410285, , 33.6665, -117.8732, 0, 90, 0, GLF5, , , , , GLF5
1660410285, , 33.6665, -117.8732, 0, 90, 0, GLF5, , , , , GLF5
1660410285, , 33.6665, -117.8732, 0, 90, 0, GLF5, , , , , GLF5
1660410285, , 33.6665, -117.8732, 0, 90, 0, GLF5, , , , , GLF5
1660410285, , 33.6665, -117.8732, 0, 90, 0, GLF5, , , , , GLF5
1660410285, , 33.6665, -117.8732, 0, 90, 0, GLF5, , , , , GLF5
1660410285, , 33.6665, -117.8732, 0, 90, 0, GLF5, , , , , GLF5
1660410285, , 33.6665, -117.8732, 0, 90, 0, GLF5, , , , , GLF5
1660410285, , 33.6665, -117.8732, 0, 90, 0, GLF5, , , , , GLF5
1660410285, , 33.6665, -117.8732, 0, 90, 0, GLF5, , , , , GLF5
1660410285, , 33.6665, -117.8732, 0, 90, 0, GLF5, , , , , GLF5
1660410285, , 33.6665, -117.8732, 0, 90, 0, GLF5, , , , , GLF5
1660410285, , 33.6665, -117.8732, 0, 90, 0, GLF5, , , , , GLF5
1660410285, , 33.6665, -117.8732, 0, 90, 0, GLF5, , , , , GLF5
1660410285, , 33.6665, -117.8732, 0, 90, 0, GLF5, , , , , GLF5
1660410285, , 33.6665, -117.8732, 0, 90, 0, GLF5, , , , , GLF5
1660410285, , 33.6665, -117.8732, 0, 90, 0, GLF5, , , , , GLF5
1660410285, , 33.6665, -117.8732, 0, 90, 0, GLF5, , , , , GLF5
1660410285, , 33.6665, -117.8732, 0, 90, 0, GLF5, , , , , GLF5
1660410285, , 33.6665, -117.8732, 0, 90, 0, GLF5, , , , , GLF5
1660410285, , 33.6665, -117.8732, 0, 90, 0, GLF5, , , , , GLF5
1660410285, , 33.6665, -117.8732, 0, 90, 0, GLF5, , , , , GLF5
1660410285, , 33.6665, -117.8732, 0, 90, 0, GLF5, , , , , GLF5
1660410285, , 33.6665, -117.8732, 0, 90, 0, GLF5, , , , , GLF5
1660410285, , 33.6665, -117.8732, 0, 90, 0, GLF5, , , , , GLF5
1660410285, , 33.6665, -117.8732, 0, 90, 0, GLF5, , , , , GLF5
1660410285, , 33.6665, -117.8732, 0, 90, 0, GLF5, , , , , GLF5
1660410285, , 33.6665, -117.8732, 0, 90, 0, GLF5, , , , , GLF5
1660410285, , 33.6665, -117.8732, 0, 90, 0, GLF5, , , , , GLF5
1660410285, , 33.6665, -117.8732, 0, 90, 0, GLF5, , , , , GLF5
1660414212, , 33.6665, -117.8732, 0, 253, 0, GLF5, , , , , GLF5
1660414212, , 33.6665, -117.8732, 0, 253, 0, GLF5, , , , , GLF5
1660414212, , 33.6665, -117.8732, 0, 253, 0, GLF5, , , , , GLF5
1660414212, , 33.6665, -117.8732, 0, 253, 0, GLF5, , , , , GLF5
1660414212, , 33.6665, -117.8732, 0, 253, 0, GLF5, , , , , GLF5
1660414212, , 33.6665, -117.8732, 0, 253, 0, GLF5, , , , , GLF5
1660414212, , 33.6665, -117.8732, 0, 253, 0, GLF5, , , , , GLF5
1660414227, , 33.6665, -117.8732, 0, 253, 0, GLF5, , , , , GLF5
1660414227, , 33.6665, -117.8732, 0, 253, 0, GLF5, , , , , GLF5
1660414232, , 33.6665, -117.8732, 0, 253, 0, GLF5, , , , , GLF5
1660414237, , 33.6665, -117.8732, 0, 253, 0, GLF5, , , , , GLF5
1660414237, , 33.6665, -117.8732, 0, 253, 0, GLF5, , , , , GLF5
1660414242, , 33.6665, -117.8732, 0, 253, 0, GLF5, , , , , GLF5
1660414242, , 33.6665, -117.8732, 0, 253, 0, GLF5, , , , , GLF5
1660414242, , 33.6665, -117.8732, 0, 253, 0, GLF5, , , , , GLF5
1660414247, , 33.6665, -117.8732, 0, 253, 0, GLF5, , , , , GLF5
1660414247, , 33.6665, -117.8732, 0, 253, 0, GLF5, , , , , GLF5
1660414252, , 33.6665, -117.8732, 0, 253, 0, GLF5, , , , , GLF5
1660414252, , 33.6665, -117.8732, 0, 253, 0, GLF5, , , , , GLF5
1660414257, , 33.6665, -117.8732, 0, 253, 0, GLF5, , , , , GLF5
1660414257, , 33.6665, -117.8732, 0, 253, 0, GLF5, , , , , GLF5
1660414262, , 33.6665, -117.8732, 0, 253, 0, GLF5, , , , , GLF5
1660414262, , 33.6665, -117.8732, 0, 253, 0, GLF5, , , , , GLF5
1660414262, , 33.6665, -117.8732, 0, 253, 0, GLF5, , , , , GLF5
1660414262, , 33.6665, -117.8732, 0, 253, 0, GLF5, , , , , GLF5
1660414262, , 33.6665, -117.8732, 0, 253, 0, GLF5, , , , , GLF5
1660414262, , 33.6665, -117.8732, 0, 253, 0, GLF5, , , , , GLF5
1660414262, , 33.6665, -117.8732, 0, 253, 0, GLF5, , , , , GLF5
1660414277, , 33.6665, -117.8733, 0, 261, 3, GLF5, , , , , GLF5
1660414282, , 33.6666, -117.8734, 0, 289, 3, GLF5, , , , , GLF5
1660414282, , 33.6666, -117.8734, 0, 289, 3, GLF5, , , , , GLF5
1660414284, , 33.6666, -117.8734, 0, 306, 3, GLF5, , , , , GLF5
1660414284, , 33.6666, -117.8734, 0, 306, 3, GLF5, , , , , GLF5
1660414289, , 33.6667, -117.8733, 0, 331, 2, GLF5, , , , , GLF5
1660414289, , 33.6667, -117.8733, 0, 334, 2, GLF5, , , , , GLF5
1660414289, , 33.6667, -117.8733, 0, 334, 2, GLF5, , , , , GLF5
1660414297, , 33.6668, -117.8732, 0, 19, 7, GLF5, , , , , GLF5
1660414297, , 33.6668, -117.8732, 0, 19, 7, GLF5, , , , , GLF5
1660414297, , 33.6668, -117.8732, 0, 19, 7, GLF5, , , , , GLF5
1660414297, , 33.6668, -117.8732, 0, 19, 7, GLF5, , , , , GLF5
1660414303, , 33.667, -117.8731, 0, 30, 9, GLF5, , , , , GLF5
1660414308, , 33.6672, -117.8729, 0, 33, 10, GLF5, , , , , GLF5
1660414308, , 33.6672, -117.8729, 0, 33, 10, GLF5, , , , , GLF5
1660414313, , 33.6674, -117.8728, 0, 36, 10, GLF5, , , , , GLF5
1660414313, , 33.6674, -117.8728, 0, 36, 10, GLF5, , , , , GLF5
1660414317, , 33.6675, -117.8726, 0, 39, 9, GLF5, , , , , GLF5
1660414317, , 33.6675, -117.8726, 0, 39, 9, GLF5, , , , , GLF5
1660414321, , 33.6676, -117.8725, 0, 42, 9, GLF5, , , , , GLF5
1660414326, , 33.6678, -117.8723, 0, 42, 9, GLF5, , , , , GLF5
1660414326, , 33.6678, -117.8723, 0, 42, 9, GLF5, , , , , GLF5
1660414329, , 33.6679, -117.8722, 0, 42, 10, GLF5, , , , , GLF5
1660414329, , 33.6679, -117.8722, 0, 42, 10, GLF5, , , , , GLF5
1660414333, , 33.668, -117.8721, 0, 42, 10, GLF5, , , , , GLF5
1660414333, , 33.668, -117.8721, 0, 42, 10, GLF5, , , , , GLF5
1660414338, , 33.6682, -117.8719, 0, 42, 10, GLF5, , , , , GLF5
1660414340, , 33.6683, -117.8718, 0, 42, 10, GLF5, , , , , GLF5
1660414340, , 33.6683, -117.8718, 0, 42, 10, GLF5, , , , , GLF5
1660414343, , 33.6684, -117.8717, 0, 42, 11, GLF5, , , , , GLF5
1660414343, , 33.6684, -117.8717, 0, 42, 11, GLF5, , , , , GLF5
1660414350, , 33.6687, -117.8714, 0, 39, 11, GLF5, , , , , GLF5
1660414353, , 33.6688, -117.8713, 0, 42, 12, GLF5, , , , , GLF5
1660414353, , 33.6688, -117.8713, 0, 42, 12, GLF5, , , , , GLF5
1660414355, , 33.6689, -117.8712, 0, 42, 12, GLF5, , , , , GLF5
1660414355, , 33.6689, -117.8712, 0, 42, 12, GLF5, , , , , GLF5
1660414361, , 33.6691, -117.8709, 0, 42, 12, GLF5, , , , , GLF5
1660414361, , 33.6691, -117.8709, 0, 42, 12, GLF5, , , , , GLF5
1660414365, , 33.6693, -117.8707, 0, 42, 12, GLF5, , , , , GLF5
1660414365, , 33.6693, -117.8707, 0, 42, 12, GLF5, , , , , GLF5
1660414369, , 33.6695, -117.8706, 0, 42, 13, GLF5, , , , , GLF5
1660414373, , 33.6697, -117.8704, 0, 42, 12, GLF5, , , , , GLF5
1660414373, , 33.6697, -117.8704, 0, 42, 12, GLF5, , , , , GLF5
1660414377, , 33.6698, -117.8702, 0, 42, 12, GLF5, , , , , GLF5
1660414377, , 33.6698, -117.8702, 0, 42, 12, GLF5, , , , , GLF5
1660414382, , 33.67, -117.87, 0, 42, 12, GLF5, , , , , GLF5
1660414383, , 33.6701, -117.8699, 0, 39, 12, GLF5, , , , , GLF5
1660414383, , 33.6701, -117.8699, 0, 39, 12, GLF5, , , , , GLF5
1660414388, , 33.6703, -117.8697, 0, 39, 12, GLF5, , , , , GLF5
1660414388, , 33.6703, -117.8697, 0, 39, 12, GLF5, , , , , GLF5
1660414393, , 33.6705, -117.8695, 0, 42, 13, GLF5, , , , , GLF5
1660414393, , 33.6705, -117.8695, 0, 42, 13, GLF5, , , , , GLF5
1660414396, , 33.6707, -117.8694, 0, 42, 13, GLF5, , , , , GLF5
1660414400, , 33.6709, -117.8692, 0, 42, 13, GLF5, , , , , GLF5
1660414400, , 33.6709, -117.8692, 0, 42, 13, GLF5, , , , , GLF5
1660414406, , 33.6712, -117.8689, 0, 39, 14, GLF5, , , , , GLF5
1660414406, , 33.6712, -117.8689, 0, 39, 14, GLF5, , , , , GLF5
1660414409, , 33.6713, -117.8687, 0, 39, 14, GLF5, , , , , GLF5
1660414409, , 33.6713, -117.8687, 0, 39, 14, GLF5, , , , , GLF5
1660414413, , 33.6716, -117.8685, 0, 33, 14, GLF5, , , , , GLF5
1660414418, , 33.6718, -117.8684, 0, 30, 15, GLF5, , , , , GLF5
1660414418, , 33.6718, -117.8684, 0, 30, 15, GLF5, , , , , GLF5
1660414422, , 33.6721, -117.8682, 0, 28, 15, GLF5, , , , , GLF5
1660414422, , 33.6721, -117.8682, 0, 28, 15, GLF5, , , , , GLF5
1660414426, , 33.6723, -117.868, 0, 28, 15, GLF5, , , , , GLF5
1660414426, , 33.6723, -117.868, 0, 28, 15, GLF5, , , , , GLF5
1660414429, , 33.6725, -117.8679, 0, 28, 15, GLF5, , , , , GLF5
1660414433, , 33.6728, -117.8677, 0, 30, 14, GLF5, , , , , GLF5
1660414433, , 33.6728, -117.8677, 0, 30, 14, GLF5, , , , , GLF5
1660414437, , 33.6729, -117.8675, 0, 45, 13, GLF5, , , , , GLF5
1660414437, , 33.6729, -117.8675, 0, 45, 13, GLF5, , , , , GLF5
1660414440, , 33.673, -117.8674, 0, 50, 12, GLF5, , , , , GLF5
1660414440, , 33.673, -117.8674, 0, 50, 12, GLF5, , , , , GLF5
1660414446, , 33.6732, -117.8671, 0, 45, 12, GLF5, , , , , GLF5
1660414450, , 33.6734, -117.867, 0, 36, 12, GLF5, , , , , GLF5
1660414450, , 33.6734, -117.867, 0, 36, 12, GLF5, , , , , GLF5
1660414453, , 33.6736, -117.8668, 0, 30, 12, GLF5, , , , , GLF5
1660414453, , 33.6736, -117.8668, 0, 30, 12, GLF5, , , , , GLF5
1660414457, , 33.6738, -117.8667, 0, 28, 13, GLF5, , , , , GLF5
1660414457, , 33.6738, -117.8667, 0, 28, 13, GLF5, , , , , GLF5
1660414462, , 33.6741, -117.8665, 0, 28, 14, GLF5, , , , , GLF5
1660414465, , 33.6743, -117.8664, 0, 28, 15, GLF5, , , , , GLF5
1660414465, , 33.6743, -117.8664, 0, 28, 15, GLF5, , , , , GLF5
1660414469, , 33.6745, -117.8662, 0, 28, 15, GLF5, , , , , GLF5
1660414469, , 33.6745, -117.8662, 0, 28, 15, GLF5, , , , , GLF5
1660414474, , 33.6748, -117.8661, 0, 28, 16, GLF5, , , , , GLF5
1660414475, , 33.6749, -117.866, 0, 28, 16, GLF5, , , , , GLF5
1660414475, , 33.6749, -117.866, 0, 28, 16, GLF5, , , , , GLF5
1660414481, , 33.6753, -117.8657, 0, 28, 16, GLF5, , , , , GLF5
1660414481, , 33.6753, -117.8657, 0, 28, 16, GLF5, , , , , GLF5
1660414485, , 33.6756, -117.8656, 0, 28, 15, GLF5, , , , , GLF5
1660414485, , 33.6756, -117.8656, 0, 28, 15, GLF5, , , , , GLF5
1660414489, , 33.6759, -117.8654, 0, 28, 15, GLF5, , , , , GLF5
1660414493, , 33.6761, -117.8652, 0, 28, 14, GLF5, , , , , GLF5
1660414493, , 33.6761, -117.8652, 0, 28, 14, GLF5, , , , , GLF5
1660414498, , 33.6764, -117.8651, 0, 28, 15, GLF5, , , , , GLF5
1660414498, , 33.6764, -117.8651, 0, 28, 15, GLF5, , , , , GLF5
1660414501, , 33.6766, -117.8649, 0, 28, 15, GLF5, , , , , GLF5
1660414501, , 33.6766, -117.8649, 0, 28, 15, GLF5, , , , , GLF5
1660414506, , 33.6769, -117.8647, 0, 28, 15, GLF5, , , , , GLF5
1660414509, , 33.6771, -117.8646, 0, 28, 16, GLF5, , , , , GLF5
1660414509, , 33.6771, -117.8646, 0, 28, 16, GLF5, , , , , GLF5
1660414513, , 33.6774, -117.8644, 0, 28, 15, GLF5, , , , , GLF5
1660414513, , 33.6774, -117.8644, 0, 28, 15, GLF5, , , , , GLF5
1660414518, , 33.6776, -117.8643, 0, 28, 14, GLF5, , , , , GLF5
1660414518, , 33.6776, -117.8643, 0, 28, 14, GLF5, , , , , GLF5
1660414521, , 33.6778, -117.8642, 0, 30, 12, GLF5, , , , , GLF5
1660414526, , 33.678, -117.864, 0, 28, 11, GLF5, , , , , GLF5
1660414526, , 33.678, -117.864, 0, 28, 11, GLF5, , , , , GLF5
1660414530, , 33.6782, -117.8639, 0, 28, 10, GLF5, , , , , GLF5
1660414530, , 33.6782, -117.8639, 0, 28, 10, GLF5, , , , , GLF5
1660414532, , 33.6783, -117.8639, 0, 28, 10, GLF5, , , , , GLF5
1660414532, , 33.6783, -117.8639, 0, 28, 10, GLF5, , , , , GLF5
1660414537, , 33.6785, -117.8637, 0, 28, 9, GLF5, , , , , GLF5
1660414540, , 33.6786, -117.8637, 0, 28, 10, GLF5, , , , , GLF5
1660414540, , 33.6786, -117.8637, 0, 28, 10, GLF5, , , , , GLF5
1660414544, , 33.6787, -117.8636, 0, 28, 10, GLF5, , , , , GLF5
1660414544, , 33.6787, -117.8636, 0, 28, 10, GLF5, , , , , GLF5
1660414548, , 33.6789, -117.8635, 0, 28, 11, GLF5, , , , , GLF5
1660414548, , 33.6789, -117.8635, 0, 28, 11, GLF5, , , , , GLF5
1660414553, , 33.6791, -117.8633, 0, 28, 11, GLF5, , , , , GLF5
1660414557, , 33.6793, -117.8632, 0, 28, 10, GLF5, , , , , GLF5
1660414557, , 33.6793, -117.8632, 0, 28, 10, GLF5, , , , , GLF5
1660414559, , 33.6794, -117.8632, 0, 28, 9, GLF5, , , , , GLF5
1660414559, , 33.6794, -117.8632, 0, 28, 9, GLF5, , , , , GLF5
1660414565, , 33.6796, -117.8631, 0, 28, 5, GLF5, , , , , GLF5
1660414565, , 33.6796, -117.8631, 0, 28, 5, GLF5, , , , , GLF5
1660414565, , 33.6796, -117.8631, 0, 28, 5, GLF5, , , , , GLF5
1660414573, , 33.6797, -117.863, 0, 28, 2, GLF5, , , , , GLF5
1660414573, , 33.6797, -117.863, 0, 28, 2, GLF5, , , , , GLF5
1660414577, , 33.6797, -117.863, 0, 28, 1, GLF5, , , , , GLF5
1660414577, , 33.6797, -117.863, 0, 28, 1, GLF5, , , , , GLF5
1660414580, , 33.6797, -117.8629, 0, 28, 1, GLF5, , , , , GLF5
1660414580, , 33.6797, -117.8629, 0, 28, 1, GLF5, , , , , GLF5
1660414586, , 33.6798, -117.8629, 0, 28, 1, GLF5, , , , , GLF5
1660414588, , 33.6798, -117.8629, 0, 28, 1, GLF5, , , , , GLF5
1660414588, , 33.6798, -117.8629, 0, 28, 1, GLF5, , , , , GLF5
1660414594, , 33.6798, -117.8629, 0, 28, 0, GLF5, , , , , GLF5
1660414594, , 33.6798, -117.8629, 0, 28, 0, GLF5, , , , , GLF5
1660414597, , 33.6798, -117.8629, 0, 28, 0, GLF5, , , , , GLF5
1660414597, , 33.6798, -117.8629, 0, 28, 0, GLF5, , , , , GLF5
1660414602, , 33.6798, -117.8629, 0, 28, 1, GLF5, , , , , GLF5
1660414604, , 33.6798, -117.8629, 0, 28, 1, GLF5, , , , , GLF5
1660414604, , 33.6798, -117.8629, 0, 28, 1, GLF5, , , , , GLF5
1660414608, , 33.6798, -117.8629, 0, 28, 3, GLF5, , , , , GLF5
1660414608, , 33.6798, -117.8629, 0, 28, 3, GLF5, , , , , GLF5
1660414611, , 33.6799, -117.8629, 0, 28, 5, GLF5, , , , , GLF5
1660414611, , 33.6799, -117.8629, 0, 28, 5, GLF5, , , , , GLF5
1660414616, , 33.68, -117.8628, 0, 28, 7, GLF5, , , , , GLF5
1660414620, , 33.6801, -117.8627, 0, 19, 8, GLF5, , , , , GLF5
1660414620, , 33.6801, -117.8627, 0, 19, 8, GLF5, , , , , GLF5
1660414624, , 33.6803, -117.8627, 0, 2, 9, GLF5, , , , , GLF5
1660414624, , 33.6803, -117.8627, 0, 2, 9, GLF5, , , , , GLF5
1660414629, , 33.6805, -117.8628, 0, 337, 11, GLF5, , , , , GLF5
1660414634, , 33.6807, -117.8631, 0, 306, 12, GLF5, , , , , GLF5
1660414634, , 33.6807, -117.8631, 0, 306, 12, GLF5, , , , , GLF5
1660414637, , 33.6808, -117.8633, 0, 298, 13, GLF5, , , , , GLF5
1660414637, , 33.6808, -117.8633, 0, 298, 13, GLF5, , , , , GLF5
1660414642, , 33.6809, -117.8636, 0, 298, 12, GLF5, , , , , GLF5
1660414642, , 33.6809, -117.8636, 0, 298, 12, GLF5, , , , , GLF5
1660414645, , 33.681, -117.8638, 0, 298, 10, GLF5, , , , , GLF5
1660414649, , 33.681, -117.8639, 0, 298, 8, GLF5, , , , , GLF5
1660414649, , 33.681, -117.8639, 0, 298, 8, GLF5, , , , , GLF5
1660414652, , 33.6811, -117.864, 0, 298, 6, GLF5, , , , , GLF5
1660414652, , 33.6811, -117.864, 0, 298, 6, GLF5, , , , , GLF5
1660414656, , 33.6811, -117.8641, 0, 298, 4, GLF5, , , , , GLF5
1660414656, , 33.6811, -117.8641, 0, 298, 4, GLF5, , , , , GLF5
1660414662, , 33.6812, -117.8642, 0, 298, 3, GLF5, , , , , GLF5
1660414663, , 33.6812, -117.8642, 0, 298, 3, GLF5, , , , , GLF5
1660414663, , 33.6812, -117.8642, 0, 298, 3, GLF5, , , , , GLF5
1660414668, , 33.6812, -117.8643, 0, 298, 1, GLF5, , , , , GLF5
1660414668, , 33.6812, -117.8643, 0, 298, 1, GLF5, , , , , GLF5
1660414668, , 33.6812, -117.8643, 0, 298, 1, GLF5, , , , , GLF5
1660414668, , 33.6812, -117.8643, 0, 298, 1, GLF5, , , , , GLF5
1660414668, , 33.6812, -117.8643, 0, 298, 1, GLF5, , , , , GLF5
1660414668, , 33.6812, -117.8643, 0, 298, 1, GLF5, , , , , GLF5
1660414668, , 33.6812, -117.8643, 0, 298, 1, GLF5, , , , , GLF5
1660414668, , 33.6812, -117.8643, 0, 298, 1, GLF5, , , , , GLF5
1660414668, , 33.6812, -117.8643, 0, 298, 1, GLF5, , , , , GLF5
1660414668, , 33.6812, -117.8643, 0, 298, 1, GLF5, , , , , GLF5
1660414668, , 33.6812, -117.8643, 0, 298, 1, GLF5, , , , , GLF5
1660414668, , 33.6812, -117.8643, 0, 298, 1, GLF5, , , , , GLF5
1660414668, , 33.6812, -117.8643, 0, 298, 1, GLF5, , , , , GLF5
1660414668, , 33.6812, -117.8643, 0, 298, 1, GLF5, , , , , GLF5
1660414668, , 33.6812, -117.8643, 0, 298, 1, GLF5, , , , , GLF5
1660414668, , 33.6812, -117.8643, 0, 298, 1, GLF5, , , , , GLF5
1660414668, , 33.6812, -117.8643, 0, 298, 1, GLF5, , , , , GLF5
1660414668, , 33.6812, -117.8643, 0, 298, 1, GLF5, , , , , GLF5
1660414668, , 33.6812, -117.8643, 0, 298, 1, GLF5, , , , , GLF5
1660414713, , 33.6812, -117.8643, 0, 298, 0, GLF5, , , , , GLF5
1660414713, , 33.6812, -117.8643, 0, 298, 0, GLF5, , , , , GLF5
1660414713, , 33.6812, -117.8643, 0, 298, 0, GLF5, , , , , GLF5
1660414713, , 33.6812, -117.8643, 0, 298, 0, GLF5, , , , , GLF5
1660414721, , 33.6813, -117.8645, 0, 298, 6, GLF5, , , , , GLF5
1660414721, , 33.6813, -117.8645, 0, 298, 6, GLF5, , , , , GLF5
1660414725, , 33.6813, -117.8646, 0, 298, 6, GLF5, , , , , GLF5
1660414727, , 33.6814, -117.8647, 0, 298, 6, GLF5, , , , , GLF5
1660414727, , 33.6814, -117.8647, 0, 298, 6, GLF5, , , , , GLF5
1660414733, , 33.6814, -117.8648, 0, 298, 6, GLF5, , , , , GLF5
1660414733, , 33.6814, -117.8648, 0, 298, 6, GLF5, , , , , GLF5
1660414738, , 33.6815, -117.865, 0, 298, 4, GLF5, , , , , GLF5
1660414738, , 33.6815, -117.865, 0, 298, 4, GLF5, , , , , GLF5
1660414741, , 33.6815, -117.865, 0, 298, 4, GLF5, , , , , GLF5
1660414745, , 33.6815, -117.8651, 0, 292, 3, GLF5, , , , , GLF5
1660414745, , 33.6815, -117.8651, 0, 292, 3, GLF5, , , , , GLF5
1660414750, , 33.6815, -117.8652, 0, 270, 3, GLF5, , , , , GLF5
1660414750, , 33.6815, -117.8652, 0, 270, 3, GLF5, , , , , GLF5
1660414753, , 33.6815, -117.8652, 0, 253, 3, GLF5, , , , , GLF5
1660414753, , 33.6815, -117.8652, 0, 253, 3, GLF5, , , , , GLF5
1660414753, , 33.6815, -117.8652, 0, 253, 3, GLF5, , , , , GLF5
1660414753, , 33.6815, -117.8652, 0, 253, 3, GLF5, , , , , GLF5
1660414761, , 33.6814, -117.8652, 0, 222, 2, GLF5, , , , , GLF5
1660414766, , 33.6814, -117.8652, 0, 213, 1, GLF5, , , , , GLF5
1660414766, , 33.6814, -117.8652, 0, 213, 1, GLF5, , , , , GLF5
1660414769, , 33.6813, -117.8652, 0, 210, 1, GLF5, , , , , GLF5
1660414769, , 33.6813, -117.8652, 0, 210, 1, GLF5, , , , , GLF5
1660414774, , 33.6813, -117.8652, 0, 210, 0, GLF5, , , , , GLF5
1660414777, , 33.6813, -117.8652, 0, 210, 0, GLF5, , , , , GLF5
1660414777, , 33.6813, -117.8652, 0, 210, 0, GLF5, , , , , GLF5
1660414781, , 33.6813, -117.8652, 0, 210, 0, GLF5, , , , , GLF5
1660414781, , 33.6813, -117.8652, 0, 210, 0, GLF5, , , , , GLF5
1660414785, , 33.6813, -117.8653, 0, 208, 1, GLF5, , , , , GLF5
1660414785, , 33.6813, -117.8653, 0, 208, 1, GLF5, , , , , GLF5
1660414790, , 33.6813, -117.8653, 0, 205, 0, GLF5, , , , , GLF5
1660414793, , 33.6813, -117.8653, 0, 205, 0, GLF5, , , , , GLF5
1660414793, , 33.6813, -117.8653, 0, 205, 0, GLF5, , , , , GLF5
1660414797, , 33.6813, -117.8653, 0, 205, 0, GLF5, , , , , GLF5
1660414797, , 33.6813, -117.8653, 0, 205, 0, GLF5, , , , , GLF5
1660414801, , 33.6813, -117.8653, 0, 205, 0, GLF5, , , , , GLF5
1660414801, , 33.6813, -117.8653, 0, 205, 0, GLF5, , , , , GLF5
1660414806, , 33.6813, -117.8653, 0, 205, 7, GLF5, , , , , GLF5
1660414809, , 33.6811, -117.8654, 0, 208, 21, GLF5, , , , , GLF5
1660414809, , 33.6811, -117.8654, 0, 208, 21, GLF5, , , , , GLF5
1660414813, , 33.6804, -117.8659, 0, 208, 48, GLF5, , , , , GLF5
1660414813, , 33.6804, -117.8659, 0, 208, 48, GLF5, , , , , GLF5
1660414815, , 33.68, -117.8661, 0, 208, 57, GLF5, , , , , GLF5
1660414815, , 33.68, -117.8661, 0, 208, 57, GLF5, , , , , GLF5
1660414815, , 33.68, -117.8661, 0, 208, 57, GLF5, , , , , GLF5
1660414822, , 33.6778, -117.8676, 0, 207, 93, GLF5, , , , , GLF5
1660414822, , 33.6778, -117.8676, 0, 207, 93, GLF5, , , , , GLF5
1660414828, , 33.6752, -117.8691, 25, 207, 93, GLF5, , , , , GLF5
1660414828, , 33.6752, -117.8691, 25, 207, 93, GLF5, , , , , GLF5
1660414833, , 33.673, -117.8705, 25, 207, 93, GLF5, , , , , GLF5
1660414833, , 33.673, -117.8705, 25, 207, 93, GLF5, , , , , GLF5
1660414838, , 33.6692, -117.8729, 50, 207, 162, GLF5, , , , , GLF5
1660414838, , 33.6692, -117.8729, 50, 207, 162, GLF5, , , , , GLF5
1660414838, , 33.6692, -117.8729, 50, 207, 162, GLF5, , , , , GLF5
1660414843, , 33.6672, -117.8741, 200, 206, 167, GLF5, , , , , GLF5
1660414847, , 33.6628, -117.8767, 400, 205, 168, GLF5, , , , , GLF5
1660414847, , 33.6628, -117.8767, 400, 205, 168, GLF5, , , , , GLF5
1660414854, , 33.6584, -117.8792, 825, 205, 164, GLF5, , , , , GLF5
1660414854, , 33.6584, -117.8792, 825, 205, 164, GLF5, , , , , GLF5
1660414857, , 33.656, -117.8806, 1000, 205, 165, GLF5, , , , , GLF5
1660414857, , 33.656, -117.8806, 1000, 205, 165, GLF5, , , , , GLF5
1660414860, , 33.6539, -117.8818, 1150, 205, 164, GLF5, , , , , GLF5
1660414866, , 33.6501, -117.884, 1425, 206, 165, GLF5, , , , , GLF5
1660414866, , 33.6501, -117.884, 1425, 206, 165, GLF5, , , , , GLF5
1660414869, , 33.6478, -117.8852, 1550, 206, 165, GLF5, , , , , GLF5
1660414869, , 33.6478, -117.8852, 1550, 206, 165, GLF5, , , , , GLF5
1660414873, , 33.6445, -117.8868, 1725, 203, 166, GLF5, , , , , GLF5
1660414873, , 33.6445, -117.8868, 1725, 203, 166, GLF5, , , , , GLF5
1660414878, , 33.6416, -117.888, 1900, 196, 169, GLF5, , , , , GLF5
1660414881, , 33.6393, -117.8887, 2000, 192, 170, GLF5, , , , , GLF5
1660414881, , 33.6393, -117.8887, 2000, 192, 170, GLF5, , , , , GLF5
1660414886, , 33.6353, -117.8896, 2150, 188, 176, GLF5, , , , , GLF5
1660414886, , 33.6353, -117.8896, 2150, 188, 176, GLF5, , , , , GLF5
1660414889, , 33.6327, -117.89, 2200, 187, 179, GLF5, , , , , GLF5
1660414892, , 33.6302, -117.8905, 2250, 187, 184, GLF5, , , , , GLF5
1660414892, , 33.6302, -117.8905, 2250, 187, 184, GLF5, , , , , GLF5
1660414898, , 33.6248, -117.8913, 2375, 187, 189, GLF5, , , , , GLF5
1660414898, , 33.6248, -117.8913, 2375, 187, 189, GLF5, , , , , GLF5
1660414902, , 33.6211, -117.8919, 2475, 187, 197, GLF5, , , , , GLF5
1660414902, , 33.6211, -117.8919, 2475, 187, 197, GLF5, , , , , GLF5
1660414905, , 33.6187, -117.8922, 2575, 187, 200, GLF5, , , , , GLF5
1660414909, , 33.6163, -117.8925, 2725, 187, 205, GLF5, , , , , GLF5
1660414909, , 33.6163, -117.8925, 2725, 187, 205, GLF5, , , , , GLF5
1660414912, , 33.6112, -117.8933, 2800, 187, 208, GLF5, , , , , GLF5
1660414912, , 33.6112, -117.8933, 2800, 187, 208, GLF5, , , , , GLF5
1660414916, , 33.6079, -117.8938, 2900, 187, 211, GLF5, , , , , GLF5
1660414916, , 33.6079, -117.8938, 2900, 187, 211, GLF5, , , , , GLF5
1660414922, , 33.6026, -117.8946, 3100, 187, 217, GLF5, , , , , GLF5
1660414925, , 33.5995, -117.8951, 3175, 187, 219, GLF5, , , , , GLF5
1660414925, , 33.5995, -117.8951, 3175, 187, 219, GLF5, , , , , GLF5
1660414928, , 33.5987, -117.8952, 3275, 187, 222, GLF5, , , , , GLF5
1660414928, , 33.5987, -117.8952, 3275, 187, 222, GLF5, , , , , GLF5
1660414932, , 33.5916, -117.8962, 3400, 187, 226, GLF5, , , , , GLF5
1660414938, , 33.5851, -117.8972, 3575, 187, 232, GLF5, , , , , GLF5
1660414938, , 33.5851, -117.8972, 3575, 187, 232, GLF5, , , , , GLF5
1660414941, , 33.5819, -117.8977, 3650, 185, 236, GLF5, , , , , GLF5
1660414941, , 33.5819, -117.8977, 3650, 185, 236, GLF5, , , , , GLF5
1660414944, , 33.5803, -117.8978, 3725, 183, 237, GLF5, , , , , GLF5
1660414944, , 33.5803, -117.8978, 3725, 183, 237, GLF5, , , , , GLF5
1660414950, , 33.5721, -117.8972, 3900, 169, 242, GLF5, , , , , GLF5
1660414952, , 33.5692, -117.8964, 4000, 165, 245, GLF5, , , , , GLF5
1660414952, , 33.5692, -117.8964, 4000, 165, 245, GLF5, , , , , GLF5
1660414956, , 33.5655, -117.8948, 4075, 157, 248, GLF5, , , , , GLF5
1660414956, , 33.5655, -117.8948, 4075, 157, 248, GLF5, , , , , GLF5
1660414962, , 33.5594, -117.8908, 4275, 147, 251, GLF5, , , , , GLF5
1660414962, , 33.5594, -117.8908, 4275, 147, 251, GLF5, , , , , GLF5
1660414963, , 33.5586, -117.8901, 4300, 143, 252, GLF5, , , , , GLF5
1660414970, , 33.5527, -117.8834, 4525, 142, 253, GLF5, , , , , GLF5
1660414970, , 33.5527, -117.8834, 4525, 142, 253, GLF5, , , , , GLF5
1660414973, , 33.5506, -117.8806, 4625, 130, 260, GLF5, , , , , GLF5
1660414973, , 33.5506, -117.8806, 4625, 130, 260, GLF5, , , , , GLF5
1660414976, , 33.5477, -117.8765, 4700, 130, 263, GLF5, , , , , GLF5
1660414982, , 33.5429, -117.8697, 4900, 130, 268, GLF5, , , , , GLF5
1660414982, , 33.5429, -117.8697, 4900, 130, 268, GLF5, , , , , GLF5
1660414985, , 33.5406, -117.8664, 4975, 130, 271, GLF5, , , , , GLF5
1660414985, , 33.5406, -117.8664, 4975, 130, 271, GLF5, , , , , GLF5
1660414987, , 33.5389, -117.864, 5050, 130, 273, GLF5, , , , , GLF5
1660414987, , 33.5389, -117.864, 5050, 130, 273, GLF5, , , , , GLF5
1660414994, , 33.5331, -117.856, 5250, 130, 274, GLF5, , , , , GLF5
1660414997, , 33.5306, -117.8525, 5325, 130, 274, GLF5, , , , , GLF5
1660414997, , 33.5306, -117.8525, 5325, 130, 274, GLF5, , , , , GLF5
1660415000, , 33.5281, -117.8491, 5400, 131, 274, GLF5, , , , , GLF5
1660415000, , 33.5281, -117.8491, 5400, 131, 274, GLF5, , , , , GLF5
1660415004, , 33.5248, -117.8445, 5525, 131, 275, GLF5, , , , , GLF5
1660415004, , 33.5248, -117.8445, 5525, 131, 275, GLF5, , , , , GLF5
1660415009, , 33.5207, -117.8389, 5675, 130, 276, GLF5, , , , , GLF5
1660415013, , 33.5179, -117.835, 5775, 130, 277, GLF5, , , , , GLF5
1660415013, , 33.5179, -117.835, 5775, 130, 277, GLF5, , , , , GLF5
1660415015, , 33.517, -117.8338, 5875, 130, 277, GLF5, , , , , GLF5
1660415015, , 33.517, -117.8338, 5875, 130, 277, GLF5, , , , , GLF5
1660415020, , 33.5109, -117.8251, 6000, 130, 277, GLF5, , , , , GLF5
1660415020, , 33.5109, -117.8251, 6000, 130, 277, GLF5, , , , , GLF5
1660415024, , 33.5096, -117.8233, 6100, 130, 277, GLF5, , , , , GLF5
1660415030, , 33.5029, -117.8139, 6275, 130, 277, GLF5, , , , , GLF5
1660415030, , 33.5029, -117.8139, 6275, 130, 277, GLF5, , , , , GLF5
1660415033, , 33.5013, -117.8115, 6350, 130, 278, GLF5, , , , , GLF5
1660415033, , 33.5013, -117.8115, 6350, 130, 278, GLF5, , , , , GLF5
1660415037, , 33.498, -117.8069, 6475, 131, 278, GLF5, , , , , GLF5
1660415040, , 33.4944, -117.802, 6575, 131, 277, GLF5, , , , , GLF5
1660415040, , 33.4944, -117.802, 6575, 131, 277, GLF5, , , , , GLF5
1660415046, , 33.4894, -117.7952, 6825, 131, 279, GLF5, , , , , GLF5
1660415046, , 33.4894, -117.7952, 6825, 131, 279, GLF5, , , , , GLF5
1660415049, , 33.4868, -117.7918, 6950, 131, 279, GLF5, , , , , GLF5
1660415049, , 33.4868, -117.7918, 6950, 131, 279, GLF5, , , , , GLF5
1660415051, , 33.4851, -117.7895, 7050, 131, 280, GLF5, , , , , GLF5
1660415051, , 33.4851, -117.7895, 7050, 131, 280, GLF5, , , , , GLF5
1660415051, , 33.4851, -117.7895, 7050, 131, 280, GLF5, , , , , GLF5
1660415061, , 33.4766, -117.7781, 7450, 131, 283, GLF5, , , , , GLF5
1660415061, , 33.4766, -117.7781, 7450, 131, 283, GLF5, , , , , GLF5
1660415064, , 33.474, -117.7746, 7575, 131, 283, GLF5, , , , , GLF5
1660415064, , 33.474, -117.7746, 7575, 131, 283, GLF5, , , , , GLF5
1660415070, , 33.4689, -117.7677, 7850, 131, 286, GLF5, , , , , GLF5
1660415073, , 33.4663, -117.7642, 7950, 131, 286, GLF5, , , , , GLF5
1660415073, , 33.4663, -117.7642, 7950, 131, 286, GLF5, , , , , GLF5
1660415076, , 33.4635, -117.7604, 8100, 130, 287, GLF5, , , , , GLF5
1660415076, , 33.4635, -117.7604, 8100, 130, 287, GLF5, , , , , GLF5
1660415082, , 33.4588, -117.7526, 8325, 119, 289, GLF5, , , , , GLF5
1660415082, , 33.4588, -117.7526, 8325, 119, 289, GLF5, , , , , GLF5
1660415085, , 33.4569, -117.7484, 8450, 114, 289, GLF5, , , , , GLF5
1660415085, , 33.4569, -117.7484, 8450, 114, 289, GLF5, , , , , GLF5
1660415085, , 33.4569, -117.7484, 8450, 114, 289, GLF5, , , , , GLF5
1660415085, , 33.4569, -117.7484, 8450, 114, 289, GLF5, , , , , GLF5
1660415091, , 33.4543, -117.7393, 8725, 106, 290, GLF5, , , , , GLF5
1660415097, , 33.453, -117.7286, 8975, 94, 291, GLF5, , , , , GLF5
1660415097, , 33.453, -117.7286, 8975, 94, 291, GLF5, , , , , GLF5
1660415100, , 33.4531, -117.7239, 9100, 87, 292, GLF5, , , , , GLF5
1660415103, , 33.4534, -117.7207, 9225, 83, 292, GLF5, , , , , GLF5
1660415103, , 33.4534, -117.7207, 9225, 83, 292, GLF5, , , , , GLF5
1660415109, , 33.4552, -117.7113, 9475, 71, 293, GLF5, , , , , GLF5
1660415109, , 33.4552, -117.7113, 9475, 71, 293, GLF5, , , , , GLF5
1660415112, , 33.4567, -117.7067, 9625, 64, 293, GLF5, , , , , GLF5
1660415112, , 33.4567, -117.7067, 9625, 64, 293, GLF5, , , , , GLF5
1660415115, , 33.459, -117.7013, 9725, 60, 292, GLF5, , , , , GLF5
1660415121, , 33.4637, -117.6937, 9975, 49, 293, GLF5, , , , , GLF5
1660415121, , 33.4637, -117.6937, 9975, 49, 293, GLF5, , , , , GLF5
1660415126, , 33.4682, -117.688, 10175, 45, 294, GLF5, , , , , GLF5
1660415126, , 33.4682, -117.688, 10175, 45, 294, GLF5, , , , , GLF5
1660415129, , 33.4706, -117.6849, 10275, 44, 296, GLF5, , , , , GLF5
1660415132, , 33.474, -117.681, 10400, 43, 297, GLF5, , , , , GLF5
1660415132, , 33.474, -117.681, 10400, 43, 297, GLF5, , , , , GLF5
1660415137, , 33.4791, -117.6753, 10625, 43, 299, GLF5, , , , , GLF5
1660415137, , 33.4791, -117.6753, 10625, 43, 299, GLF5, , , , , GLF5
1660415140, , 33.4817, -117.6724, 10700, 42, 300, GLF5, , , , , GLF5
1660415144, , 33.4837, -117.6702, 10825, 42, 301, GLF5, , , , , GLF5
1660415144, , 33.4837, -117.6702, 10825, 42, 301, GLF5, , , , , GLF5
1660415149, , 33.4912, -117.6621, 11025, 42, 303, GLF5, , , , , GLF5
1660415149, , 33.4912, -117.6621, 11025, 42, 303, GLF5, , , , , GLF5
1660415149, , 33.4912, -117.6621, 11025, 42, 303, GLF5, , , , , GLF5
1660415149, , 33.4912, -117.6621, 11025, 42, 303, GLF5, , , , , GLF5
1660415158, , 33.5002, -117.6525, 11350, 41, 306, GLF5, , , , , GLF5
1660415161, , 33.5034, -117.6489, 11475, 42, 307, GLF5, , , , , GLF5
1660415161, , 33.5034, -117.6489, 11475, 42, 307, GLF5, , , , , GLF5
1660415164, , 33.5066, -117.6452, 11575, 44, 309, GLF5, , , , , GLF5
1660415164, , 33.5066, -117.6452, 11575, 44, 309, GLF5, , , , , GLF5
1660415170, , 33.5117, -117.6382, 11800, 52, 310, GLF5, , , , , GLF5
1660415172, , 33.5146, -117.6335, 11900, 54, 310, GLF5, , , , , GLF5
1660415172, , 33.5146, -117.6335, 11900, 54, 310, GLF5, , , , , GLF5
1660415176, , 33.5175, -117.6285, 12025, 55, 312, GLF5, , , , , GLF5
1660415176, , 33.5175, -117.6285, 12025, 55, 312, GLF5, , , , , GLF5
1660415181, , 33.5217, -117.6206, 12225, 58, 313, GLF5, , , , , GLF5
1660415181, , 33.5217, -117.6206, 12225, 58, 313, GLF5, , , , , GLF5
1660415184, , 33.5238, -117.6162, 12350, 60, 315, GLF5, , , , , GLF5
1660415188, , 33.5256, -117.6124, 12475, 61, 315, GLF5, , , , , GLF5
1660415188, , 33.5256, -117.6124, 12475, 61, 315, GLF5, , , , , GLF5
1660415194, , 33.5304, -117.6015, 12675, 61, 318, GLF5, , , , , GLF5
1660415194, , 33.5304, -117.6015, 12675, 61, 318, GLF5, , , , , GLF5
1660415196, , 33.5319, -117.5982, 12750, 61, 320, GLF5, , , , , GLF5
1660415196, , 33.5319, -117.5982, 12750, 61, 320, GLF5, , , , , GLF5
1660415199, , 33.5348, -117.5917, 12825, 61, 323, GLF5, , , , , GLF5
1660415205, , 33.5379, -117.5848, 12975, 61, 327, GLF5, , , , , GLF5
1660415205, , 33.5379, -117.5848, 12975, 61, 327, GLF5, , , , , GLF5
1660415209, , 33.5411, -117.5777, 13050, 61, 329, GLF5, , , , , GLF5
1660415209, , 33.5411, -117.5777, 13050, 61, 329, GLF5, , , , , GLF5
1660415211, , 33.5433, -117.5729, 13125, 61, 332, GLF5, , , , , GLF5
1660415211, , 33.5433, -117.5729, 13125, 61, 332, GLF5, , , , , GLF5
1660415217, , 33.5473, -117.564, 13275, 61, 333, GLF5, , , , , GLF5
1660415220, , 33.5485, -117.5615, 13375, 61, 338, GLF5, , , , , GLF5
1660415220, , 33.5485, -117.5615, 13375, 61, 338, GLF5, , , , , GLF5
1660415224, , 33.5514, -117.5549, 13450, 61, 340, GLF5, , , , , GLF5
1660415224, , 33.5514, -117.5549, 13450, 61, 340, GLF5, , , , , GLF5
1660415230, , 33.5565, -117.5435, 13600, 61, 344, GLF5, , , , , GLF5
1660415230, , 33.5565, -117.5435, 13600, 61, 344, GLF5, , , , , GLF5
1660415232, , 33.5587, -117.5384, 13675, 61, 345, GLF5, , , , , GLF5
1660415236, , 33.5609, -117.5337, 13750, 61, 347, GLF5, , , , , GLF5
1660415236, , 33.5609, -117.5337, 13750, 61, 347, GLF5, , , , , GLF5
1660415242, , 33.5643, -117.5261, 13900, 64, 353, GLF5, , , , , GLF5
1660415242, , 33.5643, -117.5261, 13900, 64, 353, GLF5, , , , , GLF5
1660415245, , 33.5679, -117.5169, 13950, 66, 355, GLF5, , , , , GLF5
1660415247, , 33.5695, -117.5117, 13975, 68, 356, GLF5, , , , , GLF5
1660415247, , 33.5695, -117.5117, 13975, 68, 356, GLF5, , , , , GLF5
1660415253, , 33.5716, -117.5007, 14000, 81, 364, GLF5, , , , , GLF5
1660415253, , 33.5716, -117.5007, 14000, 81, 364, GLF5, , , , , GLF5
1660415257, , 33.5722, -117.4946, 14000, 86, 366, GLF5, , , , , GLF5
1660415257, , 33.5722, -117.4946, 14000, 86, 366, GLF5, , , , , GLF5
1660415259, , 33.5724, -117.4878, 14000, 89, 367, GLF5, , , , , GLF5
1660415266, , 33.5718, -117.4747, 14000, 94, 369, GLF5, , , , , GLF5
1660415266, , 33.5718, -117.4747, 14000, 94, 369, GLF5, , , , , GLF5
1660415269, , 33.5712, -117.4685, 13975, 96, 370, GLF5, , , , , GLF5
1660415269, , 33.5712, -117.4685, 13975, 96, 370, GLF5, , , , , GLF5
1660415272, , 33.5708, -117.4634, 13975, 96, 370, GLF5, , , , , GLF5
1660415272, , 33.5708, -117.4634, 13975, 96, 370, GLF5, , , , , GLF5
1660415276, , 33.57, -117.4552, 13975, 97, 370, GLF5, , , , , GLF5
1660415282, , 33.5684, -117.4409, 13975, 97, 371, GLF5, , , , , GLF5
1660415282, , 33.5684, -117.4409, 13975, 97, 371, GLF5, , , , , GLF5
1660415285, , 33.5678, -117.4348, 13975, 97, 371, GLF5, , , , , GLF5
1660415285, , 33.5678, -117.4348, 13975, 97, 371, GLF5, , , , , GLF5
1660415288, , 33.5673, -117.4307, 13975, 97, 371, GLF5, , , , , GLF5
1660415288, , 33.5673, -117.4307, 13975, 97, 371, GLF5, , , , , GLF5
1660415294, , 33.5658, -117.4168, 13975, 97, 371, GLF5, , , , , GLF5
1660415294, , 33.5658, -117.4168, 13975, 97, 371, GLF5, , , , , GLF5
1660415294, , 33.5658, -117.4168, 13975, 97, 371, GLF5, , , , , GLF5
1660415300, , 33.5644, -117.4043, 13975, 97, 371, GLF5, , , , , GLF5
1660415300, , 33.5644, -117.4043, 13975, 97, 371, GLF5, , , , , GLF5
1660415303, , 33.5638, -117.3986, 13975, 97, 371, GLF5, , , , , GLF5
1660415303, , 33.5638, -117.3986, 13975, 97, 371, GLF5, , , , , GLF5
1660415306, , 33.5632, -117.3936, 13975, 97, 371, GLF5, , , , , GLF5
1660415314, , 33.5615, -117.3778, 13975, 97, 371, GLF5, , , , , GLF5
1660415314, , 33.5615, -117.3778, 13975, 97, 371, GLF5, , , , , GLF5
1660415318, , 33.5604, -117.3685, 13975, 97, 370, GLF5, , , , , GLF5
1660415318, , 33.5604, -117.3685, 13975, 97, 370, GLF5, , , , , GLF5
1660415321, , 33.56, -117.3648, 13975, 97, 370, GLF5, , , , , GLF5
1660415321, , 33.56, -117.3648, 13975, 97, 370, GLF5, , , , , GLF5
1660415324, , 33.5591, -117.3567, 13975, 97, 370, GLF5, , , , , GLF5
1660415330, , 33.5578, -117.3452, 14025, 97, 371, GLF5, , , , , GLF5
1660415330, , 33.5578, -117.3452, 14025, 97, 371, GLF5, , , , , GLF5
1660415330, , 33.5578, -117.3452, 14025, 97, 371, GLF5, , , , , GLF5
1660415330, , 33.5578, -117.3452, 14025, 97, 371, GLF5, , , , , GLF5
1660415338, , 33.556, -117.3282, 14150, 97, 372, GLF5, , , , , GLF5
1660415338, , 33.556, -117.3282, 14150, 97, 372, GLF5, , , , , GLF5
1660415341, , 33.5553, -117.3219, 14250, 97, 373, GLF5, , , , , GLF5
1660415344, , 33.5546, -117.3158, 14350, 97, 373, GLF5, , , , , GLF5
1660415344, , 33.5546, -117.3158, 14350, 97, 373, GLF5, , , , , GLF5
1660415350, , 33.5533, -117.3035, 14575, 97, 374, GLF5, , , , , GLF5
1660415350, , 33.5533, -117.3035, 14575, 97, 374, GLF5, , , , , GLF5
1660415353, , 33.5526, -117.2969, 14675, 97, 374, GLF5, , , , , GLF5
1660415353, , 33.5526, -117.2969, 14675, 97, 374, GLF5, , , , , GLF5
1660415356, , 33.5519, -117.2906, 14775, 97, 376, GLF5, , , , , GLF5
1660415362, , 33.5506, -117.2785, 14950, 97, 379, GLF5, , , , , GLF5
1660415362, , 33.5506, -117.2785, 14950, 97, 379, GLF5, , , , , GLF5
1660415365, , 33.55, -117.2724, 15050, 97, 380, GLF5, , , , , GLF5
1660415365, , 33.55, -117.2724, 15050, 97, 380, GLF5, , , , , GLF5
1660415368, , 33.5493, -117.266, 15125, 97, 381, GLF5, , , , , GLF5
1660415368, , 33.5493, -117.266, 15125, 97, 381, GLF5, , , , , GLF5
1660415374, , 33.5479, -117.2535, 15325, 97, 383, GLF5, , , , , GLF5
1660415377, , 33.5473, -117.2472, 15425, 97, 383, GLF5, , , , , GLF5
1660415377, , 33.5473, -117.2472, 15425, 97, 383, GLF5, , , , , GLF5
1660415380, , 33.5469, -117.2439, 15525, 97, 384, GLF5, , , , , GLF5
1660415380, , 33.5469, -117.2439, 15525, 97, 384, GLF5, , , , , GLF5
1660422396, , 33.1355, -117.2353, 975, 258, 118, GLF5, , , , , GLF5
1660422396, , 33.1355, -117.2353, 975, 258, 118, GLF5, , , , , GLF5
1660422402, , 33.1349, -117.2391, 875, 259, 117, GLF5, , , , , GLF5
1660422402, , 33.1349, -117.2391, 875, 259, 117, GLF5, , , , , GLF5
1660422405, , 33.1345, -117.241, 850, 259, 117, GLF5, , , , , GLF5
1660422405, , 33.1345, -117.241, 850, 259, 117, GLF5, , , , , GLF5
1660422408, , 33.1343, -117.2428, 825, 259, 118, GLF5, , , , , GLF5
1660422411, , 33.1339, -117.2448, 800, 258, 117, GLF5, , , , , GLF5
1660422411, , 33.1339, -117.2448, 800, 258, 117, GLF5, , , , , GLF5
1660422415, , 33.1335, -117.2473, 775, 258, 117, GLF5, , , , , GLF5
1660422415, , 33.1335, -117.2473, 775, 258, 117, GLF5, , , , , GLF5
1660422419, , 33.1331, -117.2496, 725, 259, 119, GLF5, , , , , GLF5
1660422419, , 33.1331, -117.2496, 725, 259, 119, GLF5, , , , , GLF5
1660422423, , 33.1327, -117.2525, 675, 258, 115, GLF5, , , , , GLF5
1660422428, , 33.1321, -117.2557, 625, 259, 117, GLF5, , , , , GLF5
1660422428, , 33.1321, -117.2557, 625, 259, 117, GLF5, , , , , GLF5
1660422432, , 33.1318, -117.2576, 575, 259, 115, GLF5, , , , , GLF5
1660422432, , 33.1318, -117.2576, 575, 259, 115, GLF5, , , , , GLF5
1660422436, , 33.1313, -117.2609, 525, 260, 116, GLF5, , , , , GLF5
1660422436, , 33.1313, -117.2609, 525, 260, 116, GLF5, , , , , GLF5
1660422441, , 33.1309, -117.2639, 475, 259, 118, GLF5, , , , , GLF5
1660422445, , 33.1305, -117.2661, 425, 259, 119, GLF5, , , , , GLF5
1660422445, , 33.1305, -117.2661, 425, 259, 119, GLF5, , , , , GLF5
1660422445, , 33.1305, -117.2661, 425, 259, 119, GLF5, , , , , GLF5
1660422445, , 33.1305, -117.2661, 425, 259, 119, GLF5, , , , , GLF5
1660422450, , 33.13, -117.2696, 375, 259, 119, GLF5, , , , , GLF5
1660422450, , 33.13, -117.2696, 375, 259, 119, GLF5, , , , , GLF5
1660422458, , 33.1292, -117.2742, 275, 258, 113, GLF5, , , , , GLF5
1660422458, , 33.1292, -117.2742, 275, 258, 113, GLF5, , , , , GLF5
1660422458, , 33.1292, -117.2742, 275, 258, 113, GLF5, , , , , GLF5
1660422466, , 33.1284, -117.2788, 275, 259, 119, GLF5, , , , , GLF5
1660422466, , 33.1284, -117.2788, 275, 259, 119, GLF5, , , , , GLF5
1660422466, , 33.1284, -117.2788, 275, 259, 119, GLF5, , , , , GLF5
1660422466, , 33.1284, -117.2788, 275, 259, 119, GLF5, , , , , GLF5
1660422471, , 33.1282, -117.2807, 275, 259, 119, GLF5, , , , , GLF5
1660422475, , 33.128, -117.2819, 0, 258, 33, GLF5, , , , , GLF5
1660422475, , 33.128, -117.2819, 0, 258, 33, GLF5, , , , , GLF5
1660422475, , 33.128, -117.2819, 0, 258, 33, GLF5, , , , , GLF5
1660422475, , 33.128, -117.2819, 0, 258, 33, GLF5, , , , , GLF5
1660422484, , 33.1277, -117.2825, 0, 222, 9, GLF5, , , , , GLF5
1660422484, , 33.1277, -117.2825, 0, 222, 9, GLF5, , , , , GLF5
1660422484, , 33.1277, -117.2825, 0, 222, 9, GLF5, , , , , GLF5
1660422484, , 33.1277, -117.2825, 0, 222, 9, GLF5, , , , , GLF5
1660422484, , 33.1277, -117.2825, 0, 222, 9, GLF5, , , , , GLF5
1660422497, , 33.1273, -117.2827, 0, 194, 7, GLF5, , , , , GLF5
1660422497, , 33.1273, -117.2827, 0, 194, 7, GLF5, , , , , GLF5
1660422501, , 33.1272, -117.2827, 0, 174, 7, GLF5, , , , , GLF5
1660422501, , 33.1272, -117.2827, 0, 174, 7, GLF5, , , , , GLF5
1660422503, , 33.1271, -117.2826, 0, 157, 7, GLF5, , , , , GLF5
1660422503, , 33.1271, -117.2826, 0, 157, 7, GLF5, , , , , GLF5
1660422503, , 33.1271, -117.2826, 0, 157, 7, GLF5, , , , , GLF5
1660422503, , 33.1271, -117.2826, 0, 157, 7, GLF5, , , , , GLF5
1660422503, , 33.1271, -117.2826, 0, 157, 7, GLF5, , , , , GLF5
1660422503, , 33.1271, -117.2826, 0, 157, 7, GLF5, , , , , GLF5
1660422503, , 33.1271, -117.2826, 0, 157, 7, GLF5, , , , , GLF5
1660422503, , 33.1271, -117.2826, 0, 157, 7, GLF5, , , , , GLF5
1660422503, , 33.1271, -117.2826, 0, 157, 7, GLF5, , , , , GLF5
1660422503, , 33.1271, -117.2826, 0, 157, 7, GLF5, , , , , GLF5
1660422503, , 33.1271, -117.2826, 0, 157, 7, GLF5, , , , , GLF5
1660422503, , 33.1271, -117.2826, 0, 157, 7, GLF5, , , , , GLF5
1660422503, , 33.1271, -117.2826, 0, 157, 7, GLF5, , , , , GLF5
1660422503, , 33.1271, -117.2826, 0, 157, 7, GLF5, , , , , GLF5
1660422503, , 33.1271, -117.2826, 0, 157, 7, GLF5, , , , , GLF5
1660422503, , 33.1271, -117.2826, 0, 157, 7, GLF5, , , , , GLF5
1660422503, , 33.1271, -117.2826, 0, 157, 7, GLF5, , , , , GLF5
1660422544, , 33.1273, -117.2806, 0, 78, 12, GLF5, , , , , GLF5
1660422544, , 33.1273, -117.2806, 0, 78, 12, GLF5, , , , , GLF5
1660422548, , 33.1274, -117.2803, 0, 78, 13, GLF5, , , , , GLF5
1660422548, , 33.1274, -117.2803, 0, 78, 13, GLF5, , , , , GLF5
1660422552, , 33.1274, -117.28, 0, 78, 14, GLF5, , , , , GLF5
1660422552, , 33.1274, -117.28, 0, 78, 14, GLF5, , , , , GLF5
1660422552, , 33.1274, -117.28, 0, 78, 14, GLF5, , , , , GLF5
1660422552, , 33.1274, -117.28, 0, 78, 14, GLF5, , , , , GLF5
1660422552, , 33.1274, -117.28, 0, 78, 14, GLF5, , , , , GLF5
1660422552, , 33.1274, -117.28, 0, 78, 14, GLF5, , , , , GLF5
1660422552, , 33.1274, -117.28, 0, 78, 14, GLF5, , , , , GLF5
1660422552, , 33.1274, -117.28, 0, 78, 14, GLF5, , , , , GLF5
1660422552, , 33.1274, -117.28, 0, 78, 14, GLF5, , , , , GLF5
1660422552, , 33.1274, -117.28, 0, 78, 14, GLF5, , , , , GLF5
1660422552, , 33.1274, -117.28, 0, 78, 14, GLF5, , , , , GLF5
1660422552, , 33.1274, -117.28, 0, 78, 14, GLF5, , , , , GLF5
1660422552, , 33.1274, -117.28, 0, 78, 14, GLF5, , , , , GLF5
1660422552, , 33.1274, -117.28, 0, 78, 14, GLF5, , , , , GLF5
1660422552, , 33.1274, -117.28, 0, 78, 14, GLF5, , , , , GLF5
1660422552, , 33.1274, -117.28, 0, 78, 14, GLF5, , , , , GLF5
1660422552, , 33.1274, -117.28, 0, 78, 14, GLF5, , , , , GLF5
1660422591, , 33.1278, -117.278, 0, 78, 7, GLF5, , , , , GLF5
1660422591, , 33.1278, -117.278, 0, 78, 7, GLF5, , , , , GLF5
1660422598, , 33.1278, -117.2777, 0, 81, 7, GLF5, , , , , GLF5
1660422598, , 33.1278, -117.2777, 0, 81, 7, GLF5, , , , , GLF5
1660422602, , 33.1279, -117.2775, 0, 81, 7, GLF5, , , , , GLF5
1660422606, , 33.1279, -117.2774, 0, 81, 8, GLF5, , , , , GLF5
1660422606, , 33.1279, -117.2774, 0, 81, 8, GLF5, , , , , GLF5
1660422608, , 33.1279, -117.2773, 0, 81, 8, GLF5, , , , , GLF5
1660422608, , 33.1279, -117.2773, 0, 81, 8, GLF5, , , , , GLF5
1660422613, , 33.1279, -117.2771, 0, 78, 6, GLF5, , , , , GLF5
1660422613, , 33.1279, -117.2771, 0, 78, 6, GLF5, , , , , GLF5
1660422613, , 33.1279, -117.2771, 0, 78, 6, GLF5, , , , , GLF5
1660422621, , 33.1279, -117.2769, 0, 87, 4, GLF5, , , , , GLF5
1660422621, , 33.1279, -117.2769, 0, 87, 4, GLF5, , , , , GLF5
1660422626, , 33.1279, -117.2768, 0, 112, 4, GLF5, , , , , GLF5
1660422626, , 33.1279, -117.2768, 0, 112, 4, GLF5, , , , , GLF5
1660422626, , 33.1279, -117.2768, 0, 112, 4, GLF5, , , , , GLF5
1660422626, , 33.1279, -117.2768, 0, 112, 4, GLF5, , , , , GLF5
1660422632, , 33.1278, -117.2768, 0, 143, 3, GLF5, , , , , GLF5
1660422632, , 33.1278, -117.2768, 0, 143, 3, GLF5, , , , , GLF5
1660422632, , 33.1278, -117.2768, 0, 143, 3, GLF5, , , , , GLF5
1660422641, , 33.1276, -117.2767, 0, 165, 5, GLF5, , , , , GLF5
1660422641, , 33.1276, -117.2767, 0, 165, 5, GLF5, , , , , GLF5
1660422642, , 33.1276, -117.2767, 0, 165, 5, GLF5, , , , , GLF5
1660422642, , 33.1276, -117.2767, 0, 165, 5, GLF5, , , , , GLF5
1660422649, , 33.1275, -117.2767, 0, 168, 5, GLF5, , , , , GLF5
1660422653, , 33.1274, -117.2767, 0, 168, 4, GLF5, , , , , GLF5
1660422653, , 33.1274, -117.2767, 0, 168, 4, GLF5, , , , , GLF5
1660422656, , 33.1273, -117.2767, 0, 168, 4, GLF5, , , , , GLF5
1660422656, , 33.1273, -117.2767, 0, 168, 4, GLF5, , , , , GLF5
1660422661, , 33.1272, -117.2766, 0, 168, 5, GLF5, , , , , GLF5
1660422661, , 33.1272, -117.2766, 0, 168, 5, GLF5, , , , , GLF5
1660422665, , 33.1271, -117.2766, 0, 168, 6, GLF5, , , , , GLF5
1660422667, , 33.127, -117.2766, 0, 168, 6, GLF5, , , , , GLF5
1660422667, , 33.127, -117.2766, 0, 168, 6, GLF5, , , , , GLF5
1660422667, , 33.127, -117.2766, 0, 168, 6, GLF5, , , , , GLF5
1660422675, , 33.1268, -117.2765, 0, 168, 7, GLF5, , , , , GLF5
1660422675, , 33.1268, -117.2765, 0, 168, 7, GLF5, , , , , GLF5
1660422681, , 33.1267, -117.2765, 0, 168, 5, GLF5, , , , , GLF5
1660422681, , 33.1267, -117.2765, 0, 168, 5, GLF5, , , , , GLF5
1660422685, , 33.1266, -117.2765, 0, 174, 5, GLF5, , , , , GLF5
1660422687, , 33.1265, -117.2765, 0, 182, 5, GLF5, , , , , GLF5
1660422687, , 33.1265, -117.2765, 0, 182, 5, GLF5, , , , , GLF5
1660422693, , 33.1264, -117.2766, 0, 210, 3, GLF5, , , , , GLF5
1660422693, , 33.1264, -117.2766, 0, 210, 3, GLF5, , , , , GLF5
1660422693, , 33.1264, -117.2766, 0, 210, 3, GLF5, , , , , GLF5
1660422693, , 33.1264, -117.2766, 0, 210, 3, GLF5, , , , , GLF5
1660422693, , 33.1264, -117.2766, 0, 210, 3, GLF5, , , , , GLF5
1660422693, , 33.1264, -117.2766, 0, 210, 3, GLF5, , , , , GLF5
1660422702, , 33.1264, -117.2767, 0, 225, 2, GLF5, , , , , GLF5
1660422702, , 33.1264, -117.2767, 0, 225, 2, GLF5, , , , , GLF5
1660422702, , 33.1264, -117.2767, 0, 225, 2, GLF5, , , , , GLF5
1660422702, , 33.1264, -117.2767, 0, 225, 2, GLF5, , , , , GLF5
1660422702, , 33.1264, -117.2767, 0, 225, 2, GLF5, , , , , GLF5
1660422702, , 33.1264, -117.2767, 0, 225, 2, GLF5, , , , , GLF5
1660422702, , 33.1264, -117.2767, 0, 225, 2, GLF5, , , , , GLF5
1660422702, , 33.1264, -117.2767, 0, 225, 2, GLF5, , , , , GLF5
1660422723, , 33.1263, -117.2768, 0, 227, 0, GLF5, , , , , GLF5
1660422723, , 33.1263, -117.2768, 0, 227, 0, GLF5, , , , , GLF5
1660422723, , 33.1263, -117.2768, 0, 227, 0, GLF5, , , , , GLF5
1660422723, , 33.1263, -117.2768, 0, 227, 0, GLF5, , , , , GLF5
1660422723, , 33.1263, -117.2768, 0, 227, 0, GLF5, , , , , GLF5
1660422723, , 33.1263, -117.2768, 0, 227, 0, GLF5, , , , , GLF5
1660422723, , 33.1263, -117.2768, 0, 227, 0, GLF5, , , , , GLF5
1660422723, , 33.1263, -117.2768, 0, 227, 0, GLF5, , , , , GLF5
1660422723, , 33.1263, -117.2768, 0, 227, 0, GLF5, , , , , GLF5
1660422723, , 33.1263, -117.2768, 0, 227, 0, GLF5, , , , , GLF5
1660422723, , 33.1263, -117.2768, 0, 227, 0, GLF5, , , , , GLF5
1660422723, , 33.1263, -117.2768, 0, 227, 0, GLF5, , , , , GLF5
1660422723, , 33.1263, -117.2768, 0, 227, 0, GLF5, , , , , GLF5
1660422723, , 33.1263, -117.2768, 0, 227, 0, GLF5, , , , , GLF5
1660422723, , 33.1263, -117.2768, 0, 227, 0, GLF5, , , , , GLF5
1660422723, , 33.1263, -117.2768, 0, 227, 0, GLF5, , , , , GLF5
1660422723, , 33.1263, -117.2768, 0, 227, 0, GLF5, , , , , GLF5
1660422723, , 33.1263, -117.2768, 0, 227, 0, GLF5, , , , , GLF5
1660422723, , 33.1263, -117.2768, 0, 227, 0, GLF5, , , , , GLF5
1660422723, , 33.1263, -117.2768, 0, 227, 0, GLF5, , , , , GLF5
1660422723, , 33.1263, -117.2768, 0, 227, 0, GLF5, , , , , GLF5
1660422723, , 33.1263, -117.2768, 0, 227, 0, GLF5, , , , , GLF5
1660422723, , 33.1263, -117.2768, 0, 227, 0, GLF5, , , , , GLF5
1660422723, , 33.1263, -117.2768, 0, 227, 0, GLF5, , , , , GLF5
1660422723, , 33.1263, -117.2768, 0, 227, 0, GLF5, , , , , GLF5
1660422723, , 33.1263, -117.2768, 0, 227, 0, GLF5, , , , , GLF5
1660422723, , 33.1263, -117.2768, 0, 227, 0, GLF5, , , , , GLF5
1660422723, , 33.1263, -117.2768, 0, 227, 0, GLF5, , , , , GLF5
1660422723, , 33.1263, -117.2768, 0, 227, 0, GLF5, , , , , GLF5
1660422723, , 33.1263, -117.2768, 0, 227, 0, GLF5, , , , , GLF5
1660422723, , 33.1263, -117.2768, 0, 227, 0, GLF5, , , , , GLF5
1660422723, , 33.1263, -117.2768, 0, 227, 0, GLF5, , , , , GLF5
1660422723, , 33.1263, -117.2768, 0, 227, 0, GLF5, , , , , GLF5
1660422723, , 33.1263, -117.2768, 0, 227, 0, GLF5, , , , , GLF5
1660422723, , 33.1263, -117.2768, 0, 227, 0, GLF5, , , , , GLF5
1660422723, , 33.1263, -117.2768, 0, 227, 0, GLF5, , , , , GLF5
1660422723, , 33.1263, -117.2768, 0, 227, 0, GLF5, , , , , GLF5
1660422723, , 33.1263, -117.2768, 0, 227, 0, GLF5, , , , , GLF5
