//Timestamp, ICAO, Latitude_deg, Longitude_deg, Altitude_ft, Heading_deg, GroundSpeed_kts, AircraftType, RegistrationNum, Departure, Arrival, FlightNumber1, FlightNumber2
1660425146, , 33.1352, -117.2371, 950, 258, 116, GLF6, , , , , GLF6
1660425146, , 33.1352, -117.2371, 950, 258, 116, GLF6, , , , , GLF6
1660425149, , 33.1349, -117.239, 925, 258, 117, GLF6, , , , , GLF6
1660425149, , 33.1349, -117.239, 925, 258, 117, GLF6, , , , , GLF6
1660425152, , 33.1346, -117.2405, 900, 259, 118, GLF6, , , , , GLF6
1660425155, , 33.1343, -117.2428, 850, 259, 117, GLF6, , , , , GLF6
1660425155, , 33.1343, -117.2428, 850, 259, 117, GLF6, , , , , GLF6
1660425161, , 33.1336, -117.2467, 800, 259, 119, GLF6, , , , , GLF6
1660425161, , 33.1336, -117.2467, 800, 259, 119, GLF6, , , , , GLF6
1660425164, , 33.1333, -117.2486, 750, 259, 118, GLF6, , , , , GLF6
1660425167, , 33.1331, -117.2505, 725, 259, 118, GLF6, , , , , GLF6
1660425167, , 33.1331, -117.2505, 725, 259, 118, GLF6, , , , , GLF6
1660425173, , 33.1326, -117.2535, 675, 259, 118, GLF6, , , , , GLF6
1660425173, , 33.1326, -117.2535, 675, 259, 118, GLF6, , , , , GLF6
1660425176, , 33.1322, -117.2563, 625, 259, 116, GLF6, , , , , GLF6
1660425176, , 33.1322, -117.2563, 625, 259, 116, GLF6, , , , , GLF6
1660425179, , 33.1318, -117.2582, 600, 259, 116, GLF6, , , , , GLF6
1660425183, , 33.1315, -117.2606, 550, 259, 116, GLF6, , , , , GLF6
1660425183, , 33.1315, -117.2606, 550, 259, 116, GLF6, , , , , GLF6
1660425190, , 33.1308, -117.2649, 475, 258, 117, GLF6, , , , , GLF6
1660425190, , 33.1308, -117.2649, 475, 258, 117, GLF6, , , , , GLF6
1660425193, , 33.1306, -117.2659, 450, 258, 119, GLF6, , , , , GLF6
1660425193, , 33.1306, -117.2659, 450, 258, 119, GLF6, , , , , GLF6
1660425197, , 33.1304, -117.2671, 400, 258, 119, GLF6, , , , , GLF6
1660425201, , 33.1298, -117.2705, 400, 258, 119, GLF6, , , , , GLF6
1660425201, , 33.1298, -117.2705, 400, 258, 119, GLF6, , , , , GLF6
1660425205, , 33.1294, -117.2734, 325, 258, 119, GLF6, , , , , GLF6
1660425205, , 33.1294, -117.2734, 325, 258, 119, GLF6, , , , , GLF6
1660425205, , 33.1294, -117.2734, 325, 258, 119, GLF6, , , , , GLF6
1660425205, , 33.1294, -117.2734, 325, 258, 119, GLF6, , , , , GLF6
1660425211, , 33.1286, -117.2781, 275, 259, 105, GLF6, , , , , GLF6
1660425217, , 33.1281, -117.2809, 300, 259, 80, GLF6, , , , , GLF6
1660425217, , 33.1281, -117.2809, 300, 259, 80, GLF6, , , , , GLF6
1660425217, , 33.1281, -117.2809, 300, 259, 80, GLF6, , , , , GLF6
1660425217, , 33.1281, -117.2809, 300, 259, 80, GLF6, , , , , GLF6
1660425224, , 33.1277, -117.2833, 0, 255, 45, GLF6, , , , , GLF6
1660425224, , 33.1277, -117.2833, 0, 255, 45, GLF6, , , , , GLF6
1660425228, , 33.1276, -117.2844, 0, 258, 39, GLF6, , , , , GLF6
1660425228, , 33.1276, -117.2844, 0, 258, 39, GLF6, , , , , GLF6
1660425228, , 33.1276, -117.2844, 0, 258, 39, GLF6, , , , , GLF6
1660425228, , 33.1276, -117.2844, 0, 258, 39, GLF6, , , , , GLF6
1660425228, , 33.1276, -117.2844, 0, 258, 39, GLF6, , , , , GLF6
1660425242, , 33.1272, -117.2867, 0, 258, 23, GLF6, , , , , GLF6
1660425242, , 33.1272, -117.2867, 0, 258, 23, GLF6, , , , , GLF6
1660425244, , 33.1272, -117.2869, 0, 258, 19, GLF6, , , , , GLF6
1660425244, , 33.1272, -117.2869, 0, 258, 19, GLF6, , , , , GLF6
1660425244, , 33.1272, -117.2869, 0, 258, 19, GLF6, , , , , GLF6
1660425244, , 33.1272, -117.2869, 0, 258, 19, GLF6, , , , , GLF6
1660425244, , 33.1272, -117.2869, 0, 258, 19, GLF6, , , , , GLF6
1660425257, , 33.1269, -117.2878, 0, 199, 11, GLF6, , , , , GLF6
1660425257, , 33.1269, -117.2878, 0, 199, 11, GLF6, , , , , GLF6
1660425261, , 33.1266, -117.2877, 0, 163, 11, GLF6, , , , , GLF6
1660425261, , 33.1266, -117.2877, 0, 163, 11, GLF6, , , , , GLF6
1660425263, , 33.1265, -117.2877, 0, 146, 10, GLF6, , , , , GLF6
1660425266, , 33.1265, -117.2876, 0, 126, 11, GLF6, , , , , GLF6
1660425266, , 33.1265, -117.2876, 0, 126, 11, GLF6, , , , , GLF6
1660425273, , 33.1263, -117.2871, 0, 92, 13, GLF6, , , , , GLF6
1660425273, , 33.1263, -117.2871, 0, 92, 13, GLF6, , , , , GLF6
1660425273, , 33.1263, -117.2871, 0, 92, 13, GLF6, , , , , GLF6
1660425273, , 33.1263, -117.2871, 0, 92, 13, GLF6, , , , , GLF6
1660425282, , 33.1264, -117.2864, 0, 78, 15, GLF6, , , , , GLF6
1660425285, , 33.1264, -117.2862, 0, 78, 16, GLF6, , , , , GLF6
1660425285, , 33.1264, -117.2862, 0, 78, 16, GLF6, , , , , GLF6
1660425290, , 33.1265, -117.2857, 0, 78, 18, GLF6, , , , , GLF6
1660425290, , 33.1265, -117.2857, 0, 78, 18, GLF6, , , , , GLF6
1660425293, , 33.1266, -117.2854, 0, 78, 18, GLF6, , , , , GLF6
1660425298, , 33.1267, -117.2849, 0, 78, 19, GLF6, , , , , GLF6
1660425298, , 33.1267, -117.2849, 0, 78, 19, GLF6, , , , , GLF6
1660425300, , 33.1267, -117.2846, 0, 78, 19, GLF6, , , , , GLF6
1660425300, , 33.1267, -117.2846, 0, 78, 19, GLF6, , , , , GLF6
1660425300, , 33.1267, -117.2846, 0, 78, 19, GLF6, , , , , GLF6
1660425300, , 33.1267, -117.2846, 0, 78, 19, GLF6, , , , , GLF6
1660425309, , 33.1269, -117.2837, 0, 78, 19, GLF6, , , , , GLF6
1660425309, , 33.1269, -117.2837, 0, 78, 19, GLF6, , , , , GLF6
1660425309, , 33.1269, -117.2837, 0, 78, 19, GLF6, , , , , GLF6
1660425318, , 33.127, -117.2828, 0, 78, 18, GLF6, , , , , GLF6
1660425318, , 33.127, -117.2828, 0, 78, 18, GLF6, , , , , GLF6
1660425320, , 33.1271, -117.2825, 0, 78, 17, GLF6, , , , , GLF6
1660425320, , 33.1271, -117.2825, 0, 78, 17, GLF6, , , , , GLF6
1660425320, , 33.1271, -117.2825, 0, 78, 17, GLF6, , , , , GLF6
1660425320, , 33.1271, -117.2825, 0, 78, 17, GLF6, , , , , GLF6
1660425320, , 33.1271, -117.2825, 0, 78, 17, GLF6, , , , , GLF6
1660425320, , 33.1271, -117.2825, 0, 78, 17, GLF6, , , , , GLF6
1660425320, , 33.1271, -117.2825, 0, 78, 17, GLF6, , , , , GLF6
1660425320, , 33.1271, -117.2825, 0, 78, 17, GLF6, , , , , GLF6
1660425320, , 33.1271, -117.2825, 0, 78, 17, GLF6, , , , , GLF6
1660425320, , 33.1271, -117.2825, 0, 78, 17, GLF6, , , , , GLF6
1660425320, , 33.1271, -117.2825, 0, 78, 17, GLF6, , , , , GLF6
1660425345, , 33.1274, -117.2802, 0, 78, 19, GLF6, , , , , GLF6
1660425348, , 33.1275, -117.2799, 0, 78, 17, GLF6, , , , , GLF6
1660425348, , 33.1275, -117.2799, 0, 78, 17, GLF6, , , , , GLF6
1660425348, , 33.1275, -117.2799, 0, 78, 17, GLF6, , , , , GLF6
1660425348, , 33.1275, -117.2799, 0, 78, 17, GLF6, , , , , GLF6
1660425357, , 33.1276, -117.2791, 0, 78, 16, GLF6, , , , , GLF6
1660425357, , 33.1276, -117.2791, 0, 78, 16, GLF6, , , , , GLF6
1660425357, , 33.1276, -117.2791, 0, 78, 16, GLF6, , , , , GLF6
1660425357, , 33.1276, -117.2791, 0, 78, 16, GLF6, , , , , GLF6
1660425357, , 33.1276, -117.2791, 0, 78, 16, GLF6, , , , , GLF6
1660425368, , 33.1278, -117.2781, 0, 78, 15, GLF6, , , , , GLF6
1660425368, , 33.1278, -117.2781, 0, 78, 15, GLF6, , , , , GLF6
1660425371, , 33.1278, -117.2779, 0, 78, 14, GLF6, , , , , GLF6
1660425371, , 33.1278, -117.2779, 0, 78, 14, GLF6, , , , , GLF6
1660425377, , 33.1279, -117.2775, 0, 78, 11, GLF6, , , , , GLF6
1660425381, , 33.1279, -117.2772, 0, 78, 9, GLF6, , , , , GLF6
1660425381, , 33.1279, -117.2772, 0, 78, 9, GLF6, , , , , GLF6
1660425383, , 33.1279, -117.2771, 0, 81, 8, GLF6, , , , , GLF6
1660425383, , 33.1279, -117.2771, 0, 81, 8, GLF6, , , , , GLF6
1660425386, , 33.1279, -117.277, 0, 87, 6, GLF6, , , , , GLF6
1660425386, , 33.1279, -117.277, 0, 87, 6, GLF6, , , , , GLF6
1660425390, , 33.1279, -117.2769, 0, 112, 5, GLF6, , , , , GLF6
1660425397, , 33.1278, -117.2768, 0, 151, 5, GLF6, , , , , GLF6
1660425397, , 33.1278, -117.2768, 0, 151, 5, GLF6, , , , , GLF6
1660425401, , 33.1277, -117.2767, 0, 163, 5, GLF6, , , , , GLF6
1660425401, , 33.1277, -117.2767, 0, 163, 5, GLF6, , , , , GLF6
1660425405, , 33.1276, -117.2767, 0, 165, 5, GLF6, , , , , GLF6
1660425405, , 33.1276, -117.2767, 0, 165, 5, GLF6, , , , , GLF6
1660425409, , 33.1275, -117.2767, 0, 168, 5, GLF6, , , , , GLF6
1660425413, , 33.1274, -117.2767, 0, 168, 5, GLF6, , , , , GLF6
1660425413, , 33.1274, -117.2767, 0, 168, 5, GLF6, , , , , GLF6
1660425417, , 33.1273, -117.2766, 0, 168, 6, GLF6, , , , , GLF6
1660425417, , 33.1273, -117.2766, 0, 168, 6, GLF6, , , , , GLF6
1660425421, , 33.1272, -117.2766, 0, 168, 6, GLF6, , , , , GLF6
1660425421, , 33.1272, -117.2766, 0, 168, 6, GLF6, , , , , GLF6
1660425423, , 33.1271, -117.2766, 0, 168, 7, GLF6, , , , , GLF6
1660425428, , 33.127, -117.2766, 0, 168, 8, GLF6, , , , , GLF6
1660425428, , 33.127, -117.2766, 0, 168, 8, GLF6, , , , , GLF6
1660425433, , 33.1268, -117.2765, 0, 168, 7, GLF6, , , , , GLF6
1660425433, , 33.1268, -117.2765, 0, 168, 7, GLF6, , , , , GLF6
1660425437, , 33.1267, -117.2765, 0, 177, 5, GLF6, , , , , GLF6
1660425437, , 33.1267, -117.2765, 0, 177, 5, GLF6, , , , , GLF6
1660425439, , 33.1267, -117.2765, 0, 182, 5, GLF6, , , , , GLF6
1660425443, , 33.1266, -117.2765, 0, 202, 4, GLF6, , , , , GLF6
1660425443, , 33.1266, -117.2765, 0, 202, 4, GLF6, , , , , GLF6
1660425449, , 33.1265, -117.2766, 0, 222, 5, GLF6, , , , , GLF6
1660425449, , 33.1265, -117.2766, 0, 222, 5, GLF6, , , , , GLF6
1660425449, , 33.1265, -117.2766, 0, 222, 5, GLF6, , , , , GLF6
1660425449, , 33.1265, -117.2766, 0, 222, 5, GLF6, , , , , GLF6
1660425449, , 33.1265, -117.2766, 0, 222, 5, GLF6, , , , , GLF6
1660425460, , 33.1263, -117.2768, 0, 227, 4, GLF6, , , , , GLF6
1660425460, , 33.1263, -117.2768, 0, 227, 4, GLF6, , , , , GLF6
1660425460, , 33.1263, -117.2768, 0, 227, 4, GLF6, , , , , GLF6
1660425460, , 33.1263, -117.2768, 0, 227, 4, GLF6, , , , , GLF6
1660425460, , 33.1263, -117.2768, 0, 227, 4, GLF6, , , , , GLF6
1660425460, , 33.1263, -117.2768, 0, 227, 4, GLF6, , , , , GLF6
1660425460, , 33.1263, -117.2768, 0, 227, 4, GLF6, , , , , GLF6
1660425460, , 33.1263, -117.2768, 0, 227, 4, GLF6, , , , , GLF6
1660425460, , 33.1263, -117.2768, 0, 227, 4, GLF6, , , , , GLF6
1660425460, , 33.1263, -117.2768, 0, 227, 4, GLF6, , , , , GLF6
1660425460, , 33.1263, -117.2768, 0, 227, 4, GLF6, , , , , GLF6
1660425460, , 33.1263, -117.2768, 0, 227, 4, GLF6, , , , , GLF6
1660425460, , 33.1263, -117.2768, 0, 227, 4, GLF6, , , , , GLF6
1660425460, , 33.1263, -117.2768, 0, 227, 4, GLF6, , , , , GLF6
1660425460, , 33.1263, -117.2768, 0, 227, 4, GLF6, , , , , GLF6
1660425460, , 33.1263, -117.2768, 0, 227, 4, GLF6, , , , , GLF6
1660425460, , 33.1263, -117.2768, 0, 227, 4, GLF6, , , , , GLF6
1660425460, , 33.1263, -117.2768, 0, 227, 4, GLF6, , , , , GLF6
1660425460, , 33.1263, -117.2768, 0, 227, 4, GLF6, , , , , GLF6
1660425460, , 33.1263, -117.2768, 0, 227, 4, GLF6, , , , , GLF6
1660425460, , 33.1263, -117.2768, 0, 227, 4, GLF6, , , , , GLF6
1660425460, , 33.1263, -117.2768, 0, 227, 4, GLF6, , , , , GLF6
1660425460, , 33.1263, -117.2768, 0, 227, 4, GLF6, , , , , GLF6
1660425460, , 33.1263, -117.2768, 0, 227, 4, GLF6, , , , , GLF6
1660425460, , 33.1263, -117.2768, 0, 227, 4, GLF6, , , , , GLF6
1660425460, , 33.1263, -117.2768, 0, 227, 4, GLF6, , , , , GLF6
1660425460, , 33.1263, -117.2768, 0, 227, 4, GLF6, , , , , GLF6
1660425460, , 33.1263, -117.2768, 0, 227, 4, GLF6, , , , , GLF6
1660425460, , 33.1263, -117.2768, 0, 227, 4, GLF6, , , , , GLF6
1660425460, , 33.1263, -117.2768, 0, 227, 4, GLF6, , , , , GLF6
1660425460, , 33.1263, -117.2768, 0, 227, 4, GLF6, , , , , GLF6
1660425460, , 33.1263, -117.2768, 0, 227, 4, GLF6, , , , , GLF6
1660425460, , 33.1263, -117.2768, 0, 227, 4, GLF6, , , , , GLF6
1660425460, , 33.1263, -117.2768, 0, 227, 4, GLF6, , , , , GLF6
1660425460, , 33.1263, -117.2768, 0, 227, 4, GLF6, , , , , GLF6
1660425460, , 33.1263, -117.2768, 0, 227, 4, GLF6, , , , , GLF6
1660425460, , 33.1263, -117.2768, 0, 227, 4, GLF6, , , , , GLF6
1660425460, , 33.1263, -117.2768, 0, 227, 4, GLF6, , , , , GLF6
