//Timestamp, ICAO, Latitude_deg, Longitude_deg, Altitude_ft, Heading_deg, GroundSpeed_kts, AircraftType, RegistrationNum, Departure, Arrival, FlightNumber1, FlightNumber2
1660402925, , 33.668, -117.8721, 0, 39, 9, GLF4, , , , , GLF4
1660402930, , 33.6682, -117.8719, 0, 39, 9, GLF4, , , , , GLF4
1660402930, , 33.6682, -117.8719, 0, 39, 9, GLF4, , , , , GLF4
1660402933, , 33.6683, -117.8718, 0, 39, 9, GLF4, , , , , GLF4
1660402933, , 33.6683, -117.8718, 0, 39, 9, GLF4, , , , , GLF4
1660402937, , 33.6684, -117.8717, 0, 39, 9, GLF4, , , , , GLF4
1660402937, , 33.6684, -117.8717, 0, 39, 9, GLF4, , , , , GLF4
1660402942, , 33.6686, -117.8715, 0, 42, 10, GLF4, , , , , GLF4
1660402942, , 33.6686, -117.8715, 0, 42, 10, GLF4, , , , , GLF4
1660402945, , 33.6687, -117.8714, 0, 42, 10, GLF4, , , , , GLF4
1660402949, , 33.6688, -117.8713, 0, 39, 11, GLF4, , , , , GLF4
1660402949, , 33.6688, -117.8713, 0, 39, 11, GLF4, , , , , GLF4
1660402951, , 33.6689, -117.8711, 0, 39, 11, GLF4, , , , , GLF4
1660402951, , 33.6689, -117.8711, 0, 39, 11, GLF4, , , , , GLF4
1660402956, , 33.6691, -117.871, 0, 39, 11, GLF4, , , , , GLF4
1660402956, , 33.6691, -117.871, 0, 39, 11, GLF4, , , , , GLF4
1660402961, , 33.6693, -117.8708, 0, 42, 11, GLF4, , , , , GLF4
1660402965, , 33.6695, -117.8706, 0, 39, 12, GLF4, , , , , GLF4
1660402965, , 33.6695, -117.8706, 0, 39, 12, GLF4, , , , , GLF4
1660402968, , 33.6696, -117.8704, 0, 39, 12, GLF4, , , , , GLF4
1660402968, , 33.6696, -117.8704, 0, 39, 12, GLF4, , , , , GLF4
1660402974, , 33.6699, -117.8702, 0, 39, 12, GLF4, , , , , GLF4
1660402974, , 33.6699, -117.8702, 0, 39, 12, GLF4, , , , , GLF4
1660402977, , 33.67, -117.87, 0, 42, 13, GLF4, , , , , GLF4
1660402979, , 33.6701, -117.87, 0, 39, 13, GLF4, , , , , GLF4
1660402979, , 33.6701, -117.87, 0, 39, 13, GLF4, , , , , GLF4
1660402984, , 33.6703, -117.8697, 0, 39, 13, GLF4, , , , , GLF4
1660402984, , 33.6703, -117.8697, 0, 39, 13, GLF4, , , , , GLF4
1660402987, , 33.6705, -117.8696, 0, 39, 14, GLF4, , , , , GLF4
1660402987, , 33.6705, -117.8696, 0, 39, 14, GLF4, , , , , GLF4
1660402993, , 33.6708, -117.8692, 0, 39, 14, GLF4, , , , , GLF4
1660402997, , 33.6709, -117.8691, 0, 39, 14, GLF4, , , , , GLF4
1660402997, , 33.6709, -117.8691, 0, 39, 14, GLF4, , , , , GLF4
1660403002, , 33.6712, -117.8688, 0, 36, 14, GLF4, , , , , GLF4
1660403002, , 33.6712, -117.8688, 0, 36, 14, GLF4, , , , , GLF4
1660403005, , 33.6713, -117.8687, 0, 36, 13, GLF4, , , , , GLF4
1660403005, , 33.6713, -117.8687, 0, 36, 13, GLF4, , , , , GLF4
1660403009, , 33.6716, -117.8685, 0, 33, 13, GLF4, , , , , GLF4
1660403009, , 33.6716, -117.8685, 0, 33, 13, GLF4, , , , , GLF4
1660403011, , 33.6716, -117.8685, 0, 30, 12, GLF4, , , , , GLF4
1660403016, , 33.6719, -117.8683, 0, 28, 12, GLF4, , , , , GLF4
1660403016, , 33.6719, -117.8683, 0, 28, 12, GLF4, , , , , GLF4
1660403020, , 33.6721, -117.8682, 0, 28, 11, GLF4, , , , , GLF4
1660403020, , 33.6721, -117.8682, 0, 28, 11, GLF4, , , , , GLF4
1660403025, , 33.6723, -117.868, 0, 28, 11, GLF4, , , , , GLF4
1660403025, , 33.6723, -117.868, 0, 28, 11, GLF4, , , , , GLF4
1660403029, , 33.6725, -117.8679, 0, 28, 11, GLF4, , , , , GLF4
1660403032, , 33.6726, -117.8678, 0, 28, 11, GLF4, , , , , GLF4
1660403032, , 33.6726, -117.8678, 0, 28, 11, GLF4, , , , , GLF4
1660403035, , 33.6728, -117.8677, 0, 33, 12, GLF4, , , , , GLF4
1660403035, , 33.6728, -117.8677, 0, 33, 12, GLF4, , , , , GLF4
1660403041, , 33.673, -117.8674, 0, 47, 12, GLF4, , , , , GLF4
1660403041, , 33.673, -117.8674, 0, 47, 12, GLF4, , , , , GLF4
1660403044, , 33.6731, -117.8673, 0, 47, 12, GLF4, , , , , GLF4
1660403049, , 33.6733, -117.867, 0, 39, 12, GLF4, , , , , GLF4
1660403049, , 33.6733, -117.867, 0, 39, 12, GLF4, , , , , GLF4
1660403054, , 33.6735, -117.8669, 0, 33, 12, GLF4, , , , , GLF4
1660403054, , 33.6735, -117.8669, 0, 33, 12, GLF4, , , , , GLF4
1660403057, , 33.6737, -117.8668, 0, 28, 12, GLF4, , , , , GLF4
1660403057, , 33.6737, -117.8668, 0, 28, 12, GLF4, , , , , GLF4
1660403059, , 33.6737, -117.8667, 0, 28, 12, GLF4, , , , , GLF4
1660403059, , 33.6737, -117.8667, 0, 28, 12, GLF4, , , , , GLF4
1660403065, , 33.6741, -117.8665, 0, 28, 12, GLF4, , , , , GLF4
1660403070, , 33.6743, -117.8664, 0, 25, 12, GLF4, , , , , GLF4
1660403070, , 33.6743, -117.8664, 0, 25, 12, GLF4, , , , , GLF4
1660403072, , 33.6744, -117.8663, 0, 28, 11, GLF4, , , , , GLF4
1660403072, , 33.6744, -117.8663, 0, 28, 11, GLF4, , , , , GLF4
1660403077, , 33.6747, -117.8661, 0, 25, 12, GLF4, , , , , GLF4
1660403077, , 33.6747, -117.8661, 0, 25, 12, GLF4, , , , , GLF4
1660403081, , 33.6748, -117.8661, 0, 25, 12, GLF4, , , , , GLF4
1660403085, , 33.6751, -117.8659, 0, 28, 13, GLF4, , , , , GLF4
1660403085, , 33.6751, -117.8659, 0, 28, 13, GLF4, , , , , GLF4
1660403089, , 33.6753, -117.8657, 0, 28, 14, GLF4, , , , , GLF4
1660403089, , 33.6753, -117.8657, 0, 28, 14, GLF4, , , , , GLF4
1660403092, , 33.6755, -117.8656, 0, 25, 14, GLF4, , , , , GLF4
1660403092, , 33.6755, -117.8656, 0, 25, 14, GLF4, , , , , GLF4
1660403098, , 33.6758, -117.8654, 0, 25, 14, GLF4, , , , , GLF4
1660403101, , 33.676, -117.8653, 0, 25, 14, GLF4, , , , , GLF4
1660403101, , 33.676, -117.8653, 0, 25, 14, GLF4, , , , , GLF4
1660403105, , 33.6762, -117.8652, 0, 25, 14, GLF4, , , , , GLF4
1660403105, , 33.6762, -117.8652, 0, 25, 14, GLF4, , , , , GLF4
1660403110, , 33.6765, -117.865, 0, 28, 14, GLF4, , , , , GLF4
1660403110, , 33.6765, -117.865, 0, 28, 14, GLF4, , , , , GLF4
1660403113, , 33.6766, -117.8649, 0, 25, 14, GLF4, , , , , GLF4
1660403113, , 33.6766, -117.8649, 0, 25, 14, GLF4, , , , , GLF4
1660403117, , 33.6769, -117.8647, 0, 28, 14, GLF4, , , , , GLF4
1660403121, , 33.6771, -117.8646, 0, 25, 14, GLF4, , , , , GLF4
1660403121, , 33.6771, -117.8646, 0, 25, 14, GLF4, , , , , GLF4
1660403124, , 33.6773, -117.8645, 0, 25, 14, GLF4, , , , , GLF4
1660403124, , 33.6773, -117.8645, 0, 25, 14, GLF4, , , , , GLF4
1660403129, , 33.6775, -117.8643, 0, 28, 15, GLF4, , , , , GLF4
1660403129, , 33.6775, -117.8643, 0, 28, 15, GLF4, , , , , GLF4
1660403133, , 33.6778, -117.8642, 0, 28, 14, GLF4, , , , , GLF4
1660403137, , 33.678, -117.864, 0, 28, 14, GLF4, , , , , GLF4
1660403137, , 33.678, -117.864, 0, 28, 14, GLF4, , , , , GLF4
1660403137, , 33.678, -117.864, 0, 28, 14, GLF4, , , , , GLF4
1660403137, , 33.678, -117.864, 0, 28, 14, GLF4, , , , , GLF4
1660403145, , 33.6784, -117.8638, 0, 28, 13, GLF4, , , , , GLF4
1660403145, , 33.6784, -117.8638, 0, 28, 13, GLF4, , , , , GLF4
1660403149, , 33.6787, -117.8636, 0, 28, 12, GLF4, , , , , GLF4
1660403153, , 33.6789, -117.8635, 0, 28, 12, GLF4, , , , , GLF4
1660403153, , 33.6789, -117.8635, 0, 28, 12, GLF4, , , , , GLF4
1660403156, , 33.679, -117.8634, 0, 28, 11, GLF4, , , , , GLF4
1660403156, , 33.679, -117.8634, 0, 28, 11, GLF4, , , , , GLF4
1660403162, , 33.6792, -117.8633, 0, 28, 11, GLF4, , , , , GLF4
1660403162, , 33.6792, -117.8633, 0, 28, 11, GLF4, , , , , GLF4
1660403164, , 33.6793, -117.8632, 0, 28, 11, GLF4, , , , , GLF4
1660403169, , 33.6796, -117.863, 0, 28, 12, GLF4, , , , , GLF4
1660403169, , 33.6796, -117.863, 0, 28, 12, GLF4, , , , , GLF4
1660403173, , 33.6798, -117.8629, 0, 28, 12, GLF4, , , , , GLF4
1660403173, , 33.6798, -117.8629, 0, 28, 12, GLF4, , , , , GLF4
1660403176, , 33.6799, -117.8628, 0, 28, 13, GLF4, , , , , GLF4
1660403176, , 33.6799, -117.8628, 0, 28, 13, GLF4, , , , , GLF4
1660403182, , 33.6803, -117.8627, 0, 8, 12, GLF4, , , , , GLF4
1660403186, , 33.6804, -117.8627, 0, 343, 11, GLF4, , , , , GLF4
1660403186, , 33.6804, -117.8627, 0, 343, 11, GLF4, , , , , GLF4
1660403189, , 33.6805, -117.8629, 0, 320, 10, GLF4, , , , , GLF4
1660403189, , 33.6805, -117.8629, 0, 320, 10, GLF4, , , , , GLF4
1660403193, , 33.6807, -117.8631, 0, 300, 10, GLF4, , , , , GLF4
1660403193, , 33.6807, -117.8631, 0, 300, 10, GLF4, , , , , GLF4
1660403196, , 33.6807, -117.8632, 0, 295, 9, GLF4, , , , , GLF4
1660403200, , 33.6808, -117.8634, 0, 298, 9, GLF4, , , , , GLF4
1660403200, , 33.6808, -117.8634, 0, 298, 9, GLF4, , , , , GLF4
1660403204, , 33.6809, -117.8636, 0, 298, 8, GLF4, , , , , GLF4
1660403204, , 33.6809, -117.8636, 0, 298, 8, GLF4, , , , , GLF4
1660403208, , 33.6809, -117.8637, 0, 298, 8, GLF4, , , , , GLF4
1660403208, , 33.6809, -117.8637, 0, 298, 8, GLF4, , , , , GLF4
1660403208, , 33.6809, -117.8637, 0, 298, 8, GLF4, , , , , GLF4
1660403208, , 33.6809, -117.8637, 0, 298, 8, GLF4, , , , , GLF4
1660403215, , 33.6811, -117.864, 0, 300, 11, GLF4, , , , , GLF4
1660403221, , 33.6813, -117.8644, 0, 300, 14, GLF4, , , , , GLF4
1660403221, , 33.6813, -117.8644, 0, 300, 14, GLF4, , , , , GLF4
1660403225, , 33.6814, -117.8646, 0, 300, 15, GLF4, , , , , GLF4
1660403225, , 33.6814, -117.8646, 0, 300, 15, GLF4, , , , , GLF4
1660403228, , 33.6815, -117.8648, 0, 298, 13, GLF4, , , , , GLF4
1660403228, , 33.6815, -117.8648, 0, 298, 13, GLF4, , , , , GLF4
1660403233, , 33.6816, -117.8651, 0, 298, 7, GLF4, , , , , GLF4
1660403238, , 33.6816, -117.8651, 0, 284, 4, GLF4, , , , , GLF4
1660403238, , 33.6816, -117.8651, 0, 284, 4, GLF4, , , , , GLF4
1660403241, , 33.6816, -117.8652, 0, 250, 4, GLF4, , , , , GLF4
1660403241, , 33.6816, -117.8652, 0, 250, 4, GLF4, , , , , GLF4
1660403246, , 33.6815, -117.8652, 0, 216, 4, GLF4, , , , , GLF4
1660403246, , 33.6815, -117.8652, 0, 216, 4, GLF4, , , , , GLF4
1660403249, , 33.6815, -117.8652, 0, 208, 1, GLF4, , , , , GLF4
1660403253, , 33.6815, -117.8652, 0, 208, 0, GLF4, , , , , GLF4
1660403253, , 33.6815, -117.8652, 0, 208, 0, GLF4, , , , , GLF4
1660403258, , 33.6815, -117.8652, 0, 208, 1, GLF4, , , , , GLF4
1660403258, , 33.6815, -117.8652, 0, 208, 1, GLF4, , , , , GLF4
1660403261, , 33.6814, -117.8652, 0, 208, 4, GLF4, , , , , GLF4
1660403261, , 33.6814, -117.8652, 0, 208, 4, GLF4, , , , , GLF4
1660403266, , 33.6809, -117.8655, 0, 208, 34, GLF4, , , , , GLF4
1660403266, , 33.6809, -117.8655, 0, 208, 34, GLF4, , , , , GLF4
1660403270, , 33.6801, -117.8661, 0, 208, 60, GLF4, , , , , GLF4
1660403273, , 33.679, -117.8668, 0, 208, 84, GLF4, , , , , GLF4
1660403273, , 33.679, -117.8668, 0, 208, 84, GLF4, , , , , GLF4
1660403277, , 33.6775, -117.8678, 0, 208, 100, GLF4, , , , , GLF4
1660403277, , 33.6775, -117.8678, 0, 208, 100, GLF4, , , , , GLF4
1660403277, , 33.6775, -117.8678, 0, 208, 100, GLF4, , , , , GLF4
1660403277, , 33.6775, -117.8678, 0, 208, 100, GLF4, , , , , GLF4
1660403277, , 33.6775, -117.8678, 0, 208, 100, GLF4, , , , , GLF4
1660403287, , 33.6721, -117.8711, 50, 207, 156, GLF4, , , , , GLF4
1660403287, , 33.6721, -117.8711, 50, 207, 156, GLF4, , , , , GLF4
1660403291, , 33.6709, -117.8719, 100, 208, 174, GLF4, , , , , GLF4
1660403291, , 33.6709, -117.8719, 100, 208, 174, GLF4, , , , , GLF4
1660403295, , 33.6664, -117.8748, 250, 208, 180, GLF4, , , , , GLF4
1660403295, , 33.6664, -117.8748, 250, 208, 180, GLF4, , , , , GLF4
1660403300, , 33.6626, -117.8772, 700, 208, 172, GLF4, , , , , GLF4
1660403305, , 33.659, -117.8797, 1050, 208, 169, GLF4, , , , , GLF4
1660403305, , 33.659, -117.8797, 1050, 208, 169, GLF4, , , , , GLF4
1660403310, , 33.6558, -117.8818, 1375, 208, 169, GLF4, , , , , GLF4
1660403310, , 33.6558, -117.8818, 1375, 208, 169, GLF4, , , , , GLF4
1660403313, , 33.6539, -117.883, 1575, 208, 170, GLF4, , , , , GLF4
1660403313, , 33.6539, -117.883, 1575, 208, 170, GLF4, , , , , GLF4
1660403316, , 33.6518, -117.8843, 1750, 208, 172, GLF4, , , , , GLF4
1660403322, , 33.6476, -117.8869, 2050, 206, 175, GLF4, , , , , GLF4
1660403322, , 33.6476, -117.8869, 2050, 206, 175, GLF4, , , , , GLF4
1660403325, , 33.645, -117.8882, 2250, 203, 178, GLF4, , , , , GLF4
1660403325, , 33.645, -117.8882, 2250, 203, 178, GLF4, , , , , GLF4
1660403328, , 33.6425, -117.8893, 2425, 198, 178, GLF4, , , , , GLF4
1660403328, , 33.6425, -117.8893, 2425, 198, 178, GLF4, , , , , GLF4
1660403334, , 33.6379, -117.8905, 2825, 190, 174, GLF4, , , , , GLF4
1660403334, , 33.6379, -117.8905, 2825, 190, 174, GLF4, , , , , GLF4
1660403338, , 33.6349, -117.891, 3075, 186, 174, GLF4, , , , , GLF4
1660403341, , 33.6325, -117.8913, 3250, 185, 173, GLF4, , , , , GLF4
1660403341, , 33.6325, -117.8913, 3250, 185, 173, GLF4, , , , , GLF4
1660403343, , 33.6301, -117.8915, 3450, 184, 172, GLF4, , , , , GLF4
1660403343, , 33.6301, -117.8915, 3450, 184, 172, GLF4, , , , , GLF4
1660403350, , 33.6259, -117.8919, 3850, 184, 171, GLF4, , , , , GLF4
1660403350, , 33.6259, -117.8919, 3850, 184, 171, GLF4, , , , , GLF4
1660403353, , 33.6229, -117.8922, 4025, 184, 172, GLF4, , , , , GLF4
1660403358, , 33.6184, -117.8926, 4250, 185, 180, GLF4, , , , , GLF4
1660403358, , 33.6184, -117.8926, 4250, 185, 180, GLF4, , , , , GLF4
1660403362, , 33.6154, -117.893, 4325, 185, 192, GLF4, , , , , GLF4
1660403362, , 33.6154, -117.893, 4325, 185, 192, GLF4, , , , , GLF4
1660403365, , 33.6124, -117.8934, 4350, 186, 201, GLF4, , , , , GLF4
1660403365, , 33.6124, -117.8934, 4350, 186, 201, GLF4, , , , , GLF4
1660403367, , 33.6107, -117.8936, 4375, 186, 206, GLF4, , , , , GLF4
1660403373, , 33.6051, -117.8946, 4425, 188, 216, GLF4, , , , , GLF4
1660403373, , 33.6051, -117.8946, 4425, 188, 216, GLF4, , , , , GLF4
1660403377, , 33.5999, -117.8955, 4500, 188, 224, GLF4, , , , , GLF4
1660403377, , 33.5999, -117.8955, 4500, 188, 224, GLF4, , , , , GLF4
1660403381, , 33.5971, -117.896, 4575, 188, 228, GLF4, , , , , GLF4
1660403381, , 33.5971, -117.896, 4575, 188, 228, GLF4, , , , , GLF4
1660403385, , 33.592, -117.8968, 4700, 187, 231, GLF4, , , , , GLF4
1660403388, , 33.5888, -117.8973, 4825, 186, 233, GLF4, , , , , GLF4
1660403388, , 33.5888, -117.8973, 4825, 186, 233, GLF4, , , , , GLF4
1660403394, , 33.5831, -117.898, 5000, 186, 236, GLF4, , , , , GLF4
1660403394, , 33.5831, -117.898, 5000, 186, 236, GLF4, , , , , GLF4
1660403397, , 33.579, -117.8984, 5150, 184, 236, GLF4, , , , , GLF4
1660403397, , 33.579, -117.8984, 5150, 184, 236, GLF4, , , , , GLF4
1660403399, , 33.576, -117.8986, 5275, 182, 237, GLF4, , , , , GLF4
1660403399, , 33.576, -117.8986, 5275, 182, 237, GLF4, , , , , GLF4
1660403406, , 33.5689, -117.8984, 5475, 175, 241, GLF4, , , , , GLF4
1660403409, , 33.5655, -117.8978, 5550, 172, 244, GLF4, , , , , GLF4
1660403409, , 33.5655, -117.8978, 5550, 172, 244, GLF4, , , , , GLF4
1660403412, , 33.5624, -117.897, 5625, 167, 248, GLF4, , , , , GLF4
1660403418, , 33.5558, -117.8943, 5775, 156, 254, GLF4, , , , , GLF4
1660403418, , 33.5558, -117.8943, 5775, 156, 254, GLF4, , , , , GLF4
1660403420, , 33.5536, -117.8929, 5825, 152, 256, GLF4, , , , , GLF4
1660403420, , 33.5536, -117.8929, 5825, 152, 256, GLF4, , , , , GLF4
1660403424, , 33.5494, -117.8898, 5900, 146, 260, GLF4, , , , , GLF4
1660403424, , 33.5494, -117.8898, 5900, 146, 260, GLF4, , , , , GLF4
1660403426, , 33.5468, -117.8876, 5975, 144, 262, GLF4, , , , , GLF4
1660403433, , 33.5405, -117.8815, 6225, 140, 266, GLF4, , , , , GLF4
1660403433, , 33.5405, -117.8815, 6225, 140, 266, GLF4, , , , , GLF4
1660403436, , 33.5372, -117.8784, 6350, 141, 267, GLF4, , , , , GLF4
1660403436, , 33.5372, -117.8784, 6350, 141, 267, GLF4, , , , , GLF4
1660403442, , 33.5319, -117.8735, 6550, 142, 268, GLF4, , , , , GLF4
1660403442, , 33.5319, -117.8735, 6550, 142, 268, GLF4, , , , , GLF4
1660403445, , 33.5289, -117.8708, 6725, 143, 267, GLF4, , , , , GLF4
1660403447, , 33.527, -117.8692, 6800, 143, 267, GLF4, , , , , GLF4
1660403447, , 33.527, -117.8692, 6800, 143, 267, GLF4, , , , , GLF4
1660403452, , 33.5217, -117.865, 7025, 145, 267, GLF4, , , , , GLF4
1660403452, , 33.5217, -117.865, 7025, 145, 267, GLF4, , , , , GLF4
1660403457, , 33.5161, -117.8605, 7275, 145, 268, GLF4, , , , , GLF4
1660403457, , 33.5161, -117.8605, 7275, 145, 268, GLF4, , , , , GLF4
1660403460, , 33.5135, -117.8583, 7375, 145, 267, GLF4, , , , , GLF4
1660403465, , 33.5082, -117.8529, 7600, 141, 269, GLF4, , , , , GLF4
1660403465, , 33.5082, -117.8529, 7600, 141, 269, GLF4, , , , , GLF4
1660403468, , 33.5056, -117.8495, 7725, 130, 271, GLF4, , , , , GLF4
1660403468, , 33.5056, -117.8495, 7725, 130, 271, GLF4, , , , , GLF4
1660403472, , 33.5036, -117.8464, 7875, 126, 272, GLF4, , , , , GLF4
1660403472, , 33.5036, -117.8464, 7875, 126, 272, GLF4, , , , , GLF4
1660403475, , 33.5023, -117.844, 7950, 126, 272, GLF4, , , , , GLF4
1660403475, , 33.5023, -117.844, 7950, 126, 272, GLF4, , , , , GLF4
1660403481, , 33.4977, -117.8335, 8175, 116, 275, GLF4, , , , , GLF4
1660403485, , 33.4955, -117.828, 8325, 115, 277, GLF4, , , , , GLF4
1660403485, , 33.4955, -117.828, 8325, 115, 277, GLF4, , , , , GLF4
1660403488, , 33.494, -117.8239, 8450, 114, 277, GLF4, , , , , GLF4
1660403488, , 33.494, -117.8239, 8450, 114, 277, GLF4, , , , , GLF4
1660403494, , 33.491, -117.8161, 8700, 114, 278, GLF4, , , , , GLF4
1660403497, , 33.4891, -117.8112, 8825, 114, 279, GLF4, , , , , GLF4
1660403497, , 33.4891, -117.8112, 8825, 114, 279, GLF4, , , , , GLF4
1660403500, , 33.4875, -117.8072, 8950, 115, 280, GLF4, , , , , GLF4
1660403500, , 33.4875, -117.8072, 8950, 115, 280, GLF4, , , , , GLF4
1660403506, , 33.4841, -117.7985, 9200, 115, 281, GLF4, , , , , GLF4
1660403506, , 33.4841, -117.7985, 9200, 115, 281, GLF4, , , , , GLF4
1660403509, , 33.4826, -117.7946, 9325, 114, 281, GLF4, , , , , GLF4
1660403512, , 33.481, -117.79, 9450, 111, 283, GLF4, , , , , GLF4
1660403512, , 33.481, -117.79, 9450, 111, 283, GLF4, , , , , GLF4
1660403517, , 33.4787, -117.7814, 9675, 106, 283, GLF4, , , , , GLF4
1660403517, , 33.4787, -117.7814, 9675, 106, 283, GLF4, , , , , GLF4
1660403521, , 33.4778, -117.7764, 9825, 103, 284, GLF4, , , , , GLF4
1660403521, , 33.4778, -117.7764, 9825, 103, 284, GLF4, , , , , GLF4
1660403524, , 33.4771, -117.7718, 9950, 98, 285, GLF4, , , , , GLF4
1660403530, , 33.4765, -117.7625, 10175, 91, 287, GLF4, , , , , GLF4
1660403530, , 33.4765, -117.7625, 10175, 91, 287, GLF4, , , , , GLF4
1660403533, , 33.4765, -117.7579, 10275, 88, 288, GLF4, , , , , GLF4
1660403533, , 33.4765, -117.7579, 10275, 88, 288, GLF4, , , , , GLF4
1660403535, , 33.4767, -117.7529, 10350, 86, 291, GLF4, , , , , GLF4
1660403535, , 33.4767, -117.7529, 10350, 86, 291, GLF4, , , , , GLF4
1660403541, , 33.4775, -117.743, 10450, 84, 296, GLF4, , , , , GLF4
1660403545, , 33.4779, -117.7375, 10500, 84, 301, GLF4, , , , , GLF4
1660403545, , 33.4779, -117.7375, 10500, 84, 301, GLF4, , , , , GLF4
1660403547, , 33.4783, -117.7333, 10550, 83, 304, GLF4, , , , , GLF4
1660403547, , 33.4783, -117.7333, 10550, 83, 304, GLF4, , , , , GLF4
1660403554, , 33.4791, -117.7236, 10650, 84, 311, GLF4, , , , , GLF4
1660403554, , 33.4791, -117.7236, 10650, 84, 311, GLF4, , , , , GLF4
1660403557, , 33.4797, -117.7172, 10725, 83, 313, GLF4, , , , , GLF4
1660403560, , 33.4805, -117.7121, 10800, 79, 315, GLF4, , , , , GLF4
1660403560, , 33.4805, -117.7121, 10800, 79, 315, GLF4, , , , , GLF4
1660403566, , 33.4824, -117.7024, 11000, 75, 318, GLF4, , , , , GLF4
1660403566, , 33.4824, -117.7024, 11000, 75, 318, GLF4, , , , , GLF4
1660403568, , 33.4836, -117.6976, 11100, 73, 318, GLF4, , , , , GLF4
1660403568, , 33.4836, -117.6976, 11100, 73, 318, GLF4, , , , , GLF4
1660403572, , 33.4854, -117.6914, 11225, 69, 319, GLF4, , , , , GLF4
1660403572, , 33.4854, -117.6914, 11225, 69, 319, GLF4, , , , , GLF4
1660403578, , 33.4885, -117.683, 11475, 65, 320, GLF4, , , , , GLF4
1660403581, , 33.4908, -117.6776, 11550, 63, 321, GLF4, , , , , GLF4
1660403581, , 33.4908, -117.6776, 11550, 63, 321, GLF4, , , , , GLF4
1660403584, , 33.493, -117.6728, 11700, 61, 320, GLF4, , , , , GLF4
1660403584, , 33.493, -117.6728, 11700, 61, 320, GLF4, , , , , GLF4
1660403590, , 33.4975, -117.6634, 11975, 60, 321, GLF4, , , , , GLF4
1660403590, , 33.4975, -117.6634, 11975, 60, 321, GLF4, , , , , GLF4
1660403593, , 33.5, -117.6583, 12125, 60, 320, GLF4, , , , , GLF4
1660403596, , 33.502, -117.654, 12250, 59, 320, GLF4, , , , , GLF4
1660403596, , 33.502, -117.654, 12250, 59, 320, GLF4, , , , , GLF4
1660403602, , 33.5066, -117.6446, 12500, 59, 320, GLF4, , , , , GLF4
1660403602, , 33.5066, -117.6446, 12500, 59, 320, GLF4, , , , , GLF4
1660403605, , 33.5089, -117.6399, 12625, 59, 321, GLF4, , , , , GLF4
1660403605, , 33.5089, -117.6399, 12625, 59, 321, GLF4, , , , , GLF4
1660403608, , 33.511, -117.6354, 12750, 59, 321, GLF4, , , , , GLF4
1660403608, , 33.511, -117.6354, 12750, 59, 321, GLF4, , , , , GLF4
1660403614, , 33.5154, -117.6262, 13000, 60, 322, GLF4, , , , , GLF4
1660403617, , 33.5178, -117.6213, 13125, 60, 322, GLF4, , , , , GLF4
1660403617, , 33.5178, -117.6213, 13125, 60, 322, GLF4, , , , , GLF4
1660403620, , 33.5198, -117.6171, 13225, 60, 323, GLF4, , , , , GLF4
1660403620, , 33.5198, -117.6171, 13225, 60, 323, GLF4, , , , , GLF4
1660403626, , 33.5243, -117.6076, 13475, 60, 324, GLF4, , , , , GLF4
1660403626, , 33.5243, -117.6076, 13475, 60, 324, GLF4, , , , , GLF4
1660403629, , 33.5261, -117.6038, 13575, 60, 325, GLF4, , , , , GLF4
1660403632, , 33.5292, -117.5975, 13700, 60, 326, GLF4, , , , , GLF4
1660403632, , 33.5292, -117.5975, 13700, 60, 326, GLF4, , , , , GLF4
1660403637, , 33.5326, -117.5905, 13900, 60, 327, GLF4, , , , , GLF4
1660403637, , 33.5326, -117.5905, 13900, 60, 327, GLF4, , , , , GLF4
1660403641, , 33.5353, -117.5847, 14025, 60, 328, GLF4, , , , , GLF4
1660403641, , 33.5353, -117.5847, 14025, 60, 328, GLF4, , , , , GLF4
1660403644, , 33.538, -117.5791, 14150, 60, 329, GLF4, , , , , GLF4
1660403647, , 33.5402, -117.5741, 14250, 60, 329, GLF4, , , , , GLF4
1660403647, , 33.5402, -117.5741, 14250, 60, 329, GLF4, , , , , GLF4
1660403653, , 33.5448, -117.5644, 14475, 60, 331, GLF4, , , , , GLF4
1660403653, , 33.5448, -117.5644, 14475, 60, 331, GLF4, , , , , GLF4
1660403656, , 33.5472, -117.5594, 14550, 60, 333, GLF4, , , , , GLF4
1660403656, , 33.5472, -117.5594, 14550, 60, 333, GLF4, , , , , GLF4
1660403662, , 33.5516, -117.5502, 14750, 60, 335, GLF4, , , , , GLF4
1660403665, , 33.554, -117.5452, 14850, 60, 335, GLF4, , , , , GLF4
1660403665, , 33.554, -117.5452, 14850, 60, 335, GLF4, , , , , GLF4
1660403668, , 33.5564, -117.54, 14925, 60, 337, GLF4, , , , , GLF4
1660403668, , 33.5564, -117.54, 14925, 60, 337, GLF4, , , , , GLF4
1660403674, , 33.5608, -117.5307, 15100, 60, 339, GLF4, , , , , GLF4
1660403674, , 33.5608, -117.5307, 15100, 60, 339, GLF4, , , , , GLF4
1660403677, , 33.5631, -117.5258, 15200, 60, 340, GLF4, , , , , GLF4
1660403677, , 33.5631, -117.5258, 15200, 60, 340, GLF4, , , , , GLF4
1660403680, , 33.5655, -117.5209, 15300, 60, 341, GLF4, , , , , GLF4
1660403683, , 33.5679, -117.5159, 15400, 60, 342, GLF4, , , , , GLF4
1660403683, , 33.5679, -117.5159, 15400, 60, 342, GLF4, , , , , GLF4
1660403689, , 33.5727, -117.5051, 15600, 62, 344, GLF4, , , , , GLF4
1660403689, , 33.5727, -117.5051, 15600, 62, 344, GLF4, , , , , GLF4
1660403692, , 33.5745, -117.5004, 15700, 65, 345, GLF4, , , , , GLF4
1660403692, , 33.5745, -117.5004, 15700, 65, 345, GLF4, , , , , GLF4
1660403695, , 33.576, -117.496, 15775, 67, 345, GLF4, , , , , GLF4
1660403701, , 33.5786, -117.4868, 16000, 72, 346, GLF4, , , , , GLF4
1660403701, , 33.5786, -117.4868, 16000, 72, 346, GLF4, , , , , GLF4
1660403704, , 33.5803, -117.4791, 16150, 76, 347, GLF4, , , , , GLF4
1660403704, , 33.5803, -117.4791, 16150, 76, 347, GLF4, , , , , GLF4
1660403707, , 33.5813, -117.4731, 16250, 79, 348, GLF4, , , , , GLF4
1660403707, , 33.5813, -117.4731, 16250, 79, 348, GLF4, , , , , GLF4
1660403713, , 33.5825, -117.4604, 16500, 85, 348, GLF4, , , , , GLF4
1660403716, , 33.5827, -117.4555, 16625, 87, 348, GLF4, , , , , GLF4
1660403716, , 33.5827, -117.4555, 16625, 87, 348, GLF4, , , , , GLF4
1660403720, , 33.5827, -117.4497, 16750, 89, 348, GLF4, , , , , GLF4
1660403720, , 33.5827, -117.4497, 16750, 89, 348, GLF4, , , , , GLF4
1660403725, , 33.5825, -117.4375, 16950, 91, 348, GLF4, , , , , GLF4
1660403725, , 33.5825, -117.4375, 16950, 91, 348, GLF4, , , , , GLF4
1660403728, , 33.5823, -117.4317, 17050, 91, 348, GLF4, , , , , GLF4
1660403728, , 33.5823, -117.4317, 17050, 91, 348, GLF4, , , , , GLF4
1660403732, , 33.5821, -117.4255, 17175, 92, 348, GLF4, , , , , GLF4
1660403737, , 33.5818, -117.4141, 17400, 92, 349, GLF4, , , , , GLF4
1660403737, , 33.5818, -117.4141, 17400, 92, 349, GLF4, , , , , GLF4
1660403740, , 33.5816, -117.4084, 17550, 91, 349, GLF4, , , , , GLF4
1660403740, , 33.5816, -117.4084, 17550, 91, 349, GLF4, , , , , GLF4
1660403744, , 33.5815, -117.4028, 17650, 91, 349, GLF4, , , , , GLF4
1660403744, , 33.5815, -117.4028, 17650, 91, 349, GLF4, , , , , GLF4
1660403750, , 33.5812, -117.3915, 17825, 91, 351, GLF4, , , , , GLF4
1660403752, , 33.5811, -117.3857, 17925, 92, 351, GLF4, , , , , GLF4
1660403752, , 33.5811, -117.3857, 17925, 92, 351, GLF4, , , , , GLF4
1660403755, , 33.5809, -117.3794, 18000, 92, 353, GLF4, , , , , GLF4
1660403755, , 33.5809, -117.3794, 18000, 92, 353, GLF4, , , , , GLF4
1660403761, , 33.5805, -117.3674, 18200, 91, 354, GLF4, , , , , GLF4
1660403761, , 33.5805, -117.3674, 18200, 91, 354, GLF4, , , , , GLF4
1660403764, , 33.5804, -117.3616, 18275, 91, 354, GLF4, , , , , GLF4
1660403767, , 33.5803, -117.3574, 18375, 91, 355, GLF4, , , , , GLF4
1660403767, , 33.5803, -117.3574, 18375, 91, 355, GLF4, , , , , GLF4
1660403774, , 33.5802, -117.3437, 18575, 90, 356, GLF4, , , , , GLF4
1660403774, , 33.5802, -117.3437, 18575, 90, 356, GLF4, , , , , GLF4
1660403777, , 33.5803, -117.3383, 18675, 89, 357, GLF4, , , , , GLF4
1660403777, , 33.5803, -117.3383, 18675, 89, 357, GLF4, , , , , GLF4
1660403779, , 33.5804, -117.3327, 18750, 88, 358, GLF4, , , , , GLF4
1660403785, , 33.581, -117.3205, 18925, 86, 359, GLF4, , , , , GLF4
1660403785, , 33.581, -117.3205, 18925, 86, 359, GLF4, , , , , GLF4
1660403789, , 33.5814, -117.3145, 19025, 85, 360, GLF4, , , , , GLF4
1660403789, , 33.5814, -117.3145, 19025, 85, 360, GLF4, , , , , GLF4
1660403789, , 33.5814, -117.3145, 19025, 85, 360, GLF4, , , , , GLF4
1660403789, , 33.5814, -117.3145, 19025, 85, 360, GLF4, , , , , GLF4
1660403798, , 33.5832, -117.2959, 19325, 82, 361, GLF4, , , , , GLF4
1660403801, , 33.584, -117.2901, 19425, 81, 362, GLF4, , , , , GLF4
1660403801, , 33.584, -117.2901, 19425, 81, 362, GLF4, , , , , GLF4
1660403804, , 33.5848, -117.2841, 19500, 80, 362, GLF4, , , , , GLF4
1660403804, , 33.5848, -117.2841, 19500, 80, 362, GLF4, , , , , GLF4
1660403807, , 33.5857, -117.2784, 19600, 79, 363, GLF4, , , , , GLF4
1660403807, , 33.5857, -117.2784, 19600, 79, 363, GLF4, , , , , GLF4
1660403813, , 33.5875, -117.2667, 19750, 79, 364, GLF4, , , , , GLF4
1660403813, , 33.5875, -117.2667, 19750, 79, 364, GLF4, , , , , GLF4
1660403816, , 33.5884, -117.2611, 19825, 79, 366, GLF4, , , , , GLF4
1660403822, , 33.5903, -117.2486, 20000, 79, 368, GLF4, , , , , GLF4
1660403822, , 33.5903, -117.2486, 20000, 79, 368, GLF4, , , , , GLF4
1660403825, , 33.5913, -117.2427, 20075, 79, 368, GLF4, , , , , GLF4
1660403825, , 33.5913, -117.2427, 20075, 79, 368, GLF4, , , , , GLF4
1660403828, , 33.5923, -117.2365, 20175, 79, 368, GLF4, , , , , GLF4
1660403828, , 33.5923, -117.2365, 20175, 79, 368, GLF4, , , , , GLF4
