//Timestamp, ICAO, Latitude_deg, Longitude_deg, Altitude_ft, Heading_deg, GroundSpeed_kts, AircraftType, RegistrationNum, Departure, Arrival, FlightNumber1, FlightNumber2
1660408948, , 33.7517, -118.5337, 7600, 160, 293, H25B, , , , , H25B
1660408954, , 33.7444, -118.5302, 7775, 156, 294, H25B, , , , , H25B
1660408954, , 33.7444, -118.5302, 7775, 156, 294, H25B, , , , , H25B
1660408957, , 33.7405, -118.5281, 7875, 154, 295, H25B, , , , , H25B
1660408957, , 33.7405, -118.5281, 7875, 154, 295, H25B, , , , , H25B
1660408960, , 33.7379, -118.5266, 7975, 153, 296, H25B, , , , , H25B
1660408966, , 33.7291, -118.5212, 8150, 150, 296, H25B, , , , , H25B
1660408966, , 33.7291, -118.5212, 8150, 150, 296, H25B, , , , , H25B
1660408969, , 33.7259, -118.519, 8250, 149, 297, H25B, , , , , H25B
1660408969, , 33.7259, -118.519, 8250, 149, 297, H25B, , , , , H25B
1660408972, , 33.7226, -118.5166, 8350, 148, 297, H25B, , , , , H25B
1660408978, , 33.7145, -118.5103, 8550, 145, 298, H25B, , , , , H25B
1660408978, , 33.7145, -118.5103, 8550, 145, 298, H25B, , , , , H25B
1660408980, , 33.7111, -118.5074, 8650, 143, 298, H25B, , , , , H25B
1660408980, , 33.7111, -118.5074, 8650, 143, 298, H25B, , , , , H25B
1660408983, , 33.7079, -118.5044, 8750, 142, 298, H25B, , , , , H25B
1660408983, , 33.7079, -118.5044, 8750, 142, 298, H25B, , , , , H25B
1660408990, , 33.7013, -118.498, 8925, 139, 300, H25B, , , , , H25B
1660408993, , 33.6985, -118.4951, 9025, 138, 300, H25B, , , , , H25B
1660408993, , 33.6985, -118.4951, 9025, 138, 300, H25B, , , , , H25B
1660408996, , 33.696, -118.4924, 9125, 136, 300, H25B, , , , , H25B
1660408996, , 33.696, -118.4924, 9125, 136, 300, H25B, , , , , H25B
1660409001, , 33.6908, -118.4863, 9275, 134, 300, H25B, , , , , H25B
1660409005, , 33.6877, -118.4824, 9425, 133, 301, H25B, , , , , H25B
1660409005, , 33.6877, -118.4824, 9425, 133, 301, H25B, , , , , H25B
1660409008, , 33.684, -118.4775, 9525, 131, 301, H25B, , , , , H25B
1660409008, , 33.684, -118.4775, 9525, 131, 301, H25B, , , , , H25B
1660409014, , 33.6788, -118.4699, 9725, 128, 301, H25B, , , , , H25B
1660409014, , 33.6788, -118.4699, 9725, 128, 301, H25B, , , , , H25B
1660409016, , 33.676, -118.4657, 9800, 127, 302, H25B, , , , , H25B
1660409020, , 33.6729, -118.4605, 9925, 125, 301, H25B, , , , , H25B
1660409020, , 33.6729, -118.4605, 9925, 125, 301, H25B, , , , , H25B
1660409026, , 33.6703, -118.4559, 10075, 122, 304, H25B, , , , , H25B
1660409026, , 33.6703, -118.4559, 10075, 122, 304, H25B, , , , , H25B
1660409030, , 33.6665, -118.4487, 10200, 120, 305, H25B, , , , , H25B
1660409030, , 33.6665, -118.4487, 10200, 120, 305, H25B, , , , , H25B
1660409033, , 33.6644, -118.4443, 10275, 119, 306, H25B, , , , , H25B
1660409038, , 33.6605, -118.4354, 10400, 117, 307, H25B, , , , , H25B
1660409038, , 33.6605, -118.4354, 10400, 117, 307, H25B, , , , , H25B
1660409041, , 33.6584, -118.4303, 10500, 116, 307, H25B, , , , , H25B
1660409041, , 33.6584, -118.4303, 10500, 116, 307, H25B, , , , , H25B
1660409044, , 33.6565, -118.4258, 10600, 116, 308, H25B, , , , , H25B
1660409050, , 33.6525, -118.4164, 10800, 116, 308, H25B, , , , , H25B
1660409050, , 33.6525, -118.4164, 10800, 116, 308, H25B, , , , , H25B
1660409053, , 33.6507, -118.412, 10925, 117, 308, H25B, , , , , H25B
1660409053, , 33.6507, -118.412, 10925, 117, 308, H25B, , , , , H25B
1660409057, , 33.6487, -118.4074, 11050, 116, 308, H25B, , , , , H25B
1660409057, , 33.6487, -118.4074, 11050, 116, 308, H25B, , , , , H25B
1660409062, , 33.6451, -118.3993, 11200, 117, 308, H25B, , , , , H25B
1660409065, , 33.6427, -118.3939, 11300, 117, 309, H25B, , , , , H25B
1660409065, , 33.6427, -118.3939, 11300, 117, 309, H25B, , , , , H25B
1660409068, , 33.6406, -118.389, 11400, 117, 309, H25B, , , , , H25B
1660409068, , 33.6406, -118.389, 11400, 117, 309, H25B, , , , , H25B
1660409068, , 33.6406, -118.389, 11400, 117, 309, H25B, , , , , H25B
1660409068, , 33.6406, -118.389, 11400, 117, 309, H25B, , , , , H25B
1660409075, , 33.6352, -118.3766, 11625, 117, 311, H25B, , , , , H25B
1660409081, , 33.6314, -118.3678, 11800, 117, 312, H25B, , , , , H25B
1660409081, , 33.6314, -118.3678, 11800, 117, 312, H25B, , , , , H25B
1660409084, , 33.6292, -118.3627, 11900, 117, 313, H25B, , , , , H25B
1660409084, , 33.6292, -118.3627, 11900, 117, 313, H25B, , , , , H25B
1660409087, , 33.6273, -118.3584, 11975, 117, 313, H25B, , , , , H25B
1660409087, , 33.6273, -118.3584, 11975, 117, 313, H25B, , , , , H25B
1660409093, , 33.6231, -118.3485, 12150, 117, 315, H25B, , , , , H25B
1660409096, , 33.6212, -118.3443, 12250, 117, 315, H25B, , , , , H25B
1660409096, , 33.6212, -118.3443, 12250, 117, 315, H25B, , , , , H25B
1660409100, , 33.6194, -118.34, 12325, 117, 315, H25B, , , , , H25B
1660409100, , 33.6194, -118.34, 12325, 117, 315, H25B, , , , , H25B
1660409105, , 33.6167, -118.3338, 12500, 117, 316, H25B, , , , , H25B
1660409105, , 33.6167, -118.3338, 12500, 117, 316, H25B, , , , , H25B
1660409109, , 33.6129, -118.3251, 12650, 117, 315, H25B, , , , , H25B
1660409111, , 33.6112, -118.3211, 12775, 117, 315, H25B, , , , , H25B
1660409111, , 33.6112, -118.3211, 12775, 117, 315, H25B, , , , , H25B
1660409118, , 33.6068, -118.311, 13000, 117, 313, H25B, , , , , H25B
1660409118, , 33.6068, -118.311, 13000, 117, 313, H25B, , , , , H25B
1660409120, , 33.6049, -118.3067, 13100, 117, 313, H25B, , , , , H25B
1660409120, , 33.6049, -118.3067, 13100, 117, 313, H25B, , , , , H25B
1660409124, , 33.6029, -118.3019, 13225, 117, 313, H25B, , , , , H25B
1660409130, , 33.5996, -118.2943, 13425, 117, 312, H25B, , , , , H25B
1660409130, , 33.5996, -118.2943, 13425, 117, 312, H25B, , , , , H25B
1660409133, , 33.5976, -118.2896, 13550, 117, 311, H25B, , , , , H25B
1660409133, , 33.5976, -118.2896, 13550, 117, 311, H25B, , , , , H25B
1660409135, , 33.5961, -118.2862, 13600, 117, 311, H25B, , , , , H25B
1660409135, , 33.5961, -118.2862, 13600, 117, 311, H25B, , , , , H25B
1660409142, , 33.5916, -118.2758, 13875, 117, 310, H25B, , , , , H25B
1660409143, , 33.5903, -118.2728, 13925, 117, 311, H25B, , , , , H25B
1660409143, , 33.5903, -118.2728, 13925, 117, 311, H25B, , , , , H25B
1660409148, , 33.5875, -118.2664, 14050, 117, 311, H25B, , , , , H25B
1660409148, , 33.5875, -118.2664, 14050, 117, 311, H25B, , , , , H25B
1660409153, , 33.584, -118.2581, 14225, 117, 313, H25B, , , , , H25B
1660409153, , 33.584, -118.2581, 14225, 117, 313, H25B, , , , , H25B
1660409156, , 33.5823, -118.2542, 14275, 117, 313, H25B, , , , , H25B
1660409156, , 33.5823, -118.2542, 14275, 117, 313, H25B, , , , , H25B
1660409159, , 33.5804, -118.2498, 14375, 117, 314, H25B, , , , , H25B
1660409166, , 33.5753, -118.2381, 14525, 117, 317, H25B, , , , , H25B
1660409166, , 33.5753, -118.2381, 14525, 117, 317, H25B, , , , , H25B
1660409168, , 33.5737, -118.2344, 14600, 117, 317, H25B, , , , , H25B
1660409168, , 33.5737, -118.2344, 14600, 117, 317, H25B, , , , , H25B
1660409171, , 33.5724, -118.2313, 14675, 117, 318, H25B, , , , , H25B
1660409178, , 33.5674, -118.2198, 14825, 117, 320, H25B, , , , , H25B
1660409178, , 33.5674, -118.2198, 14825, 117, 320, H25B, , , , , H25B
1660409181, , 33.5653, -118.2149, 14925, 117, 320, H25B, , , , , H25B
1660409181, , 33.5653, -118.2149, 14925, 117, 320, H25B, , , , , H25B
1660409184, , 33.5633, -118.2103, 15000, 117, 321, H25B, , , , , H25B
1660409184, , 33.5633, -118.2103, 15000, 117, 321, H25B, , , , , H25B
1660409190, , 33.5588, -118.1998, 15175, 117, 322, H25B, , , , , H25B
1660409193, , 33.5575, -118.1966, 15250, 117, 324, H25B, , , , , H25B
1660409193, , 33.5575, -118.1966, 15250, 117, 324, H25B, , , , , H25B
1660409194, , 33.5564, -118.1941, 15275, 117, 323, H25B, , , , , H25B
1660409194, , 33.5564, -118.1941, 15275, 117, 323, H25B, , , , , H25B
1660409200, , 33.5522, -118.1843, 15425, 117, 325, H25B, , , , , H25B
1660409200, , 33.5522, -118.1843, 15425, 117, 325, H25B, , , , , H25B
1660409203, , 33.5495, -118.1781, 15500, 117, 327, H25B, , , , , H25B
1660409208, , 33.5465, -118.1713, 15600, 117, 328, H25B, , , , , H25B
1660409208, , 33.5465, -118.1713, 15600, 117, 328, H25B, , , , , H25B
1660409214, , 33.5423, -118.1614, 15725, 117, 330, H25B, , , , , H25B
1660409214, , 33.5423, -118.1614, 15725, 117, 330, H25B, , , , , H25B
1660409216, , 33.541, -118.1585, 15800, 117, 330, H25B, , , , , H25B
1660409218, , 33.5394, -118.1549, 15850, 117, 331, H25B, , , , , H25B
1660409218, , 33.5394, -118.1549, 15850, 117, 331, H25B, , , , , H25B
1660409224, , 33.5351, -118.1448, 16025, 117, 331, H25B, , , , , H25B
1660409224, , 33.5351, -118.1448, 16025, 117, 331, H25B, , , , , H25B
1660409229, , 33.5318, -118.1371, 16150, 117, 331, H25B, , , , , H25B
1660409229, , 33.5318, -118.1371, 16150, 117, 331, H25B, , , , , H25B
1660409232, , 33.5304, -118.1339, 16275, 117, 331, H25B, , , , , H25B
1660409237, , 33.5257, -118.1229, 16425, 117, 332, H25B, , , , , H25B
1660409237, , 33.5257, -118.1229, 16425, 117, 332, H25B, , , , , H25B
1660409241, , 33.5232, -118.117, 16550, 117, 332, H25B, , , , , H25B
1660409241, , 33.5232, -118.117, 16550, 117, 332, H25B, , , , , H25B
1660409243, , 33.5218, -118.1137, 16625, 117, 332, H25B, , , , , H25B
1660409243, , 33.5218, -118.1137, 16625, 117, 332, H25B, , , , , H25B
1660409250, , 33.5168, -118.1021, 16850, 117, 331, H25B, , , , , H25B
1660409250, , 33.5168, -118.1021, 16850, 117, 331, H25B, , , , , H25B
1660409250, , 33.5168, -118.1021, 16850, 117, 331, H25B, , , , , H25B
1660409256, , 33.5127, -118.0926, 17050, 117, 330, H25B, , , , , H25B
1660409256, , 33.5127, -118.0926, 17050, 117, 330, H25B, , , , , H25B
1660409262, , 33.5083, -118.0825, 17225, 117, 330, H25B, , , , , H25B
1660409262, , 33.5083, -118.0825, 17225, 117, 330, H25B, , , , , H25B
1660409265, , 33.5069, -118.0792, 17300, 117, 330, H25B, , , , , H25B
1660409268, , 33.5047, -118.0741, 17375, 117, 330, H25B, , , , , H25B
1660409268, , 33.5047, -118.0741, 17375, 117, 330, H25B, , , , , H25B
1660409274, , 33.5003, -118.064, 17475, 117, 335, H25B, , , , , H25B
1660409274, , 33.5003, -118.064, 17475, 117, 335, H25B, , , , , H25B
1660409277, , 33.498, -118.0586, 17525, 117, 336, H25B, , , , , H25B
1660409277, , 33.498, -118.0586, 17525, 117, 336, H25B, , , , , H25B
1660409280, , 33.4958, -118.0537, 17575, 117, 337, H25B, , , , , H25B
1660409286, , 33.4915, -118.0436, 17700, 117, 339, H25B, , , , , H25B
1660409286, , 33.4915, -118.0436, 17700, 117, 339, H25B, , , , , H25B
1660409289, , 33.4904, -118.0411, 17775, 117, 339, H25B, , , , , H25B
1660409289, , 33.4904, -118.0411, 17775, 117, 339, H25B, , , , , H25B
1660409292, , 33.4872, -118.0336, 17825, 117, 340, H25B, , , , , H25B
1660409292, , 33.4872, -118.0336, 17825, 117, 340, H25B, , , , , H25B
1660409297, , 33.4835, -118.0254, 17975, 118, 341, H25B, , , , , H25B
1660409297, , 33.4835, -118.0254, 17975, 118, 341, H25B, , , , , H25B
1660409301, , 33.4803, -118.0187, 18075, 120, 341, H25B, , , , , H25B
1660409303, , 33.4795, -118.0171, 18125, 121, 341, H25B, , , , , H25B
1660409303, , 33.4795, -118.0171, 18125, 121, 341, H25B, , , , , H25B
1660409310, , 33.4725, -118.0044, 18300, 125, 342, H25B, , , , , H25B
1660409310, , 33.4725, -118.0044, 18300, 125, 342, H25B, , , , , H25B
1660409313, , 33.4696, -117.9997, 18375, 126, 342, H25B, , , , , H25B
1660409316, , 33.4687, -117.9982, 18475, 127, 342, H25B, , , , , H25B
1660409316, , 33.4687, -117.9982, 18475, 127, 342, H25B, , , , , H25B
1660409322, , 33.4627, -117.9891, 18650, 130, 342, H25B, , , , , H25B
1660409322, , 33.4627, -117.9891, 18650, 130, 342, H25B, , , , , H25B
1660409325, , 33.4575, -117.9819, 18750, 130, 343, H25B, , , , , H25B
1660409328, , 33.4543, -117.9775, 18825, 131, 342, H25B, , , , , H25B
1660409328, , 33.4543, -117.9775, 18825, 131, 342, H25B, , , , , H25B
1660409334, , 33.448, -117.9698, 18950, 134, 343, H25B, , , , , H25B
1660409334, , 33.448, -117.9698, 18950, 134, 343, H25B, , , , , H25B
1660409337, , 33.4443, -117.9654, 19025, 135, 344, H25B, , , , , H25B
1660409337, , 33.4443, -117.9654, 19025, 135, 344, H25B, , , , , H25B
1660409340, , 33.4408, -117.9614, 19100, 136, 344, H25B, , , , , H25B
1660409340, , 33.4408, -117.9614, 19100, 136, 344, H25B, , , , , H25B
1660409343, , 33.4371, -117.9575, 19175, 138, 344, H25B, , , , , H25B
1660409349, , 33.4303, -117.9505, 19300, 139, 346, H25B, , , , , H25B
1660409349, , 33.4303, -117.9505, 19300, 139, 346, H25B, , , , , H25B
1660409354, , 33.4243, -117.9443, 19400, 139, 347, H25B, , , , , H25B
1660409354, , 33.4243, -117.9443, 19400, 139, 347, H25B, , , , , H25B
1660409357, , 33.4229, -117.9429, 19475, 138, 348, H25B, , , , , H25B
1660409360, , 33.4169, -117.9365, 19525, 138, 349, H25B, , , , , H25B
1660409360, , 33.4169, -117.9365, 19525, 138, 349, H25B, , , , , H25B
1660409363, , 33.4135, -117.9329, 19600, 138, 349, H25B, , , , , H25B
1660409363, , 33.4135, -117.9329, 19600, 138, 349, H25B, , , , , H25B
1660409369, , 33.4061, -117.925, 19725, 137, 350, H25B, , , , , H25B
1660409369, , 33.4061, -117.925, 19725, 137, 350, H25B, , , , , H25B
1660409372, , 33.4027, -117.9212, 19800, 137, 350, H25B, , , , , H25B
1660409372, , 33.4027, -117.9212, 19800, 137, 350, H25B, , , , , H25B
1660409375, , 33.4003, -117.9187, 19900, 138, 349, H25B, , , , , H25B
1660409379, , 33.3942, -117.9122, 20000, 138, 349, H25B, , , , , H25B
1660409379, , 33.3942, -117.9122, 20000, 138, 349, H25B, , , , , H25B
1660409385, , 33.387, -117.9044, 20200, 138, 349, H25B, , , , , H25B
1660409385, , 33.387, -117.9044, 20200, 138, 349, H25B, , , , , H25B
1660409388, , 33.3831, -117.9003, 20275, 138, 350, H25B, , , , , H25B
1660409388, , 33.3831, -117.9003, 20275, 138, 350, H25B, , , , , H25B
1660409391, , 33.3797, -117.8967, 20350, 138, 350, H25B, , , , , H25B
1660409396, , 33.3732, -117.8897, 20450, 138, 351, H25B, , , , , H25B
1660409396, , 33.3732, -117.8897, 20450, 138, 351, H25B, , , , , H25B
