//Timestamp, ICAO, Latitude_deg, Longitude_deg, Altitude_ft, Heading_deg, GroundSpeed_kts, AircraftType, RegistrationNum, Departure, Arrival, FlightNumber1, FlightNumber2
1660417309, , 33.7429, -118.7312, 25025, 144, 440, LJ31, , , , , LJ31
1660417309, , 33.7429, -118.7312, 25025, 144, 440, LJ31, , , , , LJ31
1660417312, , 33.7398, -118.7285, 25025, 144, 440, LJ31, , , , , LJ31
1660417312, , 33.7398, -118.7285, 25025, 144, 440, LJ31, , , , , LJ31
1660417312, , 33.7398, -118.7285, 25025, 144, 440, LJ31, , , , , LJ31
1660417312, , 33.7398, -118.7285, 25025, 144, 440, LJ31, , , , , LJ31
1660417312, , 33.7398, -118.7285, 25025, 144, 440, LJ31, , , , , LJ31
1660417312, , 33.7398, -118.7285, 25025, 144, 440, LJ31, , , , , LJ31
1660417312, , 33.7398, -118.7285, 25025, 144, 440, LJ31, , , , , LJ31
1660417312, , 33.7398, -118.7285, 25025, 144, 440, LJ31, , , , , LJ31
1660417312, , 33.7398, -118.7285, 25025, 144, 440, LJ31, , , , , LJ31
1660417331, , 33.7085, -118.7018, 25025, 144, 441, LJ31, , , , , LJ31
1660417331, , 33.7085, -118.7018, 25025, 144, 441, LJ31, , , , , LJ31
1660417335, , 33.6996, -118.6943, 25025, 144, 441, LJ31, , , , , LJ31
1660417339, , 33.6934, -118.689, 25025, 144, 441, LJ31, , , , , LJ31
1660417339, , 33.6934, -118.689, 25025, 144, 441, LJ31, , , , , LJ31
1660417343, , 33.6866, -118.6832, 25025, 144, 441, LJ31, , , , , LJ31
1660417343, , 33.6866, -118.6832, 25025, 144, 441, LJ31, , , , , LJ31
1660417347, , 33.683, -118.6802, 25025, 144, 441, LJ31, , , , , LJ31
1660417351, , 33.6729, -118.6716, 25025, 144, 440, LJ31, , , , , LJ31
1660417351, , 33.6729, -118.6716, 25025, 144, 440, LJ31, , , , , LJ31
1660417355, , 33.6663, -118.6658, 25000, 142, 441, LJ31, , , , , LJ31
1660417355, , 33.6663, -118.6658, 25000, 142, 441, LJ31, , , , , LJ31
1660417359, , 33.66, -118.6596, 25000, 138, 442, LJ31, , , , , LJ31
1660417359, , 33.66, -118.6596, 25000, 138, 442, LJ31, , , , , LJ31
1660417363, , 33.6543, -118.6531, 25000, 136, 442, LJ31, , , , , LJ31
1660417363, , 33.6543, -118.6531, 25000, 136, 442, LJ31, , , , , LJ31
1660417368, , 33.6476, -118.6442, 25000, 131, 442, LJ31, , , , , LJ31
1660417372, , 33.6423, -118.6361, 25025, 127, 442, LJ31, , , , , LJ31
1660417372, , 33.6423, -118.6361, 25025, 127, 442, LJ31, , , , , LJ31
1660417377, , 33.6356, -118.6244, 25025, 123, 443, LJ31, , , , , LJ31
1660417377, , 33.6356, -118.6244, 25025, 123, 443, LJ31, , , , , LJ31
1660417380, , 33.6335, -118.6205, 25025, 122, 443, LJ31, , , , , LJ31
1660417382, , 33.6324, -118.6184, 25025, 120, 443, LJ31, , , , , LJ31
1660417382, , 33.6324, -118.6184, 25025, 120, 443, LJ31, , , , , LJ31
1660417389, , 33.6234, -118.599, 25025, 118, 443, LJ31, , , , , LJ31
1660417389, , 33.6234, -118.599, 25025, 118, 443, LJ31, , , , , LJ31
1660417393, , 33.6207, -118.5924, 25025, 116, 443, LJ31, , , , , LJ31
1660417393, , 33.6207, -118.5924, 25025, 116, 443, LJ31, , , , , LJ31
1660417395, , 33.6182, -118.5862, 25025, 115, 444, LJ31, , , , , LJ31
1660417402, , 33.6139, -118.5748, 25025, 113, 443, LJ31, , , , , LJ31
1660417402, , 33.6139, -118.5748, 25025, 113, 443, LJ31, , , , , LJ31
1660417405, , 33.6103, -118.5651, 25025, 113, 441, LJ31, , , , , LJ31
1660417405, , 33.6103, -118.5651, 25025, 113, 441, LJ31, , , , , LJ31
1660417405, , 33.6103, -118.5651, 25025, 113, 441, LJ31, , , , , LJ31
1660417405, , 33.6103, -118.5651, 25025, 113, 441, LJ31, , , , , LJ31
1660417414, , 33.6035, -118.5453, 25025, 111, 439, LJ31, , , , , LJ31
1660417417, , 33.6011, -118.5381, 25000, 111, 438, LJ31, , , , , LJ31
1660417417, , 33.6011, -118.5381, 25000, 111, 438, LJ31, , , , , LJ31
1660417419, , 33.599, -118.5315, 24975, 111, 438, LJ31, , , , , LJ31
1660417419, , 33.599, -118.5315, 24975, 111, 438, LJ31, , , , , LJ31
1660417426, , 33.5946, -118.5177, 24925, 110, 438, LJ31, , , , , LJ31
1660417426, , 33.5946, -118.5177, 24925, 110, 438, LJ31, , , , , LJ31
1660417428, , 33.593, -118.5129, 24900, 110, 438, LJ31, , , , , LJ31
1660417432, , 33.5901, -118.5036, 24850, 110, 438, LJ31, , , , , LJ31
1660417432, , 33.5901, -118.5036, 24850, 110, 438, LJ31, , , , , LJ31
1660417438, , 33.5866, -118.4925, 24800, 110, 437, LJ31, , , , , LJ31
1660417438, , 33.5866, -118.4925, 24800, 110, 437, LJ31, , , , , LJ31
1660417441, , 33.5837, -118.4832, 24775, 110, 437, LJ31, , , , , LJ31
1660417441, , 33.5837, -118.4832, 24775, 110, 437, LJ31, , , , , LJ31
1660417444, , 33.5816, -118.4764, 24750, 110, 438, LJ31, , , , , LJ31
1660417447, , 33.5795, -118.4696, 24700, 110, 437, LJ31, , , , , LJ31
1660417447, , 33.5795, -118.4696, 24700, 110, 437, LJ31, , , , , LJ31
1660417453, , 33.5752, -118.4558, 24650, 110, 436, LJ31, , , , , LJ31
1660417453, , 33.5752, -118.4558, 24650, 110, 436, LJ31, , , , , LJ31
1660417456, , 33.573, -118.4488, 24625, 110, 436, LJ31, , , , , LJ31
1660417456, , 33.573, -118.4488, 24625, 110, 436, LJ31, , , , , LJ31
1660417462, , 33.5695, -118.4377, 24550, 110, 436, LJ31, , , , , LJ31
1660417465, , 33.5667, -118.4286, 24525, 110, 435, LJ31, , , , , LJ31
1660417465, , 33.5667, -118.4286, 24525, 110, 435, LJ31, , , , , LJ31
1660417468, , 33.5653, -118.4241, 24500, 110, 436, LJ31, , , , , LJ31
1660417468, , 33.5653, -118.4241, 24500, 110, 436, LJ31, , , , , LJ31
1660417474, , 33.5604, -118.4086, 24450, 110, 435, LJ31, , , , , LJ31
1660417474, , 33.5604, -118.4086, 24450, 110, 435, LJ31, , , , , LJ31
1660417477, , 33.5584, -118.402, 24425, 110, 435, LJ31, , , , , LJ31
1660417480, , 33.5564, -118.3959, 24375, 110, 436, LJ31, , , , , LJ31
1660417480, , 33.5564, -118.3959, 24375, 110, 436, LJ31, , , , , LJ31
1660417486, , 33.5528, -118.3845, 24325, 110, 434, LJ31, , , , , LJ31
1660417486, , 33.5528, -118.3845, 24325, 110, 434, LJ31, , , , , LJ31
1660417489, , 33.5502, -118.3761, 24300, 110, 434, LJ31, , , , , LJ31
1660417489, , 33.5502, -118.3761, 24300, 110, 434, LJ31, , , , , LJ31
1660417492, , 33.5482, -118.3696, 24250, 110, 434, LJ31, , , , , LJ31
1660417495, , 33.5454, -118.3608, 24225, 110, 433, LJ31, , , , , LJ31
1660417495, , 33.5454, -118.3608, 24225, 110, 433, LJ31, , , , , LJ31
1660417501, , 33.5416, -118.3489, 24125, 110, 434, LJ31, , , , , LJ31
1660417501, , 33.5416, -118.3489, 24125, 110, 434, LJ31, , , , , LJ31
1660417504, , 33.5394, -118.3419, 24075, 110, 434, LJ31, , , , , LJ31
1660417504, , 33.5394, -118.3419, 24075, 110, 434, LJ31, , , , , LJ31
1660417510, , 33.5346, -118.3266, 24000, 110, 435, LJ31, , , , , LJ31
1660417513, , 33.533, -118.3219, 23950, 110, 435, LJ31, , , , , LJ31
1660417513, , 33.533, -118.3219, 23950, 110, 435, LJ31, , , , , LJ31
1660417516, , 33.5309, -118.3152, 23900, 110, 436, LJ31, , , , , LJ31
1660417516, , 33.5309, -118.3152, 23900, 110, 436, LJ31, , , , , LJ31
1660417522, , 33.5264, -118.301, 23800, 110, 435, LJ31, , , , , LJ31
1660417522, , 33.5264, -118.301, 23800, 110, 435, LJ31, , , , , LJ31
1660417525, , 33.5241, -118.2938, 23775, 110, 435, LJ31, , , , , LJ31
1660417528, , 33.5227, -118.2895, 23725, 110, 436, LJ31, , , , , LJ31
1660417528, , 33.5227, -118.2895, 23725, 110, 436, LJ31, , , , , LJ31
1660417534, , 33.5177, -118.2737, 23625, 110, 436, LJ31, , , , , LJ31
1660417534, , 33.5177, -118.2737, 23625, 110, 436, LJ31, , , , , LJ31
1660417537, , 33.5155, -118.2669, 23600, 110, 436, LJ31, , , , , LJ31
1660417537, , 33.5155, -118.2669, 23600, 110, 436, LJ31, , , , , LJ31
1660417540, , 33.5142, -118.2627, 23550, 110, 436, LJ31, , , , , LJ31
1660417546, , 33.5091, -118.2469, 23450, 110, 436, LJ31, , , , , LJ31
1660417546, , 33.5091, -118.2469, 23450, 110, 436, LJ31, , , , , LJ31
1660417549, , 33.507, -118.2404, 23400, 110, 436, LJ31, , , , , LJ31
1660417549, , 33.507, -118.2404, 23400, 110, 436, LJ31, , , , , LJ31
1660417552, , 33.5056, -118.236, 23375, 110, 436, LJ31, , , , , LJ31
1660417552, , 33.5056, -118.236, 23375, 110, 436, LJ31, , , , , LJ31
1660417558, , 33.5005, -118.22, 23275, 110, 436, LJ31, , , , , LJ31
1660417561, , 33.4981, -118.2126, 23225, 110, 436, LJ31, , , , , LJ31
1660417561, , 33.4981, -118.2126, 23225, 110, 436, LJ31, , , , , LJ31
1660417564, , 33.4959, -118.2058, 23200, 110, 436, LJ31, , , , , LJ31
1660417564, , 33.4959, -118.2058, 23200, 110, 436, LJ31, , , , , LJ31
1660417570, , 33.4931, -118.197, 23100, 110, 436, LJ31, , , , , LJ31
1660417570, , 33.4931, -118.197, 23100, 110, 436, LJ31, , , , , LJ31
1660417573, , 33.4901, -118.1876, 23050, 110, 436, LJ31, , , , , LJ31
1660417576, , 33.4879, -118.1808, 23025, 110, 436, LJ31, , , , , LJ31
1660417576, , 33.4879, -118.1808, 23025, 110, 436, LJ31, , , , , LJ31
1660417582, , 33.4828, -118.165, 22925, 110, 436, LJ31, , , , , LJ31
1660417582, , 33.4828, -118.165, 22925, 110, 436, LJ31, , , , , LJ31
1660417585, , 33.4806, -118.158, 22875, 110, 436, LJ31, , , , , LJ31
1660417585, , 33.4806, -118.158, 22875, 110, 436, LJ31, , , , , LJ31
1660417588, , 33.4786, -118.1519, 22825, 110, 438, LJ31, , , , , LJ31
1660417591, , 33.4763, -118.1447, 22800, 111, 437, LJ31, , , , , LJ31
1660417591, , 33.4763, -118.1447, 22800, 111, 437, LJ31, , , , , LJ31
1660417597, , 33.4718, -118.1304, 22700, 111, 437, LJ31, , , , , LJ31
1660417597, , 33.4718, -118.1304, 22700, 111, 437, LJ31, , , , , LJ31
1660417600, , 33.4693, -118.123, 22650, 111, 437, LJ31, , , , , LJ31
1660417603, , 33.4679, -118.1187, 22625, 111, 437, LJ31, , , , , LJ31
1660417603, , 33.4679, -118.1187, 22625, 111, 437, LJ31, , , , , LJ31
1660417609, , 33.4633, -118.1041, 22525, 111, 437, LJ31, , , , , LJ31
1660417609, , 33.4633, -118.1041, 22525, 111, 437, LJ31, , , , , LJ31
1660417612, , 33.4611, -118.0973, 22475, 111, 438, LJ31, , , , , LJ31
1660417612, , 33.4611, -118.0973, 22475, 111, 438, LJ31, , , , , LJ31
1660417618, , 33.4572, -118.0854, 22400, 111, 437, LJ31, , , , , LJ31
1660417621, , 33.455, -118.0784, 22350, 111, 437, LJ31, , , , , LJ31
1660417621, , 33.455, -118.0784, 22350, 111, 437, LJ31, , , , , LJ31
1660417624, , 33.4528, -118.0716, 22275, 111, 438, LJ31, , , , , LJ31
1660417624, , 33.4528, -118.0716, 22275, 111, 438, LJ31, , , , , LJ31
1660417630, , 33.4483, -118.0576, 22150, 111, 438, LJ31, , , , , LJ31
1660417630, , 33.4483, -118.0576, 22150, 111, 438, LJ31, , , , , LJ31
1660417633, , 33.4459, -118.0503, 22050, 111, 439, LJ31, , , , , LJ31
1660417636, , 33.4438, -118.0438, 21975, 111, 440, LJ31, , , , , LJ31
1660417636, , 33.4438, -118.0438, 21975, 111, 440, LJ31, , , , , LJ31
1660417642, , 33.4393, -118.0296, 21825, 111, 441, LJ31, , , , , LJ31
1660417642, , 33.4393, -118.0296, 21825, 111, 441, LJ31, , , , , LJ31
1660417645, , 33.4378, -118.0251, 21725, 111, 441, LJ31, , , , , LJ31
1660417645, , 33.4378, -118.0251, 21725, 111, 441, LJ31, , , , , LJ31
1660417649, , 33.4341, -118.0137, 21625, 110, 442, LJ31, , , , , LJ31
1660417654, , 33.4307, -118.0029, 21525, 110, 441, LJ31, , , , , LJ31
1660417654, , 33.4307, -118.0029, 21525, 110, 441, LJ31, , , , , LJ31
1660417657, , 33.4286, -117.9964, 21425, 110, 440, LJ31, , , , , LJ31
1660417657, , 33.4286, -117.9964, 21425, 110, 440, LJ31, , , , , LJ31
1660417660, , 33.4259, -117.988, 21350, 110, 438, LJ31, , , , , LJ31
1660417666, , 33.4217, -117.9752, 21225, 111, 434, LJ31, , , , , LJ31
1660417666, , 33.4217, -117.9752, 21225, 111, 434, LJ31, , , , , LJ31
1660417666, , 33.4217, -117.9752, 21225, 111, 434, LJ31, , , , , LJ31
1660417666, , 33.4217, -117.9752, 21225, 111, 434, LJ31, , , , , LJ31
1660417672, , 33.4175, -117.9621, 21100, 111, 431, LJ31, , , , , LJ31
1660417672, , 33.4175, -117.9621, 21100, 111, 431, LJ31, , , , , LJ31
1660417676, , 33.4153, -117.9552, 21000, 110, 429, LJ31, , , , , LJ31
1660417682, , 33.4103, -117.9397, 20875, 110, 426, LJ31, , , , , LJ31
1660417682, , 33.4103, -117.9397, 20875, 110, 426, LJ31, , , , , LJ31
1660417684, , 33.409, -117.9355, 20825, 110, 426, LJ31, , , , , LJ31
1660417684, , 33.409, -117.9355, 20825, 110, 426, LJ31, , , , , LJ31
1660417688, , 33.406, -117.9266, 20725, 111, 424, LJ31, , , , , LJ31
1660417688, , 33.406, -117.9266, 20725, 111, 424, LJ31, , , , , LJ31
1660417694, , 33.4024, -117.9152, 20575, 111, 422, LJ31, , , , , LJ31
1660417696, , 33.4001, -117.9083, 20525, 111, 421, LJ31, , , , , LJ31
1660417696, , 33.4001, -117.9083, 20525, 111, 421, LJ31, , , , , LJ31
1660417698, , 33.3986, -117.9035, 20475, 111, 421, LJ31, , , , , LJ31
1660417698, , 33.3986, -117.9035, 20475, 111, 421, LJ31, , , , , LJ31
1660417706, , 33.3938, -117.8888, 20300, 111, 418, LJ31, , , , , LJ31
1660417706, , 33.3938, -117.8888, 20300, 111, 418, LJ31, , , , , LJ31
1660417709, , 33.3918, -117.8824, 20225, 111, 418, LJ31, , , , , LJ31
1660417712, , 33.3898, -117.8764, 20150, 111, 416, LJ31, , , , , LJ31
1660417712, , 33.3898, -117.8764, 20150, 111, 416, LJ31, , , , , LJ31
1660417717, , 33.3863, -117.8657, 19975, 111, 415, LJ31, , , , , LJ31
1660417717, , 33.3863, -117.8657, 19975, 111, 415, LJ31, , , , , LJ31
1660417720, , 33.3834, -117.8569, 19900, 111, 415, LJ31, , , , , LJ31
1660417720, , 33.3834, -117.8569, 19900, 111, 415, LJ31, , , , , LJ31
1660417725, , 33.3802, -117.8468, 19800, 111, 415, LJ31, , , , , LJ31
1660417728, , 33.3796, -117.8449, 19700, 111, 415, LJ31, , , , , LJ31
1660417728, , 33.3796, -117.8449, 19700, 111, 415, LJ31, , , , , LJ31
1660417734, , 33.374, -117.8278, 19550, 111, 415, LJ31, , , , , LJ31
1660417734, , 33.374, -117.8278, 19550, 111, 415, LJ31, , , , , LJ31
1660417737, , 33.3718, -117.8211, 19475, 111, 416, LJ31, , , , , LJ31
1660417737, , 33.3718, -117.8211, 19475, 111, 416, LJ31, , , , , LJ31
1660417742, , 33.3688, -117.8119, 19350, 111, 417, LJ31, , , , , LJ31
1660417742, , 33.3688, -117.8119, 19350, 111, 417, LJ31, , , , , LJ31
1660417742, , 33.3688, -117.8119, 19350, 111, 417, LJ31, , , , , LJ31
1660417748, , 33.364, -117.7972, 19200, 111, 417, LJ31, , , , , LJ31
1660417748, , 33.364, -117.7972, 19200, 111, 417, LJ31, , , , , LJ31
1660417754, , 33.3611, -117.7883, 19075, 111, 417, LJ31, , , , , LJ31
1660417754, , 33.3611, -117.7883, 19075, 111, 417, LJ31, , , , , LJ31
1660417757, , 33.359, -117.7817, 19000, 111, 417, LJ31, , , , , LJ31
1660417760, , 33.3556, -117.7714, 18950, 111, 417, LJ31, , , , , LJ31
1660417760, , 33.3556, -117.7714, 18950, 111, 417, LJ31, , , , , LJ31
1660417766, , 33.3523, -117.7611, 18825, 111, 416, LJ31, , , , , LJ31
1660417766, , 33.3523, -117.7611, 18825, 111, 416, LJ31, , , , , LJ31
1660417768, , 33.3503, -117.7549, 18775, 111, 416, LJ31, , , , , LJ31
1660417768, , 33.3503, -117.7549, 18775, 111, 416, LJ31, , , , , LJ31
1660417772, , 33.3477, -117.747, 18700, 111, 416, LJ31, , , , , LJ31
1660417778, , 33.3436, -117.7344, 18550, 111, 414, LJ31, , , , , LJ31
1660417778, , 33.3436, -117.7344, 18550, 111, 414, LJ31, , , , , LJ31
1660417780, , 33.3422, -117.7303, 18525, 111, 414, LJ31, , , , , LJ31
1660417780, , 33.3422, -117.7303, 18525, 111, 414, LJ31, , , , , LJ31
1660417783, , 33.3407, -117.7256, 18475, 111, 414, LJ31, , , , , LJ31
1660417783, , 33.3407, -117.7256, 18475, 111, 414, LJ31, , , , , LJ31
1660417783, , 33.3407, -117.7256, 18475, 111, 414, LJ31, , , , , LJ31
1660417792, , 33.333, -117.7022, 18250, 111, 413, LJ31, , , , , LJ31
1660417792, , 33.333, -117.7022, 18250, 111, 413, LJ31, , , , , LJ31
1660417795, , 33.3316, -117.698, 18200, 111, 413, LJ31, , , , , LJ31
1660417795, , 33.3316, -117.698, 18200, 111, 413, LJ31, , , , , LJ31
1660417802, , 33.3275, -117.6852, 18050, 111, 412, LJ31, , , , , LJ31
1660417802, , 33.3275, -117.6852, 18050, 111, 412, LJ31, , , , , LJ31
1660417802, , 33.3275, -117.6852, 18050, 111, 412, LJ31, , , , , LJ31
1660417808, , 33.3233, -117.6723, 17925, 111, 411, LJ31, , , , , LJ31
1660417808, , 33.3233, -117.6723, 17925, 111, 411, LJ31, , , , , LJ31
1660417810, , 33.3205, -117.6638, 17875, 111, 412, LJ31, , , , , LJ31
1660417810, , 33.3205, -117.6638, 17875, 111, 412, LJ31, , , , , LJ31
1660417817, , 33.317, -117.6532, 17750, 111, 410, LJ31, , , , , LJ31
1660417819, , 33.3143, -117.645, 17675, 111, 410, LJ31, , , , , LJ31
1660417819, , 33.3143, -117.645, 17675, 111, 410, LJ31, , , , , LJ31
1660417820, , 33.3136, -117.6426, 17650, 111, 410, LJ31, , , , , LJ31
1660417820, , 33.3136, -117.6426, 17650, 111, 410, LJ31, , , , , LJ31
1660417826, , 33.3094, -117.6299, 17475, 111, 411, LJ31, , , , , LJ31
1660417826, , 33.3094, -117.6299, 17475, 111, 411, LJ31, , , , , LJ31
1660417832, , 33.3068, -117.6219, 17300, 111, 411, LJ31, , , , , LJ31
1660417832, , 33.3068, -117.6219, 17300, 111, 411, LJ31, , , , , LJ31
1660417832, , 33.3068, -117.6219, 17300, 111, 411, LJ31, , , , , LJ31
1660417842, , 33.2999, -117.6008, 16975, 111, 413, LJ31, , , , , LJ31
1660417842, , 33.2999, -117.6008, 16975, 111, 413, LJ31, , , , , LJ31
1660417842, , 33.2999, -117.6008, 16975, 111, 413, LJ31, , , , , LJ31
1660417842, , 33.2999, -117.6008, 16975, 111, 413, LJ31, , , , , LJ31
1660417847, , 33.295, -117.5857, 16800, 111, 413, LJ31, , , , , LJ31
1660417854, , 33.2907, -117.5728, 16600, 111, 413, LJ31, , , , , LJ31
1660417854, , 33.2907, -117.5728, 16600, 111, 413, LJ31, , , , , LJ31
1660417854, , 33.2907, -117.5728, 16600, 111, 413, LJ31, , , , , LJ31
1660417860, , 33.2872, -117.5619, 16400, 111, 413, LJ31, , , , , LJ31
1660417860, , 33.2872, -117.5619, 16400, 111, 413, LJ31, , , , , LJ31
1660417863, , 33.2851, -117.5556, 16300, 111, 413, LJ31, , , , , LJ31
1660417863, , 33.2851, -117.5556, 16300, 111, 413, LJ31, , , , , LJ31
1660417868, , 33.2809, -117.5426, 16100, 111, 413, LJ31, , , , , LJ31
1660417872, , 33.278, -117.5336, 16000, 111, 413, LJ31, , , , , LJ31
1660417872, , 33.278, -117.5336, 16000, 111, 413, LJ31, , , , , LJ31
1660417872, , 33.278, -117.5336, 16000, 111, 413, LJ31, , , , , LJ31
1660417872, , 33.278, -117.5336, 16000, 111, 413, LJ31, , , , , LJ31
1660417881, , 33.2717, -117.5145, 15700, 111, 413, LJ31, , , , , LJ31
1660417881, , 33.2717, -117.5145, 15700, 111, 413, LJ31, , , , , LJ31
1660417884, , 33.271, -117.5125, 15600, 111, 413, LJ31, , , , , LJ31
1660417889, , 33.2667, -117.4995, 15450, 111, 410, LJ31, , , , , LJ31
1660417889, , 33.2667, -117.4995, 15450, 111, 410, LJ31, , , , , LJ31
1660417893, , 33.2634, -117.4892, 15325, 111, 410, LJ31, , , , , LJ31
1660417893, , 33.2634, -117.4892, 15325, 111, 410, LJ31, , , , , LJ31
1660417893, , 33.2634, -117.4892, 15325, 111, 410, LJ31, , , , , LJ31
1660417893, , 33.2634, -117.4892, 15325, 111, 410, LJ31, , , , , LJ31
1660417899, , 33.2602, -117.4794, 15200, 111, 402, LJ31, , , , , LJ31
1660417904, , 33.2563, -117.4675, 15125, 111, 402, LJ31, , , , , LJ31
1660417904, , 33.2563, -117.4675, 15125, 111, 402, LJ31, , , , , LJ31
1660417904, , 33.2563, -117.4675, 15125, 111, 402, LJ31, , , , , LJ31
1660417904, , 33.2563, -117.4675, 15125, 111, 402, LJ31, , , , , LJ31
1660417904, , 33.2563, -117.4675, 15125, 111, 402, LJ31, , , , , LJ31
1660417904, , 33.2563, -117.4675, 15125, 111, 402, LJ31, , , , , LJ31
1660417904, , 33.2563, -117.4675, 15125, 111, 402, LJ31, , , , , LJ31
1660417904, , 33.2563, -117.4675, 15125, 111, 402, LJ31, , , , , LJ31
1660417904, , 33.2563, -117.4675, 15125, 111, 402, LJ31, , , , , LJ31
1660417924, , 33.2369, -117.4319, 15000, 135, 380, LJ31, , , , , LJ31
1660417924, , 33.2369, -117.4319, 15000, 135, 380, LJ31, , , , , LJ31
1660417924, , 33.2369, -117.4319, 15000, 135, 380, LJ31, , , , , LJ31
1660417931, , 33.2271, -117.4221, 15000, 143, 379, LJ31, , , , , LJ31
1660417931, , 33.2271, -117.4221, 15000, 143, 379, LJ31, , , , , LJ31
1660417935, , 33.2215, -117.4174, 15000, 145, 378, LJ31, , , , , LJ31
1660417935, , 33.2215, -117.4174, 15000, 145, 378, LJ31, , , , , LJ31
1660417939, , 33.2144, -117.4122, 15000, 148, 377, LJ31, , , , , LJ31
1660417939, , 33.2144, -117.4122, 15000, 148, 377, LJ31, , , , , LJ31
1660417941, , 33.2112, -117.41, 15000, 148, 377, LJ31, , , , , LJ31
1660417950, , 33.1978, -117.4018, 15000, 154, 375, LJ31, , , , , LJ31
1660417950, , 33.1978, -117.4018, 15000, 154, 375, LJ31, , , , , LJ31
1660417953, , 33.1933, -117.3993, 15000, 155, 375, LJ31, , , , , LJ31
1660417953, , 33.1933, -117.3993, 15000, 155, 375, LJ31, , , , , LJ31
1660417956, , 33.1904, -117.3978, 15000, 156, 375, LJ31, , , , , LJ31
1660417956, , 33.1904, -117.3978, 15000, 156, 375, LJ31, , , , , LJ31
1660417962, , 33.18, -117.3925, 15000, 157, 374, LJ31, , , , , LJ31
1660417962, , 33.18, -117.3925, 15000, 157, 374, LJ31, , , , , LJ31
1660417965, , 33.1748, -117.3901, 15000, 158, 374, LJ31, , , , , LJ31
1660417968, , 33.1732, -117.3894, 15000, 159, 374, LJ31, , , , , LJ31
1660417968, , 33.1732, -117.3894, 15000, 159, 374, LJ31, , , , , LJ31
1660417974, , 33.16, -117.3834, 15000, 159, 375, LJ31, , , , , LJ31
1660417974, , 33.16, -117.3834, 15000, 159, 375, LJ31, , , , , LJ31
1660417977, , 33.1552, -117.3811, 14975, 156, 375, LJ31, , , , , LJ31
1660417980, , 33.1505, -117.3784, 14975, 152, 376, LJ31, , , , , LJ31
1660417980, , 33.1505, -117.3784, 14975, 152, 376, LJ31, , , , , LJ31
1660417985, , 33.1414, -117.3718, 14975, 148, 375, LJ31, , , , , LJ31
1660417985, , 33.1414, -117.3718, 14975, 148, 375, LJ31, , , , , LJ31
1660417989, , 33.1385, -117.3692, 14925, 142, 377, LJ31, , , , , LJ31
1660417989, , 33.1385, -117.3692, 14925, 142, 377, LJ31, , , , , LJ31
1660417991, , 33.1332, -117.3638, 14900, 137, 377, LJ31, , , , , LJ31
1660417995, , 33.1293, -117.3592, 14850, 133, 379, LJ31, , , , , LJ31
1660417995, , 33.1293, -117.3592, 14850, 133, 379, LJ31, , , , , LJ31
