//Timestamp, ICAO, Latitude_deg, Longitude_deg, Altitude_ft, Heading_deg, GroundSpeed_kts, AircraftType, RegistrationNum, Departure, Arrival, FlightNumber1, FlightNumber2
1660415650, , 33.7474, -118.5337, 11150, 166, 316, LJ45, , , , , LJ45
1660415650, , 33.7474, -118.5337, 11150, 166, 316, LJ45, , , , , LJ45
1660415653, , 33.7437, -118.5326, 11275, 165, 318, LJ45, , , , , LJ45
1660415656, , 33.7397, -118.5313, 11425, 165, 322, LJ45, , , , , LJ45
1660415656, , 33.7397, -118.5313, 11425, 165, 322, LJ45, , , , , LJ45
1660415659, , 33.7344, -118.5298, 11550, 166, 326, LJ45, , , , , LJ45
1660415659, , 33.7344, -118.5298, 11550, 166, 326, LJ45, , , , , LJ45
1660415665, , 33.727, -118.5274, 11825, 163, 332, LJ45, , , , , LJ45
1660415665, , 33.727, -118.5274, 11825, 163, 332, LJ45, , , , , LJ45
1660415668, , 33.7214, -118.525, 11950, 158, 336, LJ45, , , , , LJ45
1660415674, , 33.7136, -118.5203, 12200, 149, 340, LJ45, , , , , LJ45
1660415674, , 33.7136, -118.5203, 12200, 149, 340, LJ45, , , , , LJ45
1660415677, , 33.7097, -118.5171, 12350, 146, 340, LJ45, , , , , LJ45
1660415677, , 33.7097, -118.5171, 12350, 146, 340, LJ45, , , , , LJ45
1660415680, , 33.7058, -118.5131, 12550, 138, 341, LJ45, , , , , LJ45
1660415680, , 33.7058, -118.5131, 12550, 138, 341, LJ45, , , , , LJ45
1660415685, , 33.7006, -118.5065, 12850, 132, 341, LJ45, , , , , LJ45
1660415688, , 33.6977, -118.5021, 13125, 131, 340, LJ45, , , , , LJ45
1660415688, , 33.6977, -118.5021, 13125, 131, 340, LJ45, , , , , LJ45
1660415692, , 33.6946, -118.4969, 13400, 124, 339, LJ45, , , , , LJ45
1660415692, , 33.6946, -118.4969, 13400, 124, 339, LJ45, , , , , LJ45
1660415698, , 33.6892, -118.4863, 13850, 119, 338, LJ45, , , , , LJ45
1660415701, , 33.687, -118.4813, 14025, 117, 339, LJ45, , , , , LJ45
1660415701, , 33.687, -118.4813, 14025, 117, 339, LJ45, , , , , LJ45
1660415704, , 33.6848, -118.4758, 14225, 115, 340, LJ45, , , , , LJ45
1660415704, , 33.6848, -118.4758, 14225, 115, 340, LJ45, , , , , LJ45
1660415707, , 33.6826, -118.4699, 14425, 113, 342, LJ45, , , , , LJ45
1660415707, , 33.6826, -118.4699, 14425, 113, 342, LJ45, , , , , LJ45
1660415714, , 33.6785, -118.4579, 14800, 111, 347, LJ45, , , , , LJ45
1660415717, , 33.6767, -118.4525, 14975, 110, 349, LJ45, , , , , LJ45
1660415717, , 33.6767, -118.4525, 14975, 110, 349, LJ45, , , , , LJ45
1660415720, , 33.6755, -118.4485, 15150, 110, 352, LJ45, , , , , LJ45
1660415720, , 33.6755, -118.4485, 15150, 110, 352, LJ45, , , , , LJ45
1660415724, , 33.673, -118.4404, 15350, 109, 353, LJ45, , , , , LJ45
1660415724, , 33.673, -118.4404, 15350, 109, 353, LJ45, , , , , LJ45
1660415730, , 33.6695, -118.4284, 15650, 109, 358, LJ45, , , , , LJ45
1660415733, , 33.6684, -118.4247, 15775, 108, 361, LJ45, , , , , LJ45
1660415733, , 33.6684, -118.4247, 15775, 108, 361, LJ45, , , , , LJ45
1660415736, , 33.6665, -118.4178, 15950, 108, 363, LJ45, , , , , LJ45
1660415736, , 33.6665, -118.4178, 15950, 108, 363, LJ45, , , , , LJ45
1660415742, , 33.6633, -118.4063, 16275, 108, 365, LJ45, , , , , LJ45
1660415742, , 33.6633, -118.4063, 16275, 108, 365, LJ45, , , , , LJ45
1660415744, , 33.6621, -118.4021, 16400, 108, 366, LJ45, , , , , LJ45
1660415748, , 33.6598, -118.3939, 16650, 108, 368, LJ45, , , , , LJ45
1660415748, , 33.6598, -118.3939, 16650, 108, 368, LJ45, , , , , LJ45
1660415754, , 33.6569, -118.3839, 17025, 108, 369, LJ45, , , , , LJ45
1660415754, , 33.6569, -118.3839, 17025, 108, 369, LJ45, , , , , LJ45
1660415758, , 33.6545, -118.3753, 17275, 108, 369, LJ45, , , , , LJ45
1660415758, , 33.6545, -118.3753, 17275, 108, 369, LJ45, , , , , LJ45
1660415761, , 33.6528, -118.3691, 17500, 108, 369, LJ45, , , , , LJ45
1660415764, , 33.6516, -118.3648, 17650, 107, 368, LJ45, , , , , LJ45
1660415764, , 33.6516, -118.3648, 17650, 107, 368, LJ45, , , , , LJ45
1660415770, , 33.6485, -118.3519, 18125, 104, 368, LJ45, , , , , LJ45
1660415770, , 33.6485, -118.3519, 18125, 104, 368, LJ45, , , , , LJ45
1660415773, , 33.6474, -118.3463, 18300, 102, 369, LJ45, , , , , LJ45
1660415773, , 33.6474, -118.3463, 18300, 102, 369, LJ45, , , , , LJ45
1660415777, , 33.6458, -118.337, 18575, 101, 371, LJ45, , , , , LJ45
1660415780, , 33.6449, -118.3309, 18725, 100, 371, LJ45, , , , , LJ45
1660415780, , 33.6449, -118.3309, 18725, 100, 371, LJ45, , , , , LJ45
1660415786, , 33.6432, -118.3183, 19075, 98, 374, LJ45, , , , , LJ45
1660415786, , 33.6432, -118.3183, 19075, 98, 374, LJ45, , , , , LJ45
1660415789, , 33.6425, -118.3121, 19200, 98, 375, LJ45, , , , , LJ45
1660415789, , 33.6425, -118.3121, 19200, 98, 375, LJ45, , , , , LJ45
1660415792, , 33.6419, -118.3071, 19350, 97, 378, LJ45, , , , , LJ45
1660415798, , 33.6404, -118.2937, 19625, 97, 381, LJ45, , , , , LJ45
1660415798, , 33.6404, -118.2937, 19625, 97, 381, LJ45, , , , , LJ45
1660415801, , 33.6397, -118.287, 19775, 97, 382, LJ45, , , , , LJ45
1660415801, , 33.6397, -118.287, 19775, 97, 382, LJ45, , , , , LJ45
1660415804, , 33.6391, -118.282, 19925, 97, 382, LJ45, , , , , LJ45
1660415804, , 33.6391, -118.282, 19925, 97, 382, LJ45, , , , , LJ45
1660415810, , 33.6377, -118.2685, 20275, 97, 384, LJ45, , , , , LJ45
1660415813, , 33.6371, -118.2622, 20425, 97, 385, LJ45, , , , , LJ45
1660415813, , 33.6371, -118.2622, 20425, 97, 385, LJ45, , , , , LJ45
1660415816, , 33.6364, -118.2558, 20575, 97, 385, LJ45, , , , , LJ45
1660415816, , 33.6364, -118.2558, 20575, 97, 385, LJ45, , , , , LJ45
1660415822, , 33.6351, -118.2439, 20850, 97, 388, LJ45, , , , , LJ45
1660415822, , 33.6351, -118.2439, 20850, 97, 388, LJ45, , , , , LJ45
1660415825, , 33.6344, -118.2375, 21000, 97, 389, LJ45, , , , , LJ45
1660415828, , 33.6335, -118.2302, 21125, 97, 389, LJ45, , , , , LJ45
1660415828, , 33.6335, -118.2302, 21125, 97, 389, LJ45, , , , , LJ45
1660415834, , 33.6321, -118.2177, 21400, 98, 393, LJ45, , , , , LJ45
1660415834, , 33.6321, -118.2177, 21400, 98, 393, LJ45, , , , , LJ45
1660415837, , 33.6312, -118.2104, 21525, 98, 394, LJ45, , , , , LJ45
1660415837, , 33.6312, -118.2104, 21525, 98, 394, LJ45, , , , , LJ45
1660415841, , 33.6301, -118.2017, 21675, 98, 397, LJ45, , , , , LJ45
1660415845, , 33.6292, -118.1943, 21750, 98, 399, LJ45, , , , , LJ45
1660415845, , 33.6292, -118.1943, 21750, 98, 399, LJ45, , , , , LJ45
1660415848, , 33.6283, -118.1877, 21825, 98, 400, LJ45, , , , , LJ45
1660415848, , 33.6283, -118.1877, 21825, 98, 400, LJ45, , , , , LJ45
1660415852, , 33.6274, -118.1801, 21875, 98, 406, LJ45, , , , , LJ45
1660415852, , 33.6274, -118.1801, 21875, 98, 406, LJ45, , , , , LJ45
1660415858, , 33.6257, -118.1666, 21975, 98, 412, LJ45, , , , , LJ45
1660415861, , 33.6247, -118.1593, 22025, 98, 415, LJ45, , , , , LJ45
1660415861, , 33.6247, -118.1593, 22025, 98, 415, LJ45, , , , , LJ45
1660415864, , 33.6238, -118.1525, 22075, 98, 417, LJ45, , , , , LJ45
1660415864, , 33.6238, -118.1525, 22075, 98, 417, LJ45, , , , , LJ45
1660415870, , 33.6222, -118.1395, 22200, 98, 424, LJ45, , , , , LJ45
1660415870, , 33.6222, -118.1395, 22200, 98, 424, LJ45, , , , , LJ45
1660415873, , 33.6211, -118.1311, 22250, 98, 426, LJ45, , , , , LJ45
1660415876, , 33.6202, -118.1241, 22300, 98, 429, LJ45, , , , , LJ45
1660415876, , 33.6202, -118.1241, 22300, 98, 429, LJ45, , , , , LJ45
1660415882, , 33.6184, -118.1103, 22375, 98, 435, LJ45, , , , , LJ45
1660415882, , 33.6184, -118.1103, 22375, 98, 435, LJ45, , , , , LJ45
1660415885, , 33.6177, -118.1041, 22425, 98, 438, LJ45, , , , , LJ45
1660415888, , 33.6165, -118.0955, 22450, 98, 439, LJ45, , , , , LJ45
1660415888, , 33.6165, -118.0955, 22450, 98, 439, LJ45, , , , , LJ45
1660415894, , 33.6147, -118.0809, 22525, 98, 444, LJ45, , , , , LJ45
1660415894, , 33.6147, -118.0809, 22525, 98, 444, LJ45, , , , , LJ45
1660415894, , 33.6147, -118.0809, 22525, 98, 444, LJ45, , , , , LJ45
1660415894, , 33.6147, -118.0809, 22525, 98, 444, LJ45, , , , , LJ45
1660415901, , 33.6123, -118.0614, 22625, 98, 444, LJ45, , , , , LJ45
1660415906, , 33.611, -118.0512, 22675, 98, 444, LJ45, , , , , LJ45
1660415906, , 33.611, -118.0512, 22675, 98, 444, LJ45, , , , , LJ45
1660415909, , 33.6102, -118.0443, 22700, 98, 444, LJ45, , , , , LJ45
1660415909, , 33.6102, -118.0443, 22700, 98, 444, LJ45, , , , , LJ45
1660415912, , 33.6093, -118.037, 22725, 98, 444, LJ45, , , , , LJ45
1660415918, , 33.6074, -118.0217, 22800, 98, 444, LJ45, , , , , LJ45
1660415918, , 33.6074, -118.0217, 22800, 98, 444, LJ45, , , , , LJ45
1660415921, , 33.6065, -118.0146, 22850, 98, 443, LJ45, , , , , LJ45
1660415921, , 33.6065, -118.0146, 22850, 98, 443, LJ45, , , , , LJ45
1660415924, , 33.6056, -118.0073, 22875, 98, 443, LJ45, , , , , LJ45
1660415924, , 33.6056, -118.0073, 22875, 98, 443, LJ45, , , , , LJ45
1660415930, , 33.6037, -117.9927, 22950, 98, 443, LJ45, , , , , LJ45
1660415933, , 33.6028, -117.9854, 22950, 98, 443, LJ45, , , , , LJ45
1660415933, , 33.6028, -117.9854, 22950, 98, 443, LJ45, , , , , LJ45
1660415936, , 33.6019, -117.9779, 22975, 98, 444, LJ45, , , , , LJ45
1660415936, , 33.6019, -117.9779, 22975, 98, 444, LJ45, , , , , LJ45
1660415942, , 33.6, -117.9635, 22975, 98, 445, LJ45, , , , , LJ45
1660415942, , 33.6, -117.9635, 22975, 98, 445, LJ45, , , , , LJ45
1660415945, , 33.5991, -117.9561, 23000, 98, 446, LJ45, , , , , LJ45
1660415948, , 33.5982, -117.9487, 23000, 98, 447, LJ45, , , , , LJ45
1660415948, , 33.5982, -117.9487, 23000, 98, 447, LJ45, , , , , LJ45
1660415954, , 33.5962, -117.9331, 23000, 98, 448, LJ45, , , , , LJ45
1660415954, , 33.5962, -117.9331, 23000, 98, 448, LJ45, , , , , LJ45
1660415957, , 33.5953, -117.9258, 23000, 98, 449, LJ45, , , , , LJ45
1660415957, , 33.5953, -117.9258, 23000, 98, 449, LJ45, , , , , LJ45
1660415960, , 33.5943, -117.9189, 23000, 98, 449, LJ45, , , , , LJ45
1660415966, , 33.5924, -117.9041, 23000, 98, 450, LJ45, , , , , LJ45
1660415966, , 33.5924, -117.9041, 23000, 98, 450, LJ45, , , , , LJ45
1660415969, , 33.5914, -117.8967, 23000, 98, 451, LJ45, , , , , LJ45
1660415969, , 33.5914, -117.8967, 23000, 98, 451, LJ45, , , , , LJ45
1660415972, , 33.5905, -117.8893, 23000, 98, 452, LJ45, , , , , LJ45
1660415972, , 33.5905, -117.8893, 23000, 98, 452, LJ45, , , , , LJ45
1660415978, , 33.5885, -117.8744, 23000, 98, 453, LJ45, , , , , LJ45
1660415980, , 33.5879, -117.8695, 23000, 98, 453, LJ45, , , , , LJ45
1660415980, , 33.5879, -117.8695, 23000, 98, 453, LJ45, , , , , LJ45
1660415983, , 33.5874, -117.866, 23000, 98, 453, LJ45, , , , , LJ45
1660415983, , 33.5874, -117.866, 23000, 98, 453, LJ45, , , , , LJ45
1660415990, , 33.5847, -117.8441, 23000, 98, 455, LJ45, , , , , LJ45
1660415990, , 33.5847, -117.8441, 23000, 98, 455, LJ45, , , , , LJ45
1660415993, , 33.5838, -117.8375, 23000, 98, 455, LJ45, , , , , LJ45
1660415996, , 33.5828, -117.8296, 23000, 98, 456, LJ45, , , , , LJ45
1660415996, , 33.5828, -117.8296, 23000, 98, 456, LJ45, , , , , LJ45
1660416002, , 33.5808, -117.8141, 23000, 98, 457, LJ45, , , , , LJ45
1660416002, , 33.5808, -117.8141, 23000, 98, 457, LJ45, , , , , LJ45
1660416005, , 33.5799, -117.8066, 23000, 98, 457, LJ45, , , , , LJ45
1660416005, , 33.5799, -117.8066, 23000, 98, 457, LJ45, , , , , LJ45
1660416008, , 33.5789, -117.7991, 23000, 98, 457, LJ45, , , , , LJ45
1660416012, , 33.5782, -117.7931, 23000, 98, 457, LJ45, , , , , LJ45
1660416012, , 33.5782, -117.7931, 23000, 98, 457, LJ45, , , , , LJ45
1660416018, , 33.5761, -117.7765, 23000, 98, 459, LJ45, , , , , LJ45
1660416018, , 33.5761, -117.7765, 23000, 98, 459, LJ45, , , , , LJ45
1660416021, , 33.5753, -117.77, 23000, 98, 459, LJ45, , , , , LJ45
1660416021, , 33.5753, -117.77, 23000, 98, 459, LJ45, , , , , LJ45
1660416024, , 33.5746, -117.765, 23000, 98, 459, LJ45, , , , , LJ45
1660416030, , 33.5722, -117.7464, 23000, 98, 460, LJ45, , , , , LJ45
1660416030, , 33.5722, -117.7464, 23000, 98, 460, LJ45, , , , , LJ45
1660416032, , 33.5716, -117.7418, 23000, 98, 460, LJ45, , , , , LJ45
1660416032, , 33.5716, -117.7418, 23000, 98, 460, LJ45, , , , , LJ45
1660416036, , 33.5702, -117.7317, 23000, 98, 460, LJ45, , , , , LJ45
1660416036, , 33.5702, -117.7317, 23000, 98, 460, LJ45, , , , , LJ45
1660416042, , 33.5682, -117.7162, 23075, 98, 459, LJ45, , , , , LJ45
1660416045, , 33.5672, -117.7081, 23150, 98, 458, LJ45, , , , , LJ45
1660416045, , 33.5672, -117.7081, 23150, 98, 458, LJ45, , , , , LJ45
1660416048, , 33.5668, -117.7056, 23200, 98, 456, LJ45, , , , , LJ45
1660416054, , 33.5642, -117.6851, 23375, 98, 458, LJ45, , , , , LJ45
1660416054, , 33.5642, -117.6851, 23375, 98, 458, LJ45, , , , , LJ45
1660416057, , 33.5633, -117.6776, 23475, 98, 458, LJ45, , , , , LJ45
1660416057, , 33.5633, -117.6776, 23475, 98, 458, LJ45, , , , , LJ45
1660416060, , 33.5627, -117.6731, 23575, 98, 458, LJ45, , , , , LJ45
1660416060, , 33.5627, -117.6731, 23575, 98, 458, LJ45, , , , , LJ45
1660416064, , 33.5614, -117.6626, 23725, 98, 458, LJ45, , , , , LJ45
1660416064, , 33.5614, -117.6626, 23725, 98, 458, LJ45, , , , , LJ45
1660416067, , 33.56, -117.6521, 23825, 98, 457, LJ45, , , , , LJ45
1660416073, , 33.5579, -117.6356, 24050, 98, 457, LJ45, , , , , LJ45
1660416073, , 33.5579, -117.6356, 24050, 98, 457, LJ45, , , , , LJ45
1660416076, , 33.5569, -117.628, 24150, 98, 457, LJ45, , , , , LJ45
1660416076, , 33.5569, -117.628, 24150, 98, 457, LJ45, , , , , LJ45
1660416080, , 33.5557, -117.6195, 24250, 98, 457, LJ45, , , , , LJ45
1660416080, , 33.5557, -117.6195, 24250, 98, 457, LJ45, , , , , LJ45
1660416086, , 33.5538, -117.605, 24450, 98, 458, LJ45, , , , , LJ45
1660416089, , 33.5529, -117.5975, 24550, 98, 458, LJ45, , , , , LJ45
1660416089, , 33.5529, -117.5975, 24550, 98, 458, LJ45, , , , , LJ45
1660416091, , 33.5519, -117.5899, 24650, 98, 458, LJ45, , , , , LJ45
1660416091, , 33.5519, -117.5899, 24650, 98, 458, LJ45, , , , , LJ45
1660416097, , 33.5502, -117.5774, 24825, 98, 458, LJ45, , , , , LJ45
1660416097, , 33.5502, -117.5774, 24825, 98, 458, LJ45, , , , , LJ45
1660416100, , 33.5495, -117.5719, 24950, 99, 458, LJ45, , , , , LJ45
1660416104, , 33.5479, -117.5599, 25075, 99, 457, LJ45, , , , , LJ45
1660416104, , 33.5479, -117.5599, 25075, 99, 457, LJ45, , , , , LJ45
1660416110, , 33.5461, -117.5464, 25275, 98, 458, LJ45, , , , , LJ45
1660416110, , 33.5461, -117.5464, 25275, 98, 458, LJ45, , , , , LJ45
1660416112, , 33.5449, -117.5373, 25350, 98, 458, LJ45, , , , , LJ45
1660416112, , 33.5449, -117.5373, 25350, 98, 458, LJ45, , , , , LJ45
1660416115, , 33.544, -117.5303, 25450, 99, 457, LJ45, , , , , LJ45
1660416122, , 33.5419, -117.5143, 25675, 99, 457, LJ45, , , , , LJ45
1660416122, , 33.5419, -117.5143, 25675, 99, 457, LJ45, , , , , LJ45
1660416125, , 33.5408, -117.5066, 25775, 98, 458, LJ45, , , , , LJ45
1660416125, , 33.5408, -117.5066, 25775, 98, 458, LJ45, , , , , LJ45
1660416128, , 33.54, -117.5003, 25875, 98, 458, LJ45, , , , , LJ45
1660416128, , 33.54, -117.5003, 25875, 98, 458, LJ45, , , , , LJ45
1660416134, , 33.538, -117.4848, 26075, 99, 458, LJ45, , , , , LJ45
1660416137, , 33.537, -117.4773, 26175, 99, 458, LJ45, , , , , LJ45
1660416137, , 33.537, -117.4773, 26175, 99, 458, LJ45, , , , , LJ45
1660416140, , 33.536, -117.4703, 26275, 98, 458, LJ45, , , , , LJ45
1660416140, , 33.536, -117.4703, 26275, 98, 458, LJ45, , , , , LJ45
1660416146, , 33.5339, -117.4542, 26475, 98, 458, LJ45, , , , , LJ45
1660416146, , 33.5339, -117.4542, 26475, 98, 458, LJ45, , , , , LJ45
1660416150, , 33.5326, -117.4441, 26625, 98, 458, LJ45, , , , , LJ45
1660416153, , 33.5317, -117.4367, 26725, 98, 458, LJ45, , , , , LJ45
1660416153, , 33.5317, -117.4367, 26725, 98, 458, LJ45, , , , , LJ45
1660416156, , 33.5307, -117.4292, 26825, 98, 458, LJ45, , , , , LJ45
1660416156, , 33.5307, -117.4292, 26825, 98, 458, LJ45, , , , , LJ45
1660416159, , 33.5296, -117.4212, 26925, 98, 458, LJ45, , , , , LJ45
1660416159, , 33.5296, -117.4212, 26925, 98, 458, LJ45, , , , , LJ45
1660416165, , 33.5277, -117.4065, 27125, 98, 458, LJ45, , , , , LJ45
1660416168, , 33.5266, -117.3976, 27225, 98, 458, LJ45, , , , , LJ45
1660416168, , 33.5266, -117.3976, 27225, 98, 458, LJ45, , , , , LJ45
1660416172, , 33.5256, -117.3901, 27325, 98, 458, LJ45, , , , , LJ45
1660416172, , 33.5256, -117.3901, 27325, 98, 458, LJ45, , , , , LJ45
1660416178, , 33.5237, -117.376, 27525, 98, 459, LJ45, , , , , LJ45
1660416178, , 33.5237, -117.376, 27525, 98, 459, LJ45, , , , , LJ45
1660416179, , 33.5231, -117.3715, 27575, 98, 459, LJ45, , , , , LJ45
1660416183, , 33.5218, -117.3615, 27750, 98, 459, LJ45, , , , , LJ45
1660416183, , 33.5218, -117.3615, 27750, 98, 459, LJ45, , , , , LJ45
1660416189, , 33.5196, -117.3449, 27925, 99, 459, LJ45, , , , , LJ45
1660416189, , 33.5196, -117.3449, 27925, 99, 459, LJ45, , , , , LJ45
1660416192, , 33.5191, -117.3414, 28000, 99, 459, LJ45, , , , , LJ45
1660416192, , 33.5191, -117.3414, 28000, 99, 459, LJ45, , , , , LJ45
1660416196, , 33.5177, -117.3311, 28100, 99, 459, LJ45, , , , , LJ45
1660416202, , 33.5158, -117.3162, 28275, 99, 460, LJ45, , , , , LJ45
1660416202, , 33.5158, -117.3162, 28275, 99, 460, LJ45, , , , , LJ45
1660416205, , 33.5144, -117.3062, 28375, 99, 460, LJ45, , , , , LJ45
1660416205, , 33.5144, -117.3062, 28375, 99, 460, LJ45, , , , , LJ45
1660416208, , 33.5134, -117.2987, 28475, 99, 460, LJ45, , , , , LJ45
1660416208, , 33.5134, -117.2987, 28475, 99, 460, LJ45, , , , , LJ45
1660416214, , 33.5114, -117.284, 28675, 99, 460, LJ45, , , , , LJ45
1660416217, , 33.5103, -117.276, 28750, 99, 460, LJ45, , , , , LJ45
1660416217, , 33.5103, -117.276, 28750, 99, 460, LJ45, , , , , LJ45
1660416220, , 33.5094, -117.269, 28850, 99, 460, LJ45, , , , , LJ45
1660416220, , 33.5094, -117.269, 28850, 99, 460, LJ45, , , , , LJ45
1660416226, , 33.5073, -117.2539, 29025, 99, 460, LJ45, , , , , LJ45
1660416226, , 33.5073, -117.2539, 29025, 99, 460, LJ45, , , , , LJ45
1660416229, , 33.5067, -117.2482, 29100, 97, 461, LJ45, , , , , LJ45
1660416232, , 33.5057, -117.2382, 29200, 96, 461, LJ45, , , , , LJ45
1660416232, , 33.5057, -117.2382, 29200, 96, 461, LJ45, , , , , LJ45
