//Timestamp, ICAO, Latitude_deg, Longitude_deg, Altitude_ft, Heading_deg, GroundSpeed_kts, AircraftType, RegistrationNum, Departure, Arrival, FlightNumber1, FlightNumber2
1660406308, , 33.1261, -117.3448, 6475, 310, 159, M20T, , , , , M20T
1660406308, , 33.1261, -117.3448, 6475, 310, 159, M20T, , , , , M20T
1660406313, , 33.1289, -117.3486, 6475, 310, 159, M20T, , , , , M20T
1660406317, , 33.1302, -117.3506, 6475, 310, 159, M20T, , , , , M20T
1660406317, , 33.1302, -117.3506, 6475, 310, 159, M20T, , , , , M20T
1660406319, , 33.1315, -117.3523, 6475, 310, 159, M20T, , , , , M20T
1660406319, , 33.1315, -117.3523, 6475, 310, 159, M20T, , , , , M20T
1660406326, , 33.1345, -117.3566, 6475, 310, 160, M20T, , , , , M20T
1660406328, , 33.136, -117.3587, 6475, 310, 159, M20T, , , , , M20T
1660406328, , 33.136, -117.3587, 6475, 310, 159, M20T, , , , , M20T
1660406332, , 33.1375, -117.3608, 6475, 310, 159, M20T, , , , , M20T
1660406332, , 33.1375, -117.3608, 6475, 310, 159, M20T, , , , , M20T
1660406338, , 33.1404, -117.3649, 6475, 310, 160, M20T, , , , , M20T
1660406338, , 33.1404, -117.3649, 6475, 310, 160, M20T, , , , , M20T
1660406341, , 33.1419, -117.3669, 6475, 310, 159, M20T, , , , , M20T
1660406344, , 33.1434, -117.3691, 6475, 310, 159, M20T, , , , , M20T
1660406344, , 33.1434, -117.3691, 6475, 310, 159, M20T, , , , , M20T
1660406350, , 33.1462, -117.373, 6475, 310, 159, M20T, , , , , M20T
1660406350, , 33.1462, -117.373, 6475, 310, 159, M20T, , , , , M20T
1660406353, , 33.1476, -117.375, 6475, 310, 159, M20T, , , , , M20T
1660406356, , 33.1489, -117.3769, 6475, 310, 159, M20T, , , , , M20T
1660406356, , 33.1489, -117.3769, 6475, 310, 159, M20T, , , , , M20T
1660406362, , 33.1521, -117.3813, 6475, 310, 159, M20T, , , , , M20T
1660406362, , 33.1521, -117.3813, 6475, 310, 159, M20T, , , , , M20T
1660406365, , 33.1535, -117.3833, 6475, 310, 159, M20T, , , , , M20T
1660406365, , 33.1535, -117.3833, 6475, 310, 159, M20T, , , , , M20T
1660406368, , 33.155, -117.3853, 6475, 310, 159, M20T, , , , , M20T
1660406374, , 33.1576, -117.389, 6475, 310, 159, M20T, , , , , M20T
1660406374, , 33.1576, -117.389, 6475, 310, 159, M20T, , , , , M20T
1660406377, , 33.1592, -117.3912, 6475, 310, 159, M20T, , , , , M20T
1660406377, , 33.1592, -117.3912, 6475, 310, 159, M20T, , , , , M20T
1660406380, , 33.1606, -117.3933, 6475, 310, 159, M20T, , , , , M20T
1660406380, , 33.1606, -117.3933, 6475, 310, 159, M20T, , , , , M20T
1660406386, , 33.1636, -117.3975, 6450, 310, 160, M20T, , , , , M20T
1660406389, , 33.1649, -117.3993, 6450, 310, 159, M20T, , , , , M20T
1660406389, , 33.1649, -117.3993, 6450, 310, 159, M20T, , , , , M20T
1660406392, , 33.1663, -117.4014, 6475, 310, 159, M20T, , , , , M20T
1660406392, , 33.1663, -117.4014, 6475, 310, 159, M20T, , , , , M20T
1660406398, , 33.1692, -117.4054, 6475, 310, 159, M20T, , , , , M20T
1660406398, , 33.1692, -117.4054, 6475, 310, 159, M20T, , , , , M20T
1660406401, , 33.1707, -117.4076, 6475, 310, 159, M20T, , , , , M20T
1660406401, , 33.1707, -117.4076, 6475, 310, 159, M20T, , , , , M20T
1660406404, , 33.1722, -117.4097, 6475, 309, 160, M20T, , , , , M20T
1660406410, , 33.1749, -117.4135, 6475, 309, 160, M20T, , , , , M20T
1660406410, , 33.1749, -117.4135, 6475, 309, 160, M20T, , , , , M20T
1660406413, , 33.1766, -117.4159, 6475, 309, 159, M20T, , , , , M20T
1660406413, , 33.1766, -117.4159, 6475, 309, 159, M20T, , , , , M20T
1660406416, , 33.1775, -117.4174, 6475, 308, 160, M20T, , , , , M20T
1660406422, , 33.1807, -117.422, 6475, 308, 160, M20T, , , , , M20T
1660406422, , 33.1807, -117.422, 6475, 308, 160, M20T, , , , , M20T
1660406425, , 33.1821, -117.4242, 6475, 308, 160, M20T, , , , , M20T
1660406428, , 33.1833, -117.426, 6450, 307, 161, M20T, , , , , M20T
1660406428, , 33.1833, -117.426, 6450, 307, 161, M20T, , , , , M20T
1660406434, , 33.186, -117.4302, 6475, 307, 160, M20T, , , , , M20T
1660406434, , 33.186, -117.4302, 6475, 307, 160, M20T, , , , , M20T
1660406437, , 33.1875, -117.4324, 6475, 307, 160, M20T, , , , , M20T
1660406437, , 33.1875, -117.4324, 6475, 307, 160, M20T, , , , , M20T
1660406440, , 33.1887, -117.4344, 6475, 307, 160, M20T, , , , , M20T
1660406446, , 33.1917, -117.4389, 6475, 307, 159, M20T, , , , , M20T
1660406446, , 33.1917, -117.4389, 6475, 307, 159, M20T, , , , , M20T
1660406449, , 33.1928, -117.4406, 6475, 307, 159, M20T, , , , , M20T
1660406449, , 33.1928, -117.4406, 6475, 307, 159, M20T, , , , , M20T
1660406452, , 33.1944, -117.4431, 6475, 308, 160, M20T, , , , , M20T
1660406452, , 33.1944, -117.4431, 6475, 308, 160, M20T, , , , , M20T
1660406458, , 33.1972, -117.4472, 6475, 308, 159, M20T, , , , , M20T
1660406461, , 33.1984, -117.4491, 6475, 308, 160, M20T, , , , , M20T
1660406461, , 33.1984, -117.4491, 6475, 308, 160, M20T, , , , , M20T
1660406464, , 33.2, -117.4514, 6475, 308, 159, M20T, , , , , M20T
1660406464, , 33.2, -117.4514, 6475, 308, 159, M20T, , , , , M20T
1660406470, , 33.2028, -117.4555, 6475, 309, 159, M20T, , , , , M20T
1660406470, , 33.2028, -117.4555, 6475, 309, 159, M20T, , , , , M20T
1660406472, , 33.2039, -117.457, 6475, 309, 159, M20T, , , , , M20T
1660406472, , 33.2039, -117.457, 6475, 309, 159, M20T, , , , , M20T
1660406476, , 33.2053, -117.4592, 6475, 309, 159, M20T, , , , , M20T
1660406482, , 33.2082, -117.4634, 6475, 309, 159, M20T, , , , , M20T
1660406482, , 33.2082, -117.4634, 6475, 309, 159, M20T, , , , , M20T
1660406485, , 33.2099, -117.4658, 6475, 309, 159, M20T, , , , , M20T
1660406485, , 33.2099, -117.4658, 6475, 309, 159, M20T, , , , , M20T
1660406488, , 33.2113, -117.4678, 6475, 309, 159, M20T, , , , , M20T
1660406488, , 33.2113, -117.4678, 6475, 309, 159, M20T, , , , , M20T
1660406494, , 33.2141, -117.4719, 6475, 309, 160, M20T, , , , , M20T
1660406497, , 33.2155, -117.4738, 6475, 309, 160, M20T, , , , , M20T
1660406497, , 33.2155, -117.4738, 6475, 309, 160, M20T, , , , , M20T
1660406500, , 33.2167, -117.4754, 6475, 310, 159, M20T, , , , , M20T
1660406500, , 33.2167, -117.4754, 6475, 310, 159, M20T, , , , , M20T
1660406502, , 33.2178, -117.477, 6475, 310, 159, M20T, , , , , M20T
1660406502, , 33.2178, -117.477, 6475, 310, 159, M20T, , , , , M20T
1660406509, , 33.2212, -117.4818, 6475, 310, 160, M20T, , , , , M20T
1660406512, , 33.2228, -117.4841, 6475, 310, 161, M20T, , , , , M20T
1660406512, , 33.2228, -117.4841, 6475, 310, 161, M20T, , , , , M20T
1660406515, , 33.2243, -117.4861, 6475, 310, 161, M20T, , , , , M20T
1660406515, , 33.2243, -117.4861, 6475, 310, 161, M20T, , , , , M20T
1660406521, , 33.227, -117.49, 6475, 310, 161, M20T, , , , , M20T
1660406521, , 33.227, -117.49, 6475, 310, 161, M20T, , , , , M20T
1660406524, , 33.2284, -117.4919, 6475, 310, 161, M20T, , , , , M20T
1660406527, , 33.2301, -117.4942, 6475, 310, 161, M20T, , , , , M20T
1660406527, , 33.2301, -117.4942, 6475, 310, 161, M20T, , , , , M20T
1660406533, , 33.2329, -117.4983, 6475, 310, 161, M20T, , , , , M20T
1660406533, , 33.2329, -117.4983, 6475, 310, 161, M20T, , , , , M20T
1660406536, , 33.2344, -117.5004, 6475, 310, 161, M20T, , , , , M20T
1660406536, , 33.2344, -117.5004, 6475, 310, 161, M20T, , , , , M20T
1660406539, , 33.2358, -117.5023, 6475, 310, 161, M20T, , , , , M20T
1660406545, , 33.2385, -117.5062, 6475, 310, 161, M20T, , , , , M20T
1660406545, , 33.2385, -117.5062, 6475, 310, 161, M20T, , , , , M20T
1660406548, , 33.2401, -117.5083, 6475, 310, 161, M20T, , , , , M20T
1660406548, , 33.2401, -117.5083, 6475, 310, 161, M20T, , , , , M20T
1660406551, , 33.2414, -117.5103, 6475, 310, 161, M20T, , , , , M20T
1660406551, , 33.2414, -117.5103, 6475, 310, 161, M20T, , , , , M20T
1660406557, , 33.2444, -117.5145, 6475, 310, 159, M20T, , , , , M20T
1660406560, , 33.2459, -117.5167, 6475, 310, 159, M20T, , , , , M20T
1660406560, , 33.2459, -117.5167, 6475, 310, 159, M20T, , , , , M20T
1660406564, , 33.2474, -117.5187, 6500, 310, 159, M20T, , , , , M20T
1660406564, , 33.2474, -117.5187, 6500, 310, 159, M20T, , , , , M20T
1660406569, , 33.2502, -117.5227, 6500, 310, 159, M20T, , , , , M20T
1660406569, , 33.2502, -117.5227, 6500, 310, 159, M20T, , , , , M20T
1660406572, , 33.2516, -117.5247, 6500, 310, 159, M20T, , , , , M20T
1660406576, , 33.2531, -117.5269, 6500, 310, 159, M20T, , , , , M20T
1660406576, , 33.2531, -117.5269, 6500, 310, 159, M20T, , , , , M20T
1660406582, , 33.2561, -117.531, 6500, 310, 159, M20T, , , , , M20T
1660406582, , 33.2561, -117.531, 6500, 310, 159, M20T, , , , , M20T
1660406584, , 33.2573, -117.5328, 6500, 310, 159, M20T, , , , , M20T
1660406588, , 33.2589, -117.535, 6500, 310, 159, M20T, , , , , M20T
1660406588, , 33.2589, -117.535, 6500, 310, 159, M20T, , , , , M20T
1660406593, , 33.2613, -117.5384, 6500, 309, 160, M20T, , , , , M20T
1660406593, , 33.2613, -117.5384, 6500, 309, 160, M20T, , , , , M20T
1660406596, , 33.2628, -117.5405, 6500, 309, 160, M20T, , , , , M20T
1660406600, , 33.2643, -117.5427, 6500, 310, 161, M20T, , , , , M20T
1660406600, , 33.2643, -117.5427, 6500, 310, 161, M20T, , , , , M20T
1660406605, , 33.2674, -117.547, 6500, 309, 160, M20T, , , , , M20T
1660406605, , 33.2674, -117.547, 6500, 309, 160, M20T, , , , , M20T
1660406609, , 33.2689, -117.5492, 6500, 309, 160, M20T, , , , , M20T
1660406609, , 33.2689, -117.5492, 6500, 309, 160, M20T, , , , , M20T
1660406612, , 33.2704, -117.5513, 6500, 310, 161, M20T, , , , , M20T
1660406612, , 33.2704, -117.5513, 6500, 310, 161, M20T, , , , , M20T
1660406618, , 33.2733, -117.5553, 6500, 310, 161, M20T, , , , , M20T
1660406621, , 33.2747, -117.5574, 6500, 310, 161, M20T, , , , , M20T
1660406621, , 33.2747, -117.5574, 6500, 310, 161, M20T, , , , , M20T
1660406624, , 33.2761, -117.5593, 6500, 309, 161, M20T, , , , , M20T
1660406624, , 33.2761, -117.5593, 6500, 309, 161, M20T, , , , , M20T
1660406630, , 33.279, -117.5634, 6500, 309, 161, M20T, , , , , M20T
1660406630, , 33.279, -117.5634, 6500, 309, 161, M20T, , , , , M20T
1660406633, , 33.2806, -117.5657, 6500, 309, 161, M20T, , , , , M20T
1660406635, , 33.2819, -117.5674, 6500, 309, 161, M20T, , , , , M20T
1660406635, , 33.2819, -117.5674, 6500, 309, 161, M20T, , , , , M20T
1660406642, , 33.2849, -117.5718, 6500, 309, 161, M20T, , , , , M20T
1660406642, , 33.2849, -117.5718, 6500, 309, 161, M20T, , , , , M20T
1660406645, , 33.2863, -117.5738, 6500, 309, 161, M20T, , , , , M20T
1660406645, , 33.2863, -117.5738, 6500, 309, 161, M20T, , , , , M20T
1660406648, , 33.2878, -117.5758, 6500, 310, 162, M20T, , , , , M20T
1660406652, , 33.2898, -117.5787, 6500, 309, 161, M20T, , , , , M20T
1660406652, , 33.2898, -117.5787, 6500, 309, 161, M20T, , , , , M20T
1660406656, , 33.2915, -117.5811, 6500, 309, 161, M20T, , , , , M20T
1660406656, , 33.2915, -117.5811, 6500, 309, 161, M20T, , , , , M20T
1660406660, , 33.2936, -117.5841, 6500, 309, 161, M20T, , , , , M20T
1660406660, , 33.2936, -117.5841, 6500, 309, 161, M20T, , , , , M20T
1660406664, , 33.2948, -117.5858, 6500, 309, 161, M20T, , , , , M20T
1660406667, , 33.2966, -117.5883, 6500, 309, 161, M20T, , , , , M20T
1660406667, , 33.2966, -117.5883, 6500, 309, 161, M20T, , , , , M20T
1660406673, , 33.2996, -117.5925, 6500, 309, 161, M20T, , , , , M20T
1660406673, , 33.2996, -117.5925, 6500, 309, 161, M20T, , , , , M20T
1660406676, , 33.3017, -117.5955, 6500, 309, 161, M20T, , , , , M20T
1660406676, , 33.3017, -117.5955, 6500, 309, 161, M20T, , , , , M20T
1660406679, , 33.3029, -117.5972, 6500, 309, 161, M20T, , , , , M20T
1660406684, , 33.3053, -117.6007, 6500, 309, 161, M20T, , , , , M20T
1660406684, , 33.3053, -117.6007, 6500, 309, 161, M20T, , , , , M20T
1660406690, , 33.3082, -117.6048, 6500, 309, 161, M20T, , , , , M20T
1660406690, , 33.3082, -117.6048, 6500, 309, 161, M20T, , , , , M20T
1660406693, , 33.3097, -117.6068, 6500, 309, 161, M20T, , , , , M20T
1660406693, , 33.3097, -117.6068, 6500, 309, 161, M20T, , , , , M20T
1660406696, , 33.3111, -117.6087, 6500, 309, 161, M20T, , , , , M20T
1660406702, , 33.3139, -117.6128, 6500, 310, 161, M20T, , , , , M20T
1660406702, , 33.3139, -117.6128, 6500, 310, 161, M20T, , , , , M20T
1660406705, , 33.3154, -117.615, 6500, 309, 161, M20T, , , , , M20T
1660406705, , 33.3154, -117.615, 6500, 309, 161, M20T, , , , , M20T
1660406710, , 33.3178, -117.6182, 6500, 309, 161, M20T, , , , , M20T
1660406710, , 33.3178, -117.6182, 6500, 309, 161, M20T, , , , , M20T
1660406713, , 33.3192, -117.6202, 6500, 309, 161, M20T, , , , , M20T
1660406717, , 33.3213, -117.6233, 6500, 310, 161, M20T, , , , , M20T
1660406717, , 33.3213, -117.6233, 6500, 310, 161, M20T, , , , , M20T
1660406720, , 33.3228, -117.6254, 6500, 310, 161, M20T, , , , , M20T
1660406720, , 33.3228, -117.6254, 6500, 310, 161, M20T, , , , , M20T
1660406726, , 33.3256, -117.6294, 6500, 310, 161, M20T, , , , , M20T
1660406726, , 33.3256, -117.6294, 6500, 310, 161, M20T, , , , , M20T
1660406729, , 33.3272, -117.6315, 6500, 310, 161, M20T, , , , , M20T
1660406732, , 33.3285, -117.6335, 6500, 310, 161, M20T, , , , , M20T
1660406732, , 33.3285, -117.6335, 6500, 310, 161, M20T, , , , , M20T
1660406738, , 33.3311, -117.6372, 6500, 310, 161, M20T, , , , , M20T
1660406738, , 33.3311, -117.6372, 6500, 310, 161, M20T, , , , , M20T
1660406741, , 33.3328, -117.6396, 6500, 310, 161, M20T, , , , , M20T
1660406741, , 33.3328, -117.6396, 6500, 310, 161, M20T, , , , , M20T
1660406744, , 33.3344, -117.6418, 6500, 310, 161, M20T, , , , , M20T
1660406750, , 33.3372, -117.6459, 6500, 310, 161, M20T, , , , , M20T
1660406750, , 33.3372, -117.6459, 6500, 310, 161, M20T, , , , , M20T
1660406753, , 33.3384, -117.6475, 6500, 309, 161, M20T, , , , , M20T
1660406753, , 33.3384, -117.6475, 6500, 309, 161, M20T, , , , , M20T
1660406756, , 33.3401, -117.6499, 6500, 310, 161, M20T, , , , , M20T
1660406756, , 33.3401, -117.6499, 6500, 310, 161, M20T, , , , , M20T
1660406762, , 33.343, -117.6541, 6500, 310, 161, M20T, , , , , M20T
1660406762, , 33.343, -117.6541, 6500, 310, 161, M20T, , , , , M20T
1660406765, , 33.3444, -117.6559, 6500, 310, 161, M20T, , , , , M20T
1660406768, , 33.3458, -117.6581, 6500, 310, 161, M20T, , , , , M20T
1660406768, , 33.3458, -117.6581, 6500, 310, 161, M20T, , , , , M20T
1660406771, , 33.3472, -117.66, 6500, 310, 161, M20T, , , , , M20T
1660406771, , 33.3472, -117.66, 6500, 310, 161, M20T, , , , , M20T
1660406777, , 33.3501, -117.6641, 6500, 310, 161, M20T, , , , , M20T
1660406777, , 33.3501, -117.6641, 6500, 310, 161, M20T, , , , , M20T
1660406780, , 33.3517, -117.6664, 6500, 310, 161, M20T, , , , , M20T
1660406783, , 33.3531, -117.6684, 6500, 310, 161, M20T, , , , , M20T
1660406783, , 33.3531, -117.6684, 6500, 310, 161, M20T, , , , , M20T
1660406789, , 33.356, -117.6725, 6500, 309, 160, M20T, , , , , M20T
1660406789, , 33.356, -117.6725, 6500, 309, 160, M20T, , , , , M20T
1660406792, , 33.3575, -117.6746, 6500, 309, 160, M20T, , , , , M20T
1660406792, , 33.3575, -117.6746, 6500, 309, 160, M20T, , , , , M20T
1660406795, , 33.3587, -117.6764, 6500, 309, 160, M20T, , , , , M20T
1660406801, , 33.3617, -117.6806, 6500, 309, 160, M20T, , , , , M20T
1660406801, , 33.3617, -117.6806, 6500, 309, 160, M20T, , , , , M20T
1660406804, , 33.3631, -117.6826, 6500, 309, 160, M20T, , , , , M20T
1660406804, , 33.3631, -117.6826, 6500, 309, 160, M20T, , , , , M20T
1660406807, , 33.3645, -117.6846, 6500, 309, 160, M20T, , , , , M20T
1660406807, , 33.3645, -117.6846, 6500, 309, 160, M20T, , , , , M20T
1660406813, , 33.3674, -117.6886, 6500, 309, 160, M20T, , , , , M20T
1660406816, , 33.369, -117.6909, 6500, 310, 161, M20T, , , , , M20T
1660406816, , 33.369, -117.6909, 6500, 310, 161, M20T, , , , , M20T
1660406819, , 33.3701, -117.6926, 6500, 309, 160, M20T, , , , , M20T
1660406819, , 33.3701, -117.6926, 6500, 309, 160, M20T, , , , , M20T
1660406826, , 33.3734, -117.6972, 6500, 310, 161, M20T, , , , , M20T
1660406826, , 33.3734, -117.6972, 6500, 310, 161, M20T, , , , , M20T
1660406828, , 33.3748, -117.6992, 6500, 310, 161, M20T, , , , , M20T
1660406831, , 33.3763, -117.7012, 6500, 310, 161, M20T, , , , , M20T
1660406831, , 33.3763, -117.7012, 6500, 310, 161, M20T, , , , , M20T
1660406838, , 33.3792, -117.7054, 6500, 310, 161, M20T, , , , , M20T
1660406838, , 33.3792, -117.7054, 6500, 310, 161, M20T, , , , , M20T
1660406840, , 33.3805, -117.7073, 6500, 310, 161, M20T, , , , , M20T
1660406840, , 33.3805, -117.7073, 6500, 310, 161, M20T, , , , , M20T
1660406843, , 33.382, -117.7093, 6500, 310, 161, M20T, , , , , M20T
1660406850, , 33.3849, -117.7135, 6500, 309, 161, M20T, , , , , M20T
1660406850, , 33.3849, -117.7135, 6500, 309, 161, M20T, , , , , M20T
1660406853, , 33.3864, -117.7155, 6500, 309, 161, M20T, , , , , M20T
1660406853, , 33.3864, -117.7155, 6500, 309, 161, M20T, , , , , M20T
1660406855, , 33.3878, -117.7176, 6500, 310, 161, M20T, , , , , M20T
1660406855, , 33.3878, -117.7176, 6500, 310, 161, M20T, , , , , M20T
1660406862, , 33.3907, -117.7217, 6500, 309, 161, M20T, , , , , M20T
1660406865, , 33.3922, -117.7238, 6500, 310, 162, M20T, , , , , M20T
1660406865, , 33.3922, -117.7238, 6500, 310, 162, M20T, , , , , M20T
1660406868, , 33.3937, -117.7259, 6475, 310, 161, M20T, , , , , M20T
1660406868, , 33.3937, -117.7259, 6475, 310, 161, M20T, , , , , M20T
1660406873, , 33.3965, -117.7299, 6500, 310, 162, M20T, , , , , M20T
1660406873, , 33.3965, -117.7299, 6500, 310, 162, M20T, , , , , M20T
1660406877, , 33.3985, -117.7326, 6500, 310, 161, M20T, , , , , M20T
1660406877, , 33.3985, -117.7326, 6500, 310, 161, M20T, , , , , M20T
1660406881, , 33.4001, -117.7351, 6500, 308, 161, M20T, , , , , M20T
1660406884, , 33.4014, -117.737, 6500, 306, 161, M20T, , , , , M20T
1660406884, , 33.4014, -117.737, 6500, 306, 161, M20T, , , , , M20T
1660406890, , 33.4041, -117.7416, 6500, 303, 161, M20T, , , , , M20T
1660406890, , 33.4041, -117.7416, 6500, 303, 161, M20T, , , , , M20T
1660406892, , 33.4047, -117.7427, 6475, 309, 161, M20T, , , , , M20T
1660406892, , 33.4047, -117.7427, 6475, 309, 161, M20T, , , , , M20T
1660406898, , 33.4071, -117.7474, 6475, 301, 161, M20T, , , , , M20T
1660406901, , 33.4076, -117.7482, 6475, 300, 162, M20T, , , , , M20T
1660406901, , 33.4076, -117.7482, 6475, 300, 162, M20T, , , , , M20T
1660406905, , 33.4097, -117.7526, 6475, 299, 162, M20T, , , , , M20T
1660406905, , 33.4097, -117.7526, 6475, 299, 162, M20T, , , , , M20T
1660406908, , 33.4107, -117.7548, 6475, 298, 161, M20T, , , , , M20T
1660406913, , 33.4128, -117.7596, 6475, 297, 161, M20T, , , , , M20T
1660406913, , 33.4128, -117.7596, 6475, 297, 161, M20T, , , , , M20T
1660406917, , 33.4142, -117.7628, 6475, 296, 160, M20T, , , , , M20T
1660406917, , 33.4142, -117.7628, 6475, 296, 160, M20T, , , , , M20T
1660406920, , 33.4151, -117.7651, 6475, 296, 160, M20T, , , , , M20T
1660406920, , 33.4151, -117.7651, 6475, 296, 160, M20T, , , , , M20T
1660406923, , 33.4161, -117.7675, 6475, 295, 161, M20T, , , , , M20T
1660406929, , 33.418, -117.7722, 6475, 295, 160, M20T, , , , , M20T
1660406929, , 33.418, -117.7722, 6475, 295, 160, M20T, , , , , M20T
1660406932, , 33.4189, -117.7744, 6475, 295, 160, M20T, , , , , M20T
1660406932, , 33.4189, -117.7744, 6475, 295, 160, M20T, , , , , M20T
1660406935, , 33.4199, -117.777, 6475, 295, 160, M20T, , , , , M20T
1660406935, , 33.4199, -117.777, 6475, 295, 160, M20T, , , , , M20T
1660406941, , 33.4219, -117.7819, 6500, 295, 160, M20T, , , , , M20T
1660406944, , 33.4229, -117.7844, 6500, 296, 159, M20T, , , , , M20T
1660406944, , 33.4229, -117.7844, 6500, 296, 159, M20T, , , , , M20T
1660406947, , 33.4235, -117.7859, 6500, 296, 159, M20T, , , , , M20T
1660406947, , 33.4235, -117.7859, 6500, 296, 159, M20T, , , , , M20T
1660406953, , 33.4253, -117.7901, 6500, 296, 158, M20T, , , , , M20T
1660406953, , 33.4253, -117.7901, 6500, 296, 158, M20T, , , , , M20T
1660406956, , 33.4268, -117.7937, 6500, 296, 158, M20T, , , , , M20T
1660406962, , 33.4284, -117.7975, 6500, 296, 158, M20T, , , , , M20T
1660406962, , 33.4284, -117.7975, 6500, 296, 158, M20T, , , , , M20T
1660406966, , 33.4299, -117.8012, 6500, 296, 158, M20T, , , , , M20T
1660406966, , 33.4299, -117.8012, 6500, 296, 158, M20T, , , , , M20T
1660406966, , 33.4299, -117.8012, 6500, 296, 158, M20T, , , , , M20T
1660406974, , 33.4326, -117.8077, 6500, 296, 158, M20T, , , , , M20T
1660406974, , 33.4326, -117.8077, 6500, 296, 158, M20T, , , , , M20T
1660406977, , 33.4336, -117.81, 6500, 296, 158, M20T, , , , , M20T
1660406977, , 33.4336, -117.81, 6500, 296, 158, M20T, , , , , M20T
1660406980, , 33.4347, -117.8125, 6500, 296, 158, M20T, , , , , M20T
1660406980, , 33.4347, -117.8125, 6500, 296, 158, M20T, , , , , M20T
1660406986, , 33.4366, -117.817, 6500, 296, 159, M20T, , , , , M20T
1660406986, , 33.4366, -117.817, 6500, 296, 159, M20T, , , , , M20T
1660406986, , 33.4366, -117.817, 6500, 296, 159, M20T, , , , , M20T
1660406986, , 33.4366, -117.817, 6500, 296, 159, M20T, , , , , M20T
1660406986, , 33.4366, -117.817, 6500, 296, 159, M20T, , , , , M20T
1660406995, , 33.4393, -117.8234, 6500, 296, 159, M20T, , , , , M20T
1660406995, , 33.4393, -117.8234, 6500, 296, 159, M20T, , , , , M20T
1660407001, , 33.4415, -117.8287, 6500, 296, 159, M20T, , , , , M20T
1660407004, , 33.4425, -117.8311, 6500, 296, 159, M20T, , , , , M20T
1660407004, , 33.4425, -117.8311, 6500, 296, 159, M20T, , , , , M20T
1660407008, , 33.4437, -117.8339, 6500, 296, 159, M20T, , , , , M20T
1660407008, , 33.4437, -117.8339, 6500, 296, 159, M20T, , , , , M20T
1660407014, , 33.4458, -117.8391, 6500, 297, 159, M20T, , , , , M20T
1660407014, , 33.4458, -117.8391, 6500, 297, 159, M20T, , , , , M20T
1660407017, , 33.4468, -117.8413, 6500, 297, 160, M20T, , , , , M20T
1660407020, , 33.4479, -117.8437, 6500, 298, 159, M20T, , , , , M20T
1660407026, , 33.4499, -117.8483, 6500, 298, 160, M20T, , , , , M20T
1660407026, , 33.4499, -117.8483, 6500, 298, 160, M20T, , , , , M20T
1660407027, , 33.4504, -117.8493, 6500, 298, 160, M20T, , , , , M20T
1660407027, , 33.4504, -117.8493, 6500, 298, 160, M20T, , , , , M20T
1660407032, , 33.4518, -117.8525, 6500, 298, 159, M20T, , , , , M20T
1660407037, , 33.4542, -117.8573, 6475, 301, 159, M20T, , , , , M20T
1660407037, , 33.4542, -117.8573, 6475, 301, 159, M20T, , , , , M20T
1660407041, , 33.4558, -117.8598, 6500, 308, 160, M20T, , , , , M20T
1660407041, , 33.4558, -117.8598, 6500, 308, 160, M20T, , , , , M20T
1660407043, , 33.457, -117.8614, 6500, 310, 159, M20T, , , , , M20T
1660407043, , 33.457, -117.8614, 6500, 310, 159, M20T, , , , , M20T
1660407049, , 33.4597, -117.8652, 6500, 311, 159, M20T, , , , , M20T
1660407054, , 33.4622, -117.8686, 6500, 310, 159, M20T, , , , , M20T
1660407054, , 33.4622, -117.8686, 6500, 310, 159, M20T, , , , , M20T
1660407057, , 33.4637, -117.8706, 6500, 310, 160, M20T, , , , , M20T
1660407057, , 33.4637, -117.8706, 6500, 310, 160, M20T, , , , , M20T
1660407060, , 33.465, -117.8725, 6500, 310, 160, M20T, , , , , M20T
1660407060, , 33.465, -117.8725, 6500, 310, 160, M20T, , , , , M20T
1660407063, , 33.4665, -117.8746, 6500, 310, 160, M20T, , , , , M20T
1660407067, , 33.4681, -117.8768, 6500, 310, 161, M20T, , , , , M20T
1660407067, , 33.4681, -117.8768, 6500, 310, 161, M20T, , , , , M20T
1660407073, , 33.4713, -117.8814, 6475, 309, 160, M20T, , , , , M20T
1660407073, , 33.4713, -117.8814, 6475, 309, 160, M20T, , , , , M20T
1660407076, , 33.4728, -117.8835, 6475, 309, 160, M20T, , , , , M20T
1660407076, , 33.4728, -117.8835, 6475, 309, 160, M20T, , , , , M20T
1660407079, , 33.474, -117.8852, 6500, 309, 159, M20T, , , , , M20T
1660407085, , 33.4771, -117.8896, 6500, 309, 159, M20T, , , , , M20T
1660407085, , 33.4771, -117.8896, 6500, 309, 159, M20T, , , , , M20T
1660407088, , 33.4784, -117.8916, 6500, 309, 159, M20T, , , , , M20T
1660407088, , 33.4784, -117.8916, 6500, 309, 159, M20T, , , , , M20T
1660407093, , 33.481, -117.8953, 6500, 309, 159, M20T, , , , , M20T
1660407093, , 33.481, -117.8953, 6500, 309, 159, M20T, , , , , M20T
1660407095, , 33.4814, -117.8959, 6500, 309, 159, M20T, , , , , M20T
1660407099, , 33.4826, -117.8976, 6500, 310, 159, M20T, , , , , M20T
1660407099, , 33.4826, -117.8976, 6500, 310, 159, M20T, , , , , M20T
1660407104, , 33.486, -117.9024, 6500, 310, 160, M20T, , , , , M20T
1660407104, , 33.486, -117.9024, 6500, 310, 160, M20T, , , , , M20T
1660407107, , 33.4866, -117.9031, 6500, 310, 160, M20T, , , , , M20T
1660407107, , 33.4866, -117.9031, 6500, 310, 160, M20T, , , , , M20T
1660407111, , 33.4893, -117.907, 6500, 310, 160, M20T, , , , , M20T
1660407116, , 33.4908, -117.909, 6500, 310, 160, M20T, , , , , M20T
1660407116, , 33.4908, -117.909, 6500, 310, 160, M20T, , , , , M20T
1660407119, , 33.4936, -117.9127, 6500, 310, 160, M20T, , , , , M20T
1660407119, , 33.4936, -117.9127, 6500, 310, 160, M20T, , , , , M20T
1660407125, , 33.4958, -117.9157, 6500, 311, 161, M20T, , , , , M20T
1660407125, , 33.4958, -117.9157, 6500, 311, 161, M20T, , , , , M20T
1660407127, , 33.4975, -117.9179, 6500, 312, 160, M20T, , , , , M20T
1660407134, , 33.5007, -117.9221, 6500, 312, 161, M20T, , , , , M20T
1660407134, , 33.5007, -117.9221, 6500, 312, 161, M20T, , , , , M20T
1660407137, , 33.502, -117.9238, 6500, 312, 161, M20T, , , , , M20T
1660407137, , 33.502, -117.9238, 6500, 312, 161, M20T, , , , , M20T
1660407139, , 33.5036, -117.9259, 6500, 312, 161, M20T, , , , , M20T
1660407139, , 33.5036, -117.9259, 6500, 312, 161, M20T, , , , , M20T
1660407145, , 33.5059, -117.9288, 6500, 313, 162, M20T, , , , , M20T
1660407149, , 33.5084, -117.9321, 6500, 313, 162, M20T, , , , , M20T
1660407149, , 33.5084, -117.9321, 6500, 313, 162, M20T, , , , , M20T
1660407151, , 33.5097, -117.9336, 6500, 313, 162, M20T, , , , , M20T
1660407151, , 33.5097, -117.9336, 6500, 313, 162, M20T, , , , , M20T
1660407157, , 33.5129, -117.9376, 6500, 313, 162, M20T, , , , , M20T
1660407157, , 33.5129, -117.9376, 6500, 313, 162, M20T, , , , , M20T
1660407161, , 33.5146, -117.9399, 6500, 313, 161, M20T, , , , , M20T
1660407164, , 33.5161, -117.9418, 6500, 313, 161, M20T, , , , , M20T
1660407164, , 33.5161, -117.9418, 6500, 313, 161, M20T, , , , , M20T
1660407169, , 33.5189, -117.9452, 6500, 313, 161, M20T, , , , , M20T
1660407169, , 33.5189, -117.9452, 6500, 313, 161, M20T, , , , , M20T
1660407172, , 33.5205, -117.9473, 6500, 313, 161, M20T, , , , , M20T
1660407172, , 33.5205, -117.9473, 6500, 313, 161, M20T, , , , , M20T
1660407176, , 33.5223, -117.9495, 6500, 313, 161, M20T, , , , , M20T
1660407176, , 33.5223, -117.9495, 6500, 313, 161, M20T, , , , , M20T
1660407181, , 33.5251, -117.953, 6500, 313, 161, M20T, , , , , M20T
1660407185, , 33.5263, -117.9546, 6500, 313, 161, M20T, , , , , M20T
1660407185, , 33.5263, -117.9546, 6500, 313, 161, M20T, , , , , M20T
1660407188, , 33.5284, -117.9573, 6500, 313, 161, M20T, , , , , M20T
1660407188, , 33.5284, -117.9573, 6500, 313, 161, M20T, , , , , M20T
1660407193, , 33.5314, -117.961, 6500, 313, 161, M20T, , , , , M20T
1660407193, , 33.5314, -117.961, 6500, 313, 161, M20T, , , , , M20T
1660407195, , 33.5322, -117.9621, 6500, 313, 161, M20T, , , , , M20T
1660407199, , 33.5339, -117.9642, 6500, 313, 161, M20T, , , , , M20T
1660407199, , 33.5339, -117.9642, 6500, 313, 161, M20T, , , , , M20T
1660407205, , 33.5373, -117.9686, 6500, 313, 161, M20T, , , , , M20T
1660407205, , 33.5373, -117.9686, 6500, 313, 161, M20T, , , , , M20T
1660407208, , 33.539, -117.9707, 6500, 313, 161, M20T, , , , , M20T
1660407208, , 33.539, -117.9707, 6500, 313, 161, M20T, , , , , M20T
1660407212, , 33.5397, -117.9715, 6500, 313, 161, M20T, , , , , M20T
1660407218, , 33.544, -117.9769, 6500, 313, 161, M20T, , , , , M20T
1660407218, , 33.544, -117.9769, 6500, 313, 161, M20T, , , , , M20T
1660407220, , 33.5451, -117.9783, 6500, 313, 160, M20T, , , , , M20T
1660407220, , 33.5451, -117.9783, 6500, 313, 160, M20T, , , , , M20T
1660407224, , 33.547, -117.9808, 6500, 313, 160, M20T, , , , , M20T
1660407224, , 33.547, -117.9808, 6500, 313, 160, M20T, , , , , M20T
1660407230, , 33.5501, -117.9847, 6500, 313, 160, M20T, , , , , M20T
1660407233, , 33.5515, -117.9866, 6500, 313, 160, M20T, , , , , M20T
1660407233, , 33.5515, -117.9866, 6500, 313, 160, M20T, , , , , M20T
1660407235, , 33.553, -117.9884, 6500, 313, 160, M20T, , , , , M20T
1660407235, , 33.553, -117.9884, 6500, 313, 160, M20T, , , , , M20T
1660407241, , 33.5557, -117.9919, 6500, 313, 160, M20T, , , , , M20T
1660407241, , 33.5557, -117.9919, 6500, 313, 160, M20T, , , , , M20T
1660407245, , 33.5573, -117.9939, 6500, 313, 160, M20T, , , , , M20T
1660407245, , 33.5573, -117.9939, 6500, 313, 160, M20T, , , , , M20T
1660407248, , 33.5591, -117.9962, 6500, 313, 160, M20T, , , , , M20T
1660407254, , 33.5622, -118.0002, 6500, 313, 160, M20T, , , , , M20T
1660407254, , 33.5622, -118.0002, 6500, 313, 160, M20T, , , , , M20T
1660407256, , 33.5637, -118.0021, 6500, 313, 160, M20T, , , , , M20T
1660407256, , 33.5637, -118.0021, 6500, 313, 160, M20T, , , , , M20T
1660407260, , 33.5651, -118.0038, 6500, 313, 160, M20T, , , , , M20T
1660407260, , 33.5651, -118.0038, 6500, 313, 160, M20T, , , , , M20T
1660407266, , 33.5677, -118.0071, 6500, 313, 160, M20T, , , , , M20T
1660407270, , 33.5704, -118.0105, 6500, 313, 160, M20T, , , , , M20T
1660407270, , 33.5704, -118.0105, 6500, 313, 160, M20T, , , , , M20T
1660407272, , 33.5711, -118.0115, 6500, 312, 161, M20T, , , , , M20T
1660407272, , 33.5711, -118.0115, 6500, 312, 161, M20T, , , , , M20T
1660407275, , 33.5731, -118.0142, 6500, 313, 160, M20T, , , , , M20T
1660407275, , 33.5731, -118.0142, 6500, 313, 160, M20T, , , , , M20T
1660407282, , 33.5765, -118.0184, 6500, 313, 160, M20T, , , , , M20T
1660407285, , 33.577, -118.019, 6500, 313, 160, M20T, , , , , M20T
1660407285, , 33.577, -118.019, 6500, 313, 160, M20T, , , , , M20T
1660407288, , 33.5793, -118.022, 6500, 313, 160, M20T, , , , , M20T
1660407288, , 33.5793, -118.022, 6500, 313, 160, M20T, , , , , M20T
1660407291, , 33.5803, -118.0232, 6500, 313, 160, M20T, , , , , M20T
1660407291, , 33.5803, -118.0232, 6500, 313, 160, M20T, , , , , M20T
1660407295, , 33.5832, -118.027, 6500, 313, 160, M20T, , , , , M20T
1660407301, , 33.5865, -118.0312, 6500, 313, 160, M20T, , , , , M20T
1660407301, , 33.5865, -118.0312, 6500, 313, 160, M20T, , , , , M20T
1660407305, , 33.588, -118.0331, 6500, 313, 160, M20T, , , , , M20T
1660407305, , 33.588, -118.0331, 6500, 313, 160, M20T, , , , , M20T
1660407307, , 33.5895, -118.035, 6500, 313, 160, M20T, , , , , M20T
1660407307, , 33.5895, -118.035, 6500, 313, 160, M20T, , , , , M20T
1660407313, , 33.5927, -118.039, 6500, 313, 159, M20T, , , , , M20T
1660407317, , 33.5942, -118.0409, 6500, 313, 159, M20T, , , , , M20T
1660407317, , 33.5942, -118.0409, 6500, 313, 159, M20T, , , , , M20T
1660407319, , 33.5955, -118.0425, 6500, 313, 160, M20T, , , , , M20T
1660407319, , 33.5955, -118.0425, 6500, 313, 160, M20T, , , , , M20T
1660407325, , 33.5988, -118.0466, 6500, 313, 160, M20T, , , , , M20T
1660407325, , 33.5988, -118.0466, 6500, 313, 160, M20T, , , , , M20T
1660407328, , 33.6004, -118.0487, 6500, 313, 160, M20T, , , , , M20T
1660407332, , 33.6021, -118.0508, 6500, 313, 160, M20T, , , , , M20T
1660407332, , 33.6021, -118.0508, 6500, 313, 160, M20T, , , , , M20T
1660407338, , 33.6053, -118.0547, 6500, 313, 160, M20T, , , , , M20T
1660407338, , 33.6053, -118.0547, 6500, 313, 160, M20T, , , , , M20T
1660407341, , 33.6069, -118.0568, 6500, 313, 160, M20T, , , , , M20T
1660407341, , 33.6069, -118.0568, 6500, 313, 160, M20T, , , , , M20T
1660407344, , 33.6081, -118.0583, 6500, 313, 161, M20T, , , , , M20T
1660407344, , 33.6081, -118.0583, 6500, 313, 161, M20T, , , , , M20T
1660407350, , 33.6114, -118.0623, 6500, 313, 161, M20T, , , , , M20T
1660407353, , 33.6129, -118.0644, 6500, 313, 161, M20T, , , , , M20T
1660407353, , 33.6129, -118.0644, 6500, 313, 161, M20T, , , , , M20T
1660407356, , 33.6146, -118.0663, 6500, 313, 161, M20T, , , , , M20T
1660407356, , 33.6146, -118.0663, 6500, 313, 161, M20T, , , , , M20T
1660407362, , 33.6176, -118.0702, 6500, 313, 161, M20T, , , , , M20T
1660407362, , 33.6176, -118.0702, 6500, 313, 161, M20T, , , , , M20T
1660407365, , 33.6193, -118.0724, 6500, 313, 161, M20T, , , , , M20T
1660407369, , 33.6213, -118.0748, 6500, 313, 161, M20T, , , , , M20T
1660407369, , 33.6213, -118.0748, 6500, 313, 161, M20T, , , , , M20T
1660407372, , 33.6225, -118.0763, 6500, 313, 161, M20T, , , , , M20T
1660407372, , 33.6225, -118.0763, 6500, 313, 161, M20T, , , , , M20T
1660407378, , 33.6259, -118.0807, 6500, 313, 161, M20T, , , , , M20T
1660407378, , 33.6259, -118.0807, 6500, 313, 161, M20T, , , , , M20T
1660407381, , 33.6273, -118.0824, 6500, 313, 162, M20T, , , , , M20T
1660407383, , 33.6289, -118.0844, 6500, 313, 161, M20T, , , , , M20T
1660407383, , 33.6289, -118.0844, 6500, 313, 161, M20T, , , , , M20T
1660407390, , 33.6321, -118.0884, 6500, 313, 162, M20T, , , , , M20T
1660407390, , 33.6321, -118.0884, 6500, 313, 162, M20T, , , , , M20T
1660407393, , 33.6332, -118.0899, 6500, 313, 161, M20T, , , , , M20T
1660407393, , 33.6332, -118.0899, 6500, 313, 161, M20T, , , , , M20T
1660407396, , 33.6351, -118.0923, 6500, 313, 161, M20T, , , , , M20T
1660407402, , 33.6383, -118.0963, 6500, 313, 161, M20T, , , , , M20T
1660407402, , 33.6383, -118.0963, 6500, 313, 161, M20T, , , , , M20T
1660407405, , 33.6397, -118.098, 6500, 313, 161, M20T, , , , , M20T
1660407405, , 33.6397, -118.098, 6500, 313, 161, M20T, , , , , M20T
1660407408, , 33.6412, -118.1, 6500, 313, 161, M20T, , , , , M20T
1660407408, , 33.6412, -118.1, 6500, 313, 161, M20T, , , , , M20T
1660407414, , 33.6443, -118.1039, 6500, 313, 161, M20T, , , , , M20T
1660407417, , 33.6455, -118.1054, 6500, 313, 161, M20T, , , , , M20T
1660407417, , 33.6455, -118.1054, 6500, 313, 161, M20T, , , , , M20T
1660407420, , 33.6475, -118.108, 6500, 313, 161, M20T, , , , , M20T
1660407420, , 33.6475, -118.108, 6500, 313, 161, M20T, , , , , M20T
1660407426, , 33.6503, -118.1114, 6500, 313, 161, M20T, , , , , M20T
1660407426, , 33.6503, -118.1114, 6500, 313, 161, M20T, , , , , M20T
1660407429, , 33.6521, -118.1137, 6500, 313, 161, M20T, , , , , M20T
1660407432, , 33.6536, -118.1157, 6500, 313, 161, M20T, , , , , M20T
1660407432, , 33.6536, -118.1157, 6500, 313, 161, M20T, , , , , M20T
1660407438, , 33.6569, -118.1199, 6500, 313, 160, M20T, , , , , M20T
1660407438, , 33.6569, -118.1199, 6500, 313, 160, M20T, , , , , M20T
1660407441, , 33.6584, -118.1217, 6500, 313, 161, M20T, , , , , M20T
1660407441, , 33.6584, -118.1217, 6500, 313, 161, M20T, , , , , M20T
1660407444, , 33.6598, -118.1235, 6500, 313, 162, M20T, , , , , M20T
1660407450, , 33.6629, -118.1274, 6500, 313, 161, M20T, , , , , M20T
1660407450, , 33.6629, -118.1274, 6500, 313, 161, M20T, , , , , M20T
1660407453, , 33.6644, -118.1293, 6500, 313, 162, M20T, , , , , M20T
1660407453, , 33.6644, -118.1293, 6500, 313, 162, M20T, , , , , M20T
1660407456, , 33.6662, -118.1315, 6500, 313, 162, M20T, , , , , M20T
1660407456, , 33.6662, -118.1315, 6500, 313, 162, M20T, , , , , M20T
1660407462, , 33.6691, -118.1353, 6500, 313, 162, M20T, , , , , M20T
1660407465, , 33.6704, -118.137, 6500, 313, 162, M20T, , , , , M20T
1660407465, , 33.6704, -118.137, 6500, 313, 162, M20T, , , , , M20T
1660407468, , 33.6719, -118.1388, 6500, 313, 162, M20T, , , , , M20T
1660407468, , 33.6719, -118.1388, 6500, 313, 162, M20T, , , , , M20T
1660407474, , 33.6752, -118.1431, 6500, 313, 162, M20T, , , , , M20T
1660407474, , 33.6752, -118.1431, 6500, 313, 162, M20T, , , , , M20T
1660407477, , 33.6765, -118.1448, 6500, 313, 162, M20T, , , , , M20T
1660407480, , 33.6785, -118.1473, 6500, 313, 162, M20T, , , , , M20T
1660407480, , 33.6785, -118.1473, 6500, 313, 162, M20T, , , , , M20T
1660407486, , 33.6816, -118.1513, 6500, 313, 162, M20T, , , , , M20T
1660407486, , 33.6816, -118.1513, 6500, 313, 162, M20T, , , , , M20T
1660407489, , 33.6829, -118.1529, 6500, 312, 161, M20T, , , , , M20T
1660407489, , 33.6829, -118.1529, 6500, 312, 161, M20T, , , , , M20T
1660407492, , 33.6845, -118.155, 6500, 312, 161, M20T, , , , , M20T
1660407492, , 33.6845, -118.155, 6500, 312, 161, M20T, , , , , M20T
1660407495, , 33.6862, -118.1571, 6500, 312, 161, M20T, , , , , M20T
1660407501, , 33.6893, -118.161, 6500, 312, 161, M20T, , , , , M20T
1660407501, , 33.6893, -118.161, 6500, 312, 161, M20T, , , , , M20T
1660407504, , 33.6909, -118.1631, 6500, 312, 161, M20T, , , , , M20T
1660407504, , 33.6909, -118.1631, 6500, 312, 161, M20T, , , , , M20T
1660407510, , 33.6938, -118.1668, 6500, 312, 161, M20T, , , , , M20T
1660407513, , 33.6953, -118.1688, 6500, 312, 161, M20T, , , , , M20T
1660407513, , 33.6953, -118.1688, 6500, 312, 161, M20T, , , , , M20T
1660407516, , 33.6968, -118.1707, 6500, 312, 161, M20T, , , , , M20T
1660407516, , 33.6968, -118.1707, 6500, 312, 161, M20T, , , , , M20T
1660407522, , 33.6999, -118.1746, 6500, 312, 161, M20T, , , , , M20T
1660407522, , 33.6999, -118.1746, 6500, 312, 161, M20T, , , , , M20T
1660407525, , 33.7014, -118.1766, 6500, 312, 161, M20T, , , , , M20T
1660407528, , 33.7031, -118.1787, 6500, 312, 161, M20T, , , , , M20T
1660407528, , 33.7031, -118.1787, 6500, 312, 161, M20T, , , , , M20T
1660407534, , 33.7059, -118.1823, 6500, 312, 161, M20T, , , , , M20T
1660407534, , 33.7059, -118.1823, 6500, 312, 161, M20T, , , , , M20T
1660407537, , 33.7076, -118.1845, 6500, 312, 161, M20T, , , , , M20T
1660407537, , 33.7076, -118.1845, 6500, 312, 161, M20T, , , , , M20T
1660407540, , 33.7091, -118.1864, 6500, 312, 160, M20T, , , , , M20T
1660407543, , 33.7108, -118.1886, 6500, 312, 160, M20T, , , , , M20T
1660407543, , 33.7108, -118.1886, 6500, 312, 160, M20T, , , , , M20T
1660407549, , 33.7138, -118.1925, 6500, 312, 160, M20T, , , , , M20T
1660407549, , 33.7138, -118.1925, 6500, 312, 160, M20T, , , , , M20T
1660407552, , 33.7153, -118.1945, 6500, 312, 160, M20T, , , , , M20T
1660407552, , 33.7153, -118.1945, 6500, 312, 160, M20T, , , , , M20T
1660407555, , 33.7166, -118.1961, 6500, 312, 160, M20T, , , , , M20T
1660407561, , 33.7199, -118.2003, 6500, 312, 160, M20T, , , , , M20T
1660407561, , 33.7199, -118.2003, 6500, 312, 160, M20T, , , , , M20T
1660407564, , 33.7213, -118.2022, 6500, 312, 160, M20T, , , , , M20T
1660407564, , 33.7213, -118.2022, 6500, 312, 160, M20T, , , , , M20T
1660407567, , 33.7229, -118.2043, 6500, 312, 159, M20T, , , , , M20T
1660407567, , 33.7229, -118.2043, 6500, 312, 159, M20T, , , , , M20T
1660407573, , 33.7259, -118.2081, 6500, 312, 159, M20T, , , , , M20T
1660407576, , 33.7273, -118.2099, 6500, 312, 159, M20T, , , , , M20T
1660407576, , 33.7273, -118.2099, 6500, 312, 159, M20T, , , , , M20T
1660407579, , 33.7289, -118.212, 6500, 312, 159, M20T, , , , , M20T
1660407579, , 33.7289, -118.212, 6500, 312, 159, M20T, , , , , M20T
1660407585, , 33.732, -118.2159, 6500, 312, 159, M20T, , , , , M20T
1660407585, , 33.732, -118.2159, 6500, 312, 159, M20T, , , , , M20T
1660407588, , 33.7335, -118.2179, 6500, 313, 160, M20T, , , , , M20T
1660407591, , 33.735, -118.2198, 6500, 313, 160, M20T, , , , , M20T
1660407591, , 33.735, -118.2198, 6500, 313, 160, M20T, , , , , M20T
1660407598, , 33.7382, -118.2239, 6500, 313, 160, M20T, , , , , M20T
1660407598, , 33.7382, -118.2239, 6500, 313, 160, M20T, , , , , M20T
1660407600, , 33.7398, -118.2258, 6500, 313, 160, M20T, , , , , M20T
1660407600, , 33.7398, -118.2258, 6500, 313, 160, M20T, , , , , M20T
1660407603, , 33.7409, -118.2272, 6500, 313, 160, M20T, , , , , M20T
1660407610, , 33.7444, -118.2318, 6500, 313, 160, M20T, , , , , M20T
1660407610, , 33.7444, -118.2318, 6500, 313, 160, M20T, , , , , M20T
1660407613, , 33.7459, -118.2336, 6500, 313, 159, M20T, , , , , M20T
1660407613, , 33.7459, -118.2336, 6500, 313, 159, M20T, , , , , M20T
1660407616, , 33.7475, -118.2357, 6500, 313, 159, M20T, , , , , M20T
1660407616, , 33.7475, -118.2357, 6500, 313, 159, M20T, , , , , M20T
1660407622, , 33.7506, -118.2395, 6500, 313, 159, M20T, , , , , M20T
1660407625, , 33.7516, -118.2409, 6500, 313, 159, M20T, , , , , M20T
1660407628, , 33.7534, -118.2431, 6500, 313, 159, M20T, , , , , M20T
1660407628, , 33.7534, -118.2431, 6500, 313, 159, M20T, , , , , M20T
