//Timestamp, ICAO, Latitude_deg, Longitude_deg, Altitude_ft, Heading_deg, GroundSpeed_kts, AircraftType, RegistrationNum, Departure, Arrival, FlightNumber1, FlightNumber2
1660404291, , 33.7365, -117.4271, 5400, 140, 155, , , RAL, , , N15M
1660404291, , 33.7365, -117.4271, 5400, 140, 155, , , RAL, , , N15M
1660404291, , 33.7365, -117.4271, 5400, 140, 155, , , RAL, , , N15M
1660404291, , 33.7365, -117.4271, 5400, 140, 155, , , RAL, , , N15M
1660404291, , 33.7365, -117.4271, 5400, 140, 155, , , RAL, , , N15M
1660404291, , 33.7365, -117.4271, 5400, 140, 155, , , RAL, , , N15M
1660404291, , 33.7365, -117.4271, 5400, 140, 155, , , RAL, , , N15M
1660404291, , 33.7365, -117.4271, 5400, 140, 155, , , RAL, , , N15M
1660404291, , 33.7365, -117.4271, 5400, 140, 155, , , RAL, , , N15M
1660404291, , 33.7365, -117.4271, 5400, 140, 155, , , RAL, , , N15M
1660404291, , 33.7365, -117.4271, 5400, 140, 155, , , RAL, , , N15M
1660404319, , 33.7234, -117.4139, 5400, 140, 155, , , RAL, , , N15M
1660404319, , 33.7234, -117.4139, 5400, 140, 155, , , RAL, , , N15M
1660404319, , 33.7234, -117.4139, 5400, 140, 155, , , RAL, , , N15M
1660404319, , 33.7234, -117.4139, 5400, 140, 155, , , RAL, , , N15M
1660404319, , 33.7234, -117.4139, 5400, 140, 155, , , RAL, , , N15M
1660404331, , 33.7178, -117.4083, 5400, 140, 155, , , RAL, , , N15M
1660404331, , 33.7178, -117.4083, 5400, 140, 155, , , RAL, , , N15M
1660404331, , 33.7178, -117.4083, 5400, 140, 155, , , RAL, , , N15M
1660404331, , 33.7178, -117.4083, 5400, 140, 155, , , RAL, , , N15M
1660404331, , 33.7178, -117.4083, 5400, 140, 155, , , RAL, , , N15M
1660404331, , 33.7178, -117.4083, 5400, 140, 155, , , RAL, , , N15M
1660404331, , 33.7178, -117.4083, 5400, 140, 155, , , RAL, , , N15M
1660404331, , 33.7178, -117.4083, 5400, 140, 155, , , RAL, , , N15M
1660404331, , 33.7178, -117.4083, 5400, 140, 155, , , RAL, , , N15M
1660404331, , 33.7178, -117.4083, 5400, 140, 155, , , RAL, , , N15M
1660404349, , 33.7091, -117.3888, 5600, 111, 152, , , RAL, , , N15M
1660404349, , 33.7091, -117.3888, 5600, 111, 152, , , RAL, , , N15M
1660404349, , 33.7091, -117.3888, 5600, 111, 152, , , RAL, , , N15M
1660404349, , 33.7091, -117.3888, 5600, 111, 152, , , RAL, , , N15M
1660404349, , 33.7091, -117.3888, 5600, 111, 152, , , RAL, , , N15M
1660404349, , 33.7091, -117.3888, 5600, 111, 152, , , RAL, , , N15M
1660404349, , 33.7091, -117.3888, 5600, 111, 152, , , RAL, , , N15M
1660404349, , 33.7091, -117.3888, 5600, 111, 152, , , RAL, , , N15M
1660404349, , 33.7091, -117.3888, 5600, 111, 152, , , RAL, , , N15M
1660404375, , 33.7035, -117.3713, 5600, 111, 152, , , RAL, , , N15M
1660404375, , 33.7035, -117.3713, 5600, 111, 152, , , RAL, , , N15M
1660404375, , 33.7035, -117.3713, 5600, 111, 152, , , RAL, , , N15M
1660404375, , 33.7035, -117.3713, 5600, 111, 152, , , RAL, , , N15M
1660404375, , 33.7035, -117.3713, 5600, 111, 152, , , RAL, , , N15M
1660404375, , 33.7035, -117.3713, 5600, 111, 152, , , RAL, , , N15M
1660404387, , 33.701, -117.3633, 5600, 111, 152, , , RAL, , , N15M
1660404387, , 33.701, -117.3633, 5600, 111, 152, , , RAL, , , N15M
1660404387, , 33.701, -117.3633, 5600, 111, 152, , , RAL, , , N15M
1660404387, , 33.701, -117.3633, 5600, 111, 152, , , RAL, , , N15M
1660404387, , 33.701, -117.3633, 5600, 111, 152, , , RAL, , , N15M
1660404387, , 33.701, -117.3633, 5600, 111, 152, , , RAL, , , N15M
1660404387, , 33.701, -117.3633, 5600, 111, 152, , , RAL, , , N15M
1660404387, , 33.701, -117.3633, 5600, 111, 152, , , RAL, , , N15M
1660404405, , 33.6811, -117.3533, 5500, 140, 153, , , RAL, , , N15M
1660404405, , 33.6811, -117.3533, 5500, 140, 153, , , RAL, , , N15M
1660404405, , 33.6811, -117.3533, 5500, 140, 153, , , RAL, , , N15M
1660404405, , 33.6811, -117.3533, 5500, 140, 153, , , RAL, , , N15M
1660404405, , 33.6811, -117.3533, 5500, 140, 153, , , RAL, , , N15M
1660404405, , 33.6811, -117.3533, 5500, 140, 153, , , RAL, , , N15M
1660404405, , 33.6811, -117.3533, 5500, 140, 153, , , RAL, , , N15M
1660404405, , 33.6811, -117.3533, 5500, 140, 153, , , RAL, , , N15M
1660404405, , 33.6811, -117.3533, 5500, 140, 153, , , RAL, , , N15M
1660404405, , 33.6811, -117.3533, 5500, 140, 153, , , RAL, , , N15M
1660404405, , 33.6811, -117.3533, 5500, 140, 153, , , RAL, , , N15M
1660404431, , 33.6691, -117.3412, 5500, 140, 153, , , RAL, , , N15M
1660404431, , 33.6691, -117.3412, 5500, 140, 153, , , RAL, , , N15M
1660404431, , 33.6691, -117.3412, 5500, 140, 153, , , RAL, , , N15M
1660404431, , 33.6691, -117.3412, 5500, 140, 153, , , RAL, , , N15M
1660404431, , 33.6691, -117.3412, 5500, 140, 153, , , RAL, , , N15M
1660404443, , 33.6635, -117.3356, 5500, 140, 153, , , RAL, , , N15M
1660404443, , 33.6635, -117.3356, 5500, 140, 153, , , RAL, , , N15M
1660404443, , 33.6635, -117.3356, 5500, 140, 153, , , RAL, , , N15M
1660404443, , 33.6635, -117.3356, 5500, 140, 153, , , RAL, , , N15M
1660404443, , 33.6635, -117.3356, 5500, 140, 153, , , RAL, , , N15M
1660404443, , 33.6635, -117.3356, 5500, 140, 153, , , RAL, , , N15M
1660404443, , 33.6635, -117.3356, 5500, 140, 153, , , RAL, , , N15M
1660404443, , 33.6635, -117.3356, 5500, 140, 153, , , RAL, , , N15M
1660404443, , 33.6635, -117.3356, 5500, 140, 153, , , RAL, , , N15M
1660404443, , 33.6635, -117.3356, 5500, 140, 153, , , RAL, , , N15M
1660404443, , 33.6635, -117.3356, 5500, 140, 153, , , RAL, , , N15M
1660404443, , 33.6635, -117.3356, 5500, 140, 153, , , RAL, , , N15M
1660404443, , 33.6635, -117.3356, 5500, 140, 153, , , RAL, , , N15M
1660404443, , 33.6635, -117.3356, 5500, 140, 153, , , RAL, , , N15M
1660404443, , 33.6635, -117.3356, 5500, 140, 153, , , RAL, , , N15M
1660404443, , 33.6635, -117.3356, 5500, 140, 153, , , RAL, , , N15M
1660404443, , 33.6635, -117.3356, 5500, 140, 153, , , RAL, , , N15M
1660404443, , 33.6635, -117.3356, 5500, 140, 153, , , RAL, , , N15M
1660404443, , 33.6635, -117.3356, 5500, 140, 153, , , RAL, , , N15M
1660404484, , 33.6452, -117.3034, 5500, 128, 152, , , RAL, , , N15M
1660404484, , 33.6452, -117.3034, 5500, 128, 152, , , RAL, , , N15M
1660404484, , 33.6452, -117.3034, 5500, 128, 152, , , RAL, , , N15M
1660404484, , 33.6452, -117.3034, 5500, 128, 152, , , RAL, , , N15M
1660404484, , 33.6452, -117.3034, 5500, 128, 152, , , RAL, , , N15M
1660404484, , 33.6452, -117.3034, 5500, 128, 152, , , RAL, , , N15M
1660404484, , 33.6452, -117.3034, 5500, 128, 152, , , RAL, , , N15M
1660404484, , 33.6452, -117.3034, 5500, 128, 152, , , RAL, , , N15M
1660404484, , 33.6452, -117.3034, 5500, 128, 152, , , RAL, , , N15M
1660404484, , 33.6452, -117.3034, 5500, 128, 152, , , RAL, , , N15M
1660404484, , 33.6452, -117.3034, 5500, 128, 152, , , RAL, , , N15M
1660404511, , 33.6353, -117.2881, 5500, 128, 152, , , RAL, , , N15M
1660404511, , 33.6353, -117.2881, 5500, 128, 152, , , RAL, , , N15M
1660404511, , 33.6353, -117.2881, 5500, 128, 152, , , RAL, , , N15M
1660404511, , 33.6353, -117.2881, 5500, 128, 152, , , RAL, , , N15M
1660404511, , 33.6353, -117.2881, 5500, 128, 152, , , RAL, , , N15M
1660404523, , 33.6309, -117.2813, 5500, 128, 152, , , RAL, , , N15M
1660404523, , 33.6309, -117.2813, 5500, 128, 152, , , RAL, , , N15M
1660404526, , 33.6284, -117.2803, 5500, 140, 152, , , RAL, , , N15M
1660404526, , 33.6284, -117.2803, 5500, 140, 152, , , RAL, , , N15M
1660404526, , 33.6284, -117.2803, 5500, 140, 152, , , RAL, , , N15M
1660404526, , 33.6284, -117.2803, 5500, 140, 152, , , RAL, , , N15M
1660404526, , 33.6284, -117.2803, 5500, 140, 152, , , RAL, , , N15M
1660404526, , 33.6284, -117.2803, 5500, 140, 152, , , RAL, , , N15M
1660404526, , 33.6284, -117.2803, 5500, 140, 152, , , RAL, , , N15M
1660404526, , 33.6284, -117.2803, 5500, 140, 152, , , RAL, , , N15M
1660404526, , 33.6284, -117.2803, 5500, 140, 152, , , RAL, , , N15M
1660404526, , 33.6284, -117.2803, 5500, 140, 152, , , RAL, , , N15M
1660404551, , 33.6169, -117.2687, 5500, 140, 152, , , RAL, , , N15M
1660404551, , 33.6169, -117.2687, 5500, 140, 152, , , RAL, , , N15M
1660404551, , 33.6169, -117.2687, 5500, 140, 152, , , RAL, , , N15M
1660404551, , 33.6169, -117.2687, 5500, 140, 152, , , RAL, , , N15M
1660404551, , 33.6169, -117.2687, 5500, 140, 152, , , RAL, , , N15M
1660404551, , 33.6169, -117.2687, 5500, 140, 152, , , RAL, , , N15M
1660404563, , 33.6114, -117.2632, 5500, 140, 152, , , RAL, , , N15M
1660404563, , 33.6114, -117.2632, 5500, 140, 152, , , RAL, , , N15M
1660404563, , 33.6114, -117.2632, 5500, 140, 152, , , RAL, , , N15M
1660404563, , 33.6114, -117.2632, 5500, 140, 152, , , RAL, , , N15M
1660404563, , 33.6114, -117.2632, 5500, 140, 152, , , RAL, , , N15M
1660404563, , 33.6114, -117.2632, 5500, 140, 152, , , RAL, , , N15M
1660404563, , 33.6114, -117.2632, 5500, 140, 152, , , RAL, , , N15M
1660404563, , 33.6114, -117.2632, 5500, 140, 152, , , RAL, , , N15M
1660404563, , 33.6114, -117.2632, 5500, 140, 152, , , RAL, , , N15M
1660404563, , 33.6114, -117.2632, 5500, 140, 152, , , RAL, , , N15M
1660404563, , 33.6114, -117.2632, 5500, 140, 152, , , RAL, , , N15M
1660404563, , 33.6114, -117.2632, 5500, 140, 152, , , RAL, , , N15M
1660404563, , 33.6114, -117.2632, 5500, 140, 152, , , RAL, , , N15M
1660404563, , 33.6114, -117.2632, 5500, 140, 152, , , RAL, , , N15M
1660404563, , 33.6114, -117.2632, 5500, 140, 152, , , RAL, , , N15M
1660404563, , 33.6114, -117.2632, 5500, 140, 152, , , RAL, , , N15M
1660404563, , 33.6114, -117.2632, 5500, 140, 152, , , RAL, , , N15M
1660405439, , 33.1333, -117.2667, 700, 271, 84, , , RAL, , , N15M
1660405439, , 33.1333, -117.2667, 700, 271, 84, , , RAL, , , N15M
1660405439, , 33.1333, -117.2667, 700, 271, 84, , , RAL, , , N15M
1660405439, , 33.1333, -117.2667, 700, 271, 84, , , RAL, , , N15M
1660405439, , 33.1333, -117.2667, 700, 271, 84, , , RAL, , , N15M
1660405439, , 33.1333, -117.2667, 700, 271, 84, , , RAL, , , N15M
1660405439, , 33.1333, -117.2667, 700, 271, 84, , , RAL, , , N15M
1660405439, , 33.1333, -117.2667, 700, 271, 84, , , RAL, , , N15M
1660405439, , 33.1333, -117.2667, 700, 271, 84, , , RAL, , , N15M
1660405439, , 33.1333, -117.2667, 700, 271, 84, , , RAL, , , N15M
1660405439, , 33.1333, -117.2667, 700, 271, 84, , , RAL, , , N15M
1660405467, , 33.1335, -117.2777, 700, 271, 84, , , RAL, , , N15M
1660405467, , 33.1335, -117.2777, 700, 271, 84, , , RAL, , , N15M
1660405467, , 33.1335, -117.2777, 700, 271, 84, , , RAL, , , N15M
1660405467, , 33.1335, -117.2777, 700, 271, 84, , , RAL, , , N15M
1660405467, , 33.1335, -117.2777, 700, 271, 84, , , RAL, , , N15M
1660405479, , 33.1336, -117.2824, 700, 271, 84, , , RAL, , , N15M
1660405479, , 33.1336, -117.2824, 700, 271, 84, , , RAL, , , N15M
1660405479, , 33.1336, -117.2824, 700, 271, 84, , , RAL, , , N15M
1660405479, , 33.1336, -117.2824, 700, 271, 84, , , RAL, , , N15M
1660405479, , 33.1336, -117.2824, 700, 271, 84, , , RAL, , , N15M
1660405479, , 33.1336, -117.2824, 700, 271, 84, , , RAL, , , N15M
1660405479, , 33.1336, -117.2824, 700, 271, 84, , , RAL, , , N15M
1660405479, , 33.1336, -117.2824, 700, 271, 84, , , RAL, , , N15M
1660405479, , 33.1336, -117.2824, 700, 271, 84, , , RAL, , , N15M
1660405479, , 33.1336, -117.2824, 700, 271, 84, , , RAL, , , N15M
1660405479, , 33.1336, -117.2824, 700, 271, 84, , , RAL, , , N15M
1660405479, , 33.1336, -117.2824, 700, 271, 84, , , RAL, , , N15M
1660405479, , 33.1336, -117.2824, 700, 271, 84, , , RAL, , , N15M
1660405479, , 33.1336, -117.2824, 700, 271, 84, , , RAL, , , N15M
1660405479, , 33.1336, -117.2824, 700, 271, 84, , , RAL, , , N15M
1660405479, , 33.1336, -117.2824, 700, 271, 84, , , RAL, , , N15M
1660405479, , 33.1336, -117.2824, 700, 271, 84, , , RAL, , , N15M
1660405479, , 33.1336, -117.2824, 700, 271, 84, , , RAL, , , N15M
1660405479, , 33.1336, -117.2824, 700, 271, 84, , , RAL, , , N15M
1660405479, , 33.1336, -117.2824, 700, 271, 84, , , RAL, , , N15M
1660405479, , 33.1336, -117.2824, 700, 271, 84, , , RAL, , , N15M
1660405479, , 33.1336, -117.2824, 700, 271, 84, , , RAL, , , N15M
1660405479, , 33.1336, -117.2824, 700, 271, 84, , , RAL, , , N15M
1660405479, , 33.1336, -117.2824, 700, 271, 84, , , RAL, , , N15M
1660405479, , 33.1336, -117.2824, 700, 271, 84, , , RAL, , , N15M
1660405479, , 33.1336, -117.2824, 700, 271, 84, , , RAL, , , N15M
1660405479, , 33.1336, -117.2824, 700, 271, 84, , , RAL, , , N15M
1660405479, , 33.1336, -117.2824, 700, 271, 84, , , RAL, , , N15M
1660405479, , 33.1336, -117.2824, 700, 271, 84, , , RAL, , , N15M
1660405479, , 33.1336, -117.2824, 700, 271, 84, , , RAL, , , N15M
1660405479, , 33.1336, -117.2824, 700, 271, 84, , , RAL, , , N15M
1660405479, , 33.1336, -117.2824, 700, 271, 84, , , RAL, , , N15M
1660405479, , 33.1336, -117.2824, 700, 271, 84, , , RAL, , , N15M
1660405479, , 33.1336, -117.2824, 700, 271, 84, , , RAL, , , N15M
1660405479, , 33.1336, -117.2824, 700, 271, 84, , , RAL, , , N15M
1660405479, , 33.1336, -117.2824, 700, 271, 84, , , RAL, , , N15M
1660405479, , 33.1336, -117.2824, 700, 271, 84, , , RAL, , , N15M
1660405479, , 33.1336, -117.2824, 700, 271, 84, , , RAL, , , N15M
1660405479, , 33.1336, -117.2824, 700, 271, 84, , , RAL, , , N15M
1660405479, , 33.1336, -117.2824, 700, 271, 84, , , RAL, , , N15M
