//Timestamp, ICAO, Latitude_deg, Longitude_deg, Altitude_ft, Heading_deg, GroundSpeed_kts, AircraftType, RegistrationNum, Departure, Arrival, FlightNumber1, FlightNumber2
1660421467, , 33.7504, -118.433, 2600, 179, 109, , , TOA, , , N46U
1660421467, , 33.7504, -118.433, 2600, 179, 109, , , TOA, , , N46U
1660421467, , 33.7504, -118.433, 2600, 179, 109, , , TOA, , , N46U
1660421467, , 33.7504, -118.433, 2600, 179, 109, , , TOA, , , N46U
1660421467, , 33.7504, -118.433, 2600, 179, 109, , , TOA, , , N46U
1660421467, , 33.7504, -118.433, 2600, 179, 109, , , TOA, , , N46U
1660421467, , 33.7504, -118.433, 2600, 179, 109, , , TOA, , , N46U
1660421467, , 33.7504, -118.433, 2600, 179, 109, , , TOA, , , N46U
1660421467, , 33.7504, -118.433, 2600, 179, 109, , , TOA, , , N46U
1660421467, , 33.7504, -118.433, 2600, 179, 109, , , TOA, , , N46U
1660421488, , 33.7465, -118.4183, 2600, 140, 107, , , TOA, , , N46U
1660421488, , 33.7465, -118.4183, 2600, 140, 107, , , TOA, , , N46U
1660421488, , 33.7465, -118.4183, 2600, 140, 107, , , TOA, , , N46U
1660421488, , 33.7465, -118.4183, 2600, 140, 107, , , TOA, , , N46U
1660421488, , 33.7465, -118.4183, 2600, 140, 107, , , TOA, , , N46U
1660421488, , 33.7465, -118.4183, 2600, 140, 107, , , TOA, , , N46U
1660421488, , 33.7465, -118.4183, 2600, 140, 107, , , TOA, , , N46U
1660421488, , 33.7465, -118.4183, 2600, 140, 107, , , TOA, , , N46U
1660421488, , 33.7465, -118.4183, 2600, 140, 107, , , TOA, , , N46U
1660421488, , 33.7465, -118.4183, 2600, 140, 107, , , TOA, , , N46U
1660421515, , 33.7378, -118.4095, 2600, 140, 107, , , TOA, , , N46U
1660421515, , 33.7378, -118.4095, 2600, 140, 107, , , TOA, , , N46U
1660421515, , 33.7378, -118.4095, 2600, 140, 107, , , TOA, , , N46U
1660421515, , 33.7378, -118.4095, 2600, 140, 107, , , TOA, , , N46U
1660421515, , 33.7378, -118.4095, 2600, 140, 107, , , TOA, , , N46U
1660421527, , 33.7339, -118.4056, 2600, 140, 107, , , TOA, , , N46U
1660421527, , 33.7339, -118.4056, 2600, 140, 107, , , TOA, , , N46U
1660421527, , 33.7339, -118.4056, 2600, 140, 107, , , TOA, , , N46U
1660421527, , 33.7339, -118.4056, 2600, 140, 107, , , TOA, , , N46U
1660421527, , 33.7339, -118.4056, 2600, 140, 107, , , TOA, , , N46U
1660421527, , 33.7339, -118.4056, 2600, 140, 107, , , TOA, , , N46U
1660421527, , 33.7339, -118.4056, 2600, 140, 107, , , TOA, , , N46U
1660421527, , 33.7339, -118.4056, 2600, 140, 107, , , TOA, , , N46U
1660421527, , 33.7339, -118.4056, 2600, 140, 107, , , TOA, , , N46U
1660421527, , 33.7339, -118.4056, 2600, 140, 107, , , TOA, , , N46U
1660421527, , 33.7339, -118.4056, 2600, 140, 107, , , TOA, , , N46U
1660421527, , 33.7339, -118.4056, 2600, 140, 107, , , TOA, , , N46U
1660421527, , 33.7339, -118.4056, 2600, 140, 107, , , TOA, , , N46U
1660421527, , 33.7339, -118.4056, 2600, 140, 107, , , TOA, , , N46U
1660421527, , 33.7339, -118.4056, 2600, 140, 107, , , TOA, , , N46U
1660421527, , 33.7339, -118.4056, 2600, 140, 107, , , TOA, , , N46U
1660421527, , 33.7339, -118.4056, 2600, 140, 107, , , TOA, , , N46U
1660421527, , 33.7339, -118.4056, 2600, 140, 107, , , TOA, , , N46U
1660421527, , 33.7339, -118.4056, 2600, 140, 107, , , TOA, , , N46U
1660421565, , 33.7282, -118.3876, 2500, 121, 112, , , TOA, , , N46U
1660421565, , 33.7282, -118.3876, 2500, 121, 112, , , TOA, , , N46U
1660421565, , 33.7282, -118.3876, 2500, 121, 112, , , TOA, , , N46U
1660421565, , 33.7282, -118.3876, 2500, 121, 112, , , TOA, , , N46U
1660421565, , 33.7282, -118.3876, 2500, 121, 112, , , TOA, , , N46U
1660421565, , 33.7282, -118.3876, 2500, 121, 112, , , TOA, , , N46U
1660421565, , 33.7282, -118.3876, 2500, 121, 112, , , TOA, , , N46U
1660421565, , 33.7282, -118.3876, 2500, 121, 112, , , TOA, , , N46U
1660421565, , 33.7282, -118.3876, 2500, 121, 112, , , TOA, , , N46U
1660421591, , 33.7223, -118.3758, 2500, 121, 112, , , TOA, , , N46U
1660421591, , 33.7223, -118.3758, 2500, 121, 112, , , TOA, , , N46U
1660421591, , 33.7223, -118.3758, 2500, 121, 112, , , TOA, , , N46U
1660421591, , 33.7223, -118.3758, 2500, 121, 112, , , TOA, , , N46U
1660421591, , 33.7223, -118.3758, 2500, 121, 112, , , TOA, , , N46U
1660421603, , 33.7196, -118.3703, 2500, 121, 112, , , TOA, , , N46U
1660421603, , 33.7196, -118.3703, 2500, 121, 112, , , TOA, , , N46U
1660421603, , 33.7196, -118.3703, 2500, 121, 112, , , TOA, , , N46U
1660421603, , 33.7196, -118.3703, 2500, 121, 112, , , TOA, , , N46U
1660421603, , 33.7196, -118.3703, 2500, 121, 112, , , TOA, , , N46U
1660421603, , 33.7196, -118.3703, 2500, 121, 112, , , TOA, , , N46U
1660421603, , 33.7196, -118.3703, 2500, 121, 112, , , TOA, , , N46U
1660421603, , 33.7196, -118.3703, 2500, 121, 112, , , TOA, , , N46U
1660421603, , 33.7196, -118.3703, 2500, 121, 112, , , TOA, , , N46U
1660421603, , 33.7196, -118.3703, 2500, 121, 112, , , TOA, , , N46U
1660421603, , 33.7196, -118.3703, 2500, 121, 112, , , TOA, , , N46U
1660421625, , 33.7239, -118.3574, 2600, 89, 106, , , TOA, , , N46U
1660421625, , 33.7239, -118.3574, 2600, 89, 106, , , TOA, , , N46U
1660421625, , 33.7239, -118.3574, 2600, 89, 106, , , TOA, , , N46U
1660421625, , 33.7239, -118.3574, 2600, 89, 106, , , TOA, , , N46U
1660421625, , 33.7239, -118.3574, 2600, 89, 106, , , TOA, , , N46U
1660421625, , 33.7239, -118.3574, 2600, 89, 106, , , TOA, , , N46U
1660421625, , 33.7239, -118.3574, 2600, 89, 106, , , TOA, , , N46U
1660421625, , 33.7239, -118.3574, 2600, 89, 106, , , TOA, , , N46U
1660421625, , 33.7239, -118.3574, 2600, 89, 106, , , TOA, , , N46U
1660421625, , 33.7239, -118.3574, 2600, 89, 106, , , TOA, , , N46U
1660421651, , 33.7241, -118.3444, 2600, 89, 106, , , TOA, , , N46U
1660421651, , 33.7241, -118.3444, 2600, 89, 106, , , TOA, , , N46U
1660421651, , 33.7241, -118.3444, 2600, 89, 106, , , TOA, , , N46U
1660421651, , 33.7241, -118.3444, 2600, 89, 106, , , TOA, , , N46U
1660421651, , 33.7241, -118.3444, 2600, 89, 106, , , TOA, , , N46U
1660421651, , 33.7241, -118.3444, 2600, 89, 106, , , TOA, , , N46U
1660421663, , 33.7242, -118.3384, 2600, 89, 106, , , TOA, , , N46U
1660421663, , 33.7242, -118.3384, 2600, 89, 106, , , TOA, , , N46U
1660421663, , 33.7242, -118.3384, 2600, 89, 106, , , TOA, , , N46U
1660421663, , 33.7242, -118.3384, 2600, 89, 106, , , TOA, , , N46U
1660421663, , 33.7242, -118.3384, 2600, 89, 106, , , TOA, , , N46U
1660421663, , 33.7242, -118.3384, 2600, 89, 106, , , TOA, , , N46U
1660421663, , 33.7242, -118.3384, 2600, 89, 106, , , TOA, , , N46U
1660421663, , 33.7242, -118.3384, 2600, 89, 106, , , TOA, , , N46U
1660421663, , 33.7242, -118.3384, 2600, 89, 106, , , TOA, , , N46U
1660421663, , 33.7242, -118.3384, 2600, 89, 106, , , TOA, , , N46U
1660421683, , 33.7314, -118.3526, 2800, 321, 111, , , TOA, , , N46U
1660421683, , 33.7314, -118.3526, 2800, 321, 111, , , TOA, , , N46U
1660421683, , 33.7314, -118.3526, 2800, 321, 111, , , TOA, , , N46U
1660421683, , 33.7314, -118.3526, 2800, 321, 111, , , TOA, , , N46U
1660421683, , 33.7314, -118.3526, 2800, 321, 111, , , TOA, , , N46U
1660421683, , 33.7314, -118.3526, 2800, 321, 111, , , TOA, , , N46U
1660421683, , 33.7314, -118.3526, 2800, 321, 111, , , TOA, , , N46U
1660421683, , 33.7314, -118.3526, 2800, 321, 111, , , TOA, , , N46U
1660421683, , 33.7314, -118.3526, 2800, 321, 111, , , TOA, , , N46U
1660421683, , 33.7314, -118.3526, 2800, 321, 111, , , TOA, , , N46U
1660421683, , 33.7314, -118.3526, 2800, 321, 111, , , TOA, , , N46U
1660421711, , 33.7409, -118.3618, 2800, 321, 111, , , TOA, , , N46U
1660421711, , 33.7409, -118.3618, 2800, 321, 111, , , TOA, , , N46U
1660421711, , 33.7409, -118.3618, 2800, 321, 111, , , TOA, , , N46U
1660421711, , 33.7409, -118.3618, 2800, 321, 111, , , TOA, , , N46U
1660421711, , 33.7409, -118.3618, 2800, 321, 111, , , TOA, , , N46U
1660421723, , 33.745, -118.3658, 2800, 321, 111, , , TOA, , , N46U
1660421723, , 33.745, -118.3658, 2800, 321, 111, , , TOA, , , N46U
1660421723, , 33.745, -118.3658, 2800, 321, 111, , , TOA, , , N46U
1660421723, , 33.745, -118.3658, 2800, 321, 111, , , TOA, , , N46U
1660421723, , 33.745, -118.3658, 2800, 321, 111, , , TOA, , , N46U
1660421723, , 33.745, -118.3658, 2800, 321, 111, , , TOA, , , N46U
1660421723, , 33.745, -118.3658, 2800, 321, 111, , , TOA, , , N46U
1660421723, , 33.745, -118.3658, 2800, 321, 111, , , TOA, , , N46U
1660421723, , 33.745, -118.3658, 2800, 321, 111, , , TOA, , , N46U
1660421723, , 33.745, -118.3658, 2800, 321, 111, , , TOA, , , N46U
1660421742, , 33.7284, -118.3431, 2700, 140, 104, , , TOA, , , N46U
1660421742, , 33.7284, -118.3431, 2700, 140, 104, , , TOA, , , N46U
1660421742, , 33.7284, -118.3431, 2700, 140, 104, , , TOA, , , N46U
1660421742, , 33.7284, -118.3431, 2700, 140, 104, , , TOA, , , N46U
1660421742, , 33.7284, -118.3431, 2700, 140, 104, , , TOA, , , N46U
1660421742, , 33.7284, -118.3431, 2700, 140, 104, , , TOA, , , N46U
1660421742, , 33.7284, -118.3431, 2700, 140, 104, , , TOA, , , N46U
1660421742, , 33.7284, -118.3431, 2700, 140, 104, , , TOA, , , N46U
1660421742, , 33.7284, -118.3431, 2700, 140, 104, , , TOA, , , N46U
1660421767, , 33.7206, -118.3352, 2700, 140, 104, , , TOA, , , N46U
1660421767, , 33.7206, -118.3352, 2700, 140, 104, , , TOA, , , N46U
1660421767, , 33.7206, -118.3352, 2700, 140, 104, , , TOA, , , N46U
1660421767, , 33.7206, -118.3352, 2700, 140, 104, , , TOA, , , N46U
1660421767, , 33.7206, -118.3352, 2700, 140, 104, , , TOA, , , N46U
1660421779, , 33.7168, -118.3314, 2700, 140, 104, , , TOA, , , N46U
1660421779, , 33.7168, -118.3314, 2700, 140, 104, , , TOA, , , N46U
1660421779, , 33.7168, -118.3314, 2700, 140, 104, , , TOA, , , N46U
1660421779, , 33.7168, -118.3314, 2700, 140, 104, , , TOA, , , N46U
1660421779, , 33.7168, -118.3314, 2700, 140, 104, , , TOA, , , N46U
1660421779, , 33.7168, -118.3314, 2700, 140, 104, , , TOA, , , N46U
1660421779, , 33.7168, -118.3314, 2700, 140, 104, , , TOA, , , N46U
1660421779, , 33.7168, -118.3314, 2700, 140, 104, , , TOA, , , N46U
1660421779, , 33.7168, -118.3314, 2700, 140, 104, , , TOA, , , N46U
1660421779, , 33.7168, -118.3314, 2700, 140, 104, , , TOA, , , N46U
1660421779, , 33.7168, -118.3314, 2700, 140, 104, , , TOA, , , N46U
1660421800, , 33.7195, -118.3232, 2700, 121, 106, , , TOA, , , N46U
1660421800, , 33.7195, -118.3232, 2700, 121, 106, , , TOA, , , N46U
1660421800, , 33.7195, -118.3232, 2700, 121, 106, , , TOA, , , N46U
1660421800, , 33.7195, -118.3232, 2700, 121, 106, , , TOA, , , N46U
1660421800, , 33.7195, -118.3232, 2700, 121, 106, , , TOA, , , N46U
1660421800, , 33.7195, -118.3232, 2700, 121, 106, , , TOA, , , N46U
1660421800, , 33.7195, -118.3232, 2700, 121, 106, , , TOA, , , N46U
1660421800, , 33.7195, -118.3232, 2700, 121, 106, , , TOA, , , N46U
1660421800, , 33.7195, -118.3232, 2700, 121, 106, , , TOA, , , N46U
1660421800, , 33.7195, -118.3232, 2700, 121, 106, , , TOA, , , N46U
1660421827, , 33.7137, -118.3116, 2700, 121, 106, , , TOA, , , N46U
1660421827, , 33.7137, -118.3116, 2700, 121, 106, , , TOA, , , N46U
1660421827, , 33.7137, -118.3116, 2700, 121, 106, , , TOA, , , N46U
1660421827, , 33.7137, -118.3116, 2700, 121, 106, , , TOA, , , N46U
1660421827, , 33.7137, -118.3116, 2700, 121, 106, , , TOA, , , N46U
1660421827, , 33.7137, -118.3116, 2700, 121, 106, , , TOA, , , N46U
1660421839, , 33.7111, -118.3064, 2700, 121, 106, , , TOA, , , N46U
1660421839, , 33.7111, -118.3064, 2700, 121, 106, , , TOA, , , N46U
1660421839, , 33.7111, -118.3064, 2700, 121, 106, , , TOA, , , N46U
1660421839, , 33.7111, -118.3064, 2700, 121, 106, , , TOA, , , N46U
1660421839, , 33.7111, -118.3064, 2700, 121, 106, , , TOA, , , N46U
1660421839, , 33.7111, -118.3064, 2700, 121, 106, , , TOA, , , N46U
1660421839, , 33.7111, -118.3064, 2700, 121, 106, , , TOA, , , N46U
1660421839, , 33.7111, -118.3064, 2700, 121, 106, , , TOA, , , N46U
1660421839, , 33.7111, -118.3064, 2700, 121, 106, , , TOA, , , N46U
1660421839, , 33.7111, -118.3064, 2700, 121, 106, , , TOA, , , N46U
1660421860, , 33.7143, -118.2959, 2600, 89, 114, , , TOA, , , N46U
1660421860, , 33.7143, -118.2959, 2600, 89, 114, , , TOA, , , N46U
1660421860, , 33.7143, -118.2959, 2600, 89, 114, , , TOA, , , N46U
1660421860, , 33.7143, -118.2959, 2600, 89, 114, , , TOA, , , N46U
1660421860, , 33.7143, -118.2959, 2600, 89, 114, , , TOA, , , N46U
1660421860, , 33.7143, -118.2959, 2600, 89, 114, , , TOA, , , N46U
1660421860, , 33.7143, -118.2959, 2600, 89, 114, , , TOA, , , N46U
1660421860, , 33.7143, -118.2959, 2600, 89, 114, , , TOA, , , N46U
1660421860, , 33.7143, -118.2959, 2600, 89, 114, , , TOA, , , N46U
1660421860, , 33.7143, -118.2959, 2600, 89, 114, , , TOA, , , N46U
1660421860, , 33.7143, -118.2959, 2600, 89, 114, , , TOA, , , N46U
1660421887, , 33.7145, -118.2814, 2600, 89, 114, , , TOA, , , N46U
1660421887, , 33.7145, -118.2814, 2600, 89, 114, , , TOA, , , N46U
1660421887, , 33.7145, -118.2814, 2600, 89, 114, , , TOA, , , N46U
1660421887, , 33.7145, -118.2814, 2600, 89, 114, , , TOA, , , N46U
1660421887, , 33.7145, -118.2814, 2600, 89, 114, , , TOA, , , N46U
1660421899, , 33.7146, -118.2749, 2600, 89, 114, , , TOA, , , N46U
1660421899, , 33.7146, -118.2749, 2600, 89, 114, , , TOA, , , N46U
1660421899, , 33.7146, -118.2749, 2600, 89, 114, , , TOA, , , N46U
1660421899, , 33.7146, -118.2749, 2600, 89, 114, , , TOA, , , N46U
1660421899, , 33.7146, -118.2749, 2600, 89, 114, , , TOA, , , N46U
1660421899, , 33.7146, -118.2749, 2600, 89, 114, , , TOA, , , N46U
1660421899, , 33.7146, -118.2749, 2600, 89, 114, , , TOA, , , N46U
1660421899, , 33.7146, -118.2749, 2600, 89, 114, , , TOA, , , N46U
1660421899, , 33.7146, -118.2749, 2600, 89, 114, , , TOA, , , N46U
1660421917, , 33.7119, -118.2573, 2500, 89, 119, , , TOA, , , N46U
1660421917, , 33.7119, -118.2573, 2500, 89, 119, , , TOA, , , N46U
1660421917, , 33.7119, -118.2573, 2500, 89, 119, , , TOA, , , N46U
1660421917, , 33.7119, -118.2573, 2500, 89, 119, , , TOA, , , N46U
1660421917, , 33.7119, -118.2573, 2500, 89, 119, , , TOA, , , N46U
1660421917, , 33.7119, -118.2573, 2500, 89, 119, , , TOA, , , N46U
1660421917, , 33.7119, -118.2573, 2500, 89, 119, , , TOA, , , N46U
1660421917, , 33.7119, -118.2573, 2500, 89, 119, , , TOA, , , N46U
1660421917, , 33.7119, -118.2573, 2500, 89, 119, , , TOA, , , N46U
1660421917, , 33.7119, -118.2573, 2500, 89, 119, , , TOA, , , N46U
1660421943, , 33.7121, -118.2427, 2500, 89, 119, , , TOA, , , N46U
1660421943, , 33.7121, -118.2427, 2500, 89, 119, , , TOA, , , N46U
1660421943, , 33.7121, -118.2427, 2500, 89, 119, , , TOA, , , N46U
1660421943, , 33.7121, -118.2427, 2500, 89, 119, , , TOA, , , N46U
1660421943, , 33.7121, -118.2427, 2500, 89, 119, , , TOA, , , N46U
1660421955, , 33.7122, -118.2359, 2500, 89, 119, , , TOA, , , N46U
1660421955, , 33.7122, -118.2359, 2500, 89, 119, , , TOA, , , N46U
1660421955, , 33.7122, -118.2359, 2500, 89, 119, , , TOA, , , N46U
1660421955, , 33.7122, -118.2359, 2500, 89, 119, , , TOA, , , N46U
1660421955, , 33.7122, -118.2359, 2500, 89, 119, , , TOA, , , N46U
1660421955, , 33.7122, -118.2359, 2500, 89, 119, , , TOA, , , N46U
1660421955, , 33.7122, -118.2359, 2500, 89, 119, , , TOA, , , N46U
1660421955, , 33.7122, -118.2359, 2500, 89, 119, , , TOA, , , N46U
1660421955, , 33.7122, -118.2359, 2500, 89, 119, , , TOA, , , N46U
1660421955, , 33.7122, -118.2359, 2500, 89, 119, , , TOA, , , N46U
1660421955, , 33.7122, -118.2359, 2500, 89, 119, , , TOA, , , N46U
1660421975, , 33.7111, -118.2168, 2500, 89, 111, , , TOA, , , N46U
1660421975, , 33.7111, -118.2168, 2500, 89, 111, , , TOA, , , N46U
1660421975, , 33.7111, -118.2168, 2500, 89, 111, , , TOA, , , N46U
1660421975, , 33.7111, -118.2168, 2500, 89, 111, , , TOA, , , N46U
1660421975, , 33.7111, -118.2168, 2500, 89, 111, , , TOA, , , N46U
1660421975, , 33.7111, -118.2168, 2500, 89, 111, , , TOA, , , N46U
1660421975, , 33.7111, -118.2168, 2500, 89, 111, , , TOA, , , N46U
1660421975, , 33.7111, -118.2168, 2500, 89, 111, , , TOA, , , N46U
1660421975, , 33.7111, -118.2168, 2500, 89, 111, , , TOA, , , N46U
1660421975, , 33.7111, -118.2168, 2500, 89, 111, , , TOA, , , N46U
1660422003, , 33.7113, -118.2021, 2500, 89, 111, , , TOA, , , N46U
1660422003, , 33.7113, -118.2021, 2500, 89, 111, , , TOA, , , N46U
1660422003, , 33.7113, -118.2021, 2500, 89, 111, , , TOA, , , N46U
1660422003, , 33.7113, -118.2021, 2500, 89, 111, , , TOA, , , N46U
1660422003, , 33.7113, -118.2021, 2500, 89, 111, , , TOA, , , N46U
1660422003, , 33.7113, -118.2021, 2500, 89, 111, , , TOA, , , N46U
1660422015, , 33.7114, -118.1958, 2500, 89, 111, , , TOA, , , N46U
1660422015, , 33.7114, -118.1958, 2500, 89, 111, , , TOA, , , N46U
1660422015, , 33.7114, -118.1958, 2500, 89, 111, , , TOA, , , N46U
1660422015, , 33.7114, -118.1958, 2500, 89, 111, , , TOA, , , N46U
1660422015, , 33.7114, -118.1958, 2500, 89, 111, , , TOA, , , N46U
1660422015, , 33.7114, -118.1958, 2500, 89, 111, , , TOA, , , N46U
1660422015, , 33.7114, -118.1958, 2500, 89, 111, , , TOA, , , N46U
1660422015, , 33.7114, -118.1958, 2500, 89, 111, , , TOA, , , N46U
1660422015, , 33.7114, -118.1958, 2500, 89, 111, , , TOA, , , N46U
1660422015, , 33.7114, -118.1958, 2500, 89, 111, , , TOA, , , N46U
1660422035, , 33.7115, -118.1765, 2500, 89, 111, , , TOA, , , N46U
1660422035, , 33.7115, -118.1765, 2500, 89, 111, , , TOA, , , N46U
1660422035, , 33.7115, -118.1765, 2500, 89, 111, , , TOA, , , N46U
1660422035, , 33.7115, -118.1765, 2500, 89, 111, , , TOA, , , N46U
1660422035, , 33.7115, -118.1765, 2500, 89, 111, , , TOA, , , N46U
1660422035, , 33.7115, -118.1765, 2500, 89, 111, , , TOA, , , N46U
1660422035, , 33.7115, -118.1765, 2500, 89, 111, , , TOA, , , N46U
1660422035, , 33.7115, -118.1765, 2500, 89, 111, , , TOA, , , N46U
1660422035, , 33.7115, -118.1765, 2500, 89, 111, , , TOA, , , N46U
1660422035, , 33.7115, -118.1765, 2500, 89, 111, , , TOA, , , N46U
1660422035, , 33.7115, -118.1765, 2500, 89, 111, , , TOA, , , N46U
1660422063, , 33.7117, -118.1618, 2500, 89, 111, , , TOA, , , N46U
1660422063, , 33.7117, -118.1618, 2500, 89, 111, , , TOA, , , N46U
1660422063, , 33.7117, -118.1618, 2500, 89, 111, , , TOA, , , N46U
1660422063, , 33.7117, -118.1618, 2500, 89, 111, , , TOA, , , N46U
1660422075, , 33.7118, -118.1555, 2500, 89, 111, , , TOA, , , N46U
1660422075, , 33.7118, -118.1555, 2500, 89, 111, , , TOA, , , N46U
1660422075, , 33.7118, -118.1555, 2500, 89, 111, , , TOA, , , N46U
1660422075, , 33.7118, -118.1555, 2500, 89, 111, , , TOA, , , N46U
1660422075, , 33.7118, -118.1555, 2500, 89, 111, , , TOA, , , N46U
1660422075, , 33.7118, -118.1555, 2500, 89, 111, , , TOA, , , N46U
1660422075, , 33.7118, -118.1555, 2500, 89, 111, , , TOA, , , N46U
1660422075, , 33.7118, -118.1555, 2500, 89, 111, , , TOA, , , N46U
1660422075, , 33.7118, -118.1555, 2500, 89, 111, , , TOA, , , N46U
1660422075, , 33.7118, -118.1555, 2500, 89, 111, , , TOA, , , N46U
1660422075, , 33.7118, -118.1555, 2500, 89, 111, , , TOA, , , N46U
1660422075, , 33.7118, -118.1555, 2500, 89, 111, , , TOA, , , N46U
1660422075, , 33.7118, -118.1555, 2500, 89, 111, , , TOA, , , N46U
1660422075, , 33.7118, -118.1555, 2500, 89, 111, , , TOA, , , N46U
1660422075, , 33.7118, -118.1555, 2500, 89, 111, , , TOA, , , N46U
1660422075, , 33.7118, -118.1555, 2500, 89, 111, , , TOA, , , N46U
1660422075, , 33.7118, -118.1555, 2500, 89, 111, , , TOA, , , N46U
1660422075, , 33.7118, -118.1555, 2500, 89, 111, , , TOA, , , N46U
1660422075, , 33.7118, -118.1555, 2500, 89, 111, , , TOA, , , N46U
1660422114, , 33.7038, -118.1329, 2500, 120, 113, , , TOA, , , N46U
1660422114, , 33.7038, -118.1329, 2500, 120, 113, , , TOA, , , N46U
1660422114, , 33.7038, -118.1329, 2500, 120, 113, , , TOA, , , N46U
1660422114, , 33.7038, -118.1329, 2500, 120, 113, , , TOA, , , N46U
1660422114, , 33.7038, -118.1329, 2500, 120, 113, , , TOA, , , N46U
1660422114, , 33.7038, -118.1329, 2500, 120, 113, , , TOA, , , N46U
1660422114, , 33.7038, -118.1329, 2500, 120, 113, , , TOA, , , N46U
1660422114, , 33.7038, -118.1329, 2500, 120, 113, , , TOA, , , N46U
1660422114, , 33.7038, -118.1329, 2500, 120, 113, , , TOA, , , N46U
1660422139, , 33.6983, -118.1214, 2500, 120, 113, , , TOA, , , N46U
1660422139, , 33.6983, -118.1214, 2500, 120, 113, , , TOA, , , N46U
1660422139, , 33.6983, -118.1214, 2500, 120, 113, , , TOA, , , N46U
1660422139, , 33.6983, -118.1214, 2500, 120, 113, , , TOA, , , N46U
1660422139, , 33.6983, -118.1214, 2500, 120, 113, , , TOA, , , N46U
1660422151, , 33.6956, -118.1158, 2500, 120, 113, , , TOA, , , N46U
1660422151, , 33.6956, -118.1158, 2500, 120, 113, , , TOA, , , N46U
1660422151, , 33.6956, -118.1158, 2500, 120, 113, , , TOA, , , N46U
1660422151, , 33.6956, -118.1158, 2500, 120, 113, , , TOA, , , N46U
1660422151, , 33.6956, -118.1158, 2500, 120, 113, , , TOA, , , N46U
1660422151, , 33.6956, -118.1158, 2500, 120, 113, , , TOA, , , N46U
1660422151, , 33.6956, -118.1158, 2500, 120, 113, , , TOA, , , N46U
1660422151, , 33.6956, -118.1158, 2500, 120, 113, , , TOA, , , N46U
1660422151, , 33.6956, -118.1158, 2500, 120, 113, , , TOA, , , N46U
1660422151, , 33.6956, -118.1158, 2500, 120, 113, , , TOA, , , N46U
1660422151, , 33.6956, -118.1158, 2500, 120, 113, , , TOA, , , N46U
1660422170, , 33.7001, -118.1011, 2500, 89, 111, , , TOA, , , N46U
1660422170, , 33.7001, -118.1011, 2500, 89, 111, , , TOA, , , N46U
1660422170, , 33.7001, -118.1011, 2500, 89, 111, , , TOA, , , N46U
1660422170, , 33.7001, -118.1011, 2500, 89, 111, , , TOA, , , N46U
1660422170, , 33.7001, -118.1011, 2500, 89, 111, , , TOA, , , N46U
1660422170, , 33.7001, -118.1011, 2500, 89, 111, , , TOA, , , N46U
1660422170, , 33.7001, -118.1011, 2500, 89, 111, , , TOA, , , N46U
1660422170, , 33.7001, -118.1011, 2500, 89, 111, , , TOA, , , N46U
1660422195, , 33.7003, -118.088, 2500, 89, 111, , , TOA, , , N46U
1660422195, , 33.7003, -118.088, 2500, 89, 111, , , TOA, , , N46U
1660422195, , 33.7003, -118.088, 2500, 89, 111, , , TOA, , , N46U
1660422195, , 33.7003, -118.088, 2500, 89, 111, , , TOA, , , N46U
1660422195, , 33.7003, -118.088, 2500, 89, 111, , , TOA, , , N46U
1660422207, , 33.7004, -118.0817, 2500, 89, 111, , , TOA, , , N46U
1660422207, , 33.7004, -118.0817, 2500, 89, 111, , , TOA, , , N46U
1660422207, , 33.7004, -118.0817, 2500, 89, 111, , , TOA, , , N46U
1660422207, , 33.7004, -118.0817, 2500, 89, 111, , , TOA, , , N46U
1660422207, , 33.7004, -118.0817, 2500, 89, 111, , , TOA, , , N46U
1660422207, , 33.7004, -118.0817, 2500, 89, 111, , , TOA, , , N46U
1660422207, , 33.7004, -118.0817, 2500, 89, 111, , , TOA, , , N46U
1660422207, , 33.7004, -118.0817, 2500, 89, 111, , , TOA, , , N46U
1660422207, , 33.7004, -118.0817, 2500, 89, 111, , , TOA, , , N46U
1660422207, , 33.7004, -118.0817, 2500, 89, 111, , , TOA, , , N46U
1660422207, , 33.7004, -118.0817, 2500, 89, 111, , , TOA, , , N46U
1660422207, , 33.7004, -118.0817, 2500, 89, 111, , , TOA, , , N46U
1660422207, , 33.7004, -118.0817, 2500, 89, 111, , , TOA, , , N46U
1660422229, , 33.6903, -118.0596, 2600, 111, 110, , , TOA, , , N46U
1660422229, , 33.6903, -118.0596, 2600, 111, 110, , , TOA, , , N46U
1660422229, , 33.6903, -118.0596, 2600, 111, 110, , , TOA, , , N46U
1660422229, , 33.6903, -118.0596, 2600, 111, 110, , , TOA, , , N46U
1660422229, , 33.6903, -118.0596, 2600, 111, 110, , , TOA, , , N46U
1660422229, , 33.6903, -118.0596, 2600, 111, 110, , , TOA, , , N46U
1660422229, , 33.6903, -118.0596, 2600, 111, 110, , , TOA, , , N46U
1660422229, , 33.6903, -118.0596, 2600, 111, 110, , , TOA, , , N46U
1660422229, , 33.6903, -118.0596, 2600, 111, 110, , , TOA, , , N46U
1660422255, , 33.6862, -118.0469, 2600, 111, 110, , , TOA, , , N46U
1660422255, , 33.6862, -118.0469, 2600, 111, 110, , , TOA, , , N46U
1660422255, , 33.6862, -118.0469, 2600, 111, 110, , , TOA, , , N46U
1660422255, , 33.6862, -118.0469, 2600, 111, 110, , , TOA, , , N46U
1660422255, , 33.6862, -118.0469, 2600, 111, 110, , , TOA, , , N46U
1660422267, , 33.6844, -118.0411, 2600, 111, 110, , , TOA, , , N46U
1660422267, , 33.6844, -118.0411, 2600, 111, 110, , , TOA, , , N46U
1660422267, , 33.6844, -118.0411, 2600, 111, 110, , , TOA, , , N46U
1660422267, , 33.6844, -118.0411, 2600, 111, 110, , , TOA, , , N46U
1660422267, , 33.6844, -118.0411, 2600, 111, 110, , , TOA, , , N46U
1660422267, , 33.6844, -118.0411, 2600, 111, 110, , , TOA, , , N46U
1660422267, , 33.6844, -118.0411, 2600, 111, 110, , , TOA, , , N46U
1660422267, , 33.6844, -118.0411, 2600, 111, 110, , , TOA, , , N46U
1660422267, , 33.6844, -118.0411, 2600, 111, 110, , , TOA, , , N46U
1660422267, , 33.6844, -118.0411, 2600, 111, 110, , , TOA, , , N46U
1660422287, , 33.6841, -118.0212, 2500, 89, 115, , , TOA, , , N46U
1660422287, , 33.6841, -118.0212, 2500, 89, 115, , , TOA, , , N46U
1660422287, , 33.6841, -118.0212, 2500, 89, 115, , , TOA, , , N46U
1660422287, , 33.6841, -118.0212, 2500, 89, 115, , , TOA, , , N46U
1660422287, , 33.6841, -118.0212, 2500, 89, 115, , , TOA, , , N46U
1660422287, , 33.6841, -118.0212, 2500, 89, 115, , , TOA, , , N46U
1660422287, , 33.6841, -118.0212, 2500, 89, 115, , , TOA, , , N46U
1660422287, , 33.6841, -118.0212, 2500, 89, 115, , , TOA, , , N46U
1660422287, , 33.6841, -118.0212, 2500, 89, 115, , , TOA, , , N46U
1660422287, , 33.6841, -118.0212, 2500, 89, 115, , , TOA, , , N46U
1660422287, , 33.6841, -118.0212, 2500, 89, 115, , , TOA, , , N46U
1660422315, , 33.6844, -118.006, 2500, 89, 115, , , TOA, , , N46U
1660422315, , 33.6844, -118.006, 2500, 89, 115, , , TOA, , , N46U
1660422315, , 33.6844, -118.006, 2500, 89, 115, , , TOA, , , N46U
1660422315, , 33.6844, -118.006, 2500, 89, 115, , , TOA, , , N46U
1660422315, , 33.6844, -118.006, 2500, 89, 115, , , TOA, , , N46U
1660422327, , 33.6844, -117.9995, 2500, 89, 115, , , TOA, , , N46U
1660422327, , 33.6844, -117.9995, 2500, 89, 115, , , TOA, , , N46U
1660422327, , 33.6844, -117.9995, 2500, 89, 115, , , TOA, , , N46U
1660422327, , 33.6844, -117.9995, 2500, 89, 115, , , TOA, , , N46U
1660422327, , 33.6844, -117.9995, 2500, 89, 115, , , TOA, , , N46U
1660422327, , 33.6844, -117.9995, 2500, 89, 115, , , TOA, , , N46U
1660422327, , 33.6844, -117.9995, 2500, 89, 115, , , TOA, , , N46U
1660422327, , 33.6844, -117.9995, 2500, 89, 115, , , TOA, , , N46U
1660422327, , 33.6844, -117.9995, 2500, 89, 115, , , TOA, , , N46U
1660422327, , 33.6844, -117.9995, 2500, 89, 115, , , TOA, , , N46U
1660422327, , 33.6844, -117.9995, 2500, 89, 115, , , TOA, , , N46U
1660422347, , 33.6729, -117.9839, 2400, 120, 119, , , TOA, , , N46U
1660422347, , 33.6729, -117.9839, 2400, 120, 119, , , TOA, , , N46U
1660422347, , 33.6729, -117.9839, 2400, 120, 119, , , TOA, , , N46U
1660422347, , 33.6729, -117.9839, 2400, 120, 119, , , TOA, , , N46U
1660422347, , 33.6729, -117.9839, 2400, 120, 119, , , TOA, , , N46U
1660422347, , 33.6729, -117.9839, 2400, 120, 119, , , TOA, , , N46U
1660422347, , 33.6729, -117.9839, 2400, 120, 119, , , TOA, , , N46U
1660422347, , 33.6729, -117.9839, 2400, 120, 119, , , TOA, , , N46U
1660422347, , 33.6729, -117.9839, 2400, 120, 119, , , TOA, , , N46U
1660422347, , 33.6729, -117.9839, 2400, 120, 119, , , TOA, , , N46U
1660422375, , 33.6664, -117.9702, 2400, 120, 119, , , TOA, , , N46U
1660422375, , 33.6664, -117.9702, 2400, 120, 119, , , TOA, , , N46U
1660422375, , 33.6664, -117.9702, 2400, 120, 119, , , TOA, , , N46U
1660422375, , 33.6664, -117.9702, 2400, 120, 119, , , TOA, , , N46U
1660422375, , 33.6664, -117.9702, 2400, 120, 119, , , TOA, , , N46U
1660422387, , 33.6636, -117.9644, 2400, 120, 119, , , TOA, , , N46U
1660422387, , 33.6636, -117.9644, 2400, 120, 119, , , TOA, , , N46U
1660422387, , 33.6636, -117.9644, 2400, 120, 119, , , TOA, , , N46U
1660422387, , 33.6636, -117.9644, 2400, 120, 119, , , TOA, , , N46U
1660422387, , 33.6636, -117.9644, 2400, 120, 119, , , TOA, , , N46U
1660422387, , 33.6636, -117.9644, 2400, 120, 119, , , TOA, , , N46U
1660422387, , 33.6636, -117.9644, 2400, 120, 119, , , TOA, , , N46U
1660422387, , 33.6636, -117.9644, 2400, 120, 119, , , TOA, , , N46U
1660422387, , 33.6636, -117.9644, 2400, 120, 119, , , TOA, , , N46U
1660422404, , 33.6738, -117.949, 2000, 58, 120, , , TOA, , , N46U
1660422404, , 33.6738, -117.949, 2000, 58, 120, , , TOA, , , N46U
1660422404, , 33.6738, -117.949, 2000, 58, 120, , , TOA, , , N46U
1660422404, , 33.6738, -117.949, 2000, 58, 120, , , TOA, , , N46U
1660422404, , 33.6738, -117.949, 2000, 58, 120, , , TOA, , , N46U
1660422404, , 33.6738, -117.949, 2000, 58, 120, , , TOA, , , N46U
1660422404, , 33.6738, -117.949, 2000, 58, 120, , , TOA, , , N46U
1660422404, , 33.6738, -117.949, 2000, 58, 120, , , TOA, , , N46U
1660422404, , 33.6738, -117.949, 2000, 58, 120, , , TOA, , , N46U
1660422404, , 33.6738, -117.949, 2000, 58, 120, , , TOA, , , N46U
1660422431, , 33.6805, -117.936, 2000, 58, 120, , , TOA, , , N46U
1660422431, , 33.6805, -117.936, 2000, 58, 120, , , TOA, , , N46U
1660422431, , 33.6805, -117.936, 2000, 58, 120, , , TOA, , , N46U
1660422431, , 33.6805, -117.936, 2000, 58, 120, , , TOA, , , N46U
1660422431, , 33.6805, -117.936, 2000, 58, 120, , , TOA, , , N46U
1660422431, , 33.6805, -117.936, 2000, 58, 120, , , TOA, , , N46U
1660422443, , 33.6835, -117.9302, 2000, 58, 120, , , TOA, , , N46U
1660422443, , 33.6835, -117.9302, 2000, 58, 120, , , TOA, , , N46U
1660422443, , 33.6835, -117.9302, 2000, 58, 120, , , TOA, , , N46U
1660422443, , 33.6835, -117.9302, 2000, 58, 120, , , TOA, , , N46U
1660422443, , 33.6835, -117.9302, 2000, 58, 120, , , TOA, , , N46U
1660422443, , 33.6835, -117.9302, 2000, 58, 120, , , TOA, , , N46U
1660422443, , 33.6835, -117.9302, 2000, 58, 120, , , TOA, , , N46U
1660422443, , 33.6835, -117.9302, 2000, 58, 120, , , TOA, , , N46U
1660422443, , 33.6835, -117.9302, 2000, 58, 120, , , TOA, , , N46U
1660422443, , 33.6835, -117.9302, 2000, 58, 120, , , TOA, , , N46U
1660422464, , 33.6755, -117.9062, 1600, 89, 110, , , TOA, , , N46U
1660422464, , 33.6755, -117.9062, 1600, 89, 110, , , TOA, , , N46U
1660422464, , 33.6755, -117.9062, 1600, 89, 110, , , TOA, , , N46U
1660422464, , 33.6755, -117.9062, 1600, 89, 110, , , TOA, , , N46U
1660422464, , 33.6755, -117.9062, 1600, 89, 110, , , TOA, , , N46U
1660422464, , 33.6755, -117.9062, 1600, 89, 110, , , TOA, , , N46U
1660422464, , 33.6755, -117.9062, 1600, 89, 110, , , TOA, , , N46U
1660422464, , 33.6755, -117.9062, 1600, 89, 110, , , TOA, , , N46U
1660422464, , 33.6755, -117.9062, 1600, 89, 110, , , TOA, , , N46U
1660422464, , 33.6755, -117.9062, 1600, 89, 110, , , TOA, , , N46U
1660422464, , 33.6755, -117.9062, 1600, 89, 110, , , TOA, , , N46U
1660422491, , 33.6757, -117.8922, 1600, 89, 110, , , TOA, , , N46U
1660422491, , 33.6757, -117.8922, 1600, 89, 110, , , TOA, , , N46U
1660422491, , 33.6757, -117.8922, 1600, 89, 110, , , TOA, , , N46U
1660422491, , 33.6757, -117.8922, 1600, 89, 110, , , TOA, , , N46U
1660422491, , 33.6757, -117.8922, 1600, 89, 110, , , TOA, , , N46U
1660422503, , 33.6758, -117.8859, 1600, 89, 110, , , TOA, , , N46U
1660422503, , 33.6758, -117.8859, 1600, 89, 110, , , TOA, , , N46U
1660422503, , 33.6758, -117.8859, 1600, 89, 110, , , TOA, , , N46U
1660422503, , 33.6758, -117.8859, 1600, 89, 110, , , TOA, , , N46U
1660422503, , 33.6758, -117.8859, 1600, 89, 110, , , TOA, , , N46U
1660422503, , 33.6758, -117.8859, 1600, 89, 110, , , TOA, , , N46U
1660422503, , 33.6758, -117.8859, 1600, 89, 110, , , TOA, , , N46U
1660422503, , 33.6758, -117.8859, 1600, 89, 110, , , TOA, , , N46U
1660422503, , 33.6758, -117.8859, 1600, 89, 110, , , TOA, , , N46U
1660422503, , 33.6758, -117.8859, 1600, 89, 110, , , TOA, , , N46U
1660422503, , 33.6758, -117.8859, 1600, 89, 110, , , TOA, , , N46U
1660422522, , 33.6699, -117.868, 1500, 120, 105, , , TOA, , , N46U
1660422522, , 33.6699, -117.868, 1500, 120, 105, , , TOA, , , N46U
1660422522, , 33.6699, -117.868, 1500, 120, 105, , , TOA, , , N46U
1660422522, , 33.6699, -117.868, 1500, 120, 105, , , TOA, , , N46U
1660422522, , 33.6699, -117.868, 1500, 120, 105, , , TOA, , , N46U
1660422522, , 33.6699, -117.868, 1500, 120, 105, , , TOA, , , N46U
1660422522, , 33.6699, -117.868, 1500, 120, 105, , , TOA, , , N46U
1660422522, , 33.6699, -117.868, 1500, 120, 105, , , TOA, , , N46U
1660422547, , 33.6648, -117.8572, 1500, 120, 105, , , TOA, , , N46U
1660422547, , 33.6648, -117.8572, 1500, 120, 105, , , TOA, , , N46U
1660422547, , 33.6648, -117.8572, 1500, 120, 105, , , TOA, , , N46U
1660422547, , 33.6648, -117.8572, 1500, 120, 105, , , TOA, , , N46U
1660422547, , 33.6648, -117.8572, 1500, 120, 105, , , TOA, , , N46U
1660422559, , 33.6623, -117.8521, 1500, 120, 105, , , TOA, , , N46U
1660422559, , 33.6623, -117.8521, 1500, 120, 105, , , TOA, , , N46U
1660422559, , 33.6623, -117.8521, 1500, 120, 105, , , TOA, , , N46U
1660422559, , 33.6623, -117.8521, 1500, 120, 105, , , TOA, , , N46U
1660422559, , 33.6623, -117.8521, 1500, 120, 105, , , TOA, , , N46U
1660422559, , 33.6623, -117.8521, 1500, 120, 105, , , TOA, , , N46U
1660422559, , 33.6623, -117.8521, 1500, 120, 105, , , TOA, , , N46U
1660422559, , 33.6623, -117.8521, 1500, 120, 105, , , TOA, , , N46U
1660422559, , 33.6623, -117.8521, 1500, 120, 105, , , TOA, , , N46U
1660422559, , 33.6623, -117.8521, 1500, 120, 105, , , TOA, , , N46U
1660422559, , 33.6623, -117.8521, 1500, 120, 105, , , TOA, , , N46U
1660422559, , 33.6623, -117.8521, 1500, 120, 105, , , TOA, , , N46U
1660422559, , 33.6623, -117.8521, 1500, 120, 105, , , TOA, , , N46U
1660422581, , 33.6833, -117.85, 1500, 39, 95, , , TOA, , , N46U
1660422581, , 33.6833, -117.85, 1500, 39, 95, , , TOA, , , N46U
1660422581, , 33.6833, -117.85, 1500, 39, 95, , , TOA, , , N46U
1660422581, , 33.6833, -117.85, 1500, 39, 95, , , TOA, , , N46U
1660422581, , 33.6833, -117.85, 1500, 39, 95, , , TOA, , , N46U
1660422581, , 33.6833, -117.85, 1500, 39, 95, , , TOA, , , N46U
1660422581, , 33.6833, -117.85, 1500, 39, 95, , , TOA, , , N46U
1660422581, , 33.6833, -117.85, 1500, 39, 95, , , TOA, , , N46U
1660422607, , 33.6909, -117.8427, 1500, 39, 95, , , TOA, , , N46U
1660422607, , 33.6909, -117.8427, 1500, 39, 95, , , TOA, , , N46U
1660422607, , 33.6909, -117.8427, 1500, 39, 95, , , TOA, , , N46U
1660422607, , 33.6909, -117.8427, 1500, 39, 95, , , TOA, , , N46U
1660422607, , 33.6909, -117.8427, 1500, 39, 95, , , TOA, , , N46U
1660422607, , 33.6909, -117.8427, 1500, 39, 95, , , TOA, , , N46U
1660422619, , 33.6944, -117.8393, 1500, 39, 95, , , TOA, , , N46U
1660422619, , 33.6944, -117.8393, 1500, 39, 95, , , TOA, , , N46U
1660422619, , 33.6944, -117.8393, 1500, 39, 95, , , TOA, , , N46U
1660422619, , 33.6944, -117.8393, 1500, 39, 95, , , TOA, , , N46U
1660422619, , 33.6944, -117.8393, 1500, 39, 95, , , TOA, , , N46U
1660422619, , 33.6944, -117.8393, 1500, 39, 95, , , TOA, , , N46U
1660422619, , 33.6944, -117.8393, 1500, 39, 95, , , TOA, , , N46U
1660422619, , 33.6944, -117.8393, 1500, 39, 95, , , TOA, , , N46U
1660422619, , 33.6944, -117.8393, 1500, 39, 95, , , TOA, , , N46U
1660422619, , 33.6944, -117.8393, 1500, 39, 95, , , TOA, , , N46U
1660422619, , 33.6944, -117.8393, 1500, 39, 95, , , TOA, , , N46U
1660422619, , 33.6944, -117.8393, 1500, 39, 95, , , TOA, , , N46U
1660422619, , 33.6944, -117.8393, 1500, 39, 95, , , TOA, , , N46U
1660422619, , 33.6944, -117.8393, 1500, 39, 95, , , TOA, , , N46U
1660422619, , 33.6944, -117.8393, 1500, 39, 95, , , TOA, , , N46U
1660422619, , 33.6944, -117.8393, 1500, 39, 95, , , TOA, , , N46U
1660422619, , 33.6944, -117.8393, 1500, 39, 95, , , TOA, , , N46U
1660422619, , 33.6944, -117.8393, 1500, 39, 95, , , TOA, , , N46U
1660422619, , 33.6944, -117.8393, 1500, 39, 95, , , TOA, , , N46U
1660422619, , 33.6944, -117.8393, 1500, 39, 95, , , TOA, , , N46U
1660422619, , 33.6944, -117.8393, 1500, 39, 95, , , TOA, , , N46U
1660422619, , 33.6944, -117.8393, 1500, 39, 95, , , TOA, , , N46U
1660422619, , 33.6944, -117.8393, 1500, 39, 95, , , TOA, , , N46U
1660422619, , 33.6944, -117.8393, 1500, 39, 95, , , TOA, , , N46U
1660422619, , 33.6944, -117.8393, 1500, 39, 95, , , TOA, , , N46U
1660422619, , 33.6944, -117.8393, 1500, 39, 95, , , TOA, , , N46U
1660422619, , 33.6944, -117.8393, 1500, 39, 95, , , TOA, , , N46U
1660422619, , 33.6944, -117.8393, 1500, 39, 95, , , TOA, , , N46U
1660422619, , 33.6944, -117.8393, 1500, 39, 95, , , TOA, , , N46U
1660422619, , 33.6944, -117.8393, 1500, 39, 95, , , TOA, , , N46U
1660422619, , 33.6944, -117.8393, 1500, 39, 95, , , TOA, , , N46U
1660422619, , 33.6944, -117.8393, 1500, 39, 95, , , TOA, , , N46U
1660422619, , 33.6944, -117.8393, 1500, 39, 95, , , TOA, , , N46U
1660422619, , 33.6944, -117.8393, 1500, 39, 95, , , TOA, , , N46U
1660422619, , 33.6944, -117.8393, 1500, 39, 95, , , TOA, , , N46U
1660422619, , 33.6944, -117.8393, 1500, 39, 95, , , TOA, , , N46U
1660422619, , 33.6944, -117.8393, 1500, 39, 95, , , TOA, , , N46U
1660422619, , 33.6944, -117.8393, 1500, 39, 95, , , TOA, , , N46U
1660422619, , 33.6944, -117.8393, 1500, 39, 95, , , TOA, , , N46U
