//Timestamp, ICAO, Latitude_deg, Longitude_deg, Altitude_ft, Heading_deg, GroundSpeed_kts, AircraftType, RegistrationNum, Departure, Arrival, FlightNumber1, FlightNumber2
1660411699, , 33.35, -118.3, 2000, 140, 190, , , AVX, , , N5KW
1660411699, , 33.35, -118.3, 2000, 140, 190, , , AVX, , , N5KW
1660411699, , 33.35, -118.3, 2000, 140, 190, , , AVX, , , N5KW
1660411699, , 33.35, -118.3, 2000, 140, 190, , , AVX, , , N5KW
1660411699, , 33.35, -118.3, 2000, 140, 190, , , AVX, , , N5KW
1660411699, , 33.35, -118.3, 2000, 140, 190, , , AVX, , , N5KW
1660411699, , 33.35, -118.3, 2000, 140, 190, , , AVX, , , N5KW
1660411699, , 33.35, -118.3, 2000, 140, 190, , , AVX, , , N5KW
1660411699, , 33.35, -118.3, 2000, 140, 190, , , AVX, , , N5KW
1660411699, , 33.35, -118.3, 2000, 140, 190, , , AVX, , , N5KW
1660411727, , 33.334, -118.2839, 2000, 140, 190, , , AVX, , , N5KW
1660411727, , 33.334, -118.2839, 2000, 140, 190, , , AVX, , , N5KW
1660411727, , 33.334, -118.2839, 2000, 140, 190, , , AVX, , , N5KW
1660411727, , 33.334, -118.2839, 2000, 140, 190, , , AVX, , , N5KW
1660411727, , 33.334, -118.2839, 2000, 140, 190, , , AVX, , , N5KW
1660411739, , 33.3271, -118.277, 2000, 140, 190, , , AVX, , , N5KW
1660411739, , 33.3271, -118.277, 2000, 140, 190, , , AVX, , , N5KW
1660411739, , 33.3271, -118.277, 2000, 140, 190, , , AVX, , , N5KW
1660411739, , 33.3271, -118.277, 2000, 140, 190, , , AVX, , , N5KW
1660411739, , 33.3271, -118.277, 2000, 140, 190, , , AVX, , , N5KW
1660411739, , 33.3271, -118.277, 2000, 140, 190, , , AVX, , , N5KW
1660411739, , 33.3271, -118.277, 2000, 140, 190, , , AVX, , , N5KW
1660411739, , 33.3271, -118.277, 2000, 140, 190, , , AVX, , , N5KW
1660411739, , 33.3271, -118.277, 2000, 140, 190, , , AVX, , , N5KW
1660411757, , 33.3, -118.3167, 1200, 196, 208, , , AVX, , , N5KW
1660411757, , 33.3, -118.3167, 1200, 196, 208, , , AVX, , , N5KW
1660411757, , 33.3, -118.3167, 1200, 196, 208, , , AVX, , , N5KW
1660411757, , 33.3, -118.3167, 1200, 196, 208, , , AVX, , , N5KW
1660411757, , 33.3, -118.3167, 1200, 196, 208, , , AVX, , , N5KW
1660411757, , 33.3, -118.3167, 1200, 196, 208, , , AVX, , , N5KW
1660411757, , 33.3, -118.3167, 1200, 196, 208, , , AVX, , , N5KW
1660411757, , 33.3, -118.3167, 1200, 196, 208, , , AVX, , , N5KW
1660411757, , 33.3, -118.3167, 1200, 196, 208, , , AVX, , , N5KW
1660411757, , 33.3, -118.3167, 1200, 196, 208, , , AVX, , , N5KW
1660411783, , 33.2796, -118.3237, 1200, 196, 208, , , AVX, , , N5KW
1660411783, , 33.2796, -118.3237, 1200, 196, 208, , , AVX, , , N5KW
1660411783, , 33.2796, -118.3237, 1200, 196, 208, , , AVX, , , N5KW
1660411783, , 33.2796, -118.3237, 1200, 196, 208, , , AVX, , , N5KW
1660411783, , 33.2796, -118.3237, 1200, 196, 208, , , AVX, , , N5KW
1660411783, , 33.2796, -118.3237, 1200, 196, 208, , , AVX, , , N5KW
1660411795, , 33.2701, -118.3269, 1200, 196, 208, , , AVX, , , N5KW
1660411795, , 33.2701, -118.3269, 1200, 196, 208, , , AVX, , , N5KW
1660411795, , 33.2701, -118.3269, 1200, 196, 208, , , AVX, , , N5KW
1660411795, , 33.2701, -118.3269, 1200, 196, 208, , , AVX, , , N5KW
1660411795, , 33.2701, -118.3269, 1200, 196, 208, , , AVX, , , N5KW
1660411795, , 33.2701, -118.3269, 1200, 196, 208, , , AVX, , , N5KW
1660411795, , 33.2701, -118.3269, 1200, 196, 208, , , AVX, , , N5KW
1660411795, , 33.2701, -118.3269, 1200, 196, 208, , , AVX, , , N5KW
1660411795, , 33.2701, -118.3269, 1200, 196, 208, , , AVX, , , N5KW
1660411795, , 33.2701, -118.3269, 1200, 196, 208, , , AVX, , , N5KW
1660411816, , 33.2917, -118.3614, 1400, 271, 193, , , AVX, , , N5KW
1660411816, , 33.2917, -118.3614, 1400, 271, 193, , , AVX, , , N5KW
1660411816, , 33.2917, -118.3614, 1400, 271, 193, , , AVX, , , N5KW
1660411816, , 33.2917, -118.3614, 1400, 271, 193, , , AVX, , , N5KW
1660411816, , 33.2917, -118.3614, 1400, 271, 193, , , AVX, , , N5KW
1660411816, , 33.2917, -118.3614, 1400, 271, 193, , , AVX, , , N5KW
1660411816, , 33.2917, -118.3614, 1400, 271, 193, , , AVX, , , N5KW
1660411816, , 33.2917, -118.3614, 1400, 271, 193, , , AVX, , , N5KW
1660411816, , 33.2917, -118.3614, 1400, 271, 193, , , AVX, , , N5KW
1660411816, , 33.2917, -118.3614, 1400, 271, 193, , , AVX, , , N5KW
1660411843, , 33.2921, -118.3859, 1400, 271, 193, , , AVX, , , N5KW
1660411843, , 33.2921, -118.3859, 1400, 271, 193, , , AVX, , , N5KW
1660411843, , 33.2921, -118.3859, 1400, 271, 193, , , AVX, , , N5KW
1660411843, , 33.2921, -118.3859, 1400, 271, 193, , , AVX, , , N5KW
1660411843, , 33.2921, -118.3859, 1400, 271, 193, , , AVX, , , N5KW
1660411855, , 33.2922, -118.3968, 1400, 271, 193, , , AVX, , , N5KW
1660411855, , 33.2922, -118.3968, 1400, 271, 193, , , AVX, , , N5KW
1660411855, , 33.2922, -118.3968, 1400, 271, 193, , , AVX, , , N5KW
1660411855, , 33.2922, -118.3968, 1400, 271, 193, , , AVX, , , N5KW
1660411855, , 33.2922, -118.3968, 1400, 271, 193, , , AVX, , , N5KW
1660411855, , 33.2922, -118.3968, 1400, 271, 193, , , AVX, , , N5KW
1660411855, , 33.2922, -118.3968, 1400, 271, 193, , , AVX, , , N5KW
1660411855, , 33.2922, -118.3968, 1400, 271, 193, , , AVX, , , N5KW
1660411855, , 33.2922, -118.3968, 1400, 271, 193, , , AVX, , , N5KW
1660411855, , 33.2922, -118.3968, 1400, 271, 193, , , AVX, , , N5KW
1660411855, , 33.2922, -118.3968, 1400, 271, 193, , , AVX, , , N5KW
1660411855, , 33.2922, -118.3968, 1400, 271, 193, , , AVX, , , N5KW
1660411855, , 33.2922, -118.3968, 1400, 271, 193, , , AVX, , , N5KW
1660411855, , 33.2922, -118.3968, 1400, 271, 193, , , AVX, , , N5KW
1660411855, , 33.2922, -118.3968, 1400, 271, 193, , , AVX, , , N5KW
1660411855, , 33.2922, -118.3968, 1400, 271, 193, , , AVX, , , N5KW
1660411855, , 33.2922, -118.3968, 1400, 271, 193, , , AVX, , , N5KW
1660411855, , 33.2922, -118.3968, 1400, 271, 193, , , AVX, , , N5KW
1660411855, , 33.2922, -118.3968, 1400, 271, 193, , , AVX, , , N5KW
1660411895, , 33.3027, -118.4268, 1600, 287, 183, , , AVX, , , N5KW
1660411895, , 33.3027, -118.4268, 1600, 287, 183, , , AVX, , , N5KW
1660411895, , 33.3027, -118.4268, 1600, 287, 183, , , AVX, , , N5KW
1660411895, , 33.3027, -118.4268, 1600, 287, 183, , , AVX, , , N5KW
1660411895, , 33.3027, -118.4268, 1600, 287, 183, , , AVX, , , N5KW
1660411895, , 33.3027, -118.4268, 1600, 287, 183, , , AVX, , , N5KW
1660411895, , 33.3027, -118.4268, 1600, 287, 183, , , AVX, , , N5KW
1660411895, , 33.3027, -118.4268, 1600, 287, 183, , , AVX, , , N5KW
1660411895, , 33.3027, -118.4268, 1600, 287, 183, , , AVX, , , N5KW
1660411895, , 33.3027, -118.4268, 1600, 287, 183, , , AVX, , , N5KW
1660411895, , 33.3027, -118.4268, 1600, 287, 183, , , AVX, , , N5KW
1660411923, , 33.3086, -118.4498, 1600, 287, 183, , , AVX, , , N5KW
1660411923, , 33.3086, -118.4498, 1600, 287, 183, , , AVX, , , N5KW
1660411923, , 33.3086, -118.4498, 1600, 287, 183, , , AVX, , , N5KW
1660411923, , 33.3086, -118.4498, 1600, 287, 183, , , AVX, , , N5KW
1660411923, , 33.3086, -118.4498, 1600, 287, 183, , , AVX, , , N5KW
1660411935, , 33.3111, -118.4597, 1600, 287, 183, , , AVX, , , N5KW
1660411935, , 33.3111, -118.4597, 1600, 287, 183, , , AVX, , , N5KW
1660411935, , 33.3111, -118.4597, 1600, 287, 183, , , AVX, , , N5KW
1660411935, , 33.3111, -118.4597, 1600, 287, 183, , , AVX, , , N5KW
1660411935, , 33.3111, -118.4597, 1600, 287, 183, , , AVX, , , N5KW
1660411935, , 33.3111, -118.4597, 1600, 287, 183, , , AVX, , , N5KW
1660411935, , 33.3111, -118.4597, 1600, 287, 183, , , AVX, , , N5KW
1660411935, , 33.3111, -118.4597, 1600, 287, 183, , , AVX, , , N5KW
1660411935, , 33.3111, -118.4597, 1600, 287, 183, , , AVX, , , N5KW
1660411952, , 33.3083, -118.4769, 1600, 271, 182, , , AVX, , , N5KW
1660411952, , 33.3083, -118.4769, 1600, 271, 182, , , AVX, , , N5KW
1660411952, , 33.3083, -118.4769, 1600, 271, 182, , , AVX, , , N5KW
1660411952, , 33.3083, -118.4769, 1600, 271, 182, , , AVX, , , N5KW
1660411952, , 33.3083, -118.4769, 1600, 271, 182, , , AVX, , , N5KW
1660411952, , 33.3083, -118.4769, 1600, 271, 182, , , AVX, , , N5KW
1660411952, , 33.3083, -118.4769, 1600, 271, 182, , , AVX, , , N5KW
1660411952, , 33.3083, -118.4769, 1600, 271, 182, , , AVX, , , N5KW
1660411952, , 33.3083, -118.4769, 1600, 271, 182, , , AVX, , , N5KW
1660411952, , 33.3083, -118.4769, 1600, 271, 182, , , AVX, , , N5KW
1660411979, , 33.3086, -118.5, 1600, 271, 182, , , AVX, , , N5KW
1660411979, , 33.3086, -118.5, 1600, 271, 182, , , AVX, , , N5KW
1660411979, , 33.3086, -118.5, 1600, 271, 182, , , AVX, , , N5KW
1660411979, , 33.3086, -118.5, 1600, 271, 182, , , AVX, , , N5KW
1660411979, , 33.3086, -118.5, 1600, 271, 182, , , AVX, , , N5KW
1660411979, , 33.3086, -118.5, 1600, 271, 182, , , AVX, , , N5KW
1660411991, , 33.3088, -118.5103, 1600, 271, 182, , , AVX, , , N5KW
1660411991, , 33.3355, -118.5039, 1500, 345, 175, , , AVX, , , N5KW
1660411991, , 33.3355, -118.5039, 1500, 345, 175, , , AVX, , , N5KW
1660411991, , 33.3355, -118.5039, 1500, 345, 175, , , AVX, , , N5KW
1660411991, , 33.3355, -118.5039, 1500, 345, 175, , , AVX, , , N5KW
1660411991, , 33.3355, -118.5039, 1500, 345, 175, , , AVX, , , N5KW
1660411991, , 33.3355, -118.5039, 1500, 345, 175, , , AVX, , , N5KW
1660411991, , 33.3355, -118.5039, 1500, 345, 175, , , AVX, , , N5KW
1660411991, , 33.3355, -118.5039, 1500, 345, 175, , , AVX, , , N5KW
1660411991, , 33.3355, -118.5039, 1500, 345, 175, , , AVX, , , N5KW
1660411991, , 33.3355, -118.5039, 1500, 345, 175, , , AVX, , , N5KW
1660411991, , 33.3355, -118.5039, 1500, 345, 175, , , AVX, , , N5KW
1660412019, , 33.3541, -118.5098, 1500, 345, 175, , , AVX, , , N5KW
1660412019, , 33.3541, -118.5098, 1500, 345, 175, , , AVX, , , N5KW
1660412019, , 33.3541, -118.5098, 1500, 345, 175, , , AVX, , , N5KW
1660412019, , 33.3541, -118.5098, 1500, 345, 175, , , AVX, , , N5KW
1660412019, , 33.3541, -118.5098, 1500, 345, 175, , , AVX, , , N5KW
1660412031, , 33.3621, -118.5124, 1500, 345, 175, , , AVX, , , N5KW
1660412031, , 33.3621, -118.5124, 1500, 345, 175, , , AVX, , , N5KW
1660412031, , 33.3621, -118.5124, 1500, 345, 175, , , AVX, , , N5KW
1660412031, , 33.3621, -118.5124, 1500, 345, 175, , , AVX, , , N5KW
1660412031, , 33.3621, -118.5124, 1500, 345, 175, , , AVX, , , N5KW
1660412031, , 33.3621, -118.5124, 1500, 345, 175, , , AVX, , , N5KW
1660412031, , 33.3621, -118.5124, 1500, 345, 175, , , AVX, , , N5KW
1660412031, , 33.3621, -118.5124, 1500, 345, 175, , , AVX, , , N5KW
1660412031, , 33.3621, -118.5124, 1500, 345, 175, , , AVX, , , N5KW
1660412031, , 33.3621, -118.5124, 1500, 345, 175, , , AVX, , , N5KW
1660412051, , 33.3703, -118.5332, 1500, 338, 180, , , AVX, , , N5KW
1660412051, , 33.3703, -118.5332, 1500, 338, 180, , , AVX, , , N5KW
1660412051, , 33.3703, -118.5332, 1500, 338, 180, , , AVX, , , N5KW
1660412051, , 33.3703, -118.5332, 1500, 338, 180, , , AVX, , , N5KW
1660412051, , 33.3703, -118.5332, 1500, 338, 180, , , AVX, , , N5KW
1660412051, , 33.3703, -118.5332, 1500, 338, 180, , , AVX, , , N5KW
1660412051, , 33.3703, -118.5332, 1500, 338, 180, , , AVX, , , N5KW
1660412051, , 33.3703, -118.5332, 1500, 338, 180, , , AVX, , , N5KW
1660412051, , 33.3703, -118.5332, 1500, 338, 180, , , AVX, , , N5KW
1660412051, , 33.3703, -118.5332, 1500, 338, 180, , , AVX, , , N5KW
1660412051, , 33.3703, -118.5332, 1500, 338, 180, , , AVX, , , N5KW
1660412079, , 33.3886, -118.5421, 1500, 338, 180, , , AVX, , , N5KW
1660412079, , 33.3886, -118.5421, 1500, 338, 180, , , AVX, , , N5KW
1660412079, , 33.3886, -118.5421, 1500, 338, 180, , , AVX, , , N5KW
1660412079, , 33.3886, -118.5421, 1500, 338, 180, , , AVX, , , N5KW
1660412079, , 33.3886, -118.5421, 1500, 338, 180, , , AVX, , , N5KW
1660412091, , 33.3965, -118.5459, 1500, 338, 180, , , AVX, , , N5KW
1660412091, , 33.3965, -118.5459, 1500, 338, 180, , , AVX, , , N5KW
1660412091, , 33.3965, -118.5459, 1500, 338, 180, , , AVX, , , N5KW
1660412091, , 33.3965, -118.5459, 1500, 338, 180, , , AVX, , , N5KW
1660412091, , 33.3965, -118.5459, 1500, 338, 180, , , AVX, , , N5KW
1660412091, , 33.3965, -118.5459, 1500, 338, 180, , , AVX, , , N5KW
1660412091, , 33.3965, -118.5459, 1500, 338, 180, , , AVX, , , N5KW
1660412091, , 33.3965, -118.5459, 1500, 338, 180, , , AVX, , , N5KW
1660412091, , 33.3965, -118.5459, 1500, 338, 180, , , AVX, , , N5KW
1660412091, , 33.3965, -118.5459, 1500, 338, 180, , , AVX, , , N5KW
1660412091, , 33.3965, -118.5459, 1500, 338, 180, , , AVX, , , N5KW
1660412091, , 33.3965, -118.5459, 1500, 338, 180, , , AVX, , , N5KW
1660412091, , 33.3965, -118.5459, 1500, 338, 180, , , AVX, , , N5KW
1660412091, , 33.3965, -118.5459, 1500, 338, 180, , , AVX, , , N5KW
1660412091, , 33.3965, -118.5459, 1500, 338, 180, , , AVX, , , N5KW
1660412091, , 33.3965, -118.5459, 1500, 338, 180, , , AVX, , , N5KW
1660412091, , 33.3965, -118.5459, 1500, 338, 180, , , AVX, , , N5KW
1660412091, , 33.3965, -118.5459, 1500, 338, 180, , , AVX, , , N5KW
1660412091, , 33.3965, -118.5459, 1500, 338, 180, , , AVX, , , N5KW
1660412129, , 33.4043, -118.584, 1600, 287, 180, , , AVX, , , N5KW
1660412129, , 33.4043, -118.584, 1600, 287, 180, , , AVX, , , N5KW
1660412129, , 33.4043, -118.584, 1600, 287, 180, , , AVX, , , N5KW
1660412129, , 33.4043, -118.584, 1600, 287, 180, , , AVX, , , N5KW
1660412129, , 33.4043, -118.584, 1600, 287, 180, , , AVX, , , N5KW
1660412129, , 33.4043, -118.584, 1600, 287, 180, , , AVX, , , N5KW
1660412129, , 33.4043, -118.584, 1600, 287, 180, , , AVX, , , N5KW
1660412129, , 33.4043, -118.584, 1600, 287, 180, , , AVX, , , N5KW
1660412129, , 33.4043, -118.584, 1600, 287, 180, , , AVX, , , N5KW
1660412155, , 33.4097, -118.6051, 1600, 287, 180, , , AVX, , , N5KW
1660412155, , 33.4097, -118.6051, 1600, 287, 180, , , AVX, , , N5KW
1660412155, , 33.4097, -118.6051, 1600, 287, 180, , , AVX, , , N5KW
1660412155, , 33.4097, -118.6051, 1600, 287, 180, , , AVX, , , N5KW
1660412155, , 33.4097, -118.6051, 1600, 287, 180, , , AVX, , , N5KW
1660412167, , 33.4121, -118.6149, 1600, 287, 180, , , AVX, , , N5KW
1660412167, , 33.4121, -118.6149, 1600, 287, 180, , , AVX, , , N5KW
1660412167, , 33.4121, -118.6149, 1600, 287, 180, , , AVX, , , N5KW
1660412167, , 33.4121, -118.6149, 1600, 287, 180, , , AVX, , , N5KW
1660412167, , 33.4121, -118.6149, 1600, 287, 180, , , AVX, , , N5KW
1660412167, , 33.4121, -118.6149, 1600, 287, 180, , , AVX, , , N5KW
1660412167, , 33.4121, -118.6149, 1600, 287, 180, , , AVX, , , N5KW
1660412167, , 33.4121, -118.6149, 1600, 287, 180, , , AVX, , , N5KW
1660412167, , 33.4121, -118.6149, 1600, 287, 180, , , AVX, , , N5KW
1660412167, , 33.4121, -118.6149, 1600, 287, 180, , , AVX, , , N5KW
1660412167, , 33.4121, -118.6149, 1600, 287, 180, , , AVX, , , N5KW
1660412167, , 33.4121, -118.6149, 1600, 287, 180, , , AVX, , , N5KW
1660412190, , 33.445, -118.6203, 1800, 331, 174, , , AVX, , , N5KW
1660412190, , 33.445, -118.6203, 1800, 331, 174, , , AVX, , , N5KW
1660412190, , 33.445, -118.6203, 1800, 331, 174, , , AVX, , , N5KW
1660412190, , 33.445, -118.6203, 1800, 331, 174, , , AVX, , , N5KW
1660412190, , 33.445, -118.6203, 1800, 331, 174, , , AVX, , , N5KW
1660412190, , 33.445, -118.6203, 1800, 331, 174, , , AVX, , , N5KW
1660412190, , 33.445, -118.6203, 1800, 331, 174, , , AVX, , , N5KW
1660412190, , 33.445, -118.6203, 1800, 331, 174, , , AVX, , , N5KW
1660412190, , 33.445, -118.6203, 1800, 331, 174, , , AVX, , , N5KW
1660412215, , 33.46, -118.6302, 1800, 331, 174, , , AVX, , , N5KW
1660412215, , 33.46, -118.6302, 1800, 331, 174, , , AVX, , , N5KW
1660412215, , 33.46, -118.6302, 1800, 331, 174, , , AVX, , , N5KW
1660412215, , 33.46, -118.6302, 1800, 331, 174, , , AVX, , , N5KW
1660412215, , 33.46, -118.6302, 1800, 331, 174, , , AVX, , , N5KW
1660412227, , 33.4671, -118.635, 1800, 331, 174, , , AVX, , , N5KW
1660412227, , 33.4671, -118.635, 1800, 331, 174, , , AVX, , , N5KW
1660412227, , 33.4671, -118.635, 1800, 331, 174, , , AVX, , , N5KW
1660412227, , 33.4671, -118.635, 1800, 331, 174, , , AVX, , , N5KW
1660412227, , 33.4671, -118.635, 1800, 331, 174, , , AVX, , , N5KW
1660412227, , 33.4671, -118.635, 1800, 331, 174, , , AVX, , , N5KW
1660412227, , 33.4671, -118.635, 1800, 331, 174, , , AVX, , , N5KW
1660412227, , 33.4671, -118.635, 1800, 331, 174, , , AVX, , , N5KW
1660412227, , 33.4671, -118.635, 1800, 331, 174, , , AVX, , , N5KW
1660412227, , 33.4671, -118.635, 1800, 331, 174, , , AVX, , , N5KW
1660412227, , 33.4671, -118.635, 1800, 331, 174, , , AVX, , , N5KW
1660412246, , 33.4838, -118.6227, 2900, 39, 161, , , AVX, , , N5KW
1660412246, , 33.4838, -118.6227, 2900, 39, 161, , , AVX, , , N5KW
1660412246, , 33.4838, -118.6227, 2900, 39, 161, , , AVX, , , N5KW
1660412246, , 33.4838, -118.6227, 2900, 39, 161, , , AVX, , , N5KW
1660412246, , 33.4838, -118.6227, 2900, 39, 161, , , AVX, , , N5KW
1660412246, , 33.4838, -118.6227, 2900, 39, 161, , , AVX, , , N5KW
1660412246, , 33.4838, -118.6227, 2900, 39, 161, , , AVX, , , N5KW
1660412246, , 33.4838, -118.6227, 2900, 39, 161, , , AVX, , , N5KW
1660412246, , 33.4838, -118.6227, 2900, 39, 161, , , AVX, , , N5KW
1660412271, , 33.4961, -118.6107, 2900, 39, 161, , , AVX, , , N5KW
1660412271, , 33.4961, -118.6107, 2900, 39, 161, , , AVX, , , N5KW
1660412271, , 33.4961, -118.6107, 2900, 39, 161, , , AVX, , , N5KW
1660412271, , 33.4961, -118.6107, 2900, 39, 161, , , AVX, , , N5KW
1660412271, , 33.4961, -118.6107, 2900, 39, 161, , , AVX, , , N5KW
1660412283, , 33.502, -118.605, 2900, 39, 161, , , AVX, , , N5KW
1660412283, , 33.502, -118.605, 2900, 39, 161, , , AVX, , , N5KW
1660412283, , 33.502, -118.605, 2900, 39, 161, , , AVX, , , N5KW
1660412283, , 33.502, -118.605, 2900, 39, 161, , , AVX, , , N5KW
1660412283, , 33.502, -118.605, 2900, 39, 161, , , AVX, , , N5KW
1660412283, , 33.502, -118.605, 2900, 39, 161, , , AVX, , , N5KW
1660412283, , 33.502, -118.605, 2900, 39, 161, , , AVX, , , N5KW
1660412283, , 33.502, -118.605, 2900, 39, 161, , , AVX, , , N5KW
1660412283, , 33.502, -118.605, 2900, 39, 161, , , AVX, , , N5KW
1660412283, , 33.502, -118.605, 2900, 39, 161, , , AVX, , , N5KW
1660412305, , 33.5222, -118.6042, 3600, 39, 168, , , AVX, , , N5KW
1660412305, , 33.5222, -118.6042, 3600, 39, 168, , , AVX, , , N5KW
1660412305, , 33.5222, -118.6042, 3600, 39, 168, , , AVX, , , N5KW
1660412305, , 33.5222, -118.6042, 3600, 39, 168, , , AVX, , , N5KW
1660412305, , 33.5222, -118.6042, 3600, 39, 168, , , AVX, , , N5KW
1660412305, , 33.5222, -118.6042, 3600, 39, 168, , , AVX, , , N5KW
1660412305, , 33.5222, -118.6042, 3600, 39, 168, , , AVX, , , N5KW
1660412305, , 33.5222, -118.6042, 3600, 39, 168, , , AVX, , , N5KW
1660412305, , 33.5222, -118.6042, 3600, 39, 168, , , AVX, , , N5KW
1660412305, , 33.5222, -118.6042, 3600, 39, 168, , , AVX, , , N5KW
1660412305, , 33.5222, -118.6042, 3600, 39, 168, , , AVX, , , N5KW
1660412331, , 33.5356, -118.5912, 3600, 39, 168, , , AVX, , , N5KW
1660412331, , 33.5356, -118.5912, 3600, 39, 168, , , AVX, , , N5KW
1660412331, , 33.5356, -118.5912, 3600, 39, 168, , , AVX, , , N5KW
1660412331, , 33.5356, -118.5912, 3600, 39, 168, , , AVX, , , N5KW
1660412331, , 33.5356, -118.5912, 3600, 39, 168, , , AVX, , , N5KW
1660412343, , 33.5418, -118.5853, 3600, 39, 168, , , AVX, , , N5KW
1660412343, , 33.5418, -118.5853, 3600, 39, 168, , , AVX, , , N5KW
1660412343, , 33.5418, -118.5853, 3600, 39, 168, , , AVX, , , N5KW
1660412343, , 33.5418, -118.5853, 3600, 39, 168, , , AVX, , , N5KW
1660412343, , 33.5418, -118.5853, 3600, 39, 168, , , AVX, , , N5KW
1660412343, , 33.5418, -118.5853, 3600, 39, 168, , , AVX, , , N5KW
1660412343, , 33.5418, -118.5853, 3600, 39, 168, , , AVX, , , N5KW
1660412343, , 33.5418, -118.5853, 3600, 39, 168, , , AVX, , , N5KW
1660412343, , 33.5418, -118.5853, 3600, 39, 168, , , AVX, , , N5KW
1660412343, , 33.5418, -118.5853, 3600, 39, 168, , , AVX, , , N5KW
1660412362, , 33.5592, -118.5719, 3600, 39, 200, , , AVX, , , N5KW
1660412362, , 33.5592, -118.5719, 3600, 39, 200, , , AVX, , , N5KW
1660412362, , 33.5592, -118.5719, 3600, 39, 200, , , AVX, , , N5KW
1660412362, , 33.5592, -118.5719, 3600, 39, 200, , , AVX, , , N5KW
1660412362, , 33.5592, -118.5719, 3600, 39, 200, , , AVX, , , N5KW
1660412362, , 33.5592, -118.5719, 3600, 39, 200, , , AVX, , , N5KW
1660412362, , 33.5592, -118.5719, 3600, 39, 200, , , AVX, , , N5KW
1660412362, , 33.5592, -118.5719, 3600, 39, 200, , , AVX, , , N5KW
1660412362, , 33.5592, -118.5719, 3600, 39, 200, , , AVX, , , N5KW
1660412387, , 33.5745, -118.557, 3600, 39, 200, , , AVX, , , N5KW
1660412387, , 33.5745, -118.557, 3600, 39, 200, , , AVX, , , N5KW
1660412387, , 33.5745, -118.557, 3600, 39, 200, , , AVX, , , N5KW
1660412387, , 33.5745, -118.557, 3600, 39, 200, , , AVX, , , N5KW
1660412387, , 33.5745, -118.557, 3600, 39, 200, , , AVX, , , N5KW
1660412399, , 33.5818, -118.5499, 3600, 39, 200, , , AVX, , , N5KW
1660412399, , 33.5818, -118.5499, 3600, 39, 200, , , AVX, , , N5KW
1660412399, , 33.5818, -118.5499, 3600, 39, 200, , , AVX, , , N5KW
1660412399, , 33.5818, -118.5499, 3600, 39, 200, , , AVX, , , N5KW
1660412399, , 33.5818, -118.5499, 3600, 39, 200, , , AVX, , , N5KW
1660412399, , 33.5818, -118.5499, 3600, 39, 200, , , AVX, , , N5KW
1660412399, , 33.5818, -118.5499, 3600, 39, 200, , , AVX, , , N5KW
1660412399, , 33.5818, -118.5499, 3600, 39, 200, , , AVX, , , N5KW
1660412399, , 33.5818, -118.5499, 3600, 39, 200, , , AVX, , , N5KW
1660412399, , 33.5818, -118.5499, 3600, 39, 200, , , AVX, , , N5KW
1660412399, , 33.5818, -118.5499, 3600, 39, 200, , , AVX, , , N5KW
1660412399, , 33.5818, -118.5499, 3600, 39, 200, , , AVX, , , N5KW
1660412399, , 33.5818, -118.5499, 3600, 39, 200, , , AVX, , , N5KW
1660412421, , 33.6042, -118.5235, 3600, 39, 209, , , AVX, , , N5KW
1660412421, , 33.6042, -118.5235, 3600, 39, 209, , , AVX, , , N5KW
1660412421, , 33.6042, -118.5235, 3600, 39, 209, , , AVX, , , N5KW
1660412421, , 33.6042, -118.5235, 3600, 39, 209, , , AVX, , , N5KW
1660412421, , 33.6042, -118.5235, 3600, 39, 209, , , AVX, , , N5KW
1660412421, , 33.6042, -118.5235, 3600, 39, 209, , , AVX, , , N5KW
1660412421, , 33.6042, -118.5235, 3600, 39, 209, , , AVX, , , N5KW
1660412421, , 33.6042, -118.5235, 3600, 39, 209, , , AVX, , , N5KW
1660412447, , 33.6208, -118.5073, 3600, 39, 209, , , AVX, , , N5KW
1660412447, , 33.6208, -118.5073, 3600, 39, 209, , , AVX, , , N5KW
1660412447, , 33.6208, -118.5073, 3600, 39, 209, , , AVX, , , N5KW
1660412447, , 33.6208, -118.5073, 3600, 39, 209, , , AVX, , , N5KW
1660412447, , 33.6208, -118.5073, 3600, 39, 209, , , AVX, , , N5KW
1660412459, , 33.6284, -118.4999, 3600, 39, 209, , , AVX, , , N5KW
1660412459, , 33.6284, -118.4999, 3600, 39, 209, , , AVX, , , N5KW
1660412459, , 33.6284, -118.4999, 3600, 39, 209, , , AVX, , , N5KW
1660412459, , 33.6284, -118.4999, 3600, 39, 209, , , AVX, , , N5KW
1660412459, , 33.6284, -118.4999, 3600, 39, 209, , , AVX, , , N5KW
1660412459, , 33.6284, -118.4999, 3600, 39, 209, , , AVX, , , N5KW
1660412459, , 33.6284, -118.4999, 3600, 39, 209, , , AVX, , , N5KW
1660412459, , 33.6284, -118.4999, 3600, 39, 209, , , AVX, , , N5KW
1660412459, , 33.6284, -118.4999, 3600, 39, 209, , , AVX, , , N5KW
1660412459, , 33.6284, -118.4999, 3600, 39, 209, , , AVX, , , N5KW
1660412459, , 33.6284, -118.4999, 3600, 39, 209, , , AVX, , , N5KW
1660412459, , 33.6284, -118.4999, 3600, 39, 209, , , AVX, , , N5KW
1660412483, , 33.6541, -118.4731, 3600, 29, 197, , , AVX, , , N5KW
1660412483, , 33.6541, -118.4731, 3600, 29, 197, , , AVX, , , N5KW
1660412483, , 33.6541, -118.4731, 3600, 29, 197, , , AVX, , , N5KW
1660412483, , 33.6541, -118.4731, 3600, 29, 197, , , AVX, , , N5KW
1660412483, , 33.6541, -118.4731, 3600, 29, 197, , , AVX, , , N5KW
1660412483, , 33.6541, -118.4731, 3600, 29, 197, , , AVX, , , N5KW
1660412483, , 33.6541, -118.4731, 3600, 29, 197, , , AVX, , , N5KW
1660412483, , 33.6541, -118.4731, 3600, 29, 197, , , AVX, , , N5KW
1660412483, , 33.6541, -118.4731, 3600, 29, 197, , , AVX, , , N5KW
1660412483, , 33.6541, -118.4731, 3600, 29, 197, , , AVX, , , N5KW
1660412511, , 33.6731, -118.4604, 3600, 29, 197, , , AVX, , , N5KW
1660412511, , 33.6731, -118.4604, 3600, 29, 197, , , AVX, , , N5KW
1660412511, , 33.6731, -118.4604, 3600, 29, 197, , , AVX, , , N5KW
1660412511, , 33.6731, -118.4604, 3600, 29, 197, , , AVX, , , N5KW
1660412511, , 33.6731, -118.4604, 3600, 29, 197, , , AVX, , , N5KW
1660412523, , 33.6812, -118.455, 3600, 29, 197, , , AVX, , , N5KW
1660412523, , 33.6812, -118.455, 3600, 29, 197, , , AVX, , , N5KW
1660412523, , 33.6812, -118.455, 3600, 29, 197, , , AVX, , , N5KW
1660412523, , 33.6812, -118.455, 3600, 29, 197, , , AVX, , , N5KW
1660412523, , 33.6812, -118.455, 3600, 29, 197, , , AVX, , , N5KW
1660412523, , 33.6812, -118.455, 3600, 29, 197, , , AVX, , , N5KW
1660412523, , 33.6812, -118.455, 3600, 29, 197, , , AVX, , , N5KW
1660412537, , 33.7026, -118.4274, 3600, 29, 195, , , AVX, , , N5KW
1660412537, , 33.7026, -118.4274, 3600, 29, 195, , , AVX, , , N5KW
1660412537, , 33.7026, -118.4274, 3600, 29, 195, , , AVX, , , N5KW
1660412537, , 33.7026, -118.4274, 3600, 29, 195, , , AVX, , , N5KW
1660412537, , 33.7026, -118.4274, 3600, 29, 195, , , AVX, , , N5KW
1660412537, , 33.7026, -118.4274, 3600, 29, 195, , , AVX, , , N5KW
1660412537, , 33.7026, -118.4274, 3600, 29, 195, , , AVX, , , N5KW
1660412537, , 33.7026, -118.4274, 3600, 29, 195, , , AVX, , , N5KW
1660412537, , 33.7026, -118.4274, 3600, 29, 195, , , AVX, , , N5KW
1660412537, , 33.7026, -118.4274, 3600, 29, 195, , , AVX, , , N5KW
1660412537, , 33.7026, -118.4274, 3600, 29, 195, , , AVX, , , N5KW
1660412563, , 33.7201, -118.4158, 3600, 29, 195, , , AVX, , , N5KW
1660412563, , 33.7201, -118.4158, 3600, 29, 195, , , AVX, , , N5KW
1660412563, , 33.7201, -118.4158, 3600, 29, 195, , , AVX, , , N5KW
1660412563, , 33.7201, -118.4158, 3600, 29, 195, , , AVX, , , N5KW
1660412563, , 33.7201, -118.4158, 3600, 29, 195, , , AVX, , , N5KW
1660412575, , 33.7281, -118.4104, 3600, 29, 195, , , AVX, , , N5KW
1660412575, , 33.7281, -118.4104, 3600, 29, 195, , , AVX, , , N5KW
1660412575, , 33.7281, -118.4104, 3600, 29, 195, , , AVX, , , N5KW
1660412575, , 33.7281, -118.4104, 3600, 29, 195, , , AVX, , , N5KW
1660412575, , 33.7281, -118.4104, 3600, 29, 195, , , AVX, , , N5KW
1660412575, , 33.7281, -118.4104, 3600, 29, 195, , , AVX, , , N5KW
1660412575, , 33.7281, -118.4104, 3600, 29, 195, , , AVX, , , N5KW
1660412575, , 33.7281, -118.4104, 3600, 29, 195, , , AVX, , , N5KW
1660412575, , 33.7281, -118.4104, 3600, 29, 195, , , AVX, , , N5KW
1660412575, , 33.7281, -118.4104, 3600, 29, 195, , , AVX, , , N5KW
1660412575, , 33.7281, -118.4104, 3600, 29, 195, , , AVX, , , N5KW
1660412575, , 33.7281, -118.4104, 3600, 29, 195, , , AVX, , , N5KW
