//Timestamp, ICAO, Latitude_deg, Longitude_deg, Altitude_ft, Heading_deg, GroundSpeed_kts, AircraftType, RegistrationNum, Departure, Arrival, FlightNumber1, FlightNumber2
1660423537, , 33.6667, -117.8667, 500, 220, 61, , , SNA, , , N68H
1660423537, , 33.6667, -117.8667, 500, 220, 61, , , SNA, , , N68H
1660423537, , 33.6667, -117.8667, 500, 220, 61, , , SNA, , , N68H
1660423537, , 33.6667, -117.8667, 500, 220, 61, , , SNA, , , N68H
1660423537, , 33.6667, -117.8667, 500, 220, 61, , , SNA, , , N68H
1660423537, , 33.6667, -117.8667, 500, 220, 61, , , SNA, , , N68H
1660423537, , 33.6667, -117.8667, 500, 220, 61, , , SNA, , , N68H
1660423537, , 33.6667, -117.8667, 500, 220, 61, , , SNA, , , N68H
1660423537, , 33.6667, -117.8667, 500, 220, 61, , , SNA, , , N68H
1660423563, , 33.6619, -117.8715, 500, 220, 61, , , SNA, , , N68H
1660423563, , 33.6619, -117.8715, 500, 220, 61, , , SNA, , , N68H
1660423563, , 33.6619, -117.8715, 500, 220, 61, , , SNA, , , N68H
1660423563, , 33.6619, -117.8715, 500, 220, 61, , , SNA, , , N68H
1660423563, , 33.6619, -117.8715, 500, 220, 61, , , SNA, , , N68H
1660423575, , 33.6597, -117.8737, 500, 220, 61, , , SNA, , , N68H
1660423575, , 33.6597, -117.8737, 500, 220, 61, , , SNA, , , N68H
1660423575, , 33.6597, -117.8737, 500, 220, 61, , , SNA, , , N68H
1660423575, , 33.6597, -117.8737, 500, 220, 61, , , SNA, , , N68H
1660423575, , 33.6597, -117.8737, 500, 220, 61, , , SNA, , , N68H
1660423575, , 33.6597, -117.8737, 500, 220, 61, , , SNA, , , N68H
1660423575, , 33.6597, -117.8737, 500, 220, 61, , , SNA, , , N68H
1660423575, , 33.6597, -117.8737, 500, 220, 61, , , SNA, , , N68H
1660423575, , 33.6597, -117.8737, 500, 220, 61, , , SNA, , , N68H
1660423575, , 33.6597, -117.8737, 500, 220, 61, , , SNA, , , N68H
1660423575, , 33.6597, -117.8737, 500, 220, 61, , , SNA, , , N68H
1660423575, , 33.6597, -117.8737, 500, 220, 61, , , SNA, , , N68H
1660423575, , 33.6597, -117.8737, 500, 220, 61, , , SNA, , , N68H
1660423575, , 33.6597, -117.8737, 500, 220, 61, , , SNA, , , N68H
1660423575, , 33.6597, -117.8737, 500, 220, 61, , , SNA, , , N68H
1660423575, , 33.6597, -117.8737, 500, 220, 61, , , SNA, , , N68H
1660423575, , 33.6597, -117.8737, 500, 220, 61, , , SNA, , , N68H
1660423575, , 33.6597, -117.8737, 500, 220, 61, , , SNA, , , N68H
1660423575, , 33.6597, -117.8737, 500, 220, 61, , , SNA, , , N68H
1660423575, , 33.6597, -117.8737, 500, 220, 61, , , SNA, , , N68H
1660423614, , 33.6833, -117.85, 800, 39, 97, , , SNA, , , N68H
1660423614, , 33.6833, -117.85, 800, 39, 97, , , SNA, , , N68H
1660423614, , 33.6833, -117.85, 800, 39, 97, , , SNA, , , N68H
1660423614, , 33.6833, -117.85, 800, 39, 97, , , SNA, , , N68H
1660423614, , 33.6833, -117.85, 800, 39, 97, , , SNA, , , N68H
1660423614, , 33.6833, -117.85, 800, 39, 97, , , SNA, , , N68H
1660423614, , 33.6833, -117.85, 800, 39, 97, , , SNA, , , N68H
1660423614, , 33.6833, -117.85, 800, 39, 97, , , SNA, , , N68H
1660423639, , 33.6907, -117.8428, 800, 39, 97, , , SNA, , , N68H
1660423639, , 33.6907, -117.8428, 800, 39, 97, , , SNA, , , N68H
1660423639, , 33.6907, -117.8428, 800, 39, 97, , , SNA, , , N68H
1660423639, , 33.6907, -117.8428, 800, 39, 97, , , SNA, , , N68H
1660423639, , 33.6907, -117.8428, 800, 39, 97, , , SNA, , , N68H
1660423639, , 33.6907, -117.8428, 800, 39, 97, , , SNA, , , N68H
1660423651, , 33.6943, -117.8393, 800, 39, 97, , , SNA, , , N68H
1660423651, , 33.6943, -117.8393, 800, 39, 97, , , SNA, , , N68H
1660423651, , 33.6943, -117.8393, 800, 39, 97, , , SNA, , , N68H
1660423651, , 33.6943, -117.8393, 800, 39, 97, , , SNA, , , N68H
1660423651, , 33.6943, -117.8393, 800, 39, 97, , , SNA, , , N68H
1660423651, , 33.6943, -117.8393, 800, 39, 97, , , SNA, , , N68H
1660423651, , 33.6943, -117.8393, 800, 39, 97, , , SNA, , , N68H
1660423651, , 33.6943, -117.8393, 800, 39, 97, , , SNA, , , N68H
1660423651, , 33.6943, -117.8393, 800, 39, 97, , , SNA, , , N68H
1660423651, , 33.6943, -117.8393, 800, 39, 97, , , SNA, , , N68H
1660423651, , 33.6943, -117.8393, 800, 39, 97, , , SNA, , , N68H
1660423651, , 33.6943, -117.8393, 800, 39, 97, , , SNA, , , N68H
1660423673, , 33.7, -117.85, 600, 39, 84, , , SNA, , , N68H
1660423673, , 33.7, -117.85, 600, 39, 84, , , SNA, , , N68H
1660423673, , 33.7, -117.85, 600, 39, 84, , , SNA, , , N68H
1660423673, , 33.7, -117.85, 600, 39, 84, , , SNA, , , N68H
1660423673, , 33.7, -117.85, 600, 39, 84, , , SNA, , , N68H
1660423673, , 33.7, -117.85, 600, 39, 84, , , SNA, , , N68H
1660423673, , 33.7, -117.85, 600, 39, 84, , , SNA, , , N68H
1660423673, , 33.7, -117.85, 600, 39, 84, , , SNA, , , N68H
1660423673, , 33.7, -117.85, 600, 39, 84, , , SNA, , , N68H
1660423699, , 33.7067, -117.8435, 600, 39, 84, , , SNA, , , N68H
1660423699, , 33.7067, -117.8435, 600, 39, 84, , , SNA, , , N68H
1660423699, , 33.7067, -117.8435, 600, 39, 84, , , SNA, , , N68H
1660423699, , 33.7067, -117.8435, 600, 39, 84, , , SNA, , , N68H
1660423699, , 33.7067, -117.8435, 600, 39, 84, , , SNA, , , N68H
1660423711, , 33.7098, -117.8405, 600, 39, 84, , , SNA, , , N68H
1660423711, , 33.7098, -117.8405, 600, 39, 84, , , SNA, , , N68H
1660423711, , 33.7098, -117.8405, 600, 39, 84, , , SNA, , , N68H
1660423711, , 33.7098, -117.8405, 600, 39, 84, , , SNA, , , N68H
1660423711, , 33.7098, -117.8405, 600, 39, 84, , , SNA, , , N68H
1660423711, , 33.7098, -117.8405, 600, 39, 84, , , SNA, , , N68H
1660423711, , 33.7098, -117.8405, 600, 39, 84, , , SNA, , , N68H
1660423711, , 33.7098, -117.8405, 600, 39, 84, , , SNA, , , N68H
1660423711, , 33.7098, -117.8405, 600, 39, 84, , , SNA, , , N68H
1660423711, , 33.7098, -117.8405, 600, 39, 84, , , SNA, , , N68H
1660423711, , 33.7098, -117.8405, 600, 39, 84, , , SNA, , , N68H
1660423711, , 33.7098, -117.8405, 600, 39, 84, , , SNA, , , N68H
1660423711, , 33.7098, -117.8405, 600, 39, 84, , , SNA, , , N68H
1660423711, , 33.7098, -117.8405, 600, 39, 84, , , SNA, , , N68H
1660423711, , 33.7098, -117.8405, 600, 39, 84, , , SNA, , , N68H
1660423711, , 33.7098, -117.8405, 600, 39, 84, , , SNA, , , N68H
1660423711, , 33.7098, -117.8405, 600, 39, 84, , , SNA, , , N68H
1660423711, , 33.7098, -117.8405, 600, 39, 84, , , SNA, , , N68H
1660423711, , 33.7098, -117.8405, 600, 39, 84, , , SNA, , , N68H
1660423711, , 33.7098, -117.8405, 600, 39, 84, , , SNA, , , N68H
1660423711, , 33.7098, -117.8405, 600, 39, 84, , , SNA, , , N68H
1660423711, , 33.7098, -117.8405, 600, 39, 84, , , SNA, , , N68H
1660423711, , 33.7098, -117.8405, 600, 39, 84, , , SNA, , , N68H
1660423711, , 33.7098, -117.8405, 600, 39, 84, , , SNA, , , N68H
1660423711, , 33.7098, -117.8405, 600, 39, 84, , , SNA, , , N68H
1660423711, , 33.7098, -117.8405, 600, 39, 84, , , SNA, , , N68H
1660423711, , 33.7098, -117.8405, 600, 39, 84, , , SNA, , , N68H
1660423711, , 33.7098, -117.8405, 600, 39, 84, , , SNA, , , N68H
1660423711, , 33.7098, -117.8405, 600, 39, 84, , , SNA, , , N68H
1660423711, , 33.7098, -117.8405, 600, 39, 84, , , SNA, , , N68H
1660423711, , 33.7098, -117.8405, 600, 39, 84, , , SNA, , , N68H
1660423711, , 33.7098, -117.8405, 600, 39, 84, , , SNA, , , N68H
1660423711, , 33.7098, -117.8405, 600, 39, 84, , , SNA, , , N68H
1660423711, , 33.7098, -117.8405, 600, 39, 84, , , SNA, , , N68H
1660423711, , 33.7098, -117.8405, 600, 39, 84, , , SNA, , , N68H
1660423789, , 33.6667, -117.8667, 400, 203, 68, , , SNA, , , N68H
1660423789, , 33.6667, -117.8667, 400, 203, 68, , , SNA, , , N68H
1660423789, , 33.6667, -117.8667, 400, 203, 68, , , SNA, , , N68H
1660423789, , 33.6667, -117.8667, 400, 203, 68, , , SNA, , , N68H
1660423789, , 33.6667, -117.8667, 400, 203, 68, , , SNA, , , N68H
1660423789, , 33.6667, -117.8667, 400, 203, 68, , , SNA, , , N68H
1660423789, , 33.6667, -117.8667, 400, 203, 68, , , SNA, , , N68H
1660423789, , 33.6667, -117.8667, 400, 203, 68, , , SNA, , , N68H
1660423789, , 33.6667, -117.8667, 400, 203, 68, , , SNA, , , N68H
1660423789, , 33.6667, -117.8667, 400, 203, 68, , , SNA, , , N68H
1660423815, , 33.6603, -117.8699, 400, 203, 68, , , SNA, , , N68H
1660423815, , 33.6603, -117.8699, 400, 203, 68, , , SNA, , , N68H
1660423815, , 33.6603, -117.8699, 400, 203, 68, , , SNA, , , N68H
1660423815, , 33.6603, -117.8699, 400, 203, 68, , , SNA, , , N68H
1660423815, , 33.6603, -117.8699, 400, 203, 68, , , SNA, , , N68H
1660423815, , 33.6603, -117.8699, 400, 203, 68, , , SNA, , , N68H
1660423827, , 33.6573, -117.8714, 400, 203, 68, , , SNA, , , N68H
1660423827, , 33.6573, -117.8714, 400, 203, 68, , , SNA, , , N68H
1660423827, , 33.6573, -117.8714, 400, 203, 68, , , SNA, , , N68H
1660423827, , 33.6573, -117.8714, 400, 203, 68, , , SNA, , , N68H
1660423827, , 33.6573, -117.8714, 400, 203, 68, , , SNA, , , N68H
1660423827, , 33.6573, -117.8714, 400, 203, 68, , , SNA, , , N68H
1660423827, , 33.6573, -117.8714, 400, 203, 68, , , SNA, , , N68H
1660423827, , 33.6573, -117.8714, 400, 203, 68, , , SNA, , , N68H
1660423827, , 33.6573, -117.8714, 400, 203, 68, , , SNA, , , N68H
1660423827, , 33.6573, -117.8714, 400, 203, 68, , , SNA, , , N68H
1660423848, , 33.6667, -117.85, 900, 89, 100, , , SNA, , , N68H
1660423848, , 33.6667, -117.85, 900, 89, 100, , , SNA, , , N68H
1660423848, , 33.6667, -117.85, 900, 89, 100, , , SNA, , , N68H
1660423848, , 33.6667, -117.85, 900, 89, 100, , , SNA, , , N68H
1660423848, , 33.6667, -117.85, 900, 89, 100, , , SNA, , , N68H
1660423848, , 33.6667, -117.85, 900, 89, 100, , , SNA, , , N68H
1660423848, , 33.6667, -117.85, 900, 89, 100, , , SNA, , , N68H
1660423848, , 33.6667, -117.85, 900, 89, 100, , , SNA, , , N68H
1660423848, , 33.6667, -117.85, 900, 89, 100, , , SNA, , , N68H
1660423848, , 33.6667, -117.85, 900, 89, 100, , , SNA, , , N68H
1660423875, , 33.6669, -117.8372, 900, 89, 100, , , SNA, , , N68H
1660423875, , 33.6669, -117.8372, 900, 89, 100, , , SNA, , , N68H
1660423875, , 33.6669, -117.8372, 900, 89, 100, , , SNA, , , N68H
1660423875, , 33.6669, -117.8372, 900, 89, 100, , , SNA, , , N68H
1660423875, , 33.6669, -117.8372, 900, 89, 100, , , SNA, , , N68H
1660423887, , 33.6669, -117.8316, 900, 89, 100, , , SNA, , , N68H
1660423887, , 33.6669, -117.8316, 900, 89, 100, , , SNA, , , N68H
1660423887, , 33.6669, -117.8316, 900, 89, 100, , , SNA, , , N68H
1660423887, , 33.6669, -117.8316, 900, 89, 100, , , SNA, , , N68H
1660423887, , 33.6669, -117.8316, 900, 89, 100, , , SNA, , , N68H
1660423887, , 33.6669, -117.8316, 900, 89, 100, , , SNA, , , N68H
1660423887, , 33.6669, -117.8316, 900, 89, 100, , , SNA, , , N68H
1660423887, , 33.6669, -117.8316, 900, 89, 100, , , SNA, , , N68H
1660423887, , 33.6669, -117.8316, 900, 89, 100, , , SNA, , , N68H
1660423887, , 33.6669, -117.8316, 900, 89, 100, , , SNA, , , N68H
1660423887, , 33.6669, -117.8316, 900, 89, 100, , , SNA, , , N68H
1660423906, , 33.6833, -117.8333, 900, 39, 102, , , SNA, , , N68H
1660423906, , 33.6833, -117.8333, 900, 39, 102, , , SNA, , , N68H
1660423906, , 33.6833, -117.8333, 900, 39, 102, , , SNA, , , N68H
1660423906, , 33.6833, -117.8333, 900, 39, 102, , , SNA, , , N68H
1660423906, , 33.6833, -117.8333, 900, 39, 102, , , SNA, , , N68H
1660423906, , 33.6833, -117.8333, 900, 39, 102, , , SNA, , , N68H
1660423906, , 33.6833, -117.8333, 900, 39, 102, , , SNA, , , N68H
1660423906, , 33.6833, -117.8333, 900, 39, 102, , , SNA, , , N68H
1660423906, , 33.6833, -117.8333, 900, 39, 102, , , SNA, , , N68H
1660423931, , 33.6911, -117.8258, 900, 39, 102, , , SNA, , , N68H
1660423931, , 33.6911, -117.8258, 900, 39, 102, , , SNA, , , N68H
1660423931, , 33.6911, -117.8258, 900, 39, 102, , , SNA, , , N68H
1660423931, , 33.6911, -117.8258, 900, 39, 102, , , SNA, , , N68H
1660423931, , 33.6911, -117.8258, 900, 39, 102, , , SNA, , , N68H
1660423943, , 33.6949, -117.8221, 900, 39, 102, , , SNA, , , N68H
1660423943, , 33.6949, -117.8221, 900, 39, 102, , , SNA, , , N68H
1660423943, , 33.6949, -117.8221, 900, 39, 102, , , SNA, , , N68H
1660423943, , 33.6949, -117.8221, 900, 39, 102, , , SNA, , , N68H
1660423943, , 33.6949, -117.8221, 900, 39, 102, , , SNA, , , N68H
1660423943, , 33.6949, -117.8221, 900, 39, 102, , , SNA, , , N68H
1660423943, , 33.6949, -117.8221, 900, 39, 102, , , SNA, , , N68H
1660423943, , 33.6949, -117.8221, 900, 39, 102, , , SNA, , , N68H
1660423943, , 33.6949, -117.8221, 900, 39, 102, , , SNA, , , N68H
1660423943, , 33.6949, -117.8221, 900, 39, 102, , , SNA, , , N68H
1660423943, , 33.6949, -117.8221, 900, 39, 102, , , SNA, , , N68H
1660423943, , 33.6949, -117.8221, 900, 39, 102, , , SNA, , , N68H
1660423965, , 33.7, -117.85, 600, 321, 75, , , SNA, , , N68H
1660423965, , 33.7, -117.85, 600, 321, 75, , , SNA, , , N68H
1660423965, , 33.7, -117.85, 600, 321, 75, , , SNA, , , N68H
1660423965, , 33.7, -117.85, 600, 321, 75, , , SNA, , , N68H
1660423965, , 33.7, -117.85, 600, 321, 75, , , SNA, , , N68H
1660423965, , 33.7, -117.85, 600, 321, 75, , , SNA, , , N68H
1660423965, , 33.7, -117.85, 600, 321, 75, , , SNA, , , N68H
1660423965, , 33.7, -117.85, 600, 321, 75, , , SNA, , , N68H
1660423965, , 33.7, -117.85, 600, 321, 75, , , SNA, , , N68H
1660423991, , 33.706, -117.8558, 600, 321, 75, , , SNA, , , N68H
1660423991, , 33.706, -117.8558, 600, 321, 75, , , SNA, , , N68H
1660423991, , 33.706, -117.8558, 600, 321, 75, , , SNA, , , N68H
1660423991, , 33.706, -117.8558, 600, 321, 75, , , SNA, , , N68H
1660423991, , 33.706, -117.8558, 600, 321, 75, , , SNA, , , N68H
1660424003, , 33.7087, -117.8585, 600, 321, 75, , , SNA, , , N68H
1660424003, , 33.7087, -117.8585, 600, 321, 75, , , SNA, , , N68H
1660424003, , 33.7087, -117.8585, 600, 321, 75, , , SNA, , , N68H
1660424003, , 33.7087, -117.8585, 600, 321, 75, , , SNA, , , N68H
1660424003, , 33.7087, -117.8585, 600, 321, 75, , , SNA, , , N68H
1660424003, , 33.7087, -117.8585, 600, 321, 75, , , SNA, , , N68H
1660424003, , 33.7087, -117.8585, 600, 321, 75, , , SNA, , , N68H
1660424003, , 33.7087, -117.8585, 600, 321, 75, , , SNA, , , N68H
1660424003, , 33.7087, -117.8585, 600, 321, 75, , , SNA, , , N68H
1660424003, , 33.7087, -117.8585, 600, 321, 75, , , SNA, , , N68H
1660424003, , 33.7087, -117.8585, 600, 321, 75, , , SNA, , , N68H
1660424003, , 33.7087, -117.8585, 600, 321, 75, , , SNA, , , N68H
1660424003, , 33.7087, -117.8585, 600, 321, 75, , , SNA, , , N68H
1660424003, , 33.7087, -117.8585, 600, 321, 75, , , SNA, , , N68H
1660424003, , 33.7087, -117.8585, 600, 321, 75, , , SNA, , , N68H
1660424003, , 33.7087, -117.8585, 600, 321, 75, , , SNA, , , N68H
1660424003, , 33.7087, -117.8585, 600, 321, 75, , , SNA, , , N68H
1660424003, , 33.7087, -117.8585, 600, 321, 75, , , SNA, , , N68H
1660424003, , 33.7087, -117.8585, 600, 321, 75, , , SNA, , , N68H
1660424003, , 33.7087, -117.8585, 600, 321, 75, , , SNA, , , N68H
1660424003, , 33.7087, -117.8585, 600, 321, 75, , , SNA, , , N68H
1660424003, , 33.7087, -117.8585, 600, 321, 75, , , SNA, , , N68H
1660424003, , 33.7087, -117.8585, 600, 321, 75, , , SNA, , , N68H
1660424003, , 33.7087, -117.8585, 600, 321, 75, , , SNA, , , N68H
1660424003, , 33.7087, -117.8585, 600, 321, 75, , , SNA, , , N68H
1660424003, , 33.7087, -117.8585, 600, 321, 75, , , SNA, , , N68H
1660424003, , 33.7087, -117.8585, 600, 321, 75, , , SNA, , , N68H
1660424003, , 33.7087, -117.8585, 600, 321, 75, , , SNA, , , N68H
1660424003, , 33.7087, -117.8585, 600, 321, 75, , , SNA, , , N68H
1660424003, , 33.7087, -117.8585, 600, 321, 75, , , SNA, , , N68H
1660424003, , 33.7087, -117.8585, 600, 321, 75, , , SNA, , , N68H
1660424003, , 33.7087, -117.8585, 600, 321, 75, , , SNA, , , N68H
1660424003, , 33.7087, -117.8585, 600, 321, 75, , , SNA, , , N68H
1660424003, , 33.7087, -117.8585, 600, 321, 75, , , SNA, , , N68H
1660424003, , 33.7087, -117.8585, 600, 321, 75, , , SNA, , , N68H
1660424003, , 33.7087, -117.8585, 600, 321, 75, , , SNA, , , N68H
1660424003, , 33.7087, -117.8585, 600, 321, 75, , , SNA, , , N68H
1660424084, , 33.6667, -117.8667, 500, 203, 72, , , SNA, , , N68H
1660424084, , 33.6667, -117.8667, 500, 203, 72, , , SNA, , , N68H
1660424084, , 33.6667, -117.8667, 500, 203, 72, , , SNA, , , N68H
1660424084, , 33.6667, -117.8667, 500, 203, 72, , , SNA, , , N68H
1660424084, , 33.6667, -117.8667, 500, 203, 72, , , SNA, , , N68H
1660424084, , 33.6667, -117.8667, 500, 203, 72, , , SNA, , , N68H
1660424084, , 33.6667, -117.8667, 500, 203, 72, , , SNA, , , N68H
1660424084, , 33.6667, -117.8667, 500, 203, 72, , , SNA, , , N68H
1660424084, , 33.6667, -117.8667, 500, 203, 72, , , SNA, , , N68H
1660424084, , 33.6667, -117.8667, 500, 203, 72, , , SNA, , , N68H
1660424111, , 33.6596, -117.8703, 500, 203, 72, , , SNA, , , N68H
1660424111, , 33.6596, -117.8703, 500, 203, 72, , , SNA, , , N68H
1660424111, , 33.6596, -117.8703, 500, 203, 72, , , SNA, , , N68H
1660424111, , 33.6596, -117.8703, 500, 203, 72, , , SNA, , , N68H
1660424111, , 33.6596, -117.8703, 500, 203, 72, , , SNA, , , N68H
1660424123, , 33.6565, -117.8718, 500, 203, 72, , , SNA, , , N68H
1660424123, , 33.6565, -117.8718, 500, 203, 72, , , SNA, , , N68H
1660424123, , 33.6565, -117.8718, 500, 203, 72, , , SNA, , , N68H
1660424123, , 33.6565, -117.8718, 500, 203, 72, , , SNA, , , N68H
1660424123, , 33.6565, -117.8718, 500, 203, 72, , , SNA, , , N68H
1660424123, , 33.6565, -117.8718, 500, 203, 72, , , SNA, , , N68H
1660424123, , 33.6565, -117.8718, 500, 203, 72, , , SNA, , , N68H
1660424123, , 33.6565, -117.8718, 500, 203, 72, , , SNA, , , N68H
1660424123, , 33.6565, -117.8718, 500, 203, 72, , , SNA, , , N68H
1660424141, , 33.6667, -117.85, 800, 89, 97, , , SNA, , , N68H
1660424141, , 33.6667, -117.85, 800, 89, 97, , , SNA, , , N68H
1660424141, , 33.6667, -117.85, 800, 89, 97, , , SNA, , , N68H
1660424141, , 33.6667, -117.85, 800, 89, 97, , , SNA, , , N68H
1660424141, , 33.6667, -117.85, 800, 89, 97, , , SNA, , , N68H
1660424141, , 33.6667, -117.85, 800, 89, 97, , , SNA, , , N68H
1660424141, , 33.6667, -117.85, 800, 89, 97, , , SNA, , , N68H
1660424141, , 33.6667, -117.85, 800, 89, 97, , , SNA, , , N68H
1660424141, , 33.6667, -117.85, 800, 89, 97, , , SNA, , , N68H
1660424141, , 33.6667, -117.85, 800, 89, 97, , , SNA, , , N68H
1660424141, , 33.6667, -117.85, 800, 89, 97, , , SNA, , , N68H
1660424167, , 33.6668, -117.8381, 800, 89, 97, , , SNA, , , N68H
1660424167, , 33.6668, -117.8381, 800, 89, 97, , , SNA, , , N68H
1660424167, , 33.6668, -117.8381, 800, 89, 97, , , SNA, , , N68H
1660424167, , 33.6668, -117.8381, 800, 89, 97, , , SNA, , , N68H
1660424167, , 33.6668, -117.8381, 800, 89, 97, , , SNA, , , N68H
1660424179, , 33.6669, -117.8326, 800, 89, 97, , , SNA, , , N68H
1660424179, , 33.6669, -117.8326, 800, 89, 97, , , SNA, , , N68H
1660424179, , 33.6669, -117.8326, 800, 89, 97, , , SNA, , , N68H
1660424179, , 33.6669, -117.8326, 800, 89, 97, , , SNA, , , N68H
1660424179, , 33.6669, -117.8326, 800, 89, 97, , , SNA, , , N68H
1660424179, , 33.6669, -117.8326, 800, 89, 97, , , SNA, , , N68H
1660424179, , 33.6669, -117.8326, 800, 89, 97, , , SNA, , , N68H
1660424179, , 33.6669, -117.8326, 800, 89, 97, , , SNA, , , N68H
1660424179, , 33.6669, -117.8326, 800, 89, 97, , , SNA, , , N68H
1660424179, , 33.6669, -117.8326, 800, 89, 97, , , SNA, , , N68H
1660424200, , 33.6833, -117.8333, 900, 39, 95, , , SNA, , , N68H
1660424200, , 33.6833, -117.8333, 900, 39, 95, , , SNA, , , N68H
1660424200, , 33.6833, -117.8333, 900, 39, 95, , , SNA, , , N68H
1660424200, , 33.6833, -117.8333, 900, 39, 95, , , SNA, , , N68H
1660424200, , 33.6833, -117.8333, 900, 39, 95, , , SNA, , , N68H
1660424200, , 33.6833, -117.8333, 900, 39, 95, , , SNA, , , N68H
1660424200, , 33.6833, -117.8333, 900, 39, 95, , , SNA, , , N68H
1660424200, , 33.6833, -117.8333, 900, 39, 95, , , SNA, , , N68H
1660424200, , 33.6833, -117.8333, 900, 39, 95, , , SNA, , , N68H
1660424200, , 33.6833, -117.8333, 900, 39, 95, , , SNA, , , N68H
1660424200, , 33.6833, -117.8333, 900, 39, 95, , , SNA, , , N68H
1660424227, , 33.6912, -117.8257, 900, 39, 95, , , SNA, , , N68H
1660424227, , 33.6912, -117.8257, 900, 39, 95, , , SNA, , , N68H
1660424227, , 33.6912, -117.8257, 900, 39, 95, , , SNA, , , N68H
1660424227, , 33.6912, -117.8257, 900, 39, 95, , , SNA, , , N68H
1660424227, , 33.6912, -117.8257, 900, 39, 95, , , SNA, , , N68H
1660424239, , 33.6947, -117.8223, 900, 39, 95, , , SNA, , , N68H
1660424239, , 33.6947, -117.8223, 900, 39, 95, , , SNA, , , N68H
1660424239, , 33.6947, -117.8223, 900, 39, 95, , , SNA, , , N68H
1660424239, , 33.6947, -117.8223, 900, 39, 95, , , SNA, , , N68H
1660424239, , 33.6947, -117.8223, 900, 39, 95, , , SNA, , , N68H
1660424239, , 33.6947, -117.8223, 900, 39, 95, , , SNA, , , N68H
1660424239, , 33.6947, -117.8223, 900, 39, 95, , , SNA, , , N68H
1660424239, , 33.6947, -117.8223, 900, 39, 95, , , SNA, , , N68H
1660424239, , 33.6947, -117.8223, 900, 39, 95, , , SNA, , , N68H
1660424239, , 33.6947, -117.8223, 900, 39, 95, , , SNA, , , N68H
1660424239, , 33.6947, -117.8223, 900, 39, 95, , , SNA, , , N68H
1660424258, , 33.7, -117.85, 400, 321, 76, , , SNA, , , N68H
1660424258, , 33.7, -117.85, 400, 321, 76, , , SNA, , , N68H
1660424258, , 33.7, -117.85, 400, 321, 76, , , SNA, , , N68H
1660424258, , 33.7, -117.85, 400, 321, 76, , , SNA, , , N68H
1660424258, , 33.7, -117.85, 400, 321, 76, , , SNA, , , N68H
1660424258, , 33.7, -117.85, 400, 321, 76, , , SNA, , , N68H
1660424258, , 33.7, -117.85, 400, 321, 76, , , SNA, , , N68H
1660424258, , 33.7, -117.85, 400, 321, 76, , , SNA, , , N68H
1660424283, , 33.7058, -117.8557, 400, 321, 76, , , SNA, , , N68H
1660424283, , 33.7058, -117.8557, 400, 321, 76, , , SNA, , , N68H
1660424283, , 33.7058, -117.8557, 400, 321, 76, , , SNA, , , N68H
1660424283, , 33.7058, -117.8557, 400, 321, 76, , , SNA, , , N68H
1660424283, , 33.7058, -117.8557, 400, 321, 76, , , SNA, , , N68H
1660424283, , 33.7058, -117.8557, 400, 321, 76, , , SNA, , , N68H
1660424295, , 33.7086, -117.8584, 400, 321, 76, , , SNA, , , N68H
1660424295, , 33.7086, -117.8584, 400, 321, 76, , , SNA, , , N68H
1660424295, , 33.7086, -117.8584, 400, 321, 76, , , SNA, , , N68H
1660424295, , 33.7086, -117.8584, 400, 321, 76, , , SNA, , , N68H
1660424295, , 33.7086, -117.8584, 400, 321, 76, , , SNA, , , N68H
1660424295, , 33.7086, -117.8584, 400, 321, 76, , , SNA, , , N68H
1660424295, , 33.7086, -117.8584, 400, 321, 76, , , SNA, , , N68H
1660424295, , 33.7086, -117.8584, 400, 321, 76, , , SNA, , , N68H
1660424295, , 33.7086, -117.8584, 400, 321, 76, , , SNA, , , N68H
1660424295, , 33.7086, -117.8584, 400, 321, 76, , , SNA, , , N68H
1660424295, , 33.7086, -117.8584, 400, 321, 76, , , SNA, , , N68H
1660424295, , 33.7086, -117.8584, 400, 321, 76, , , SNA, , , N68H
1660424295, , 33.7086, -117.8584, 400, 321, 76, , , SNA, , , N68H
1660424295, , 33.7086, -117.8584, 400, 321, 76, , , SNA, , , N68H
1660424295, , 33.7086, -117.8584, 400, 321, 76, , , SNA, , , N68H
1660424295, , 33.7086, -117.8584, 400, 321, 76, , , SNA, , , N68H
1660424295, , 33.7086, -117.8584, 400, 321, 76, , , SNA, , , N68H
1660424295, , 33.7086, -117.8584, 400, 321, 76, , , SNA, , , N68H
1660424295, , 33.7086, -117.8584, 400, 321, 76, , , SNA, , , N68H
1660424295, , 33.7086, -117.8584, 400, 321, 76, , , SNA, , , N68H
1660424295, , 33.7086, -117.8584, 400, 321, 76, , , SNA, , , N68H
1660424295, , 33.7086, -117.8584, 400, 321, 76, , , SNA, , , N68H
1660424295, , 33.7086, -117.8584, 400, 321, 76, , , SNA, , , N68H
1660424295, , 33.7086, -117.8584, 400, 321, 76, , , SNA, , , N68H
1660424295, , 33.7086, -117.8584, 400, 321, 76, , , SNA, , , N68H
1660424295, , 33.7086, -117.8584, 400, 321, 76, , , SNA, , , N68H
1660424295, , 33.7086, -117.8584, 400, 321, 76, , , SNA, , , N68H
1660424295, , 33.7086, -117.8584, 400, 321, 76, , , SNA, , , N68H
1660424295, , 33.7086, -117.8584, 400, 321, 76, , , SNA, , , N68H
1660424295, , 33.7086, -117.8584, 400, 321, 76, , , SNA, , , N68H
1660424295, , 33.7086, -117.8584, 400, 321, 76, , , SNA, , , N68H
1660424295, , 33.7086, -117.8584, 400, 321, 76, , , SNA, , , N68H
1660424295, , 33.7086, -117.8584, 400, 321, 76, , , SNA, , , N68H
1660424295, , 33.7086, -117.8584, 400, 321, 76, , , SNA, , , N68H
1660424295, , 33.7086, -117.8584, 400, 321, 76, , , SNA, , , N68H
1660424295, , 33.7086, -117.8584, 400, 321, 76, , , SNA, , , N68H
1660424295, , 33.7086, -117.8584, 400, 321, 76, , , SNA, , , N68H
1660424295, , 33.7086, -117.8584, 400, 321, 76, , , SNA, , , N68H
1660424295, , 33.7086, -117.8584, 400, 321, 76, , , SNA, , , N68H
