//Timestamp, ICAO, Latitude_deg, Longitude_deg, Altitude_ft, Heading_deg, GroundSpeed_kts, AircraftType, RegistrationNum, Departure, Arrival, FlightNumber1, FlightNumber2
1660424831, , 33.1287, -117.4058, 4500, 338, 118, , , MYF, , , N7RQ
1660424831, , 33.1287, -117.4058, 4500, 338, 118, , , MYF, , , N7RQ
1660424831, , 33.1287, -117.4058, 4500, 338, 118, , , MYF, , , N7RQ
1660424831, , 33.1287, -117.4058, 4500, 338, 118, , , MYF, , , N7RQ
1660424831, , 33.1287, -117.4058, 4500, 338, 118, , , MYF, , , N7RQ
1660424843, , 33.1339, -117.4083, 4500, 338, 118, , , MYF, , , N7RQ
1660424843, , 33.1339, -117.4083, 4500, 338, 118, , , MYF, , , N7RQ
1660424843, , 33.1339, -117.4083, 4500, 338, 118, , , MYF, , , N7RQ
1660424843, , 33.1339, -117.4083, 4500, 338, 118, , , MYF, , , N7RQ
1660424843, , 33.1339, -117.4083, 4500, 338, 118, , , MYF, , , N7RQ
1660424843, , 33.1339, -117.4083, 4500, 338, 118, , , MYF, , , N7RQ
1660424843, , 33.1339, -117.4083, 4500, 338, 118, , , MYF, , , N7RQ
1660424843, , 33.1339, -117.4083, 4500, 338, 118, , , MYF, , , N7RQ
1660424843, , 33.1339, -117.4083, 4500, 338, 118, , , MYF, , , N7RQ
1660424862, , 33.15, -117.4167, 4500, 338, 118, , , MYF, , , N7RQ
1660424862, , 33.15, -117.4167, 4500, 338, 118, , , MYF, , , N7RQ
1660424862, , 33.15, -117.4167, 4500, 338, 118, , , MYF, , , N7RQ
1660424862, , 33.15, -117.4167, 4500, 338, 118, , , MYF, , , N7RQ
1660424862, , 33.15, -117.4167, 4500, 338, 118, , , MYF, , , N7RQ
1660424862, , 33.15, -117.4167, 4500, 338, 118, , , MYF, , , N7RQ
1660424862, , 33.15, -117.4167, 4500, 338, 118, , , MYF, , , N7RQ
1660424862, , 33.15, -117.4167, 4500, 338, 118, , , MYF, , , N7RQ
1660424862, , 33.15, -117.4167, 4500, 338, 118, , , MYF, , , N7RQ
1660424862, , 33.15, -117.4167, 4500, 338, 118, , , MYF, , , N7RQ
1660424887, , 33.1608, -117.4219, 4500, 338, 118, , , MYF, , , N7RQ
1660424887, , 33.1608, -117.4219, 4500, 338, 118, , , MYF, , , N7RQ
1660424887, , 33.1608, -117.4219, 4500, 338, 118, , , MYF, , , N7RQ
1660424887, , 33.1608, -117.4219, 4500, 338, 118, , , MYF, , , N7RQ
1660424887, , 33.1608, -117.4219, 4500, 338, 118, , , MYF, , , N7RQ
1660424887, , 33.1608, -117.4219, 4500, 338, 118, , , MYF, , , N7RQ
1660424899, , 33.1659, -117.4243, 4500, 338, 118, , , MYF, , , N7RQ
1660424899, , 33.1659, -117.4243, 4500, 338, 118, , , MYF, , , N7RQ
1660424899, , 33.1659, -117.4243, 4500, 338, 118, , , MYF, , , N7RQ
1660424899, , 33.1659, -117.4243, 4500, 338, 118, , , MYF, , , N7RQ
1660424899, , 33.1659, -117.4243, 4500, 338, 118, , , MYF, , , N7RQ
1660424899, , 33.1659, -117.4243, 4500, 338, 118, , , MYF, , , N7RQ
1660424899, , 33.1659, -117.4243, 4500, 338, 118, , , MYF, , , N7RQ
1660424899, , 33.1659, -117.4243, 4500, 338, 118, , , MYF, , , N7RQ
1660424899, , 33.1659, -117.4243, 4500, 338, 118, , , MYF, , , N7RQ
1660424899, , 33.1659, -117.4243, 4500, 338, 118, , , MYF, , , N7RQ
1660424921, , 33.1695, -117.4334, 4500, 321, 118, , , MYF, , , N7RQ
1660424921, , 33.1695, -117.4334, 4500, 321, 118, , , MYF, , , N7RQ
1660424921, , 33.1695, -117.4334, 4500, 321, 118, , , MYF, , , N7RQ
1660424921, , 33.1695, -117.4334, 4500, 321, 118, , , MYF, , , N7RQ
1660424921, , 33.1695, -117.4334, 4500, 321, 118, , , MYF, , , N7RQ
1660424921, , 33.1695, -117.4334, 4500, 321, 118, , , MYF, , , N7RQ
1660424921, , 33.1695, -117.4334, 4500, 321, 118, , , MYF, , , N7RQ
1660424921, , 33.1695, -117.4334, 4500, 321, 118, , , MYF, , , N7RQ
1660424921, , 33.1695, -117.4334, 4500, 321, 118, , , MYF, , , N7RQ
1660424921, , 33.1695, -117.4334, 4500, 321, 118, , , MYF, , , N7RQ
1660424947, , 33.1789, -117.4425, 4500, 321, 118, , , MYF, , , N7RQ
1660424947, , 33.1789, -117.4425, 4500, 321, 118, , , MYF, , , N7RQ
1660424947, , 33.1789, -117.4425, 4500, 321, 118, , , MYF, , , N7RQ
1660424947, , 33.1789, -117.4425, 4500, 321, 118, , , MYF, , , N7RQ
1660424947, , 33.1789, -117.4425, 4500, 321, 118, , , MYF, , , N7RQ
1660424947, , 33.1789, -117.4425, 4500, 321, 118, , , MYF, , , N7RQ
1660424959, , 33.1832, -117.4466, 4500, 321, 118, , , MYF, , , N7RQ
1660424959, , 33.1832, -117.4466, 4500, 321, 118, , , MYF, , , N7RQ
1660424959, , 33.1832, -117.4466, 4500, 321, 118, , , MYF, , , N7RQ
1660424959, , 33.1832, -117.4466, 4500, 321, 118, , , MYF, , , N7RQ
1660424959, , 33.1832, -117.4466, 4500, 321, 118, , , MYF, , , N7RQ
1660424959, , 33.1832, -117.4466, 4500, 321, 118, , , MYF, , , N7RQ
1660424959, , 33.1832, -117.4466, 4500, 321, 118, , , MYF, , , N7RQ
1660424959, , 33.1832, -117.4466, 4500, 321, 118, , , MYF, , , N7RQ
1660424959, , 33.1832, -117.4466, 4500, 321, 118, , , MYF, , , N7RQ
1660424959, , 33.1832, -117.4466, 4500, 321, 118, , , MYF, , , N7RQ
1660424978, , 33.1983, -117.45, 4500, 338, 117, , , MYF, , , N7RQ
1660424978, , 33.1983, -117.45, 4500, 338, 117, , , MYF, , , N7RQ
1660424978, , 33.1983, -117.45, 4500, 338, 117, , , MYF, , , N7RQ
1660424978, , 33.1983, -117.45, 4500, 338, 117, , , MYF, , , N7RQ
1660424978, , 33.1983, -117.45, 4500, 338, 117, , , MYF, , , N7RQ
1660424978, , 33.1983, -117.45, 4500, 338, 117, , , MYF, , , N7RQ
1660424978, , 33.1983, -117.45, 4500, 338, 117, , , MYF, , , N7RQ
1660424978, , 33.1983, -117.45, 4500, 338, 117, , , MYF, , , N7RQ
1660424978, , 33.1983, -117.45, 4500, 338, 117, , , MYF, , , N7RQ
1660425003, , 33.2089, -117.4551, 4500, 338, 117, , , MYF, , , N7RQ
1660425003, , 33.2089, -117.4551, 4500, 338, 117, , , MYF, , , N7RQ
1660425003, , 33.2089, -117.4551, 4500, 338, 117, , , MYF, , , N7RQ
1660425003, , 33.2089, -117.4551, 4500, 338, 117, , , MYF, , , N7RQ
1660425003, , 33.2089, -117.4551, 4500, 338, 117, , , MYF, , , N7RQ
1660425015, , 33.2141, -117.4576, 4500, 338, 117, , , MYF, , , N7RQ
1660425015, , 33.2141, -117.4576, 4500, 338, 117, , , MYF, , , N7RQ
1660425015, , 33.2141, -117.4576, 4500, 338, 117, , , MYF, , , N7RQ
1660425015, , 33.2141, -117.4576, 4500, 338, 117, , , MYF, , , N7RQ
1660425015, , 33.2141, -117.4576, 4500, 338, 117, , , MYF, , , N7RQ
1660425015, , 33.2141, -117.4576, 4500, 338, 117, , , MYF, , , N7RQ
1660425015, , 33.2141, -117.4576, 4500, 338, 117, , , MYF, , , N7RQ
1660425015, , 33.2141, -117.4576, 4500, 338, 117, , , MYF, , , N7RQ
1660425015, , 33.2141, -117.4576, 4500, 338, 117, , , MYF, , , N7RQ
1660425015, , 33.2141, -117.4576, 4500, 338, 117, , , MYF, , , N7RQ
1660425015, , 33.2141, -117.4576, 4500, 338, 117, , , MYF, , , N7RQ
1660425015, , 33.2141, -117.4576, 4500, 338, 117, , , MYF, , , N7RQ
1660425015, , 33.2141, -117.4576, 4500, 338, 117, , , MYF, , , N7RQ
1660425015, , 33.2141, -117.4576, 4500, 338, 117, , , MYF, , , N7RQ
1660425015, , 33.2141, -117.4576, 4500, 338, 117, , , MYF, , , N7RQ
1660425015, , 33.2141, -117.4576, 4500, 338, 117, , , MYF, , , N7RQ
1660425015, , 33.2141, -117.4576, 4500, 338, 117, , , MYF, , , N7RQ
1660425015, , 33.2141, -117.4576, 4500, 338, 117, , , MYF, , , N7RQ
1660425015, , 33.2141, -117.4576, 4500, 338, 117, , , MYF, , , N7RQ
1660425015, , 33.2141, -117.4576, 4500, 338, 117, , , MYF, , , N7RQ
1660425015, , 33.2141, -117.4576, 4500, 338, 117, , , MYF, , , N7RQ
1660425060, , 33.2341, -117.48, 4500, 321, 118, , , MYF, , , N7RQ
1660425060, , 33.2341, -117.48, 4500, 321, 118, , , MYF, , , N7RQ
1660425060, , 33.2341, -117.48, 4500, 321, 118, , , MYF, , , N7RQ
1660425060, , 33.2341, -117.48, 4500, 321, 118, , , MYF, , , N7RQ
1660425060, , 33.2341, -117.48, 4500, 321, 118, , , MYF, , , N7RQ
1660425060, , 33.2341, -117.48, 4500, 321, 118, , , MYF, , , N7RQ
1660425060, , 33.2341, -117.48, 4500, 321, 118, , , MYF, , , N7RQ
1660425060, , 33.2341, -117.48, 4500, 321, 118, , , MYF, , , N7RQ
1660425060, , 33.2341, -117.48, 4500, 321, 118, , , MYF, , , N7RQ
1660425060, , 33.2341, -117.48, 4500, 321, 118, , , MYF, , , N7RQ
1660425087, , 33.2438, -117.4895, 4500, 321, 118, , , MYF, , , N7RQ
1660425087, , 33.2438, -117.4895, 4500, 321, 118, , , MYF, , , N7RQ
1660425087, , 33.2438, -117.4895, 4500, 321, 118, , , MYF, , , N7RQ
1660425087, , 33.2438, -117.4895, 4500, 321, 118, , , MYF, , , N7RQ
1660425087, , 33.2438, -117.4895, 4500, 321, 118, , , MYF, , , N7RQ
1660425099, , 33.2481, -117.4937, 4500, 321, 118, , , MYF, , , N7RQ
1660425099, , 33.2481, -117.4937, 4500, 321, 118, , , MYF, , , N7RQ
1660425099, , 33.2481, -117.4937, 4500, 321, 118, , , MYF, , , N7RQ
1660425099, , 33.2481, -117.4937, 4500, 321, 118, , , MYF, , , N7RQ
1660425099, , 33.2481, -117.4937, 4500, 321, 118, , , MYF, , , N7RQ
1660425099, , 33.2481, -117.4937, 4500, 321, 118, , , MYF, , , N7RQ
1660425099, , 33.2481, -117.4937, 4500, 321, 118, , , MYF, , , N7RQ
1660425099, , 33.2481, -117.4937, 4500, 321, 118, , , MYF, , , N7RQ
1660425099, , 33.2481, -117.4937, 4500, 321, 118, , , MYF, , , N7RQ
1660425115, , 33.2538, -117.4989, 4500, 321, 118, , , MYF, , , N7RQ
1660425115, , 33.2538, -117.4989, 4500, 321, 118, , , MYF, , , N7RQ
1660425115, , 33.2538, -117.4989, 4500, 321, 118, , , MYF, , , N7RQ
1660425115, , 33.2538, -117.4989, 4500, 321, 118, , , MYF, , , N7RQ
1660425115, , 33.2538, -117.4989, 4500, 321, 118, , , MYF, , , N7RQ
1660425115, , 33.2538, -117.4989, 4500, 321, 118, , , MYF, , , N7RQ
1660425115, , 33.2538, -117.4989, 4500, 321, 118, , , MYF, , , N7RQ
1660425115, , 33.2538, -117.4989, 4500, 321, 118, , , MYF, , , N7RQ
1660425115, , 33.2538, -117.4989, 4500, 321, 118, , , MYF, , , N7RQ
1660425115, , 33.2538, -117.4989, 4500, 321, 118, , , MYF, , , N7RQ
1660425143, , 33.2639, -117.5086, 4500, 321, 118, , , MYF, , , N7RQ
1660425143, , 33.2639, -117.5086, 4500, 321, 118, , , MYF, , , N7RQ
1660425143, , 33.2639, -117.5086, 4500, 321, 118, , , MYF, , , N7RQ
1660425143, , 33.2639, -117.5086, 4500, 321, 118, , , MYF, , , N7RQ
1660425143, , 33.2639, -117.5086, 4500, 321, 118, , , MYF, , , N7RQ
1660425143, , 33.2639, -117.5086, 4500, 321, 118, , , MYF, , , N7RQ
1660425155, , 33.2682, -117.5128, 4500, 321, 118, , , MYF, , , N7RQ
1660425155, , 33.2682, -117.5128, 4500, 321, 118, , , MYF, , , N7RQ
1660425155, , 33.2682, -117.5128, 4500, 321, 118, , , MYF, , , N7RQ
1660425155, , 33.2682, -117.5128, 4500, 321, 118, , , MYF, , , N7RQ
1660425155, , 33.2682, -117.5128, 4500, 321, 118, , , MYF, , , N7RQ
1660425155, , 33.2682, -117.5128, 4500, 321, 118, , , MYF, , , N7RQ
1660425155, , 33.2682, -117.5128, 4500, 321, 118, , , MYF, , , N7RQ
1660425155, , 33.2682, -117.5128, 4500, 321, 118, , , MYF, , , N7RQ
1660425155, , 33.2682, -117.5128, 4500, 321, 118, , , MYF, , , N7RQ
1660425155, , 33.2682, -117.5128, 4500, 321, 118, , , MYF, , , N7RQ
1660425175, , 33.2813, -117.5177, 4500, 338, 117, , , MYF, , , N7RQ
1660425175, , 33.2813, -117.5177, 4500, 338, 117, , , MYF, , , N7RQ
1660425175, , 33.2813, -117.5177, 4500, 338, 117, , , MYF, , , N7RQ
1660425175, , 33.2813, -117.5177, 4500, 338, 117, , , MYF, , , N7RQ
1660425175, , 33.2813, -117.5177, 4500, 338, 117, , , MYF, , , N7RQ
1660425175, , 33.2813, -117.5177, 4500, 338, 117, , , MYF, , , N7RQ
1660425175, , 33.2813, -117.5177, 4500, 338, 117, , , MYF, , , N7RQ
1660425175, , 33.2813, -117.5177, 4500, 338, 117, , , MYF, , , N7RQ
1660425175, , 33.2813, -117.5177, 4500, 338, 117, , , MYF, , , N7RQ
1660425175, , 33.2813, -117.5177, 4500, 338, 117, , , MYF, , , N7RQ
1660425203, , 33.2933, -117.5234, 4500, 338, 117, , , MYF, , , N7RQ
1660425203, , 33.2933, -117.5234, 4500, 338, 117, , , MYF, , , N7RQ
1660425203, , 33.2933, -117.5234, 4500, 338, 117, , , MYF, , , N7RQ
1660425203, , 33.2933, -117.5234, 4500, 338, 117, , , MYF, , , N7RQ
1660425203, , 33.2933, -117.5234, 4500, 338, 117, , , MYF, , , N7RQ
1660425203, , 33.2933, -117.5234, 4500, 338, 117, , , MYF, , , N7RQ
1660425215, , 33.2984, -117.5259, 4500, 338, 117, , , MYF, , , N7RQ
1660425215, , 33.2984, -117.5259, 4500, 338, 117, , , MYF, , , N7RQ
1660425215, , 33.2984, -117.5259, 4500, 338, 117, , , MYF, , , N7RQ
1660425215, , 33.2984, -117.5259, 4500, 338, 117, , , MYF, , , N7RQ
1660425215, , 33.2984, -117.5259, 4500, 338, 117, , , MYF, , , N7RQ
1660425215, , 33.2984, -117.5259, 4500, 338, 117, , , MYF, , , N7RQ
1660425215, , 33.2984, -117.5259, 4500, 338, 117, , , MYF, , , N7RQ
1660425215, , 33.2984, -117.5259, 4500, 338, 117, , , MYF, , , N7RQ
1660425215, , 33.2984, -117.5259, 4500, 338, 117, , , MYF, , , N7RQ
1660425215, , 33.2984, -117.5259, 4500, 338, 117, , , MYF, , , N7RQ
1660425234, , 33.3119, -117.5433, 4500, 321, 117, , , MYF, , , N7RQ
1660425234, , 33.3119, -117.5433, 4500, 321, 117, , , MYF, , , N7RQ
1660425234, , 33.3119, -117.5433, 4500, 321, 117, , , MYF, , , N7RQ
1660425234, , 33.3119, -117.5433, 4500, 321, 117, , , MYF, , , N7RQ
1660425234, , 33.3119, -117.5433, 4500, 321, 117, , , MYF, , , N7RQ
1660425234, , 33.3119, -117.5433, 4500, 321, 117, , , MYF, , , N7RQ
1660425234, , 33.3119, -117.5433, 4500, 321, 117, , , MYF, , , N7RQ
1660425234, , 33.3119, -117.5433, 4500, 321, 117, , , MYF, , , N7RQ
1660425234, , 33.3119, -117.5433, 4500, 321, 117, , , MYF, , , N7RQ
1660425259, , 33.3208, -117.552, 4500, 321, 117, , , MYF, , , N7RQ
1660425259, , 33.3208, -117.552, 4500, 321, 117, , , MYF, , , N7RQ
1660425259, , 33.3208, -117.552, 4500, 321, 117, , , MYF, , , N7RQ
1660425259, , 33.3208, -117.552, 4500, 321, 117, , , MYF, , , N7RQ
1660425259, , 33.3208, -117.552, 4500, 321, 117, , , MYF, , , N7RQ
1660425271, , 33.3251, -117.5561, 4500, 321, 117, , , MYF, , , N7RQ
1660425271, , 33.3251, -117.5561, 4500, 321, 117, , , MYF, , , N7RQ
1660425271, , 33.3251, -117.5561, 4500, 321, 117, , , MYF, , , N7RQ
1660425271, , 33.3251, -117.5561, 4500, 321, 117, , , MYF, , , N7RQ
1660425271, , 33.3251, -117.5561, 4500, 321, 117, , , MYF, , , N7RQ
1660425271, , 33.3251, -117.5561, 4500, 321, 117, , , MYF, , , N7RQ
1660425271, , 33.3251, -117.5561, 4500, 321, 117, , , MYF, , , N7RQ
1660425271, , 33.3251, -117.5561, 4500, 321, 117, , , MYF, , , N7RQ
1660425271, , 33.3251, -117.5561, 4500, 321, 117, , , MYF, , , N7RQ
1660425271, , 33.3251, -117.5561, 4500, 321, 117, , , MYF, , , N7RQ
1660425271, , 33.3251, -117.5561, 4500, 321, 117, , , MYF, , , N7RQ
1660425291, , 33.336, -117.5652, 4500, 321, 116, , , MYF, , , N7RQ
1660425291, , 33.336, -117.5652, 4500, 321, 116, , , MYF, , , N7RQ
1660425291, , 33.336, -117.5652, 4500, 321, 116, , , MYF, , , N7RQ
1660425291, , 33.336, -117.5652, 4500, 321, 116, , , MYF, , , N7RQ
1660425291, , 33.336, -117.5652, 4500, 321, 116, , , MYF, , , N7RQ
1660425291, , 33.336, -117.5652, 4500, 321, 116, , , MYF, , , N7RQ
1660425291, , 33.336, -117.5652, 4500, 321, 116, , , MYF, , , N7RQ
1660425291, , 33.336, -117.5652, 4500, 321, 116, , , MYF, , , N7RQ
1660425291, , 33.336, -117.5652, 4500, 321, 116, , , MYF, , , N7RQ
1660425291, , 33.336, -117.5652, 4500, 321, 116, , , MYF, , , N7RQ
1660425319, , 33.346, -117.5748, 4500, 321, 116, , , MYF, , , N7RQ
1660425319, , 33.346, -117.5748, 4500, 321, 116, , , MYF, , , N7RQ
1660425319, , 33.346, -117.5748, 4500, 321, 116, , , MYF, , , N7RQ
1660425319, , 33.346, -117.5748, 4500, 321, 116, , , MYF, , , N7RQ
1660425319, , 33.346, -117.5748, 4500, 321, 116, , , MYF, , , N7RQ
1660425331, , 33.3502, -117.5789, 4500, 321, 116, , , MYF, , , N7RQ
1660425331, , 33.3502, -117.5789, 4500, 321, 116, , , MYF, , , N7RQ
1660425331, , 33.3502, -117.5789, 4500, 321, 116, , , MYF, , , N7RQ
1660425331, , 33.3502, -117.5789, 4500, 321, 116, , , MYF, , , N7RQ
1660425331, , 33.3502, -117.5789, 4500, 321, 116, , , MYF, , , N7RQ
1660425331, , 33.3502, -117.5789, 4500, 321, 116, , , MYF, , , N7RQ
1660425331, , 33.3502, -117.5789, 4500, 321, 116, , , MYF, , , N7RQ
1660425331, , 33.3502, -117.5789, 4500, 321, 116, , , MYF, , , N7RQ
1660425331, , 33.3502, -117.5789, 4500, 321, 116, , , MYF, , , N7RQ
1660425331, , 33.3502, -117.5789, 4500, 321, 116, , , MYF, , , N7RQ
1660425331, , 33.3502, -117.5789, 4500, 321, 116, , , MYF, , , N7RQ
1660425350, , 33.3643, -117.5928, 4500, 321, 116, , , MYF, , , N7RQ
1660425350, , 33.3643, -117.5928, 4500, 321, 116, , , MYF, , , N7RQ
1660425350, , 33.3643, -117.5928, 4500, 321, 116, , , MYF, , , N7RQ
1660425350, , 33.3643, -117.5928, 4500, 321, 116, , , MYF, , , N7RQ
1660425350, , 33.3643, -117.5928, 4500, 321, 116, , , MYF, , , N7RQ
1660425350, , 33.3643, -117.5928, 4500, 321, 116, , , MYF, , , N7RQ
1660425350, , 33.3643, -117.5928, 4500, 321, 116, , , MYF, , , N7RQ
1660425350, , 33.3643, -117.5928, 4500, 321, 116, , , MYF, , , N7RQ
1660425350, , 33.3643, -117.5928, 4500, 321, 116, , , MYF, , , N7RQ
1660425375, , 33.3732, -117.6014, 4500, 321, 116, , , MYF, , , N7RQ
1660425375, , 33.3732, -117.6014, 4500, 321, 116, , , MYF, , , N7RQ
1660425375, , 33.3732, -117.6014, 4500, 321, 116, , , MYF, , , N7RQ
1660425375, , 33.3732, -117.6014, 4500, 321, 116, , , MYF, , , N7RQ
1660425375, , 33.3732, -117.6014, 4500, 321, 116, , , MYF, , , N7RQ
1660425387, , 33.3775, -117.6055, 4500, 321, 116, , , MYF, , , N7RQ
1660425387, , 33.3775, -117.6055, 4500, 321, 116, , , MYF, , , N7RQ
1660425387, , 33.3775, -117.6055, 4500, 321, 116, , , MYF, , , N7RQ
1660425387, , 33.3775, -117.6055, 4500, 321, 116, , , MYF, , , N7RQ
1660425387, , 33.3775, -117.6055, 4500, 321, 116, , , MYF, , , N7RQ
1660425387, , 33.3775, -117.6055, 4500, 321, 116, , , MYF, , , N7RQ
1660425387, , 33.3775, -117.6055, 4500, 321, 116, , , MYF, , , N7RQ
1660425387, , 33.3775, -117.6055, 4500, 321, 116, , , MYF, , , N7RQ
1660425387, , 33.3775, -117.6055, 4500, 321, 116, , , MYF, , , N7RQ
1660425387, , 33.3775, -117.6055, 4500, 321, 116, , , MYF, , , N7RQ
1660425387, , 33.3775, -117.6055, 4500, 321, 116, , , MYF, , , N7RQ
1660425387, , 33.3775, -117.6055, 4500, 321, 116, , , MYF, , , N7RQ
1660425387, , 33.3775, -117.6055, 4500, 321, 116, , , MYF, , , N7RQ
1660425387, , 33.3775, -117.6055, 4500, 321, 116, , , MYF, , , N7RQ
1660425387, , 33.3775, -117.6055, 4500, 321, 116, , , MYF, , , N7RQ
1660425387, , 33.3775, -117.6055, 4500, 321, 116, , , MYF, , , N7RQ
1660425387, , 33.3775, -117.6055, 4500, 321, 116, , , MYF, , , N7RQ
1660425387, , 33.3775, -117.6055, 4500, 321, 116, , , MYF, , , N7RQ
1660425387, , 33.3775, -117.6055, 4500, 321, 116, , , MYF, , , N7RQ
1660425387, , 33.3775, -117.6055, 4500, 321, 116, , , MYF, , , N7RQ
1660425387, , 33.3775, -117.6055, 4500, 321, 116, , , MYF, , , N7RQ
1660425387, , 33.3775, -117.6055, 4500, 321, 116, , , MYF, , , N7RQ
1660425387, , 33.3775, -117.6055, 4500, 321, 116, , , MYF, , , N7RQ
1660425387, , 33.3775, -117.6055, 4500, 321, 116, , , MYF, , , N7RQ
1660425387, , 33.3775, -117.6055, 4500, 321, 116, , , MYF, , , N7RQ
1660425387, , 33.3775, -117.6055, 4500, 321, 116, , , MYF, , , N7RQ
1660425387, , 33.3775, -117.6055, 4500, 321, 116, , , MYF, , , N7RQ
1660425387, , 33.3775, -117.6055, 4500, 321, 116, , , MYF, , , N7RQ
1660425387, , 33.3775, -117.6055, 4500, 321, 116, , , MYF, , , N7RQ
1660425387, , 33.3775, -117.6055, 4500, 321, 116, , , MYF, , , N7RQ
1660425387, , 33.3775, -117.6055, 4500, 321, 116, , , MYF, , , N7RQ
1660425387, , 33.3775, -117.6055, 4500, 321, 116, , , MYF, , , N7RQ
1660425387, , 33.3775, -117.6055, 4500, 321, 116, , , MYF, , , N7RQ
1660425387, , 33.3775, -117.6055, 4500, 321, 116, , , MYF, , , N7RQ
1660425387, , 33.3775, -117.6055, 4500, 321, 116, , , MYF, , , N7RQ
1660425387, , 33.3775, -117.6055, 4500, 321, 116, , , MYF, , , N7RQ
1660425387, , 33.3775, -117.6055, 4500, 321, 116, , , MYF, , , N7RQ
1660425387, , 33.3775, -117.6055, 4500, 321, 116, , , MYF, , , N7RQ
1660425387, , 33.3775, -117.6055, 4500, 321, 116, , , MYF, , , N7RQ
1660425387, , 33.3775, -117.6055, 4500, 321, 116, , , MYF, , , N7RQ
