//Timestamp, ICAO, Latitude_deg, Longitude_deg, Altitude_ft, Heading_deg, GroundSpeed_kts, AircraftType, RegistrationNum, Departure, Arrival, FlightNumber1, FlightNumber2
1660415794, , 33.2182, -117.3477, 0, 73, 7, P28A, , , , , P28A
1660415794, , 33.2182, -117.3477, 0, 73, 7, P28A, , , , , P28A
1660415794, , 33.2182, -117.3477, 0, 73, 7, P28A, , , , , P28A
1660415794, , 33.2182, -117.3477, 0, 73, 7, P28A, , , , , P28A
1660415794, , 33.2182, -117.3477, 0, 73, 7, P28A, , , , , P28A
1660415794, , 33.2182, -117.3477, 0, 73, 7, P28A, , , , , P28A
1660415809, , 33.2183, -117.3474, 0, 68, 1, P28A, , , , , P28A
1660415813, , 33.2183, -117.3474, 0, 299, 1, P28A, , , , , P28A
1660415813, , 33.2183, -117.3474, 0, 299, 1, P28A, , , , , P28A
1660415816, , 33.2183, -117.3474, 0, 299, 0, P28A, , , , , P28A
1660415816, , 33.2183, -117.3474, 0, 299, 0, P28A, , , , , P28A
1660415819, , 33.2183, -117.3474, 0, 299, 1, P28A, , , , , P28A
1660415819, , 33.2183, -117.3474, 0, 299, 1, P28A, , , , , P28A
1660415825, , 33.2183, -117.3474, 0, 299, 1, P28A, , , , , P28A
1660415829, , 33.2183, -117.3474, 0, 299, 1, P28A, , , , , P28A
1660415829, , 33.2183, -117.3474, 0, 299, 1, P28A, , , , , P28A
1660415831, , 33.2183, -117.3474, 0, 299, 1, P28A, , , , , P28A
1660415831, , 33.2183, -117.3474, 0, 299, 1, P28A, , , , , P28A
1660415836, , 33.2183, -117.3474, 0, 299, 1, P28A, , , , , P28A
1660415836, , 33.2183, -117.3474, 0, 299, 1, P28A, , , , , P28A
1660415836, , 33.2183, -117.3474, 0, 299, 1, P28A, , , , , P28A
1660415836, , 33.2183, -117.3474, 0, 299, 1, P28A, , , , , P28A
1660415836, , 33.2183, -117.3474, 0, 299, 1, P28A, , , , , P28A
1660415836, , 33.2183, -117.3474, 0, 299, 1, P28A, , , , , P28A
1660415836, , 33.2183, -117.3474, 0, 299, 1, P28A, , , , , P28A
1660415836, , 33.2183, -117.3474, 0, 299, 1, P28A, , , , , P28A
1660415836, , 33.2183, -117.3474, 0, 299, 1, P28A, , , , , P28A
1660415836, , 33.2183, -117.3474, 0, 299, 1, P28A, , , , , P28A
1660415836, , 33.2183, -117.3474, 0, 299, 1, P28A, , , , , P28A
1660415836, , 33.2183, -117.3474, 0, 299, 1, P28A, , , , , P28A
1660415836, , 33.2183, -117.3474, 0, 299, 1, P28A, , , , , P28A
1660415836, , 33.2183, -117.3474, 0, 299, 1, P28A, , , , , P28A
1660415836, , 33.2183, -117.3474, 0, 299, 1, P28A, , , , , P28A
1660415836, , 33.2183, -117.3474, 0, 299, 1, P28A, , , , , P28A
1660415872, , 33.2183, -117.3474, 0, 299, 0, P28A, , , , , P28A
1660415872, , 33.2183, -117.3474, 0, 299, 0, P28A, , , , , P28A
1660415872, , 33.2183, -117.3474, 0, 299, 0, P28A, , , , , P28A
1660415872, , 33.2183, -117.3474, 0, 299, 0, P28A, , , , , P28A
1660415872, , 33.2183, -117.3474, 0, 299, 0, P28A, , , , , P28A
1660415872, , 33.2183, -117.3474, 0, 299, 0, P28A, , , , , P28A
1660415872, , 33.2183, -117.3474, 0, 299, 0, P28A, , , , , P28A
1660415872, , 33.2183, -117.3474, 0, 299, 0, P28A, , , , , P28A
1660415872, , 33.2183, -117.3474, 0, 299, 0, P28A, , , , , P28A
1660415872, , 33.2183, -117.3474, 0, 299, 0, P28A, , , , , P28A
1660415872, , 33.2183, -117.3474, 0, 299, 0, P28A, , , , , P28A
1660415872, , 33.2183, -117.3474, 0, 299, 0, P28A, , , , , P28A
1660415872, , 33.2183, -117.3474, 0, 299, 0, P28A, , , , , P28A
1660415872, , 33.2183, -117.3474, 0, 299, 0, P28A, , , , , P28A
1660415872, , 33.2183, -117.3474, 0, 299, 0, P28A, , , , , P28A
1660415907, , 33.2183, -117.3474, 0, 299, 0, P28A, , , , , P28A
1660415907, , 33.2183, -117.3474, 0, 299, 0, P28A, , , , , P28A
1660415907, , 33.2183, -117.3474, 0, 299, 0, P28A, , , , , P28A
1660415907, , 33.2183, -117.3474, 0, 299, 0, P28A, , , , , P28A
1660415907, , 33.2183, -117.3474, 0, 299, 0, P28A, , , , , P28A
1660415907, , 33.2183, -117.3474, 0, 299, 0, P28A, , , , , P28A
1660415907, , 33.2183, -117.3474, 0, 299, 0, P28A, , , , , P28A
1660415907, , 33.2183, -117.3474, 0, 299, 0, P28A, , , , , P28A
1660415907, , 33.2183, -117.3474, 0, 299, 0, P28A, , , , , P28A
1660415907, , 33.2183, -117.3474, 0, 299, 0, P28A, , , , , P28A
1660415907, , 33.2183, -117.3474, 0, 299, 0, P28A, , , , , P28A
1660415907, , 33.2183, -117.3474, 0, 299, 0, P28A, , , , , P28A
1660415937, , 33.2183, -117.3474, 0, 43, 0, P28A, , , , , P28A
1660415937, , 33.2183, -117.3474, 0, 43, 0, P28A, , , , , P28A
1660415937, , 33.2183, -117.3474, 0, 43, 0, P28A, , , , , P28A
1660415937, , 33.2183, -117.3474, 0, 43, 0, P28A, , , , , P28A
1660415937, , 33.2183, -117.3474, 0, 43, 0, P28A, , , , , P28A
1660415937, , 33.2183, -117.3474, 0, 43, 0, P28A, , , , , P28A
1660415937, , 33.2183, -117.3474, 0, 43, 0, P28A, , , , , P28A
1660415937, , 33.2183, -117.3474, 0, 43, 0, P28A, , , , , P28A
1660415937, , 33.2183, -117.3474, 0, 43, 0, P28A, , , , , P28A
1660415937, , 33.2183, -117.3474, 0, 43, 0, P28A, , , , , P28A
1660415937, , 33.2183, -117.3474, 0, 43, 0, P28A, , , , , P28A
1660415937, , 33.2183, -117.3474, 0, 43, 0, P28A, , , , , P28A
1660415937, , 33.2183, -117.3474, 0, 43, 0, P28A, , , , , P28A
1660415937, , 33.2183, -117.3474, 0, 43, 0, P28A, , , , , P28A
1660415967, , 33.2183, -117.3474, 0, 136, 0, P28A, , , , , P28A
1660415967, , 33.2183, -117.3474, 0, 136, 0, P28A, , , , , P28A
1660415967, , 33.2183, -117.3474, 0, 136, 0, P28A, , , , , P28A
1660415967, , 33.2183, -117.3474, 0, 136, 0, P28A, , , , , P28A
1660415977, , 33.2183, -117.3474, 0, 136, 0, P28A, , , , , P28A
1660415977, , 33.2183, -117.3474, 0, 136, 0, P28A, , , , , P28A
1660415977, , 33.2183, -117.3474, 0, 136, 0, P28A, , , , , P28A
1660415977, , 33.2183, -117.3474, 0, 136, 0, P28A, , , , , P28A
1660415977, , 33.2183, -117.3474, 0, 136, 0, P28A, , , , , P28A
1660415977, , 33.2183, -117.3474, 0, 136, 0, P28A, , , , , P28A
1660415977, , 33.2183, -117.3474, 0, 136, 0, P28A, , , , , P28A
1660415977, , 33.2183, -117.3474, 0, 136, 0, P28A, , , , , P28A
1660415977, , 33.2183, -117.3474, 0, 136, 0, P28A, , , , , P28A
1660415977, , 33.2183, -117.3474, 0, 136, 0, P28A, , , , , P28A
1660415977, , 33.2183, -117.3474, 0, 136, 0, P28A, , , , , P28A
1660415977, , 33.2183, -117.3474, 0, 136, 0, P28A, , , , , P28A
1660415977, , 33.2183, -117.3474, 0, 136, 0, P28A, , , , , P28A
1660415977, , 33.2183, -117.3474, 0, 136, 0, P28A, , , , , P28A
1660415977, , 33.2183, -117.3474, 0, 136, 0, P28A, , , , , P28A
1660416012, , 33.2183, -117.3474, 0, 242, 0, P28A, , , , , P28A
1660416012, , 33.2183, -117.3474, 0, 242, 0, P28A, , , , , P28A
1660416012, , 33.2183, -117.3474, 0, 242, 0, P28A, , , , , P28A
1660416012, , 33.2183, -117.3474, 0, 242, 0, P28A, , , , , P28A
1660416012, , 33.2183, -117.3474, 0, 242, 0, P28A, , , , , P28A
1660416012, , 33.2183, -117.3474, 0, 242, 0, P28A, , , , , P28A
1660416022, , 33.2183, -117.3474, 0, 242, 0, P28A, , , , , P28A
1660416022, , 33.2183, -117.3474, 0, 242, 0, P28A, , , , , P28A
1660416022, , 33.2183, -117.3474, 0, 242, 0, P28A, , , , , P28A
1660416022, , 33.2183, -117.3474, 0, 242, 0, P28A, , , , , P28A
1660416022, , 33.2183, -117.3474, 0, 242, 0, P28A, , , , , P28A
1660416022, , 33.2183, -117.3474, 0, 242, 0, P28A, , , , , P28A
1660416022, , 33.2183, -117.3474, 0, 242, 0, P28A, , , , , P28A
1660416022, , 33.2183, -117.3474, 0, 242, 0, P28A, , , , , P28A
1660416022, , 33.2183, -117.3474, 0, 242, 0, P28A, , , , , P28A
1660416022, , 33.2183, -117.3474, 0, 242, 0, P28A, , , , , P28A
1660416022, , 33.2183, -117.3474, 0, 242, 0, P28A, , , , , P28A
1660416022, , 33.2183, -117.3474, 0, 242, 0, P28A, , , , , P28A
1660416022, , 33.2183, -117.3474, 0, 242, 0, P28A, , , , , P28A
1660416022, , 33.2183, -117.3474, 0, 242, 0, P28A, , , , , P28A
1660416022, , 33.2183, -117.3474, 0, 242, 0, P28A, , , , , P28A
1660416022, , 33.2183, -117.3474, 0, 242, 0, P28A, , , , , P28A
1660416022, , 33.2183, -117.3474, 0, 242, 0, P28A, , , , , P28A
1660416022, , 33.2183, -117.3474, 0, 242, 0, P28A, , , , , P28A
1660416022, , 33.2183, -117.3474, 0, 242, 0, P28A, , , , , P28A
1660416022, , 33.2183, -117.3474, 0, 242, 0, P28A, , , , , P28A
1660416022, , 33.2183, -117.3474, 0, 242, 0, P28A, , , , , P28A
1660416022, , 33.2183, -117.3474, 0, 242, 0, P28A, , , , , P28A
1660416022, , 33.2183, -117.3474, 0, 242, 0, P28A, , , , , P28A
1660416022, , 33.2183, -117.3474, 0, 242, 0, P28A, , , , , P28A
1660416022, , 33.2183, -117.3474, 0, 242, 0, P28A, , , , , P28A
1660416022, , 33.2183, -117.3474, 0, 242, 0, P28A, , , , , P28A
1660416022, , 33.2183, -117.3474, 0, 242, 0, P28A, , , , , P28A
1660416022, , 33.2183, -117.3474, 0, 242, 0, P28A, , , , , P28A
1660416022, , 33.2183, -117.3474, 0, 242, 0, P28A, , , , , P28A
1660416022, , 33.2183, -117.3474, 0, 242, 0, P28A, , , , , P28A
1660416022, , 33.2183, -117.3474, 0, 242, 0, P28A, , , , , P28A
1660416022, , 33.2183, -117.3474, 0, 242, 0, P28A, , , , , P28A
1660416022, , 33.2183, -117.3474, 0, 242, 0, P28A, , , , , P28A
1660416022, , 33.2183, -117.3474, 0, 242, 0, P28A, , , , , P28A
1660416022, , 33.2183, -117.3474, 0, 242, 0, P28A, , , , , P28A
1660416022, , 33.2183, -117.3474, 0, 242, 0, P28A, , , , , P28A
1660416022, , 33.2183, -117.3474, 0, 242, 0, P28A, , , , , P28A
1660416115, , 33.217, -117.3574, 300, 254, 70, P28A, , , , , P28A
1660416121, , 33.2165, -117.3591, 300, 249, 71, P28A, , , , , P28A
1660416121, , 33.2165, -117.3591, 300, 249, 71, P28A, , , , , P28A
1660416121, , 33.2165, -117.3591, 300, 249, 71, P28A, , , , , P28A
1660416121, , 33.2165, -117.3591, 300, 249, 71, P28A, , , , , P28A
1660416130, , 33.2154, -117.3637, 400, 257, 72, P28A, , , , , P28A
1660416130, , 33.2154, -117.3637, 400, 257, 72, P28A, , , , , P28A
1660416133, , 33.2151, -117.365, 500, 259, 74, P28A, , , , , P28A
1660416136, , 33.215, -117.3658, 500, 260, 79, P28A, , , , , P28A
1660416136, , 33.215, -117.3658, 500, 260, 79, P28A, , , , , P28A
1660416142, , 33.2146, -117.3685, 500, 261, 85, P28A, , , , , P28A
1660416142, , 33.2146, -117.3685, 500, 261, 85, P28A, , , , , P28A
1660416146, , 33.2143, -117.3709, 500, 258, 86, P28A, , , , , P28A
1660416146, , 33.2143, -117.3709, 500, 258, 86, P28A, , , , , P28A
1660416146, , 33.2143, -117.3709, 500, 258, 86, P28A, , , , , P28A
1660416154, , 33.2133, -117.3744, 500, 242, 84, P28A, , , , , P28A
1660416154, , 33.2133, -117.3744, 500, 242, 84, P28A, , , , , P28A
1660416154, , 33.2133, -117.3744, 500, 242, 84, P28A, , , , , P28A
1660416154, , 33.2133, -117.3744, 500, 242, 84, P28A, , , , , P28A
1660416161, , 33.2116, -117.3771, 600, 228, 82, P28A, , , , , P28A
1660416161, , 33.2116, -117.3771, 600, 228, 82, P28A, , , , , P28A
1660416164, , 33.211, -117.378, 600, 228, 82, P28A, , , , , P28A
1660416167, , 33.2103, -117.3789, 600, 228, 83, P28A, , , , , P28A
1660416167, , 33.2103, -117.3789, 600, 228, 83, P28A, , , , , P28A
1660416172, , 33.209, -117.3807, 700, 227, 84, P28A, , , , , P28A
1660416172, , 33.209, -117.3807, 700, 227, 84, P28A, , , , , P28A
1660416176, , 33.2079, -117.382, 700, 227, 84, P28A, , , , , P28A
1660416176, , 33.2079, -117.382, 700, 227, 84, P28A, , , , , P28A
1660416180, , 33.2068, -117.3834, 700, 226, 84, P28A, , , , , P28A
1660416184, , 33.2056, -117.3849, 800, 225, 85, P28A, , , , , P28A
1660416184, , 33.2056, -117.3849, 800, 225, 85, P28A, , , , , P28A
1660416190, , 33.2038, -117.3871, 800, 225, 87, P28A, , , , , P28A
1660416190, , 33.2038, -117.3871, 800, 225, 87, P28A, , , , , P28A
1660416193, , 33.2029, -117.3881, 800, 225, 87, P28A, , , , , P28A
1660416193, , 33.2029, -117.3881, 800, 225, 87, P28A, , , , , P28A
1660416196, , 33.2021, -117.3891, 900, 225, 86, P28A, , , , , P28A
1660416202, , 33.2008, -117.3909, 900, 229, 82, P28A, , , , , P28A
1660416202, , 33.2008, -117.3909, 900, 229, 82, P28A, , , , , P28A
1660416205, , 33.2, -117.3922, 1000, 240, 79, P28A, , , , , P28A
1660416205, , 33.2, -117.3922, 1000, 240, 79, P28A, , , , , P28A
1660416207, , 33.1997, -117.393, 1000, 246, 79, P28A, , , , , P28A
1660416207, , 33.1997, -117.393, 1000, 246, 79, P28A, , , , , P28A
1660416211, , 33.1994, -117.3943, 1000, 257, 82, P28A, , , , , P28A
1660416216, , 33.1996, -117.3969, 1000, 286, 90, P28A, , , , , P28A
1660416216, , 33.1996, -117.3969, 1000, 286, 90, P28A, , , , , P28A
1660416219, , 33.2, -117.3983, 1000, 292, 92, P28A, , , , , P28A
1660416219, , 33.2, -117.3983, 1000, 292, 92, P28A, , , , , P28A
1660416224, , 33.201, -117.4005, 1100, 300, 87, P28A, , , , , P28A
1660416224, , 33.201, -117.4005, 1100, 300, 87, P28A, , , , , P28A
1660416228, , 33.202, -117.4024, 1100, 300, 87, P28A, , , , , P28A
1660416233, , 33.2031, -117.4045, 1200, 300, 88, P28A, , , , , P28A
1660416233, , 33.2031, -117.4045, 1200, 300, 88, P28A, , , , , P28A
1660416236, , 33.2036, -117.4056, 1200, 300, 90, P28A, , , , , P28A
1660416236, , 33.2036, -117.4056, 1200, 300, 90, P28A, , , , , P28A
1660416242, , 33.2049, -117.4084, 1200, 299, 93, P28A, , , , , P28A
1660416242, , 33.2049, -117.4084, 1200, 299, 93, P28A, , , , , P28A
1660416245, , 33.2056, -117.4097, 1200, 299, 94, P28A, , , , , P28A
1660416248, , 33.206, -117.4106, 1200, 299, 92, P28A, , , , , P28A
1660416248, , 33.206, -117.4106, 1200, 299, 92, P28A, , , , , P28A
1660416251, , 33.2068, -117.4123, 1300, 298, 91, P28A, , , , , P28A
1660416251, , 33.2068, -117.4123, 1300, 298, 91, P28A, , , , , P28A
1660416257, , 33.208, -117.415, 1300, 299, 89, P28A, , , , , P28A
1660416257, , 33.208, -117.415, 1300, 299, 89, P28A, , , , , P28A
1660416260, , 33.2087, -117.4164, 1400, 299, 90, P28A, , , , , P28A
1660416263, , 33.2094, -117.4178, 1400, 299, 90, P28A, , , , , P28A
1660416263, , 33.2094, -117.4178, 1400, 299, 90, P28A, , , , , P28A
1660416269, , 33.2105, -117.4199, 1400, 300, 90, P28A, , , , , P28A
1660416269, , 33.2105, -117.4199, 1400, 300, 90, P28A, , , , , P28A
1660416272, , 33.2112, -117.4214, 1400, 300, 90, P28A, , , , , P28A
1660416272, , 33.2112, -117.4214, 1400, 300, 90, P28A, , , , , P28A
1660416275, , 33.2119, -117.4228, 1500, 300, 90, P28A, , , , , P28A
1660416278, , 33.2123, -117.4236, 1500, 301, 90, P28A, , , , , P28A
1660416278, , 33.2123, -117.4236, 1500, 301, 90, P28A, , , , , P28A
1660416286, , 33.2141, -117.4273, 1500, 300, 89, P28A, , , , , P28A
1660416286, , 33.2141, -117.4273, 1500, 300, 89, P28A, , , , , P28A
1660416286, , 33.2141, -117.4273, 1500, 300, 89, P28A, , , , , P28A
1660416291, , 33.2153, -117.4297, 1600, 300, 89, P28A, , , , , P28A
1660416291, , 33.2153, -117.4297, 1600, 300, 89, P28A, , , , , P28A
1660416297, , 33.2163, -117.4317, 1600, 298, 86, P28A, , , , , P28A
1660416297, , 33.2163, -117.4317, 1600, 298, 86, P28A, , , , , P28A
1660416301, , 33.2173, -117.4338, 1700, 299, 85, P28A, , , , , P28A
1660416301, , 33.2173, -117.4338, 1700, 299, 85, P28A, , , , , P28A
1660416305, , 33.2177, -117.4346, 1700, 300, 89, P28A, , , , , P28A
1660416309, , 33.2191, -117.4373, 1700, 301, 92, P28A, , , , , P28A
1660416309, , 33.2191, -117.4373, 1700, 301, 92, P28A, , , , , P28A
1660416313, , 33.2199, -117.4389, 1700, 301, 96, P28A, , , , , P28A
1660416313, , 33.2199, -117.4389, 1700, 301, 96, P28A, , , , , P28A
1660416317, , 33.2209, -117.4408, 1700, 302, 98, P28A, , , , , P28A
1660416317, , 33.2209, -117.4408, 1700, 302, 98, P28A, , , , , P28A
1660416321, , 33.2212, -117.4414, 1700, 303, 98, P28A, , , , , P28A
1660416325, , 33.2222, -117.4432, 1800, 303, 98, P28A, , , , , P28A
1660416325, , 33.2222, -117.4432, 1800, 303, 98, P28A, , , , , P28A
1660416329, , 33.2235, -117.4455, 1800, 303, 93, P28A, , , , , P28A
1660416329, , 33.2235, -117.4455, 1800, 303, 93, P28A, , , , , P28A
1660416333, , 33.2247, -117.4477, 1800, 304, 94, P28A, , , , , P28A
1660416333, , 33.2247, -117.4477, 1800, 304, 94, P28A, , , , , P28A
1660416338, , 33.2259, -117.4498, 1900, 304, 96, P28A, , , , , P28A
1660416342, , 33.227, -117.4517, 1900, 305, 97, P28A, , , , , P28A
1660416342, , 33.227, -117.4517, 1900, 305, 97, P28A, , , , , P28A
1660416342, , 33.227, -117.4517, 1900, 305, 97, P28A, , , , , P28A
1660416342, , 33.227, -117.4517, 1900, 305, 97, P28A, , , , , P28A
1660416350, , 33.2293, -117.4548, 1900, 313, 97, P28A, , , , , P28A
1660416350, , 33.2293, -117.4548, 1900, 313, 97, P28A, , , , , P28A
1660416352, , 33.2303, -117.4559, 1900, 320, 100, P28A, , , , , P28A
1660416355, , 33.2314, -117.4569, 1900, 324, 101, P28A, , , , , P28A
1660416355, , 33.2314, -117.4569, 1900, 324, 101, P28A, , , , , P28A
1660416361, , 33.2336, -117.4587, 1900, 325, 102, P28A, , , , , P28A
1660416361, , 33.2336, -117.4587, 1900, 325, 102, P28A, , , , , P28A
1660416364, , 33.2349, -117.4597, 2000, 326, 102, P28A, , , , , P28A
1660416364, , 33.2349, -117.4597, 2000, 326, 102, P28A, , , , , P28A
1660416368, , 33.2362, -117.4607, 2000, 326, 102, P28A, , , , , P28A
1660416373, , 33.2383, -117.4624, 2100, 328, 101, P28A, , , , , P28A
1660416373, , 33.2383, -117.4624, 2100, 328, 101, P28A, , , , , P28A
1660416377, , 33.2397, -117.4633, 2100, 328, 102, P28A, , , , , P28A
1660416377, , 33.2397, -117.4633, 2100, 328, 102, P28A, , , , , P28A
1660416382, , 33.2415, -117.4647, 2100, 327, 106, P28A, , , , , P28A
1660416382, , 33.2415, -117.4647, 2100, 327, 106, P28A, , , , , P28A
1660416386, , 33.2436, -117.4664, 2100, 325, 106, P28A, , , , , P28A
1660416386, , 33.2436, -117.4664, 2100, 325, 106, P28A, , , , , P28A
1660416386, , 33.2436, -117.4664, 2100, 325, 106, P28A, , , , , P28A
1660416393, , 33.2464, -117.4686, 2200, 326, 103, P28A, , , , , P28A
1660416393, , 33.2464, -117.4686, 2200, 326, 103, P28A, , , , , P28A
1660416397, , 33.2481, -117.4699, 2300, 326, 101, P28A, , , , , P28A
1660416397, , 33.2481, -117.4699, 2300, 326, 101, P28A, , , , , P28A
1660416401, , 33.2495, -117.4711, 2300, 325, 105, P28A, , , , , P28A
1660416405, , 33.2511, -117.4724, 2300, 326, 107, P28A, , , , , P28A
1660416405, , 33.2511, -117.4724, 2300, 326, 107, P28A, , , , , P28A
1660416408, , 33.2523, -117.4733, 2300, 326, 107, P28A, , , , , P28A
1660416408, , 33.2523, -117.4733, 2300, 326, 107, P28A, , , , , P28A
1660416414, , 33.2548, -117.4753, 2300, 326, 107, P28A, , , , , P28A
1660416414, , 33.2548, -117.4753, 2300, 326, 107, P28A, , , , , P28A
1660416417, , 33.2562, -117.4765, 2400, 325, 108, P28A, , , , , P28A
1660416420, , 33.2573, -117.4773, 2400, 325, 108, P28A, , , , , P28A
1660416420, , 33.2573, -117.4773, 2400, 325, 108, P28A, , , , , P28A
1660416426, , 33.2599, -117.4794, 2400, 326, 109, P28A, , , , , P28A
1660416426, , 33.2599, -117.4794, 2400, 326, 109, P28A, , , , , P28A
1660416428, , 33.2609, -117.4801, 2500, 327, 108, P28A, , , , , P28A
1660416428, , 33.2609, -117.4801, 2500, 327, 108, P28A, , , , , P28A
1660416432, , 33.2624, -117.4813, 2500, 327, 107, P28A, , , , , P28A
1660416437, , 33.2648, -117.4833, 2500, 324, 106, P28A, , , , , P28A
1660416437, , 33.2648, -117.4833, 2500, 324, 106, P28A, , , , , P28A
1660416441, , 33.2661, -117.4843, 2600, 324, 106, P28A, , , , , P28A
1660416441, , 33.2661, -117.4843, 2600, 324, 106, P28A, , , , , P28A
1660416444, , 33.2672, -117.4853, 2600, 323, 106, P28A, , , , , P28A
1660416444, , 33.2672, -117.4853, 2600, 323, 106, P28A, , , , , P28A
1660416449, , 33.2696, -117.4874, 2600, 323, 107, P28A, , , , , P28A
1660416453, , 33.271, -117.4886, 2700, 324, 107, P28A, , , , , P28A
1660416453, , 33.271, -117.4886, 2700, 324, 107, P28A, , , , , P28A
1660416456, , 33.272, -117.4894, 2700, 324, 107, P28A, , , , , P28A
1660416456, , 33.272, -117.4894, 2700, 324, 107, P28A, , , , , P28A
1660416461, , 33.2744, -117.4915, 2700, 323, 106, P28A, , , , , P28A
1660416461, , 33.2744, -117.4915, 2700, 323, 106, P28A, , , , , P28A
1660416465, , 33.2756, -117.4926, 2800, 323, 106, P28A, , , , , P28A
1660416468, , 33.277, -117.4938, 2800, 323, 106, P28A, , , , , P28A
1660416468, , 33.277, -117.4938, 2800, 323, 106, P28A, , , , , P28A
1660416474, , 33.2793, -117.4959, 2800, 323, 108, P28A, , , , , P28A
1660416474, , 33.2793, -117.4959, 2800, 323, 108, P28A, , , , , P28A
1660416477, , 33.2805, -117.497, 2800, 324, 107, P28A, , , , , P28A
1660416477, , 33.2805, -117.497, 2800, 324, 107, P28A, , , , , P28A
1660416480, , 33.2817, -117.498, 2900, 323, 106, P28A, , , , , P28A
1660416484, , 33.2836, -117.4997, 2900, 323, 105, P28A, , , , , P28A
1660416484, , 33.2836, -117.4997, 2900, 323, 105, P28A, , , , , P28A
1660416489, , 33.285, -117.5009, 2900, 322, 104, P28A, , , , , P28A
1660416489, , 33.285, -117.5009, 2900, 322, 104, P28A, , , , , P28A
1660416493, , 33.2867, -117.5025, 3000, 321, 105, P28A, , , , , P28A
1660416493, , 33.2867, -117.5025, 3000, 321, 105, P28A, , , , , P28A
1660416497, , 33.2885, -117.5043, 3000, 319, 105, P28A, , , , , P28A
1660416500, , 33.2895, -117.5053, 3000, 320, 106, P28A, , , , , P28A
1660416500, , 33.2895, -117.5053, 3000, 320, 106, P28A, , , , , P28A
1660416504, , 33.2911, -117.5069, 3000, 321, 106, P28A, , , , , P28A
1660416504, , 33.2911, -117.5069, 3000, 321, 106, P28A, , , , , P28A
1660416509, , 33.2923, -117.5081, 3100, 320, 106, P28A, , , , , P28A
1660416509, , 33.2923, -117.5081, 3100, 320, 106, P28A, , , , , P28A
1660416513, , 33.2944, -117.5101, 3100, 318, 106, P28A, , , , , P28A
1660416516, , 33.2955, -117.5113, 3100, 318, 106, P28A, , , , , P28A
1660416516, , 33.2955, -117.5113, 3100, 318, 106, P28A, , , , , P28A
1660416520, , 33.2962, -117.5121, 3200, 317, 106, P28A, , , , , P28A
1660416520, , 33.2962, -117.5121, 3200, 317, 106, P28A, , , , , P28A
1660416523, , 33.298, -117.514, 3200, 318, 106, P28A, , , , , P28A
1660416523, , 33.298, -117.514, 3200, 318, 106, P28A, , , , , P28A
1660416530, , 33.3006, -117.5167, 3200, 317, 105, P28A, , , , , P28A
1660416533, , 33.3018, -117.518, 3300, 317, 105, P28A, , , , , P28A
1660416533, , 33.3018, -117.518, 3300, 317, 105, P28A, , , , , P28A
1660416536, , 33.3027, -117.5191, 3300, 317, 106, P28A, , , , , P28A
1660416536, , 33.3027, -117.5191, 3300, 317, 106, P28A, , , , , P28A
1660416542, , 33.3049, -117.5215, 3300, 316, 106, P28A, , , , , P28A
1660416542, , 33.3049, -117.5215, 3300, 316, 106, P28A, , , , , P28A
1660416545, , 33.3061, -117.5228, 3300, 316, 106, P28A, , , , , P28A
1660416548, , 33.3067, -117.5236, 3400, 316, 106, P28A, , , , , P28A
1660416548, , 33.3067, -117.5236, 3400, 316, 106, P28A, , , , , P28A
1660416554, , 33.3093, -117.5265, 3400, 316, 105, P28A, , , , , P28A
1660416554, , 33.3093, -117.5265, 3400, 316, 105, P28A, , , , , P28A
1660416557, , 33.3104, -117.5278, 3400, 315, 105, P28A, , , , , P28A
1660416557, , 33.3104, -117.5278, 3400, 315, 105, P28A, , , , , P28A
1660416560, , 33.3114, -117.529, 3500, 314, 105, P28A, , , , , P28A
1660416566, , 33.313, -117.5308, 3500, 315, 105, P28A, , , , , P28A
1660416566, , 33.313, -117.5308, 3500, 315, 105, P28A, , , , , P28A
1660416569, , 33.3145, -117.5326, 3500, 316, 105, P28A, , , , , P28A
1660416569, , 33.3145, -117.5326, 3500, 316, 105, P28A, , , , , P28A
1660416572, , 33.3157, -117.5339, 3500, 317, 105, P28A, , , , , P28A
1660416572, , 33.3157, -117.5339, 3500, 317, 105, P28A, , , , , P28A
1660416578, , 33.3179, -117.5362, 3600, 321, 104, P28A, , , , , P28A
1660416581, , 33.3191, -117.5373, 3600, 321, 104, P28A, , , , , P28A
1660416581, , 33.3191, -117.5373, 3600, 321, 104, P28A, , , , , P28A
1660416584, , 33.3202, -117.5383, 3600, 321, 104, P28A, , , , , P28A
1660416584, , 33.3202, -117.5383, 3600, 321, 104, P28A, , , , , P28A
1660416587, , 33.3213, -117.5394, 3700, 321, 105, P28A, , , , , P28A
1660416587, , 33.3213, -117.5394, 3700, 321, 105, P28A, , , , , P28A
1660416593, , 33.3237, -117.5415, 3700, 322, 106, P28A, , , , , P28A
1660416593, , 33.3237, -117.5415, 3700, 322, 106, P28A, , , , , P28A
1660416596, , 33.3248, -117.5426, 3700, 322, 106, P28A, , , , , P28A
1660416599, , 33.326, -117.5437, 3700, 322, 106, P28A, , , , , P28A
1660416599, , 33.326, -117.5437, 3700, 322, 106, P28A, , , , , P28A
1660416605, , 33.3283, -117.5459, 3800, 321, 105, P28A, , , , , P28A
1660416605, , 33.3283, -117.5459, 3800, 321, 105, P28A, , , , , P28A
1660416608, , 33.3294, -117.5468, 3800, 321, 105, P28A, , , , , P28A
1660416608, , 33.3294, -117.5468, 3800, 321, 105, P28A, , , , , P28A
