//Timestamp, ICAO, Latitude_deg, Longitude_deg, Altitude_ft, Heading_deg, GroundSpeed_kts, AircraftType, RegistrationNum, Departure, Arrival, FlightNumber1, FlightNumber2
1660404574, , 33.2166, -117.3587, 300, 248, 93, P750, , , , , P750
1660404574, , 33.2166, -117.3587, 300, 248, 93, P750, , , , , P750
1660404574, , 33.2166, -117.3587, 300, 248, 93, P750, , , , , P750
1660404579, , 33.2156, -117.3612, 475, 246, 92, P750, , , , , P750
1660404579, , 33.2156, -117.3612, 475, 246, 92, P750, , , , , P750
1660404586, , 33.2149, -117.3646, 675, 263, 91, P750, , , , , P750
1660404586, , 33.2149, -117.3646, 675, 263, 91, P750, , , , , P750
1660404589, , 33.2149, -117.3648, 750, 270, 92, P750, , , , , P750
1660404589, , 33.2149, -117.3648, 750, 270, 92, P750, , , , , P750
1660404592, , 33.2149, -117.3676, 850, 271, 93, P750, , , , , P750
1660404598, , 33.2149, -117.3707, 1000, 266, 93, P750, , , , , P750
1660404598, , 33.2149, -117.3707, 1000, 266, 93, P750, , , , , P750
1660404601, , 33.2146, -117.3722, 1100, 256, 93, P750, , , , , P750
1660404601, , 33.2146, -117.3722, 1100, 256, 93, P750, , , , , P750
1660404603, , 33.2143, -117.3734, 1150, 250, 94, P750, , , , , P750
1660404603, , 33.2143, -117.3734, 1150, 250, 94, P750, , , , , P750
1660404610, , 33.2129, -117.3765, 1300, 236, 95, P750, , , , , P750
1660404613, , 33.2121, -117.3778, 1400, 236, 95, P750, , , , , P750
1660404617, , 33.2113, -117.3794, 1450, 237, 97, P750, , , , , P750
1660404617, , 33.2113, -117.3794, 1450, 237, 97, P750, , , , , P750
1660404619, , 33.2108, -117.3802, 1500, 237, 99, P750, , , , , P750
1660404619, , 33.2108, -117.3802, 1500, 237, 99, P750, , , , , P750
1660404622, , 33.2099, -117.3819, 1550, 237, 99, P750, , , , , P750
1660404622, , 33.2099, -117.3819, 1550, 237, 99, P750, , , , , P750
1660404630, , 33.2082, -117.3853, 1775, 240, 98, P750, , , , , P750
1660404634, , 33.2073, -117.3873, 1900, 240, 97, P750, , , , , P750
1660404634, , 33.2073, -117.3873, 1900, 240, 97, P750, , , , , P750
1660404638, , 33.2065, -117.3891, 2075, 243, 91, P750, , , , , P750
1660404638, , 33.2065, -117.3891, 2075, 243, 91, P750, , , , , P750
1660404640, , 33.2063, -117.3896, 2150, 250, 91, P750, , , , , P750
1660404640, , 33.2063, -117.3896, 2150, 250, 91, P750, , , , , P750
1660404644, , 33.2059, -117.3921, 2250, 263, 90, P750, , , , , P750
1660404650, , 33.2064, -117.3951, 2400, 282, 91, P750, , , , , P750
1660404650, , 33.2064, -117.3951, 2400, 282, 91, P750, , , , , P750
1660404653, , 33.207, -117.3965, 2475, 302, 96, P750, , , , , P750
1660404653, , 33.207, -117.3965, 2475, 302, 96, P750, , , , , P750
1660404656, , 33.2075, -117.3973, 2525, 312, 98, P750, , , , , P750
1660404656, , 33.2075, -117.3973, 2525, 312, 98, P750, , , , , P750
1660404660, , 33.2093, -117.399, 2650, 320, 99, P750, , , , , P750
1660404660, , 33.2093, -117.399, 2650, 320, 99, P750, , , , , P750
1660404664, , 33.2113, -117.3998, 2750, 346, 99, P750, , , , , P750
1660404667, , 33.2125, -117.3999, 2825, 356, 100, P750, , , , , P750
1660404667, , 33.2125, -117.3999, 2825, 356, 100, P750, , , , , P750
1660404673, , 33.2155, -117.3991, 2975, 23, 103, P750, , , , , P750
1660404673, , 33.2155, -117.3991, 2975, 23, 103, P750, , , , , P750
1660404676, , 33.2165, -117.3983, 3000, 30, 105, P750, , , , , P750
1660404676, , 33.2165, -117.3983, 3000, 30, 105, P750, , , , , P750
1660404681, , 33.2183, -117.3967, 3125, 42, 106, P750, , , , , P750
1660404685, , 33.2194, -117.3949, 3225, 54, 102, P750, , , , , P750
1660404685, , 33.2194, -117.3949, 3225, 54, 102, P750, , , , , P750
1660404689, , 33.2204, -117.393, 3325, 61, 96, P750, , , , , P750
1660404689, , 33.2204, -117.393, 3325, 61, 96, P750, , , , , P750
1660404692, , 33.2212, -117.3912, 3475, 62, 93, P750, , , , , P750
1660404692, , 33.2212, -117.3912, 3475, 62, 93, P750, , , , , P750
1660404696, , 33.2218, -117.3897, 3600, 63, 91, P750, , , , , P750
1660404701, , 33.2228, -117.3873, 3700, 63, 94, P750, , , , , P750
1660404701, , 33.2228, -117.3873, 3700, 63, 94, P750, , , , , P750
1660404705, , 33.2236, -117.3853, 3750, 64, 99, P750, , , , , P750
1660404705, , 33.2236, -117.3853, 3750, 64, 99, P750, , , , , P750
1660404709, , 33.2244, -117.3832, 3825, 66, 101, P750, , , , , P750
1660404709, , 33.2244, -117.3832, 3825, 66, 101, P750, , , , , P750
1660404713, , 33.225, -117.3814, 3925, 66, 101, P750, , , , , P750
1660404715, , 33.2256, -117.3799, 4000, 66, 101, P750, , , , , P750
1660404715, , 33.2256, -117.3799, 4000, 66, 101, P750, , , , , P750
1660404718, , 33.2261, -117.3785, 4075, 66, 99, P750, , , , , P750
1660404718, , 33.2261, -117.3785, 4075, 66, 99, P750, , , , , P750
1660404724, , 33.2272, -117.3754, 4250, 67, 97, P750, , , , , P750
1660404724, , 33.2272, -117.3754, 4250, 67, 97, P750, , , , , P750
1660404728, , 33.2276, -117.374, 4300, 67, 97, P750, , , , , P750
1660404734, , 33.2288, -117.3706, 4450, 68, 99, P750, , , , , P750
1660404734, , 33.2288, -117.3706, 4450, 68, 99, P750, , , , , P750
1660404736, , 33.2288, -117.3703, 4475, 69, 100, P750, , , , , P750
1660404736, , 33.2288, -117.3703, 4475, 69, 100, P750, , , , , P750
1660404740, , 33.2297, -117.3677, 4550, 70, 101, P750, , , , , P750
1660404740, , 33.2297, -117.3677, 4550, 70, 101, P750, , , , , P750
1660404744, , 33.2302, -117.3657, 4650, 71, 102, P750, , , , , P750
1660404748, , 33.2309, -117.3633, 4750, 72, 101, P750, , , , , P750
1660404748, , 33.2309, -117.3633, 4750, 72, 101, P750, , , , , P750
1660404754, , 33.2317, -117.3602, 4875, 72, 101, P750, , , , , P750
1660404754, , 33.2317, -117.3602, 4875, 72, 101, P750, , , , , P750
1660404757, , 33.2321, -117.3585, 4950, 71, 102, P750, , , , , P750
1660404757, , 33.2321, -117.3585, 4950, 71, 102, P750, , , , , P750
1660404760, , 33.2326, -117.3569, 5025, 70, 101, P750, , , , , P750
1660404760, , 33.2326, -117.3569, 5025, 70, 101, P750, , , , , P750
1660404766, , 33.2336, -117.3538, 5150, 70, 101, P750, , , , , P750
1660404769, , 33.2341, -117.352, 5225, 71, 101, P750, , , , , P750
1660404769, , 33.2341, -117.352, 5225, 71, 101, P750, , , , , P750
1660404772, , 33.2345, -117.3505, 5300, 71, 102, P750, , , , , P750
1660404772, , 33.2345, -117.3505, 5300, 71, 102, P750, , , , , P750
1660404778, , 33.2354, -117.3472, 5400, 73, 104, P750, , , , , P750
1660404778, , 33.2354, -117.3472, 5400, 73, 104, P750, , , , , P750
1660404781, , 33.2358, -117.3453, 5475, 73, 105, P750, , , , , P750
1660404784, , 33.2362, -117.3438, 5550, 74, 105, P750, , , , , P750
1660404784, , 33.2362, -117.3438, 5550, 74, 105, P750, , , , , P750
1660404790, , 33.2369, -117.3404, 5675, 76, 105, P750, , , , , P750
1660404790, , 33.2369, -117.3404, 5675, 76, 105, P750, , , , , P750
1660404793, , 33.2372, -117.339, 5750, 76, 104, P750, , , , , P750
1660404796, , 33.2376, -117.3368, 5825, 77, 103, P750, , , , , P750
1660404796, , 33.2376, -117.3368, 5825, 77, 103, P750, , , , , P750
1660404802, , 33.238, -117.3338, 5950, 81, 102, P750, , , , , P750
1660404802, , 33.238, -117.3338, 5950, 81, 102, P750, , , , , P750
1660404805, , 33.2381, -117.3329, 6000, 81, 103, P750, , , , , P750
1660404805, , 33.2381, -117.3329, 6000, 81, 103, P750, , , , , P750
1660404808, , 33.2384, -117.3306, 6075, 82, 104, P750, , , , , P750
1660404808, , 33.2384, -117.3306, 6075, 82, 104, P750, , , , , P750
1660404812, , 33.2387, -117.328, 6150, 82, 105, P750, , , , , P750
1660404818, , 33.2391, -117.3248, 6300, 81, 105, P750, , , , , P750
1660404818, , 33.2391, -117.3248, 6300, 81, 105, P750, , , , , P750
1660404821, , 33.2394, -117.3228, 6350, 78, 104, P750, , , , , P750
1660404821, , 33.2394, -117.3228, 6350, 78, 104, P750, , , , , P750
1660404824, , 33.2396, -117.3213, 6400, 75, 103, P750, , , , , P750
1660404824, , 33.2396, -117.3213, 6400, 75, 103, P750, , , , , P750
1660404830, , 33.2404, -117.3181, 6550, 72, 102, P750, , , , , P750
1660404832, , 33.2409, -117.3164, 6625, 72, 102, P750, , , , , P750
1660404832, , 33.2409, -117.3164, 6625, 72, 102, P750, , , , , P750
1660404836, , 33.2413, -117.3148, 6675, 72, 104, P750, , , , , P750
1660404836, , 33.2413, -117.3148, 6675, 72, 104, P750, , , , , P750
1660404842, , 33.2422, -117.3116, 6800, 72, 104, P750, , , , , P750
1660404842, , 33.2422, -117.3116, 6800, 72, 104, P750, , , , , P750
1660404844, , 33.2426, -117.3099, 6850, 72, 105, P750, , , , , P750
1660404848, , 33.2431, -117.3081, 6925, 71, 105, P750, , , , , P750
1660404848, , 33.2431, -117.3081, 6925, 71, 105, P750, , , , , P750
1660404853, , 33.2439, -117.3052, 7050, 71, 103, P750, , , , , P750
1660404853, , 33.2439, -117.3052, 7050, 71, 103, P750, , , , , P750
1660404857, , 33.2445, -117.3032, 7150, 70, 103, P750, , , , , P750
1660404857, , 33.2445, -117.3032, 7150, 70, 103, P750, , , , , P750
1660404860, , 33.245, -117.3014, 7175, 71, 104, P750, , , , , P750
1660404866, , 33.2459, -117.2983, 7325, 71, 105, P750, , , , , P750
1660404866, , 33.2459, -117.2983, 7325, 71, 105, P750, , , , , P750
1660404869, , 33.2463, -117.2969, 7350, 72, 105, P750, , , , , P750
1660404869, , 33.2463, -117.2969, 7350, 72, 105, P750, , , , , P750
1660404873, , 33.2471, -117.2939, 7475, 74, 106, P750, , , , , P750
1660404873, , 33.2471, -117.2939, 7475, 74, 106, P750, , , , , P750
1660404877, , 33.2474, -117.2922, 7550, 75, 105, P750, , , , , P750
1660404877, , 33.2474, -117.2922, 7550, 75, 105, P750, , , , , P750
1660404880, , 33.2477, -117.2908, 7600, 77, 103, P750, , , , , P750
1660404885, , 33.2482, -117.2875, 7725, 81, 103, P750, , , , , P750
1660404885, , 33.2482, -117.2875, 7725, 81, 103, P750, , , , , P750
1660404888, , 33.2484, -117.2858, 7800, 82, 102, P750, , , , , P750
1660404888, , 33.2484, -117.2858, 7800, 82, 102, P750, , , , , P750
1660404892, , 33.2486, -117.2838, 7850, 83, 103, P750, , , , , P750
1660404892, , 33.2486, -117.2838, 7850, 83, 103, P750, , , , , P750
1660404898, , 33.2488, -117.2801, 7950, 86, 106, P750, , , , , P750
1660404901, , 33.2489, -117.2794, 8000, 86, 107, P750, , , , , P750
1660404901, , 33.2489, -117.2794, 8000, 86, 107, P750, , , , , P750
1660404904, , 33.249, -117.2766, 8075, 87, 107, P750, , , , , P750
1660404904, , 33.249, -117.2766, 8075, 87, 107, P750, , , , , P750
1660404909, , 33.2492, -117.2734, 8175, 85, 106, P750, , , , , P750
1660404913, , 33.2493, -117.2713, 8275, 84, 106, P750, , , , , P750
1660404913, , 33.2493, -117.2713, 8275, 84, 106, P750, , , , , P750
1660404916, , 33.2495, -117.2695, 8325, 84, 106, P750, , , , , P750
1660404916, , 33.2495, -117.2695, 8325, 84, 106, P750, , , , , P750
1660404922, , 33.2497, -117.2663, 8425, 84, 108, P750, , , , , P750
1660404922, , 33.2497, -117.2663, 8425, 84, 108, P750, , , , , P750
1660404925, , 33.2499, -117.2642, 8475, 84, 108, P750, , , , , P750
1660404927, , 33.25, -117.2629, 8550, 85, 109, P750, , , , , P750
1660404927, , 33.25, -117.2629, 8550, 85, 109, P750, , , , , P750
1660404934, , 33.2502, -117.2593, 8650, 86, 109, P750, , , , , P750
1660404934, , 33.2502, -117.2593, 8650, 86, 109, P750, , , , , P750
1660404936, , 33.2503, -117.258, 8725, 90, 109, P750, , , , , P750
1660404936, , 33.2503, -117.258, 8725, 90, 109, P750, , , , , P750
1660404940, , 33.25, -117.2552, 8775, 102, 108, P750, , , , , P750
1660404945, , 33.249, -117.2527, 8875, 118, 107, P750, , , , , P750
1660404945, , 33.249, -117.2527, 8875, 118, 107, P750, , , , , P750
1660404949, , 33.2475, -117.251, 8925, 145, 106, P750, , , , , P750
1660404949, , 33.2475, -117.251, 8925, 145, 106, P750, , , , , P750
1660404952, , 33.2464, -117.2504, 9000, 159, 105, P750, , , , , P750
1660404952, , 33.2464, -117.2504, 9000, 159, 105, P750, , , , , P750
1660404957, , 33.2435, -117.25, 9075, 183, 104, P750, , , , , P750
1660404961, , 33.2418, -117.2507, 9150, 201, 102, P750, , , , , P750
1660404961, , 33.2418, -117.2507, 9150, 201, 102, P750, , , , , P750
1660404964, , 33.2407, -117.2515, 9175, 205, 102, P750, , , , , P750
1660404964, , 33.2407, -117.2515, 9175, 205, 102, P750, , , , , P750
1660404970, , 33.2384, -117.2539, 9250, 226, 108, P750, , , , , P750
1660404970, , 33.2384, -117.2539, 9250, 226, 108, P750, , , , , P750
1660404973, , 33.2374, -117.2553, 9300, 229, 107, P750, , , , , P750
1660404973, , 33.2374, -117.2553, 9300, 229, 107, P750, , , , , P750
1660404976, , 33.2367, -117.2565, 9375, 232, 105, P750, , , , , P750
1660404982, , 33.235, -117.2595, 9525, 239, 102, P750, , , , , P750
1660404982, , 33.235, -117.2595, 9525, 239, 102, P750, , , , , P750
1660404983, , 33.2347, -117.2603, 9550, 239, 102, P750, , , , , P750
1660404983, , 33.2347, -117.2603, 9550, 239, 102, P750, , , , , P750
1660404990, , 33.2339, -117.2629, 9675, 256, 101, P750, , , , , P750
1660404990, , 33.2339, -117.2629, 9675, 256, 101, P750, , , , , P750
1660404993, , 33.2336, -117.265, 9700, 259, 103, P750, , , , , P750
1660404995, , 33.2333, -117.2669, 9750, 262, 103, P750, , , , , P750
1660404995, , 33.2333, -117.2669, 9750, 262, 103, P750, , , , , P750
1660405002, , 33.233, -117.2706, 9850, 264, 109, P750, , , , , P750
1660405002, , 33.233, -117.2706, 9850, 264, 109, P750, , , , , P750
1660405004, , 33.2329, -117.2722, 9875, 262, 111, P750, , , , , P750
1660405004, , 33.2329, -117.2722, 9875, 262, 111, P750, , , , , P750
1660405007, , 33.2326, -117.2738, 9900, 260, 112, P750, , , , , P750
1660405014, , 33.2319, -117.2777, 10025, 254, 111, P750, , , , , P750
1660405014, , 33.2319, -117.2777, 10025, 254, 111, P750, , , , , P750
1660405017, , 33.2315, -117.2792, 10100, 253, 110, P750, , , , , P750
1660405017, , 33.2315, -117.2792, 10100, 253, 110, P750, , , , , P750
1660405019, , 33.2312, -117.2805, 10150, 253, 109, P750, , , , , P750
1660405019, , 33.2312, -117.2805, 10150, 253, 109, P750, , , , , P750
1660405024, , 33.2303, -117.2841, 10275, 254, 105, P750, , , , , P750
1660405028, , 33.2299, -117.2861, 10375, 255, 102, P750, , , , , P750
1660405028, , 33.2299, -117.2861, 10375, 255, 102, P750, , , , , P750
1660405031, , 33.2296, -117.2877, 10475, 259, 99, P750, , , , , P750
1660405031, , 33.2296, -117.2877, 10475, 259, 99, P750, , , , , P750
1660405037, , 33.2292, -117.2912, 10575, 262, 100, P750, , , , , P750
1660405037, , 33.2292, -117.2912, 10575, 262, 100, P750, , , , , P750
1660405040, , 33.229, -117.2926, 10625, 262, 102, P750, , , , , P750
1660405040, , 33.229, -117.2926, 10625, 262, 102, P750, , , , , P750
1660405043, , 33.2288, -117.2945, 10650, 261, 104, P750, , , , , P750
1660405049, , 33.2283, -117.2977, 10750, 259, 105, P750, , , , , P750
1660405049, , 33.2283, -117.2977, 10750, 259, 105, P750, , , , , P750
1660405053, , 33.228, -117.2998, 10800, 259, 105, P750, , , , , P750
1660405053, , 33.228, -117.2998, 10800, 259, 105, P750, , , , , P750
1660405058, , 33.2276, -117.3027, 10900, 260, 108, P750, , , , , P750
1660405058, , 33.2276, -117.3027, 10900, 260, 108, P750, , , , , P750
1660405060, , 33.2273, -117.3045, 10900, 260, 113, P750, , , , , P750
1660405064, , 33.2271, -117.3065, 10900, 261, 116, P750, , , , , P750
1660405064, , 33.2271, -117.3065, 10900, 261, 116, P750, , , , , P750
1660405070, , 33.2266, -117.3103, 10925, 262, 119, P750, , , , , P750
1660405070, , 33.2266, -117.3103, 10925, 262, 119, P750, , , , , P750
1660405072, , 33.2265, -117.3109, 10925, 263, 120, P750, , , , , P750
1660405076, , 33.2262, -117.3143, 10925, 264, 120, P750, , , , , P750
1660405076, , 33.2262, -117.3143, 10925, 264, 120, P750, , , , , P750
1660405081, , 33.226, -117.3178, 10950, 265, 112, P750, , , , , P750
1660405081, , 33.226, -117.3178, 10950, 265, 112, P750, , , , , P750
1660405085, , 33.2259, -117.3199, 10950, 266, 111, P750, , , , , P750
1660405085, , 33.2259, -117.3199, 10950, 266, 111, P750, , , , , P750
1660405087, , 33.2258, -117.3213, 10975, 267, 105, P750, , , , , P750
1660405093, , 33.2256, -117.3241, 11100, 261, 86, P750, , , , , P750
1660405093, , 33.2256, -117.3241, 11100, 261, 86, P750, , , , , P750
1660405096, , 33.2254, -117.326, 11125, 258, 83, P750, , , , , P750
1660405096, , 33.2254, -117.326, 11125, 258, 83, P750, , , , , P750
1660405099, , 33.2251, -117.3273, 11125, 257, 80, P750, , , , , P750
1660405099, , 33.2251, -117.3273, 11125, 257, 80, P750, , , , , P750
1660405106, , 33.2246, -117.33, 11125, 258, 79, P750, , , , , P750
1660405109, , 33.2245, -117.3307, 11100, 258, 80, P750, , , , , P750
1660405109, , 33.2245, -117.3307, 11100, 258, 80, P750, , , , , P750
1660405112, , 33.2242, -117.3326, 11075, 260, 82, P750, , , , , P750
1660405112, , 33.2242, -117.3326, 11075, 260, 82, P750, , , , , P750
1660405117, , 33.2239, -117.3353, 11025, 261, 84, P750, , , , , P750
1660405117, , 33.2239, -117.3353, 11025, 261, 84, P750, , , , , P750
1660405121, , 33.2237, -117.3367, 11025, 261, 84, P750, , , , , P750
1660405124, , 33.2235, -117.3378, 11000, 261, 84, P750, , , , , P750
1660405124, , 33.2235, -117.3378, 11000, 261, 84, P750, , , , , P750
1660405127, , 33.2234, -117.3391, 11000, 260, 83, P750, , , , , P750
1660405127, , 33.2234, -117.3391, 11000, 260, 83, P750, , , , , P750
1660405134, , 33.2229, -117.3424, 10950, 261, 75, P750, , , , , P750
1660405134, , 33.2229, -117.3424, 10950, 261, 75, P750, , , , , P750
1660405136, , 33.2228, -117.3436, 10925, 262, 74, P750, , , , , P750
1660405140, , 33.2227, -117.3448, 10850, 262, 74, P750, , , , , P750
1660405140, , 33.2227, -117.3448, 10850, 262, 74, P750, , , , , P750
1660405146, , 33.2224, -117.3474, 10775, 264, 77, P750, , , , , P750
1660405146, , 33.2224, -117.3474, 10775, 264, 77, P750, , , , , P750
1660405149, , 33.2223, -117.3488, 10650, 270, 87, P750, , , , , P750
1660405149, , 33.2223, -117.3488, 10650, 270, 87, P750, , , , , P750
1660405151, , 33.2226, -117.3502, 10450, 286, 100, P750, , , , , P750
1660405158, , 33.2247, -117.3534, 9925, 320, 126, P750, , , , , P750
1660405158, , 33.2247, -117.3534, 9925, 320, 126, P750, , , , , P750
1660405161, , 33.2263, -117.3539, 9600, 353, 138, P750, , , , , P750
1660405161, , 33.2263, -117.3539, 9600, 353, 138, P750, , , , , P750
1660405163, , 33.2281, -117.3536, 9225, 20, 151, P750, , , , , P750
1660405163, , 33.2281, -117.3536, 9225, 20, 151, P750, , , , , P750
1660405170, , 33.2319, -117.3498, 8600, 46, 181, P750, , , , , P750
1660405173, , 33.2337, -117.3476, 8475, 47, 180, P750, , , , , P750
1660405173, , 33.2337, -117.3476, 8475, 47, 180, P750, , , , , P750
1660405176, , 33.2353, -117.3455, 8250, 47, 178, P750, , , , , P750
1660405176, , 33.2353, -117.3455, 8250, 47, 178, P750, , , , , P750
1660405182, , 33.2388, -117.3411, 7900, 45, 177, P750, , , , , P750
1660405182, , 33.2388, -117.3411, 7900, 45, 177, P750, , , , , P750
1660405185, , 33.2404, -117.3391, 7700, 44, 176, P750, , , , , P750
1660405185, , 33.2404, -117.3391, 7700, 44, 176, P750, , , , , P750
1660405188, , 33.2422, -117.337, 7500, 44, 177, P750, , , , , P750
1660405194, , 33.2457, -117.333, 7075, 44, 178, P750, , , , , P750
1660405194, , 33.2457, -117.333, 7075, 44, 178, P750, , , , , P750
1660405197, , 33.2477, -117.3307, 6850, 43, 177, P750, , , , , P750
1660405197, , 33.2477, -117.3307, 6850, 43, 177, P750, , , , , P750
1660405200, , 33.2496, -117.3287, 6675, 43, 176, P750, , , , , P750
1660405200, , 33.2496, -117.3287, 6675, 43, 176, P750, , , , , P750
1660405206, , 33.2529, -117.3249, 6275, 42, 174, P750, , , , , P750
1660405209, , 33.2547, -117.3229, 6125, 42, 174, P750, , , , , P750
1660405209, , 33.2547, -117.3229, 6125, 42, 174, P750, , , , , P750
1660405212, , 33.2565, -117.321, 5850, 42, 173, P750, , , , , P750
1660405218, , 33.2593, -117.3179, 5500, 42, 174, P750, , , , , P750
1660405218, , 33.2593, -117.3179, 5500, 42, 174, P750, , , , , P750
1660405221, , 33.2619, -117.3149, 5300, 43, 173, P750, , , , , P750
1660405224, , 33.2634, -117.3129, 5100, 52, 172, P750, , , , , P750
1660405224, , 33.2634, -117.3129, 5100, 52, 172, P750, , , , , P750
1660405230, , 33.2655, -117.3079, 4775, 72, 165, P750, , , , , P750
1660405230, , 33.2655, -117.3079, 4775, 72, 165, P750, , , , , P750
1660405233, , 33.266, -117.3053, 4675, 80, 162, P750, , , , , P750
1660405233, , 33.266, -117.3053, 4675, 80, 162, P750, , , , , P750
1660405236, , 33.266, -117.3023, 4425, 92, 160, P750, , , , , P750
1660405242, , 33.2651, -117.2977, 4100, 111, 158, P750, , , , , P750
1660405242, , 33.2651, -117.2977, 4100, 111, 158, P750, , , , , P750
1660405245, , 33.264, -117.2953, 3925, 121, 156, P750, , , , , P750
1660405245, , 33.264, -117.2953, 3925, 121, 156, P750, , , , , P750
1660405248, , 33.2627, -117.2932, 3750, 132, 154, P750, , , , , P750
1660405248, , 33.2627, -117.2932, 3750, 132, 154, P750, , , , , P750
1660405254, , 33.2592, -117.2904, 3450, 156, 147, P750, , , , , P750
1660405254, , 33.2592, -117.2904, 3450, 156, 147, P750, , , , , P750
1660405256, , 33.2576, -117.2898, 3375, 158, 147, P750, , , , , P750
1660405260, , 33.2553, -117.2894, 3175, 176, 141, P750, , , , , P750
1660405260, , 33.2553, -117.2894, 3175, 176, 141, P750, , , , , P750
1660405266, , 33.2512, -117.2899, 2900, 191, 137, P750, , , , , P750
1660405266, , 33.2512, -117.2899, 2900, 191, 137, P750, , , , , P750
1660405269, , 33.2497, -117.2905, 2800, 197, 135, P750, , , , , P750
1660405269, , 33.2497, -117.2905, 2800, 197, 135, P750, , , , , P750
1660405272, , 33.2479, -117.2913, 2650, 203, 134, P750, , , , , P750
1660405278, , 33.2446, -117.2934, 2475, 211, 129, P750, , , , , P750
1660405278, , 33.2446, -117.2934, 2475, 211, 129, P750, , , , , P750
1660405281, , 33.2431, -117.2946, 2375, 214, 127, P750, , , , , P750
1660405281, , 33.2431, -117.2946, 2375, 214, 127, P750, , , , , P750
1660405284, , 33.2417, -117.2958, 2300, 218, 123, P750, , , , , P750
1660405284, , 33.2417, -117.2958, 2300, 218, 123, P750, , , , , P750
1660405290, , 33.2392, -117.2986, 2150, 226, 115, P750, , , , , P750
1660405293, , 33.2384, -117.2997, 2100, 229, 110, P750, , , , , P750
1660405293, , 33.2384, -117.2997, 2100, 229, 110, P750, , , , , P750
1660405296, , 33.2374, -117.3012, 2050, 233, 106, P750, , , , , P750
1660405296, , 33.2374, -117.3012, 2050, 233, 106, P750, , , , , P750
1660405302, , 33.2356, -117.3042, 1900, 235, 102, P750, , , , , P750
1660405302, , 33.2356, -117.3042, 1900, 235, 102, P750, , , , , P750
1660405305, , 33.2349, -117.3055, 1825, 235, 100, P750, , , , , P750
1660405308, , 33.2341, -117.3069, 1750, 236, 99, P750, , , , , P750
1660405308, , 33.2341, -117.3069, 1750, 236, 99, P750, , , , , P750
1660405314, , 33.2326, -117.3096, 1625, 237, 97, P750, , , , , P750
1660405314, , 33.2326, -117.3096, 1625, 237, 97, P750, , , , , P750
1660405317, , 33.2319, -117.3111, 1575, 238, 96, P750, , , , , P750
1660405317, , 33.2319, -117.3111, 1575, 238, 96, P750, , , , , P750
1660405320, , 33.2312, -117.3125, 1500, 240, 96, P750, , , , , P750
1660405326, , 33.2299, -117.3153, 1375, 242, 95, P750, , , , , P750
1660405326, , 33.2299, -117.3153, 1375, 242, 95, P750, , , , , P750
1660405329, , 33.2293, -117.3167, 1300, 242, 95, P750, , , , , P750
1660405329, , 33.2293, -117.3167, 1300, 242, 95, P750, , , , , P750
1660405332, , 33.2288, -117.318, 1225, 243, 96, P750, , , , , P750
1660405332, , 33.2288, -117.318, 1225, 243, 96, P750, , , , , P750
1660405335, , 33.2282, -117.3195, 1150, 244, 95, P750, , , , , P750
1660405335, , 33.2282, -117.3195, 1150, 244, 95, P750, , , , , P750
1660405341, , 33.2271, -117.3223, 1050, 244, 92, P750, , , , , P750
1660405344, , 33.2264, -117.3238, 950, 242, 91, P750, , , , , P750
1660405344, , 33.2264, -117.3238, 950, 242, 91, P750, , , , , P750
1660405350, , 33.2256, -117.3256, 825, 241, 90, P750, , , , , P750
1660405350, , 33.2256, -117.3256, 825, 241, 90, P750, , , , , P750
1660405353, , 33.2247, -117.3275, 750, 241, 87, P750, , , , , P750
1660405353, , 33.2247, -117.3275, 750, 241, 87, P750, , , , , P750
1660405356, , 33.2242, -117.3288, 700, 241, 85, P750, , , , , P750
1660405362, , 33.2234, -117.3304, 600, 242, 83, P750, , , , , P750
1660405362, , 33.2234, -117.3304, 600, 242, 83, P750, , , , , P750
1660405364, , 33.2227, -117.3321, 550, 243, 82, P750, , , , , P750
1660405364, , 33.2227, -117.3321, 550, 243, 82, P750, , , , , P750
1660405367, , 33.2223, -117.3331, 500, 244, 82, P750, , , , , P750
1660405367, , 33.2223, -117.3331, 500, 244, 82, P750, , , , , P750
1660405373, , 33.2213, -117.3357, 375, 246, 81, P750, , , , , P750
1660405377, , 33.2206, -117.3375, 275, 246, 81, P750, , , , , P750
1660405377, , 33.2206, -117.3375, 275, 246, 81, P750, , , , , P750
1660405379, , 33.2203, -117.3383, 250, 248, 80, P750, , , , , P750
1660405379, , 33.2203, -117.3383, 250, 248, 80, P750, , , , , P750
1660405386, , 33.2196, -117.3413, 150, 255, 78, P750, , , , , P750
1660405386, , 33.2196, -117.3413, 150, 255, 78, P750, , , , , P750
1660405386, , 33.2196, -117.3413, 150, 255, 78, P750, , , , , P750
1660405392, , 33.2193, -117.3426, 100, 256, 76, P750, , , , , P750
1660405392, , 33.2193, -117.3426, 100, 256, 76, P750, , , , , P750
1660405392, , 33.2193, -117.3426, 100, 256, 76, P750, , , , , P750
1660405392, , 33.2193, -117.3426, 100, 256, 76, P750, , , , , P750
1660405392, , 33.2193, -117.3426, 100, 256, 76, P750, , , , , P750
1660405392, , 33.2193, -117.3426, 100, 256, 76, P750, , , , , P750
1660405392, , 33.2193, -117.3426, 100, 256, 76, P750, , , , , P750
1660405392, , 33.2193, -117.3426, 100, 256, 76, P750, , , , , P750
1660405392, , 33.2193, -117.3426, 100, 256, 76, P750, , , , , P750
1660405392, , 33.2193, -117.3426, 100, 256, 76, P750, , , , , P750
1660405392, , 33.2193, -117.3426, 100, 256, 76, P750, , , , , P750
1660405392, , 33.2193, -117.3426, 100, 256, 76, P750, , , , , P750
1660405392, , 33.2193, -117.3426, 100, 256, 76, P750, , , , , P750
1660405392, , 33.2193, -117.3426, 100, 256, 76, P750, , , , , P750
1660405392, , 33.2193, -117.3426, 100, 256, 76, P750, , , , , P750
1660405392, , 33.2193, -117.3426, 100, 256, 76, P750, , , , , P750
1660405392, , 33.2193, -117.3426, 100, 256, 76, P750, , , , , P750
1660405392, , 33.2193, -117.3426, 100, 256, 76, P750, , , , , P750
1660405392, , 33.2193, -117.3426, 100, 256, 76, P750, , , , , P750
1660405392, , 33.2193, -117.3426, 100, 256, 76, P750, , , , , P750
1660405392, , 33.2193, -117.3426, 100, 256, 76, P750, , , , , P750
1660405392, , 33.2193, -117.3426, 100, 256, 76, P750, , , , , P750
1660405392, , 33.2193, -117.3426, 100, 256, 76, P750, , , , , P750
1660405392, , 33.2193, -117.3426, 100, 256, 76, P750, , , , , P750
1660405392, , 33.2193, -117.3426, 100, 256, 76, P750, , , , , P750
1660405392, , 33.2193, -117.3426, 100, 256, 76, P750, , , , , P750
1660405392, , 33.2193, -117.3426, 100, 256, 76, P750, , , , , P750
1660405392, , 33.2193, -117.3426, 100, 256, 76, P750, , , , , P750
1660405392, , 33.2193, -117.3426, 100, 256, 76, P750, , , , , P750
1660405392, , 33.2193, -117.3426, 100, 256, 76, P750, , , , , P750
1660405392, , 33.2193, -117.3426, 100, 256, 76, P750, , , , , P750
1660405392, , 33.2193, -117.3426, 100, 256, 76, P750, , , , , P750
1660405392, , 33.2193, -117.3426, 100, 256, 76, P750, , , , , P750
1660405392, , 33.2193, -117.3426, 100, 256, 76, P750, , , , , P750
1660405392, , 33.2193, -117.3426, 100, 256, 76, P750, , , , , P750
1660405392, , 33.2193, -117.3426, 100, 256, 76, P750, , , , , P750
1660405392, , 33.2193, -117.3426, 100, 256, 76, P750, , , , , P750
1660405392, , 33.2193, -117.3426, 100, 256, 76, P750, , , , , P750
1660405392, , 33.2193, -117.3426, 100, 256, 76, P750, , , , , P750
1660405718, , 33.218, -117.35, 0, 78, 20, P750, , , , , P750
1660405718, , 33.218, -117.35, 0, 78, 20, P750, , , , , P750
1660405718, , 33.218, -117.35, 0, 78, 20, P750, , , , , P750
1660405718, , 33.218, -117.35, 0, 78, 20, P750, , , , , P750
1660405718, , 33.218, -117.35, 0, 78, 20, P750, , , , , P750
1660405718, , 33.218, -117.35, 0, 78, 20, P750, , , , , P750
1660405732, , 33.2182, -117.3485, 0, 81, 17, P750, , , , , P750
1660405732, , 33.2182, -117.3485, 0, 81, 17, P750, , , , , P750
1660405737, , 33.2182, -117.3481, 0, 90, 14, P750, , , , , P750
1660405737, , 33.2182, -117.3481, 0, 90, 14, P750, , , , , P750
1660405737, , 33.2182, -117.3481, 0, 90, 14, P750, , , , , P750
1660405737, , 33.2182, -117.3481, 0, 90, 14, P750, , , , , P750
1660405737, , 33.2182, -117.3481, 0, 90, 14, P750, , , , , P750
1660405748, , 33.2183, -117.3473, 0, 45, 11, P750, , , , , P750
1660405752, , 33.2185, -117.3473, 0, 11, 8, P750, , , , , P750
1660405752, , 33.2185, -117.3473, 0, 11, 8, P750, , , , , P750
1660405752, , 33.2185, -117.3473, 0, 11, 8, P750, , , , , P750
1660405752, , 33.2185, -117.3473, 0, 11, 8, P750, , , , , P750
1660405752, , 33.2185, -117.3473, 0, 11, 8, P750, , , , , P750
1660405752, , 33.2185, -117.3473, 0, 11, 8, P750, , , , , P750
1660405752, , 33.2185, -117.3473, 0, 11, 8, P750, , , , , P750
1660405752, , 33.2185, -117.3473, 0, 11, 8, P750, , , , , P750
1660405752, , 33.2185, -117.3473, 0, 11, 8, P750, , , , , P750
1660405752, , 33.2185, -117.3473, 0, 11, 8, P750, , , , , P750
1660405752, , 33.2185, -117.3473, 0, 11, 8, P750, , , , , P750
1660405752, , 33.2185, -117.3473, 0, 11, 8, P750, , , , , P750
1660405752, , 33.2185, -117.3473, 0, 11, 8, P750, , , , , P750
1660405781, , 33.2177, -117.3544, 0, 263, 85, P750, , , , , P750
1660405781, , 33.2177, -117.3544, 0, 263, 85, P750, , , , , P750
1660405781, , 33.2177, -117.3544, 0, 263, 85, P750, , , , , P750
1660405787, , 33.2173, -117.3571, 0, 255, 89, P750, , , , , P750
1660405787, , 33.2173, -117.3571, 0, 255, 89, P750, , , , , P750
1660405792, , 33.2164, -117.3597, 350, 248, 92, P750, , , , , P750
