//Timestamp, ICAO, Latitude_deg, Longitude_deg, Altitude_ft, Heading_deg, GroundSpeed_kts, AircraftType, RegistrationNum, Departure, Arrival, FlightNumber1, FlightNumber2
1660411486, , 33.7518, -118.2122, 3300, 192, 102, PA44, , , , , PA44
1660411489, , 33.7503, -118.2125, 3300, 187, 101, PA44, , , , , PA44
1660411489, , 33.7503, -118.2125, 3300, 187, 101, PA44, , , , , PA44
1660411491, , 33.749, -118.2126, 3300, 182, 101, PA44, , , , , PA44
1660411491, , 33.749, -118.2126, 3300, 182, 101, PA44, , , , , PA44
1660411498, , 33.7461, -118.2123, 3400, 169, 100, PA44, , , , , PA44
1660411498, , 33.7461, -118.2123, 3400, 169, 100, PA44, , , , , PA44
1660411501, , 33.7447, -118.2118, 3500, 162, 102, PA44, , , , , PA44
1660411504, , 33.7434, -118.2111, 3500, 152, 106, PA44, , , , , PA44
1660411504, , 33.7434, -118.2111, 3500, 152, 106, PA44, , , , , PA44
1660411510, , 33.741, -118.2089, 3500, 137, 116, PA44, , , , , PA44
1660411510, , 33.741, -118.2089, 3500, 137, 116, PA44, , , , , PA44
1660411513, , 33.7399, -118.2073, 3400, 130, 122, PA44, , , , , PA44
1660411516, , 33.7387, -118.2057, 3400, 126, 125, PA44, , , , , PA44
1660411516, , 33.7387, -118.2057, 3400, 126, 125, PA44, , , , , PA44
1660411522, , 33.7369, -118.2024, 3500, 124, 118, PA44, , , , , PA44
1660411522, , 33.7369, -118.2024, 3500, 124, 118, PA44, , , , , PA44
1660411526, , 33.7354, -118.2, 3500, 125, 119, PA44, , , , , PA44
1660411529, , 33.7345, -118.1984, 3500, 125, 119, PA44, , , , , PA44
1660411529, , 33.7345, -118.1984, 3500, 125, 119, PA44, , , , , PA44
1660411531, , 33.7338, -118.1973, 3500, 125, 121, PA44, , , , , PA44
1660411531, , 33.7338, -118.1973, 3500, 125, 121, PA44, , , , , PA44
1660411536, , 33.7322, -118.1945, 3500, 124, 125, PA44, , , , , PA44
1660411536, , 33.7322, -118.1945, 3500, 124, 125, PA44, , , , , PA44
1660411540, , 33.731, -118.1922, 3500, 124, 123, PA44, , , , , PA44
1660411544, , 33.7299, -118.1904, 3500, 123, 122, PA44, , , , , PA44
1660411544, , 33.7299, -118.1904, 3500, 123, 122, PA44, , , , , PA44
1660411548, , 33.7283, -118.1874, 3500, 123, 120, PA44, , , , , PA44
1660411548, , 33.7283, -118.1874, 3500, 123, 120, PA44, , , , , PA44
1660411552, , 33.7276, -118.186, 3500, 123, 122, PA44, , , , , PA44
1660411552, , 33.7276, -118.186, 3500, 123, 122, PA44, , , , , PA44
1660411557, , 33.7257, -118.1825, 3500, 122, 133, PA44, , , , , PA44
1660411561, , 33.7244, -118.1801, 3400, 122, 133, PA44, , , , , PA44
1660411561, , 33.7244, -118.1801, 3400, 122, 133, PA44, , , , , PA44
1660411564, , 33.7234, -118.1783, 3400, 122, 132, PA44, , , , , PA44
1660411564, , 33.7234, -118.1783, 3400, 122, 132, PA44, , , , , PA44
1660411569, , 33.7537, -118.1751, 2700, 191, 107, PA44, , , , , PA44
1660411570, , 33.7215, -118.1746, 3400, 121, 125, PA44, , , , , PA44
1660411569, , 33.7537, -118.1751, 2700, 191, 107, PA44, , , , , PA44
1660411570, , 33.7215, -118.1746, 3400, 121, 125, PA44, , , , , PA44
1660411572, , 33.7525, -118.1755, 2800, 201, 109, PA44, , , , , PA44
1660411573, , 33.7207, -118.173, 3400, 120, 122, PA44, , , , , PA44
1660411577, , 33.7499, -118.1772, 2900, 213, 105, PA44, , , , , PA44
1660411576, , 33.7198, -118.1712, 3500, 120, 119, PA44, , , , , PA44
1660411577, , 33.7499, -118.1772, 2900, 213, 105, PA44, , , , , PA44
1660411576, , 33.7198, -118.1712, 3500, 120, 119, PA44, , , , , PA44
1660411581, , 33.7486, -118.1785, 2900, 221, 104, PA44, , , , , PA44
1660411582, , 33.7183, -118.1681, 3500, 121, 115, PA44, , , , , PA44
1660411581, , 33.7486, -118.1785, 2900, 221, 104, PA44, , , , , PA44
1660411582, , 33.7183, -118.1681, 3500, 121, 115, PA44, , , , , PA44
1660411583, , 33.7478, -118.1794, 3000, 226, 104, PA44, , , , , PA44
1660411585, , 33.7173, -118.1663, 3500, 121, 114, PA44, , , , , PA44
1660411583, , 33.7478, -118.1794, 3000, 226, 104, PA44, , , , , PA44
1660411585, , 33.7173, -118.1663, 3500, 121, 114, PA44, , , , , PA44
1660411589, , 33.7458, -118.1823, 3000, 232, 102, PA44, , , , , PA44
1660411587, , 33.7166, -118.1649, 3400, 121, 113, PA44, , , , , PA44
1660411592, , 33.745, -118.1836, 3100, 232, 102, PA44, , , , , PA44
1660411593, , 33.7149, -118.1616, 3400, 122, 108, PA44, , , , , PA44
1660411592, , 33.745, -118.1836, 3100, 232, 102, PA44, , , , , PA44
1660411593, , 33.7149, -118.1616, 3400, 122, 108, PA44, , , , , PA44
1660411595, , 33.7441, -118.1849, 3100, 232, 102, PA44, , , , , PA44
1660411597, , 33.7141, -118.1601, 3400, 122, 105, PA44, , , , , PA44
1660411595, , 33.7441, -118.1849, 3100, 232, 102, PA44, , , , , PA44
1660411597, , 33.7141, -118.1601, 3400, 122, 105, PA44, , , , , PA44
1660411601, , 33.7424, -118.1876, 3200, 231, 102, PA44, , , , , PA44
1660411600, , 33.7133, -118.1586, 3400, 123, 102, PA44, , , , , PA44
1660411601, , 33.7424, -118.1876, 3200, 231, 102, PA44, , , , , PA44
1660411600, , 33.7133, -118.1586, 3400, 123, 102, PA44, , , , , PA44
1660411605, , 33.7413, -118.1892, 3200, 231, 100, PA44, , , , , PA44
1660411606, , 33.7118, -118.1558, 3400, 122, 91, PA44, , , , , PA44
1660411605, , 33.7413, -118.1892, 3200, 231, 100, PA44, , , , , PA44
1660411606, , 33.7118, -118.1558, 3400, 122, 91, PA44, , , , , PA44
1660411608, , 33.7405, -118.1904, 3300, 230, 99, PA44, , , , , PA44
1660411609, , 33.7111, -118.1546, 3400, 123, 87, PA44, , , , , PA44
1660411613, , 33.7389, -118.1929, 3400, 232, 99, PA44, , , , , PA44
1660411613, , 33.7101, -118.1531, 3400, 131, 84, PA44, , , , , PA44
1660411613, , 33.7389, -118.1929, 3400, 232, 99, PA44, , , , , PA44
1660411613, , 33.7101, -118.1531, 3400, 131, 84, PA44, , , , , PA44
1660411617, , 33.7379, -118.1944, 3400, 234, 104, PA44, , , , , PA44
1660411617, , 33.709, -118.1518, 3400, 140, 84, PA44, , , , , PA44
1660411617, , 33.7379, -118.1944, 3400, 234, 104, PA44, , , , , PA44
1660411617, , 33.709, -118.1518, 3400, 140, 84, PA44, , , , , PA44
1660411620, , 33.7371, -118.1959, 3400, 237, 108, PA44, , , , , PA44
1660411620, , 33.7082, -118.1512, 3400, 150, 83, PA44, , , , , PA44
1660411626, , 33.7355, -118.1987, 3400, 235, 114, PA44, , , , , PA44
1660411626, , 33.7059, -118.1503, 3400, 176, 79, PA44, , , , , PA44
1660411626, , 33.7355, -118.1987, 3400, 235, 114, PA44, , , , , PA44
1660411626, , 33.7059, -118.1503, 3400, 176, 79, PA44, , , , , PA44
1660411628, , 33.7344, -118.2004, 3400, 232, 115, PA44, , , , , PA44
1660411628, , 33.7048, -118.1504, 3400, 186, 75, PA44, , , , , PA44
1660411628, , 33.7344, -118.2004, 3400, 232, 115, PA44, , , , , PA44
1660411628, , 33.7048, -118.1504, 3400, 186, 75, PA44, , , , , PA44
1660411632, , 33.7334, -118.202, 3400, 232, 112, PA44, , , , , PA44
1660411632, , 33.7039, -118.1507, 3400, 196, 72, PA44, , , , , PA44
1660411632, , 33.7334, -118.202, 3400, 232, 112, PA44, , , , , PA44
1660411632, , 33.7039, -118.1507, 3400, 196, 72, PA44, , , , , PA44
1660411638, , 33.7317, -118.2048, 3400, 232, 105, PA44, , , , , PA44
1660411637, , 33.7021, -118.1516, 3400, 209, 68, PA44, , , , , PA44
1660411641, , 33.7308, -118.2061, 3400, 231, 103, PA44, , , , , PA44
1660411641, , 33.7014, -118.1522, 3400, 216, 68, PA44, , , , , PA44
1660411641, , 33.7308, -118.2061, 3400, 231, 103, PA44, , , , , PA44
1660411641, , 33.7014, -118.1522, 3400, 216, 68, PA44, , , , , PA44
1660411645, , 33.7295, -118.208, 3400, 228, 102, PA44, , , , , PA44
1660411643, , 33.7006, -118.153, 3400, 220, 67, PA44, , , , , PA44
1660411645, , 33.7295, -118.208, 3400, 228, 102, PA44, , , , , PA44
1660411643, , 33.7006, -118.153, 3400, 220, 67, PA44, , , , , PA44
1660411648, , 33.7288, -118.209, 3400, 230, 100, PA44, , , , , PA44
1660411650, , 33.6993, -118.1544, 3400, 225, 66, PA44, , , , , PA44
1660411648, , 33.7288, -118.209, 3400, 230, 100, PA44, , , , , PA44
1660411650, , 33.6993, -118.1544, 3400, 225, 66, PA44, , , , , PA44
1660411654, , 33.7269, -118.2118, 3400, 230, 95, PA44, , , , , PA44
1660411653, , 33.6986, -118.1553, 3400, 226, 67, PA44, , , , , PA44
1660411654, , 33.7269, -118.2118, 3400, 230, 95, PA44, , , , , PA44
1660411656, , 33.698, -118.1561, 3400, 227, 68, PA44, , , , , PA44
1660411654, , 33.7269, -118.2118, 3400, 230, 95, PA44, , , , , PA44
1660411656, , 33.698, -118.1561, 3400, 227, 68, PA44, , , , , PA44
1660411662, , 33.725, -118.2145, 3400, 232, 82, PA44, , , , , PA44
1660411661, , 33.6966, -118.1577, 3400, 216, 65, PA44, , , , , PA44
1660411662, , 33.725, -118.2145, 3400, 232, 82, PA44, , , , , PA44
1660411661, , 33.6966, -118.1577, 3400, 216, 65, PA44, , , , , PA44
1660411665, , 33.7243, -118.2156, 3400, 232, 82, PA44, , , , , PA44
1660411665, , 33.6957, -118.1582, 3500, 206, 64, PA44, , , , , PA44
1660411665, , 33.7243, -118.2156, 3400, 232, 82, PA44, , , , , PA44
1660411665, , 33.6957, -118.1582, 3500, 206, 64, PA44, , , , , PA44
1660411668, , 33.7235, -118.2167, 3400, 232, 81, PA44, , , , , PA44
1660411668, , 33.6949, -118.1586, 3500, 198, 65, PA44, , , , , PA44
1660411674, , 33.7221, -118.2188, 3400, 229, 75, PA44, , , , , PA44
1660411674, , 33.6932, -118.1593, 3500, 198, 66, PA44, , , , , PA44
1660411674, , 33.7221, -118.2188, 3400, 229, 75, PA44, , , , , PA44
1660411674, , 33.6932, -118.1593, 3500, 198, 66, PA44, , , , , PA44
1660411677, , 33.7214, -118.2197, 3400, 226, 72, PA44, , , , , PA44
1660411677, , 33.6923, -118.1597, 3500, 199, 68, PA44, , , , , PA44
1660411677, , 33.7214, -118.2197, 3400, 226, 72, PA44, , , , , PA44
1660411677, , 33.6923, -118.1597, 3500, 199, 68, PA44, , , , , PA44
1660411680, , 33.7207, -118.2204, 3400, 223, 72, PA44, , , , , PA44
1660411679, , 33.6916, -118.16, 3500, 199, 68, PA44, , , , , PA44
1660411680, , 33.7207, -118.2204, 3400, 223, 72, PA44, , , , , PA44
1660411679, , 33.6916, -118.16, 3500, 199, 68, PA44, , , , , PA44
1660411686, , 33.7192, -118.2221, 3500, 221, 75, PA44, , , , , PA44
1660411686, , 33.6895, -118.1608, 3500, 198, 73, PA44, , , , , PA44
1660411688, , 33.7187, -118.2227, 3500, 223, 74, PA44, , , , , PA44
1660411688, , 33.6886, -118.1612, 3500, 198, 74, PA44, , , , , PA44
1660411688, , 33.7187, -118.2227, 3500, 223, 74, PA44, , , , , PA44
1660411688, , 33.6886, -118.1612, 3500, 198, 74, PA44, , , , , PA44
1660411692, , 33.7178, -118.2239, 3500, 231, 72, PA44, , , , , PA44
1660411692, , 33.6877, -118.1615, 3400, 198, 79, PA44, , , , , PA44
1660411692, , 33.7178, -118.2239, 3500, 231, 72, PA44, , , , , PA44
1660411692, , 33.6877, -118.1615, 3400, 198, 79, PA44, , , , , PA44
1660411697, , 33.7168, -118.226, 3600, 244, 75, PA44, , , , , PA44
1660411697, , 33.6855, -118.1624, 3400, 199, 80, PA44, , , , , PA44
1660411697, , 33.7168, -118.226, 3600, 244, 75, PA44, , , , , PA44
1660411697, , 33.6855, -118.1624, 3400, 199, 80, PA44, , , , , PA44
1660411700, , 33.7164, -118.2272, 3600, 252, 74, PA44, , , , , PA44
1660411700, , 33.6844, -118.1629, 3400, 198, 74, PA44, , , , , PA44
1660411704, , 33.7161, -118.2285, 3600, 258, 75, PA44, , , , , PA44
1660411704, , 33.6837, -118.1632, 3400, 198, 62, PA44, , , , , PA44
1660411704, , 33.7161, -118.2285, 3600, 258, 75, PA44, , , , , PA44
1660411704, , 33.6837, -118.1632, 3400, 198, 62, PA44, , , , , PA44
1660411709, , 33.7161, -118.2309, 3700, 273, 75, PA44, , , , , PA44
1660411710, , 33.682, -118.1638, 3400, 199, 58, PA44, , , , , PA44
1660411709, , 33.7161, -118.2309, 3700, 273, 75, PA44, , , , , PA44
1660411710, , 33.682, -118.1638, 3400, 199, 58, PA44, , , , , PA44
1660411713, , 33.7161, -118.2322, 3700, 270, 75, PA44, , , , , PA44
1660411713, , 33.681, -118.1642, 3300, 199, 72, PA44, , , , , PA44
1660411716, , 33.716, -118.2335, 3800, 265, 76, PA44, , , , , PA44
1660411715, , 33.6801, -118.1646, 3300, 199, 76, PA44, , , , , PA44
1660411716, , 33.716, -118.2335, 3800, 265, 76, PA44, , , , , PA44
1660411715, , 33.6801, -118.1646, 3300, 199, 76, PA44, , , , , PA44
1660411720, , 33.7159, -118.2352, 3800, 263, 77, PA44, , , , , PA44
1660411722, , 33.6779, -118.1655, 3400, 200, 76, PA44, , , , , PA44
1660411720, , 33.7159, -118.2352, 3800, 263, 77, PA44, , , , , PA44
1660411722, , 33.6779, -118.1655, 3400, 200, 76, PA44, , , , , PA44
1660411725, , 33.7156, -118.2373, 3800, 263, 78, PA44, , , , , PA44
1660411726, , 33.6765, -118.1663, 3500, 201, 75, PA44, , , , , PA44
1660411725, , 33.7156, -118.2373, 3800, 263, 78, PA44, , , , , PA44
1660411726, , 33.6765, -118.1663, 3500, 201, 75, PA44, , , , , PA44
1660411730, , 33.7154, -118.2395, 3900, 264, 79, PA44, , , , , PA44
1660411729, , 33.6756, -118.1667, 3500, 202, 79, PA44, , , , , PA44
1660411733, , 33.7154, -118.2409, 3900, 265, 81, PA44, , , , , PA44
1660411732, , 33.6748, -118.1671, 3500, 199, 81, PA44, , , , , PA44
1660411733, , 33.7154, -118.2409, 3900, 265, 81, PA44, , , , , PA44
1660411732, , 33.6748, -118.1671, 3500, 199, 81, PA44, , , , , PA44
1660411736, , 33.7153, -118.242, 3800, 265, 83, PA44, , , , , PA44
1660411738, , 33.6726, -118.168, 3600, 199, 83, PA44, , , , , PA44
1660411736, , 33.7153, -118.242, 3800, 265, 83, PA44, , , , , PA44
1660411738, , 33.6726, -118.168, 3600, 199, 83, PA44, , , , , PA44
1660411742, , 33.715, -118.245, 3800, 265, 86, PA44, , , , , PA44
1660411738, , 33.6726, -118.168, 3600, 199, 83, PA44, , , , , PA44
1660411742, , 33.715, -118.245, 3800, 265, 86, PA44, , , , , PA44
1660411738, , 33.6726, -118.168, 3600, 199, 83, PA44, , , , , PA44
1660411746, , 33.7149, -118.2466, 3800, 261, 67, PA44, , , , , PA44
1660411746, , 33.6695, -118.1693, 3700, 198, 86, PA44, , , , , PA44
1660411748, , 33.7148, -118.2476, 3800, 262, 65, PA44, , , , , PA44
1660411749, , 33.6682, -118.1698, 3700, 197, 87, PA44, , , , , PA44
1660411748, , 33.7148, -118.2476, 3800, 262, 65, PA44, , , , , PA44
1660411749, , 33.6682, -118.1698, 3700, 197, 87, PA44, , , , , PA44
1660411752, , 33.7146, -118.2488, 3800, 262, 79, PA44, , , , , PA44
1660411752, , 33.667, -118.1702, 3800, 196, 93, PA44, , , , , PA44
1660411752, , 33.7146, -118.2488, 3800, 262, 79, PA44, , , , , PA44
1660411752, , 33.667, -118.1702, 3800, 196, 93, PA44, , , , , PA44
1660411758, , 33.7143, -118.2515, 3700, 262, 90, PA44, , , , , PA44
1660411758, , 33.6644, -118.1712, 3800, 196, 99, PA44, , , , , PA44
1660411758, , 33.7143, -118.2515, 3700, 262, 90, PA44, , , , , PA44
1660411758, , 33.6644, -118.1712, 3800, 196, 99, PA44, , , , , PA44
1660411761, , 33.7142, -118.2533, 3700, 261, 89, PA44, , , , , PA44
1660411761, , 33.6631, -118.1716, 3800, 196, 102, PA44, , , , , PA44
1660411764, , 33.7139, -118.2549, 3800, 259, 89, PA44, , , , , PA44
1660411764, , 33.6617, -118.1721, 3800, 196, 106, PA44, , , , , PA44
1660411764, , 33.7139, -118.2549, 3800, 259, 89, PA44, , , , , PA44
1660411764, , 33.6617, -118.1721, 3800, 196, 106, PA44, , , , , PA44
1660411769, , 33.7136, -118.257, 3800, 257, 96, PA44, , , , , PA44
1660411770, , 33.6587, -118.1732, 3800, 197, 115, PA44, , , , , PA44
1660411769, , 33.7136, -118.257, 3800, 257, 96, PA44, , , , , PA44
1660411770, , 33.6587, -118.1732, 3800, 197, 115, PA44, , , , , PA44
1660411773, , 33.7131, -118.2591, 3900, 241, 97, PA44, , , , , PA44
1660411773, , 33.6571, -118.1738, 3900, 196, 115, PA44, , , , , PA44
1660411773, , 33.7131, -118.2591, 3900, 241, 97, PA44, , , , , PA44
1660411773, , 33.6571, -118.1738, 3900, 196, 115, PA44, , , , , PA44
1660411776, , 33.7123, -118.2603, 3900, 238, 96, PA44, , , , , PA44
1660411776, , 33.6559, -118.1742, 3800, 196, 116, PA44, , , , , PA44
1660411781, , 33.7104, -118.262, 3900, 206, 102, PA44, , , , , PA44
1660411782, , 33.6525, -118.1754, 3900, 197, 116, PA44, , , , , PA44
1660411781, , 33.7104, -118.262, 3900, 206, 102, PA44, , , , , PA44
1660411782, , 33.6525, -118.1754, 3900, 197, 116, PA44, , , , , PA44
1660411785, , 33.7083, -118.2631, 3900, 202, 109, PA44, , , , , PA44
1660411785, , 33.651, -118.176, 3900, 197, 114, PA44, , , , , PA44
1660411785, , 33.7083, -118.2631, 3900, 202, 109, PA44, , , , , PA44
1660411785, , 33.651, -118.176, 3900, 197, 114, PA44, , , , , PA44
1660411788, , 33.7069, -118.2638, 3900, 201, 110, PA44, , , , , PA44
1660411788, , 33.6496, -118.1766, 3900, 201, 113, PA44, , , , , PA44
1660411788, , 33.7069, -118.2638, 3900, 201, 110, PA44, , , , , PA44
1660411788, , 33.6496, -118.1766, 3900, 201, 113, PA44, , , , , PA44
1660411794, , 33.7041, -118.2651, 3900, 199, 112, PA44, , , , , PA44
1660411794, , 33.6467, -118.1788, 3900, 219, 116, PA44, , , , , PA44
1660411797, , 33.7025, -118.2657, 3900, 199, 112, PA44, , , , , PA44
1660411797, , 33.6459, -118.1801, 3900, 236, 120, PA44, , , , , PA44
1660411797, , 33.7025, -118.2657, 3900, 199, 112, PA44, , , , , PA44
1660411797, , 33.6459, -118.1801, 3900, 236, 120, PA44, , , , , PA44
1660411800, , 33.701, -118.2663, 4000, 199, 112, PA44, , , , , PA44
1660411800, , 33.6451, -118.1816, 3800, 240, 121, PA44, , , , , PA44
1660411800, , 33.701, -118.2663, 4000, 199, 112, PA44, , , , , PA44
1660411800, , 33.6451, -118.1816, 3800, 240, 121, PA44, , , , , PA44
1660411806, , 33.6984, -118.2675, 4000, 200, 109, PA44, , , , , PA44
1660411806, , 33.6434, -118.1854, 3900, 241, 118, PA44, , , , , PA44
1660411806, , 33.6984, -118.2675, 4000, 200, 109, PA44, , , , , PA44
1660411806, , 33.6434, -118.1854, 3900, 241, 118, PA44, , , , , PA44
1660411808, , 33.6974, -118.2679, 4000, 200, 106, PA44, , , , , PA44
1660411809, , 33.6427, -118.1868, 3900, 240, 113, PA44, , , , , PA44
1660411812, , 33.6953, -118.2688, 4000, 200, 104, PA44, , , , , PA44
1660411812, , 33.6418, -118.1887, 3900, 240, 110, PA44, , , , , PA44
1660411812, , 33.6953, -118.2688, 4000, 200, 104, PA44, , , , , PA44
1660411812, , 33.6418, -118.1887, 3900, 240, 110, PA44, , , , , PA44
1660411817, , 33.693, -118.2699, 4000, 201, 102, PA44, , , , , PA44
1660411818, , 33.6403, -118.1919, 3900, 240, 104, PA44, , , , , PA44
1660411817, , 33.693, -118.2699, 4000, 201, 102, PA44, , , , , PA44
1660411818, , 33.6403, -118.1919, 3900, 240, 104, PA44, , , , , PA44
1660411821, , 33.6918, -118.2705, 3900, 201, 102, PA44, , , , , PA44
1660411821, , 33.6396, -118.1934, 3900, 240, 100, PA44, , , , , PA44
1660411824, , 33.69, -118.2712, 3900, 199, 100, PA44, , , , , PA44
1660411824, , 33.6389, -118.1949, 3900, 241, 98, PA44, , , , , PA44
1660411824, , 33.69, -118.2712, 3900, 199, 100, PA44, , , , , PA44
1660411824, , 33.6389, -118.1949, 3900, 241, 98, PA44, , , , , PA44
1660411829, , 33.6876, -118.2722, 4000, 198, 97, PA44, , , , , PA44
1660411830, , 33.6379, -118.1973, 3900, 241, 91, PA44, , , , , PA44
1660411829, , 33.6876, -118.2722, 4000, 198, 97, PA44, , , , , PA44
1660411830, , 33.6379, -118.1973, 3900, 241, 91, PA44, , , , , PA44
1660411833, , 33.6862, -118.2727, 4000, 197, 91, PA44, , , , , PA44
1660411833, , 33.6371, -118.1989, 3900, 240, 89, PA44, , , , , PA44
1660411836, , 33.6853, -118.273, 4000, 195, 87, PA44, , , , , PA44
1660411836, , 33.6365, -118.2002, 3900, 239, 86, PA44, , , , , PA44
1660411836, , 33.6853, -118.273, 4000, 195, 87, PA44, , , , , PA44
1660411836, , 33.6365, -118.2002, 3900, 239, 86, PA44, , , , , PA44
1660411842, , 33.6828, -118.2739, 4100, 194, 73, PA44, , , , , PA44
1660411842, , 33.6355, -118.2021, 3900, 238, 85, PA44, , , , , PA44
1660411842, , 33.6828, -118.2739, 4100, 194, 73, PA44, , , , , PA44
1660411842, , 33.6355, -118.2021, 3900, 238, 85, PA44, , , , , PA44
1660411845, , 33.682, -118.2741, 4200, 194, 71, PA44, , , , , PA44
1660411845, , 33.6346, -118.2037, 4000, 237, 80, PA44, , , , , PA44
1660411848, , 33.681, -118.2744, 4200, 193, 68, PA44, , , , , PA44
1660411848, , 33.634, -118.2048, 4000, 236, 76, PA44, , , , , PA44
1660411848, , 33.681, -118.2744, 4200, 193, 68, PA44, , , , , PA44
1660411848, , 33.634, -118.2048, 4000, 236, 76, PA44, , , , , PA44
1660411854, , 33.6791, -118.275, 4300, 193, 67, PA44, , , , , PA44
1660411854, , 33.6331, -118.2065, 4100, 237, 69, PA44, , , , , PA44
1660411854, , 33.6791, -118.275, 4300, 193, 67, PA44, , , , , PA44
1660411854, , 33.6331, -118.2065, 4100, 237, 69, PA44, , , , , PA44
1660411857, , 33.678, -118.2753, 4200, 198, 87, PA44, , , , , PA44
1660411857, , 33.6325, -118.2077, 4100, 238, 67, PA44, , , , , PA44
1660411857, , 33.678, -118.2753, 4200, 198, 87, PA44, , , , , PA44
1660411857, , 33.6325, -118.2077, 4100, 238, 67, PA44, , , , , PA44
1660411860, , 33.6768, -118.2759, 4200, 199, 95, PA44, , , , , PA44
1660411860, , 33.6319, -118.2089, 4100, 239, 73, PA44, , , , , PA44
1660411866, , 33.6743, -118.277, 4300, 200, 97, PA44, , , , , PA44
1660411866, , 33.6307, -118.2114, 4000, 239, 95, PA44, , , , , PA44
1660411866, , 33.6743, -118.277, 4300, 200, 97, PA44, , , , , PA44
1660411866, , 33.6307, -118.2114, 4000, 239, 95, PA44, , , , , PA44
1660411869, , 33.673, -118.2775, 4300, 201, 97, PA44, , , , , PA44
1660411869, , 33.6301, -118.2126, 4100, 239, 97, PA44, , , , , PA44
1660411869, , 33.673, -118.2775, 4300, 201, 97, PA44, , , , , PA44
1660411869, , 33.6301, -118.2126, 4100, 239, 97, PA44, , , , , PA44
1660411872, , 33.6717, -118.2781, 4300, 201, 101, PA44, , , , , PA44
1660411872, , 33.6293, -118.2142, 4000, 239, 99, PA44, , , , , PA44
1660411872, , 33.6717, -118.2781, 4300, 201, 101, PA44, , , , , PA44
1660411872, , 33.6293, -118.2142, 4000, 239, 99, PA44, , , , , PA44
1660411878, , 33.669, -118.2794, 4300, 201, 110, PA44, , , , , PA44
1660411878, , 33.6279, -118.217, 4000, 240, 107, PA44, , , , , PA44
1660411881, , 33.6682, -118.2798, 4300, 200, 112, PA44, , , , , PA44
1660411881, , 33.6272, -118.2186, 4000, 242, 108, PA44, , , , , PA44
1660411881, , 33.6682, -118.2798, 4300, 200, 112, PA44, , , , , PA44
1660411881, , 33.6272, -118.2186, 4000, 242, 108, PA44, , , , , PA44
1660411884, , 33.6661, -118.2807, 4300, 199, 115, PA44, , , , , PA44
1660411884, , 33.6265, -118.2203, 4000, 246, 110, PA44, , , , , PA44
1660411884, , 33.6661, -118.2807, 4300, 199, 115, PA44, , , , , PA44
1660411884, , 33.6265, -118.2203, 4000, 246, 110, PA44, , , , , PA44
1660411887, , 33.6654, -118.281, 4300, 194, 107, PA44, , , , , PA44
1660411890, , 33.6262, -118.2242, 4000, 267, 114, PA44, , , , , PA44
1660411887, , 33.6654, -118.281, 4300, 194, 107, PA44, , , , , PA44
1660411890, , 33.6262, -118.2242, 4000, 267, 114, PA44, , , , , PA44
1660411893, , 33.6623, -118.2803, 4400, 134, 86, PA44, , , , , PA44
1660411890, , 33.6262, -118.2242, 4000, 267, 114, PA44, , , , , PA44
1660411896, , 33.6618, -118.279, 4300, 112, 85, PA44, , , , , PA44
1660411894, , 33.6267, -118.2267, 4000, 290, 114, PA44, , , , , PA44
1660411896, , 33.6618, -118.279, 4300, 112, 85, PA44, , , , , PA44
1660411894, , 33.6267, -118.2267, 4000, 290, 114, PA44, , , , , PA44
1660411902, , 33.6607, -118.2759, 4300, 112, 102, PA44, , , , , PA44
1660411902, , 33.629, -118.2312, 4000, 305, 123, PA44, , , , , PA44
1660411902, , 33.6607, -118.2759, 4300, 112, 102, PA44, , , , , PA44
1660411902, , 33.629, -118.2312, 4000, 305, 123, PA44, , , , , PA44
1660411906, , 33.6605, -118.2752, 4400, 112, 101, PA44, , , , , PA44
1660411902, , 33.629, -118.2312, 4000, 305, 123, PA44, , , , , PA44
1660411906, , 33.6605, -118.2752, 4400, 112, 101, PA44, , , , , PA44
1660411902, , 33.629, -118.2312, 4000, 305, 123, PA44, , , , , PA44
1660411906, , 33.6605, -118.2752, 4400, 112, 101, PA44, , , , , PA44
1660411910, , 33.6315, -118.2353, 3900, 306, 126, PA44, , , , , PA44
1660411911, , 33.6595, -118.2714, 4400, 103, 99, PA44, , , , , PA44
1660411912, , 33.6325, -118.237, 4000, 306, 125, PA44, , , , , PA44
1660411911, , 33.6595, -118.2714, 4400, 103, 99, PA44, , , , , PA44
1660411912, , 33.6325, -118.237, 4000, 306, 125, PA44, , , , , PA44
1660411918, , 33.6602, -118.2683, 4400, 44, 113, PA44, , , , , PA44
1660411915, , 33.6336, -118.2387, 4000, 306, 125, PA44, , , , , PA44
1660411918, , 33.6602, -118.2683, 4400, 44, 113, PA44, , , , , PA44
1660411915, , 33.6336, -118.2387, 4000, 306, 125, PA44, , , , , PA44
1660411920, , 33.6617, -118.2667, 4400, 33, 117, PA44, , , , , PA44
1660411921, , 33.6356, -118.2419, 4000, 306, 123, PA44, , , , , PA44
1660411920, , 33.6617, -118.2667, 4400, 33, 117, PA44, , , , , PA44
1660411921, , 33.6356, -118.2419, 4000, 306, 123, PA44, , , , , PA44
1660411924, , 33.6636, -118.2659, 4300, 21, 120, PA44, , , , , PA44
1660411924, , 33.6366, -118.2436, 4000, 305, 123, PA44, , , , , PA44
1660411929, , 33.6671, -118.2657, 4300, 354, 129, PA44, , , , , PA44
1660411928, , 33.6377, -118.2454, 4000, 304, 126, PA44, , , , , PA44
1660411929, , 33.6671, -118.2657, 4300, 354, 129, PA44, , , , , PA44
1660411928, , 33.6377, -118.2454, 4000, 304, 126, PA44, , , , , PA44
1660411932, , 33.6679, -118.2659, 4200, 348, 132, PA44, , , , , PA44
1660411933, , 33.6397, -118.2488, 3900, 305, 133, PA44, , , , , PA44
1660411932, , 33.6679, -118.2659, 4200, 348, 132, PA44, , , , , PA44
1660411933, , 33.6397, -118.2488, 3900, 305, 133, PA44, , , , , PA44
1660411936, , 33.6704, -118.2668, 4200, 342, 136, PA44, , , , , PA44
1660411937, , 33.6407, -118.2507, 3900, 300, 130, PA44, , , , , PA44
1660411936, , 33.6704, -118.2668, 4200, 342, 136, PA44, , , , , PA44
1660411937, , 33.6407, -118.2507, 3900, 300, 130, PA44, , , , , PA44
1660411942, , 33.6733, -118.2684, 4200, 328, 136, PA44, , , , , PA44
1660411940, , 33.6414, -118.2527, 4000, 284, 128, PA44, , , , , PA44
1660411945, , 33.6757, -118.2703, 4200, 323, 128, PA44, , , , , PA44
1660411944, , 33.641, -118.256, 4000, 248, 125, PA44, , , , , PA44
1660411945, , 33.6757, -118.2703, 4200, 323, 128, PA44, , , , , PA44
1660411944, , 33.641, -118.256, 4000, 248, 125, PA44, , , , , PA44
1660411948, , 33.6759, -118.2706, 4200, 322, 123, PA44, , , , , PA44
1660411948, , 33.6401, -118.2573, 4000, 216, 128, PA44, , , , , PA44
1660411948, , 33.6759, -118.2706, 4200, 322, 123, PA44, , , , , PA44
1660411948, , 33.6401, -118.2573, 4000, 216, 128, PA44, , , , , PA44
1660411954, , 33.6794, -118.2739, 4200, 318, 111, PA44, , , , , PA44
1660411952, , 33.6379, -118.2585, 4000, 197, 129, PA44, , , , , PA44
1660411954, , 33.6794, -118.2739, 4200, 318, 111, PA44, , , , , PA44
1660411952, , 33.6379, -118.2585, 4000, 197, 129, PA44, , , , , PA44
1660411956, , 33.6802, -118.2748, 4200, 318, 111, PA44, , , , , PA44
1660411956, , 33.6354, -118.2579, 4000, 147, 129, PA44, , , , , PA44
1660411960, , 33.681, -118.2762, 4200, 278, 97, PA44, , , , , PA44
1660411959, , 33.6339, -118.2559, 4000, 141, 129, PA44, , , , , PA44
1660411960, , 33.681, -118.2762, 4200, 278, 97, PA44, , , , , PA44
1660411959, , 33.6339, -118.2559, 4000, 141, 129, PA44, , , , , PA44
1660411965, , 33.6804, -118.279, 4200, 239, 85, PA44, , , , , PA44
1660411963, , 33.6334, -118.2529, 3900, 152, 129, PA44, , , , , PA44
1660411965, , 33.6804, -118.279, 4200, 239, 85, PA44, , , , , PA44
1660411963, , 33.6334, -118.2529, 3900, 152, 129, PA44, , , , , PA44
1660411969, , 33.6795, -118.2809, 4100, 241, 98, PA44, , , , , PA44
1660411968, , 33.6348, -118.2498, 3900, 61, 135, PA44, , , , , PA44
1660411972, , 33.6791, -118.2819, 4100, 241, 103, PA44, , , , , PA44
1660411974, , 33.6381, -118.2485, 3900, 10, 136, PA44, , , , , PA44
1660411972, , 33.6791, -118.2819, 4100, 241, 103, PA44, , , , , PA44
1660411974, , 33.6381, -118.2485, 3900, 10, 136, PA44, , , , , PA44
1660411978, , 33.6773, -118.2853, 4100, 235, 112, PA44, , , , , PA44
1660411977, , 33.6401, -118.2494, 3900, 328, 137, PA44, , , , , PA44
1660411978, , 33.6773, -118.2853, 4100, 235, 112, PA44, , , , , PA44
1660411977, , 33.6401, -118.2494, 3900, 328, 137, PA44, , , , , PA44
1660411980, , 33.6767, -118.2862, 4100, 234, 114, PA44, , , , , PA44
1660411980, , 33.6414, -118.2511, 3900, 310, 137, PA44, , , , , PA44
1660411980, , 33.6767, -118.2862, 4100, 234, 114, PA44, , , , , PA44
1660411980, , 33.6414, -118.2511, 3900, 310, 137, PA44, , , , , PA44
1660411984, , 33.6753, -118.2886, 4100, 233, 116, PA44, , , , , PA44
1660411986, , 33.6437, -118.2543, 4000, 311, 133, PA44, , , , , PA44
1660411984, , 33.6753, -118.2886, 4100, 233, 116, PA44, , , , , PA44
1660411986, , 33.6437, -118.2543, 4000, 311, 133, PA44, , , , , PA44
1660411990, , 33.6732, -118.2916, 4200, 229, 117, PA44, , , , , PA44
1660411989, , 33.6455, -118.2552, 4000, 339, 132, PA44, , , , , PA44
1660411993, , 33.6724, -118.2928, 4200, 227, 116, PA44, , , , , PA44
1660411992, , 33.6471, -118.2552, 4000, 3, 134, PA44, , , , , PA44
1660411993, , 33.6724, -118.2928, 4200, 227, 116, PA44, , , , , PA44
1660411992, , 33.6471, -118.2552, 4000, 3, 134, PA44, , , , , PA44
1660411996, , 33.6713, -118.2941, 4200, 225, 115, PA44, , , , , PA44
1660411998, , 33.6501, -118.2526, 3900, 56, 138, PA44, , , , , PA44
1660411996, , 33.6713, -118.2941, 4200, 225, 115, PA44, , , , , PA44
1660411998, , 33.6501, -118.2526, 3900, 56, 138, PA44, , , , , PA44
1660412002, , 33.6687, -118.297, 4300, 223, 115, PA44, , , , , PA44
1660412001, , 33.6507, -118.2501, 4000, 85, 134, PA44, , , , , PA44
1660412005, , 33.6686, -118.2972, 4300, 222, 113, PA44, , , , , PA44
1660412004, , 33.6503, -118.248, 4000, 93, 132, PA44, , , , , PA44
1660412005, , 33.6686, -118.2972, 4300, 222, 113, PA44, , , , , PA44
1660412004, , 33.6503, -118.248, 4000, 93, 132, PA44, , , , , PA44
1660412007, , 33.667, -118.2988, 4300, 224, 109, PA44, , , , , PA44
1660412010, , 33.6479, -118.2453, 4100, 153, 126, PA44, , , , , PA44
1660412007, , 33.667, -118.2988, 4300, 224, 109, PA44, , , , , PA44
1660412010, , 33.6479, -118.2453, 4100, 153, 126, PA44, , , , , PA44
1660412014, , 33.6645, -118.302, 4400, 226, 105, PA44, , , , , PA44
1660412013, , 33.6461, -118.2449, 4000, 179, 132, PA44, , , , , PA44
1660412014, , 33.6645, -118.302, 4400, 226, 105, PA44, , , , , PA44
1660412013, , 33.6461, -118.2449, 4000, 179, 132, PA44, , , , , PA44
1660412014, , 33.6645, -118.302, 4400, 226, 105, PA44, , , , , PA44
1660412016, , 33.6446, -118.2452, 4000, 192, 135, PA44, , , , , PA44
1660412019, , 33.6631, -118.3037, 4400, 225, 98, PA44, , , , , PA44
1660412022, , 33.642, -118.2488, 3900, 243, 140, PA44, , , , , PA44
1660412019, , 33.6631, -118.3037, 4400, 225, 98, PA44, , , , , PA44
1660412022, , 33.642, -118.2488, 3900, 243, 140, PA44, , , , , PA44
1660412023, , 33.6623, -118.3047, 4500, 221, 87, PA44, , , , , PA44
1660412024, , 33.642, -118.2503, 3900, 270, 139, PA44, , , , , PA44
1660412023, , 33.6623, -118.3047, 4500, 221, 87, PA44, , , , , PA44
1660412024, , 33.642, -118.2503, 3900, 270, 139, PA44, , , , , PA44
1660412028, , 33.6602, -118.3069, 4500, 220, 80, PA44, , , , , PA44
1660412028, , 33.6429, -118.2532, 3900, 239, 139, PA44, , , , , PA44
1660412028, , 33.6602, -118.3069, 4500, 220, 80, PA44, , , , , PA44
1660412028, , 33.6429, -118.2532, 3900, 239, 139, PA44, , , , , PA44
1660412032, , 33.6591, -118.3082, 4600, 225, 78, PA44, , , , , PA44
1660412034, , 33.6441, -118.2552, 4000, 306, 133, PA44, , , , , PA44
1660412036, , 33.6582, -118.3094, 4500, 228, 85, PA44, , , , , PA44
1660412037, , 33.6462, -118.2584, 4000, 307, 128, PA44, , , , , PA44
1660412036, , 33.6582, -118.3094, 4500, 228, 85, PA44, , , , , PA44
1660412037, , 33.6462, -118.2584, 4000, 307, 128, PA44, , , , , PA44
1660412041, , 33.6564, -118.3116, 4400, 225, 94, PA44, , , , , PA44
1660412040, , 33.6472, -118.2601, 4000, 307, 127, PA44, , , , , PA44
1660412041, , 33.6564, -118.3116, 4400, 225, 94, PA44, , , , , PA44
1660412040, , 33.6472, -118.2601, 4000, 307, 127, PA44, , , , , PA44
1660412045, , 33.6555, -118.3127, 4400, 223, 96, PA44, , , , , PA44
1660412046, , 33.6489, -118.2628, 4000, 306, 126, PA44, , , , , PA44
1660412045, , 33.6555, -118.3127, 4400, 223, 96, PA44, , , , , PA44
1660412046, , 33.6489, -118.2628, 4000, 306, 126, PA44, , , , , PA44
1660412048, , 33.6544, -118.314, 4400, 223, 96, PA44, , , , , PA44
1660412049, , 33.6497, -118.264, 4000, 307, 124, PA44, , , , , PA44
1660412053, , 33.6526, -118.3161, 4300, 224, 96, PA44, , , , , PA44
1660412054, , 33.6517, -118.2671, 4100, 308, 123, PA44, , , , , PA44
1660412053, , 33.6526, -118.3161, 4300, 224, 96, PA44, , , , , PA44
1660412054, , 33.6517, -118.2671, 4100, 308, 123, PA44, , , , , PA44
1660412057, , 33.6516, -118.3171, 4300, 223, 96, PA44, , , , , PA44
1660412058, , 33.6532, -118.2695, 4100, 307, 120, PA44, , , , , PA44
1660412057, , 33.6516, -118.3171, 4300, 223, 96, PA44, , , , , PA44
1660412058, , 33.6532, -118.2695, 4100, 307, 120, PA44, , , , , PA44
1660412059, , 33.6507, -118.3182, 4300, 222, 96, PA44, , , , , PA44
1660412062, , 33.6546, -118.2716, 4000, 307, 117, PA44, , , , , PA44
1660412063, , 33.6495, -118.3195, 4300, 223, 98, PA44, , , , , PA44
1660412066, , 33.6557, -118.2735, 4100, 306, 115, PA44, , , , , PA44
1660412063, , 33.6495, -118.3195, 4300, 223, 98, PA44, , , , , PA44
1660412066, , 33.6557, -118.2735, 4100, 306, 115, PA44, , , , , PA44
1660412069, , 33.6477, -118.3217, 4400, 225, 96, PA44, , , , , PA44
1660412070, , 33.6573, -118.2758, 4100, 308, 116, PA44, , , , , PA44
1660412069, , 33.6477, -118.3217, 4400, 225, 96, PA44, , , , , PA44
1660412070, , 33.6573, -118.2758, 4100, 308, 116, PA44, , , , , PA44
1660412073, , 33.6466, -118.323, 4400, 226, 101, PA44, , , , , PA44
1660412073, , 33.6584, -118.2777, 4100, 308, 114, PA44, , , , , PA44
1660412073, , 33.6466, -118.323, 4400, 226, 101, PA44, , , , , PA44
1660412073, , 33.6584, -118.2777, 4100, 308, 114, PA44, , , , , PA44
1660412076, , 33.6454, -118.3245, 4400, 227, 104, PA44, , , , , PA44
1660412076, , 33.6594, -118.2791, 4100, 308, 111, PA44, , , , , PA44
1660412082, , 33.6433, -118.3273, 4400, 227, 107, PA44, , , , , PA44
1660412082, , 33.6612, -118.282, 4100, 306, 105, PA44, , , , , PA44
1660412082, , 33.6433, -118.3273, 4400, 227, 107, PA44, , , , , PA44
1660412082, , 33.6612, -118.282, 4100, 306, 105, PA44, , , , , PA44
1660412084, , 33.6429, -118.3278, 4400, 226, 109, PA44, , , , , PA44
1660412085, , 33.6619, -118.2831, 4100, 305, 102, PA44, , , , , PA44
1660412084, , 33.6429, -118.3278, 4400, 226, 109, PA44, , , , , PA44
1660412085, , 33.6619, -118.2831, 4100, 305, 102, PA44, , , , , PA44
1660412088, , 33.6419, -118.3292, 4500, 233, 111, PA44, , , , , PA44
1660412089, , 33.6631, -118.2851, 4100, 306, 100, PA44, , , , , PA44
1660412088, , 33.6419, -118.3292, 4500, 233, 111, PA44, , , , , PA44
1660412089, , 33.6631, -118.2851, 4100, 306, 100, PA44, , , , , PA44
1660412091, , 33.6405, -118.3316, 4500, 237, 112, PA44, , , , , PA44
1660412092, , 33.6638, -118.2863, 4100, 306, 97, PA44, , , , , PA44
1660412097, , 33.6393, -118.3353, 4500, 252, 114, PA44, , , , , PA44
1660412098, , 33.6655, -118.2889, 4100, 306, 88, PA44, , , , , PA44
1660412097, , 33.6393, -118.3353, 4500, 252, 114, PA44, , , , , PA44
1660412098, , 33.6655, -118.2889, 4100, 306, 88, PA44, , , , , PA44
1660412100, , 33.6389, -118.3374, 4500, 252, 114, PA44, , , , , PA44
1660412101, , 33.6662, -118.29, 4100, 306, 85, PA44, , , , , PA44
1660412100, , 33.6389, -118.3374, 4500, 252, 114, PA44, , , , , PA44
1660412101, , 33.6662, -118.29, 4100, 306, 85, PA44, , , , , PA44
1660412103, , 33.6388, -118.339, 4500, 265, 121, PA44, , , , , PA44
1660412104, , 33.6669, -118.2912, 4200, 306, 83, PA44, , , , , PA44
1660412103, , 33.6388, -118.339, 4500, 265, 121, PA44, , , , , PA44
1660412104, , 33.6669, -118.2912, 4200, 306, 83, PA44, , , , , PA44
1660412110, , 33.6392, -118.3437, 4500, 277, 124, PA44, , , , , PA44
1660412110, , 33.6679, -118.2929, 4200, 306, 79, PA44, , , , , PA44
1660412113, , 33.6397, -118.3457, 4400, 285, 126, PA44, , , , , PA44
1660412113, , 33.6689, -118.2944, 4200, 307, 79, PA44, , , , , PA44
1660412113, , 33.6397, -118.3457, 4400, 285, 126, PA44, , , , , PA44
1660412113, , 33.6689, -118.2944, 4200, 307, 79, PA44, , , , , PA44
1660412116, , 33.6401, -118.3477, 4500, 283, 125, PA44, , , , , PA44
1660412116, , 33.6696, -118.2955, 4200, 307, 77, PA44, , , , , PA44
1660412116, , 33.6401, -118.3477, 4500, 283, 125, PA44, , , , , PA44
1660412116, , 33.6696, -118.2955, 4200, 307, 77, PA44, , , , , PA44
1660412121, , 33.6409, -118.3514, 4500, 284, 126, PA44, , , , , PA44
1660412122, , 33.6709, -118.2975, 4200, 307, 77, PA44, , , , , PA44
1660412121, , 33.6409, -118.3514, 4500, 284, 126, PA44, , , , , PA44
1660412122, , 33.6709, -118.2975, 4200, 307, 77, PA44, , , , , PA44
1660412125, , 33.6414, -118.3538, 4400, 286, 127, PA44, , , , , PA44
1660412125, , 33.6715, -118.2986, 4200, 306, 77, PA44, , , , , PA44
1660412128, , 33.642, -118.3558, 4400, 286, 128, PA44, , , , , PA44
1660412128, , 33.672, -118.2995, 4200, 305, 74, PA44, , , , , PA44
1660412128, , 33.642, -118.3558, 4400, 286, 128, PA44, , , , , PA44
1660412128, , 33.672, -118.2995, 4200, 305, 74, PA44, , , , , PA44
1660412133, , 33.6429, -118.3592, 4400, 288, 129, PA44, , , , , PA44
1660412134, , 33.6732, -118.3016, 4200, 302, 76, PA44, , , , , PA44
1660412133, , 33.6429, -118.3592, 4400, 288, 129, PA44, , , , , PA44
1660412134, , 33.6732, -118.3016, 4200, 302, 76, PA44, , , , , PA44
1660412136, , 33.6436, -118.3618, 4400, 289, 132, PA44, , , , , PA44
1660412134, , 33.6732, -118.3016, 4200, 302, 76, PA44, , , , , PA44
1660412136, , 33.6436, -118.3618, 4400, 289, 132, PA44, , , , , PA44
1660412134, , 33.6732, -118.3016, 4200, 302, 76, PA44, , , , , PA44
1660412139, , 33.6442, -118.3636, 4400, 289, 133, PA44, , , , , PA44
1660412142, , 33.6751, -118.3051, 4000, 304, 97, PA44, , , , , PA44
1660412145, , 33.6453, -118.3676, 4400, 287, 134, PA44, , , , , PA44
1660412146, , 33.6757, -118.306, 4000, 301, 77, PA44, , , , , PA44
1660412145, , 33.6453, -118.3676, 4400, 287, 134, PA44, , , , , PA44
1660412146, , 33.6757, -118.306, 4000, 301, 77, PA44, , , , , PA44
1660412148, , 33.646, -118.3702, 4400, 284, 134, PA44, , , , , PA44
1660412150, , 33.6773, -118.3086, 4000, 306, 99, PA44, , , , , PA44
1660412148, , 33.646, -118.3702, 4400, 284, 134, PA44, , , , , PA44
1660412150, , 33.6773, -118.3086, 4000, 306, 99, PA44, , , , , PA44
1660412151, , 33.6461, -118.3721, 4400, 273, 133, PA44, , , , , PA44
1660412150, , 33.6773, -118.3086, 4000, 306, 99, PA44, , , , , PA44
1660412151, , 33.6461, -118.3721, 4400, 273, 133, PA44, , , , , PA44
1660412150, , 33.6773, -118.3086, 4000, 306, 99, PA44, , , , , PA44
1660412158, , 33.6444, -118.3762, 4500, 223, 125, PA44, , , , , PA44
1660412157, , 33.6791, -118.3115, 4100, 303, 79, PA44, , , , , PA44
1660412160, , 33.6435, -118.377, 4500, 217, 127, PA44, , , , , PA44
1660412160, , 33.6797, -118.3125, 4200, 300, 75, PA44, , , , , PA44
1660412160, , 33.6435, -118.377, 4500, 217, 127, PA44, , , , , PA44
1660412160, , 33.6797, -118.3125, 4200, 300, 75, PA44, , , , , PA44
1660412162, , 33.6419, -118.3776, 4400, 191, 134, PA44, , , , , PA44
1660412163, , 33.6801, -118.3134, 4100, 297, 81, PA44, , , , , PA44
1660412162, , 33.6419, -118.3776, 4400, 191, 134, PA44, , , , , PA44
1660412163, , 33.6801, -118.3134, 4100, 297, 81, PA44, , , , , PA44
1660412166, , 33.6396, -118.3768, 4400, 179, 137, PA44, , , , , PA44
1660412169, , 33.6815, -118.3163, 4000, 302, 98, PA44, , , , , PA44
1660412166, , 33.6396, -118.3768, 4400, 179, 137, PA44, , , , , PA44
1660412169, , 33.6815, -118.3163, 4000, 302, 98, PA44, , , , , PA44
1660412171, , 33.6377, -118.3738, 4400, 111, 137, PA44, , , , , PA44
1660412172, , 33.6824, -118.3177, 4000, 305, 106, PA44, , , , , PA44
1660412175, , 33.6375, -118.3711, 4400, 89, 144, PA44, , , , , PA44
1660412175, , 33.6833, -118.3193, 4000, 305, 108, PA44, , , , , PA44
1660412175, , 33.6375, -118.3711, 4400, 89, 144, PA44, , , , , PA44
1660412175, , 33.6833, -118.3193, 4000, 305, 108, PA44, , , , , PA44
1660412181, , 33.6397, -118.3678, 4400, 71, 146, PA44, , , , , PA44
1660412182, , 33.6846, -118.3224, 4000, 292, 100, PA44, , , , , PA44
1660412181, , 33.6397, -118.3678, 4400, 71, 146, PA44, , , , , PA44
1660412182, , 33.6846, -118.3224, 4000, 292, 100, PA44, , , , , PA44
1660412185, , 33.6424, -118.3673, 4500, 10, 138, PA44, , , , , PA44
1660412184, , 33.6845, -118.3239, 4000, 261, 99, PA44, , , , , PA44
1660412185, , 33.6424, -118.3673, 4500, 10, 138, PA44, , , , , PA44
1660412184, , 33.6845, -118.3239, 4000, 261, 99, PA44, , , , , PA44
1660412188, , 33.6442, -118.3678, 4400, 337, 141, PA44, , , , , PA44
1660412188, , 33.6844, -118.3245, 4000, 236, 104, PA44, , , , , PA44
1660412194, , 33.6463, -118.3713, 4400, 285, 135, PA44, , , , , PA44
1660412193, , 33.6821, -118.3275, 4000, 220, 104, PA44, , , , , PA44
1660412194, , 33.6463, -118.3713, 4400, 285, 135, PA44, , , , , PA44
1660412193, , 33.6821, -118.3275, 4000, 220, 104, PA44, , , , , PA44
1660412196, , 33.6465, -118.3723, 4500, 284, 132, PA44, , , , , PA44
1660412196, , 33.6811, -118.3284, 4000, 220, 104, PA44, , , , , PA44
1660412196, , 33.6465, -118.3723, 4500, 284, 132, PA44, , , , , PA44
1660412196, , 33.6811, -118.3284, 4000, 220, 104, PA44, , , , , PA44
1660412200, , 33.647, -118.3744, 4500, 285, 127, PA44, , , , , PA44
1660412200, , 33.6793, -118.3298, 4000, 213, 96, PA44, , , , , PA44
1660412200, , 33.647, -118.3744, 4500, 285, 127, PA44, , , , , PA44
1660412200, , 33.6793, -118.3298, 4000, 213, 96, PA44, , , , , PA44
1660412204, , 33.6481, -118.3785, 4500, 291, 129, PA44, , , , , PA44
1660412206, , 33.6775, -118.3312, 4100, 212, 85, PA44, , , , , PA44
1660412209, , 33.649, -118.3803, 4500, 295, 130, PA44, , , , , PA44
1660412206, , 33.6775, -118.3312, 4100, 212, 85, PA44, , , , , PA44
1660412209, , 33.649, -118.3803, 4500, 295, 130, PA44, , , , , PA44
1660412206, , 33.6775, -118.3312, 4100, 212, 85, PA44, , , , , PA44
1660412209, , 33.649, -118.3803, 4500, 295, 130, PA44, , , , , PA44
1660412210, , 33.6761, -118.3322, 4200, 209, 68, PA44, , , , , PA44
1660412209, , 33.649, -118.3803, 4500, 295, 130, PA44, , , , , PA44
1660412210, , 33.6761, -118.3322, 4200, 209, 68, PA44, , , , , PA44
1660412215, , 33.6519, -118.3819, 4500, 308, 131, PA44, , , , , PA44
1660412217, , 33.6739, -118.3336, 4100, 206, 82, PA44, , , , , PA44
1660412215, , 33.6519, -118.3819, 4500, 308, 131, PA44, , , , , PA44
1660412217, , 33.6739, -118.3336, 4100, 206, 82, PA44, , , , , PA44
1660412222, , 33.6568, -118.3794, 4500, 52, 132, PA44, , , , , PA44
1660412220, , 33.6727, -118.3343, 4000, 206, 82, PA44, , , , , PA44
1660412225, , 33.6575, -118.3777, 4500, 75, 135, PA44, , , , , PA44
1660412223, , 33.6715, -118.3351, 4000, 210, 97, PA44, , , , , PA44
1660412225, , 33.6575, -118.3777, 4500, 75, 135, PA44, , , , , PA44
1660412223, , 33.6715, -118.3351, 4000, 210, 97, PA44, , , , , PA44
1660412228, , 33.6578, -118.3751, 4500, 93, 136, PA44, , , , , PA44
1660412229, , 33.6695, -118.3363, 3900, 206, 101, PA44, , , , , PA44
1660412228, , 33.6578, -118.3751, 4500, 93, 136, PA44, , , , , PA44
1660412229, , 33.6695, -118.3363, 3900, 206, 101, PA44, , , , , PA44
1660412234, , 33.6559, -118.3708, 4500, 133, 135, PA44, , , , , PA44
1660412232, , 33.6683, -118.3369, 4000, 203, 101, PA44, , , , , PA44
1660412234, , 33.6559, -118.3708, 4500, 133, 135, PA44, , , , , PA44
1660412232, , 33.6683, -118.3369, 4000, 203, 101, PA44, , , , , PA44
1660412237, , 33.6546, -118.37, 4500, 158, 133, PA44, , , , , PA44
1660412235, , 33.6664, -118.3379, 4000, 203, 100, PA44, , , , , PA44
1660412240, , 33.6525, -118.3697, 4500, 180, 133, PA44, , , , , PA44
1660412241, , 33.6641, -118.339, 4000, 200, 102, PA44, , , , , PA44
1660412240, , 33.6525, -118.3697, 4500, 180, 133, PA44, , , , , PA44
1660412241, , 33.6641, -118.339, 4000, 200, 102, PA44, , , , , PA44
1660412246, , 33.6492, -118.3716, 4500, 222, 133, PA44, , , , , PA44
1660412244, , 33.663, -118.3393, 4000, 200, 102, PA44, , , , , PA44
1660412246, , 33.6492, -118.3716, 4500, 222, 133, PA44, , , , , PA44
1660412244, , 33.663, -118.3393, 4000, 200, 102, PA44, , , , , PA44
1660412249, , 33.6481, -118.3734, 4500, 244, 134, PA44, , , , , PA44
1660412247, , 33.6611, -118.3395, 4000, 178, 106, PA44, , , , , PA44
1660412249, , 33.6481, -118.3734, 4500, 244, 134, PA44, , , , , PA44
1660412247, , 33.6611, -118.3395, 4000, 178, 106, PA44, , , , , PA44
1660412252, , 33.6477, -118.3755, 4500, 259, 135, PA44, , , , , PA44
1660412254, , 33.6578, -118.3393, 4000, 176, 107, PA44, , , , , PA44
1660412258, , 33.6482, -118.3799, 4500, 286, 127, PA44, , , , , PA44
1660412257, , 33.6563, -118.3392, 4000, 175, 107, PA44, , , , , PA44
1660412258, , 33.6482, -118.3799, 4500, 286, 127, PA44, , , , , PA44
1660412257, , 33.6563, -118.3392, 4000, 175, 107, PA44, , , , , PA44
1660412261, , 33.6488, -118.3817, 4500, 290, 121, PA44, , , , , PA44
1660412260, , 33.655, -118.3391, 4000, 175, 107, PA44, , , , , PA44
1660412261, , 33.6488, -118.3817, 4500, 290, 121, PA44, , , , , PA44
1660412260, , 33.655, -118.3391, 4000, 175, 107, PA44, , , , , PA44
1660412264, , 33.6494, -118.3837, 4600, 291, 121, PA44, , , , , PA44
1660412266, , 33.6518, -118.3387, 4100, 175, 107, PA44, , , , , PA44
1660412264, , 33.6494, -118.3837, 4600, 291, 121, PA44, , , , , PA44
1660412266, , 33.6518, -118.3387, 4100, 175, 107, PA44, , , , , PA44
1660412270, , 33.6506, -118.3878, 4500, 287, 128, PA44, , , , , PA44
1660412268, , 33.651, -118.3385, 4100, 170, 106, PA44, , , , , PA44
1660412273, , 33.6511, -118.3896, 4500, 286, 129, PA44, , , , , PA44
1660412268, , 33.651, -118.3385, 4100, 170, 106, PA44, , , , , PA44
1660412273, , 33.6511, -118.3896, 4500, 286, 129, PA44, , , , , PA44
1660412268, , 33.651, -118.3385, 4100, 170, 106, PA44, , , , , PA44
1660412276, , 33.6516, -118.3918, 4600, 286, 129, PA44, , , , , PA44
1660412278, , 33.6473, -118.3347, 4100, 132, 106, PA44, , , , , PA44
1660412276, , 33.6516, -118.3918, 4600, 286, 129, PA44, , , , , PA44
1660412278, , 33.6473, -118.3347, 4100, 132, 106, PA44, , , , , PA44
1660412282, , 33.6527, -118.3961, 4500, 286, 133, PA44, , , , , PA44
1660412280, , 33.6467, -118.3333, 4100, 115, 108, PA44, , , , , PA44
1660412282, , 33.6527, -118.3961, 4500, 286, 133, PA44, , , , , PA44
1660412280, , 33.6467, -118.3333, 4100, 115, 108, PA44, , , , , PA44
1660412285, , 33.653, -118.398, 4500, 276, 133, PA44, , , , , PA44
1660412284, , 33.646, -118.3315, 4100, 113, 107, PA44, , , , , PA44
1660412288, , 33.6529, -118.4002, 4500, 262, 132, PA44, , , , , PA44
1660412290, , 33.645, -118.3282, 4100, 109, 103, PA44, , , , , PA44
1660412288, , 33.6529, -118.4002, 4500, 262, 132, PA44, , , , , PA44
1660412290, , 33.645, -118.3282, 4100, 109, 103, PA44, , , , , PA44
1660412291, , 33.6523, -118.4024, 4500, 246, 128, PA44, , , , , PA44
1660412292, , 33.6446, -118.3269, 4100, 108, 96, PA44, , , , , PA44
1660412291, , 33.6523, -118.4024, 4500, 246, 128, PA44, , , , , PA44
1660412292, , 33.6446, -118.3269, 4100, 108, 96, PA44, , , , , PA44
1660412296, , 33.6507, -118.4043, 4500, 218, 128, PA44, , , , , PA44
1660412296, , 33.6441, -118.3253, 4200, 108, 86, PA44, , , , , PA44
1660412296, , 33.6507, -118.4043, 4500, 218, 128, PA44, , , , , PA44
1660412296, , 33.6441, -118.3253, 4200, 108, 86, PA44, , , , , PA44
1660412301, , 33.6474, -118.4062, 4500, 199, 133, PA44, , , , , PA44
1660412302, , 33.6436, -118.3229, 4300, 104, 70, PA44, , , , , PA44
1660412303, , 33.6465, -118.4066, 4500, 199, 133, PA44, , , , , PA44
1660412305, , 33.6435, -118.3225, 4300, 100, 73, PA44, , , , , PA44
1660412303, , 33.6465, -118.4066, 4500, 199, 133, PA44, , , , , PA44
1660412305, , 33.6435, -118.3225, 4300, 100, 73, PA44, , , , , PA44
1660412307, , 33.6448, -118.4073, 4500, 199, 134, PA44, , , , , PA44
1660412307, , 33.6433, -118.3212, 4200, 99, 80, PA44, , , , , PA44
1660412307, , 33.6448, -118.4073, 4500, 199, 134, PA44, , , , , PA44
1660412307, , 33.6433, -118.3212, 4200, 99, 80, PA44, , , , , PA44
1660412314, , 33.6401, -118.4092, 4600, 198, 127, PA44, , , , , PA44
1660412314, , 33.6427, -118.3175, 4100, 101, 97, PA44, , , , , PA44
1660412314, , 33.6401, -118.4092, 4600, 198, 127, PA44, , , , , PA44
1660412314, , 33.6427, -118.3175, 4100, 101, 97, PA44, , , , , PA44
1660412317, , 33.6388, -118.4097, 4600, 198, 126, PA44, , , , , PA44
1660412316, , 33.6425, -118.3162, 4100, 101, 97, PA44, , , , , PA44
1660412320, , 33.6371, -118.4104, 4600, 198, 128, PA44, , , , , PA44
1660412320, , 33.6422, -118.3143, 4100, 101, 93, PA44, , , , , PA44
1660412320, , 33.6371, -118.4104, 4600, 198, 128, PA44, , , , , PA44
1660412320, , 33.6422, -118.3143, 4100, 101, 93, PA44, , , , , PA44
1660412323, , 33.6356, -118.4109, 4600, 191, 129, PA44, , , , , PA44
1660412326, , 33.6417, -118.3113, 4100, 102, 90, PA44, , , , , PA44
1660412323, , 33.6356, -118.4109, 4600, 191, 129, PA44, , , , , PA44
1660412326, , 33.6417, -118.3113, 4100, 102, 90, PA44, , , , , PA44
1660412328, , 33.6338, -118.411, 4600, 193, 129, PA44, , , , , PA44
1660412329, , 33.6414, -118.3097, 4100, 104, 90, PA44, , , , , PA44
1660412332, , 33.6307, -118.4089, 4600, 114, 135, PA44, , , , , PA44
1660412332, , 33.6411, -118.3082, 4100, 104, 91, PA44, , , , , PA44
1660412332, , 33.6307, -118.4089, 4600, 114, 135, PA44, , , , , PA44
1660412332, , 33.6411, -118.3082, 4100, 104, 91, PA44, , , , , PA44
1660412335, , 33.6299, -118.4062, 4600, 99, 138, PA44, , , , , PA44
1660412338, , 33.6403, -118.3052, 4100, 106, 95, PA44, , , , , PA44
1660412335, , 33.6299, -118.4062, 4600, 99, 138, PA44, , , , , PA44
1660412338, , 33.6403, -118.3052, 4100, 106, 95, PA44, , , , , PA44
1660412341, , 33.6316, -118.4016, 4500, 52, 146, PA44, , , , , PA44
1660412341, , 33.6399, -118.3037, 4100, 107, 100, PA44, , , , , PA44
1660412341, , 33.6316, -118.4016, 4500, 52, 146, PA44, , , , , PA44
1660412341, , 33.6399, -118.3037, 4100, 107, 100, PA44, , , , , PA44
1660412345, , 33.6328, -118.4008, 4500, 7, 141, PA44, , , , , PA44
1660412343, , 33.6397, -118.3027, 4000, 108, 103, PA44, , , , , PA44
1660412348, , 33.6356, -118.401, 4600, 348, 136, PA44, , , , , PA44
1660412350, , 33.6386, -118.299, 4000, 107, 104, PA44, , , , , PA44
1660412348, , 33.6356, -118.401, 4600, 348, 136, PA44, , , , , PA44
1660412350, , 33.6386, -118.299, 4000, 107, 104, PA44, , , , , PA44
1660412353, , 33.6381, -118.4037, 4600, 297, 132, PA44, , , , , PA44
1660412353, , 33.6382, -118.2971, 4000, 107, 104, PA44, , , , , PA44
1660412353, , 33.6381, -118.4037, 4600, 297, 132, PA44, , , , , PA44
1660412353, , 33.6382, -118.2971, 4000, 107, 104, PA44, , , , , PA44
1660412357, , 33.6386, -118.4056, 4600, 273, 133, PA44, , , , , PA44
1660412356, , 33.6377, -118.2955, 3900, 107, 107, PA44, , , , , PA44
1660412357, , 33.6386, -118.4056, 4600, 273, 133, PA44, , , , , PA44
1660412356, , 33.6377, -118.2955, 3900, 107, 107, PA44, , , , , PA44
1660412360, , 33.6382, -118.4081, 4600, 244, 132, PA44, , , , , PA44
1660412362, , 33.6367, -118.2919, 3800, 108, 113, PA44, , , , , PA44
1660412365, , 33.6359, -118.4107, 4700, 210, 129, PA44, , , , , PA44
1660412365, , 33.6364, -118.2906, 3800, 108, 115, PA44, , , , , PA44
1660412365, , 33.6359, -118.4107, 4700, 210, 129, PA44, , , , , PA44
1660412365, , 33.6364, -118.2906, 3800, 108, 115, PA44, , , , , PA44
1660412368, , 33.634, -118.4119, 4700, 208, 128, PA44, , , , , PA44
1660412368, , 33.6357, -118.2881, 3700, 107, 116, PA44, , , , , PA44
1660412368, , 33.634, -118.4119, 4700, 208, 128, PA44, , , , , PA44
1660412368, , 33.6357, -118.2881, 3700, 107, 116, PA44, , , , , PA44
1660412371, , 33.6327, -118.4128, 4600, 208, 132, PA44, , , , , PA44
1660412374, , 33.6347, -118.2844, 3600, 108, 118, PA44, , , , , PA44
1660412371, , 33.6327, -118.4128, 4600, 208, 132, PA44, , , , , PA44
1660412374, , 33.6347, -118.2844, 3600, 108, 118, PA44, , , , , PA44
1660412374, , 33.632, -118.4136, 4600, 220, 131, PA44, , , , , PA44
1660412377, , 33.6342, -118.2825, 3600, 108, 119, PA44, , , , , PA44
1660412381, , 33.6319, -118.4198, 4600, 258, 134, PA44, , , , , PA44
1660412380, , 33.6336, -118.2806, 3600, 109, 119, PA44, , , , , PA44
1660412381, , 33.6319, -118.4198, 4600, 258, 134, PA44, , , , , PA44
1660412380, , 33.6336, -118.2806, 3600, 109, 119, PA44, , , , , PA44
1660412384, , 33.6333, -118.4209, 4600, 258, 134, PA44, , , , , PA44
1660412386, , 33.6325, -118.2769, 3500, 109, 118, PA44, , , , , PA44
1660412384, , 33.6333, -118.4209, 4600, 258, 134, PA44, , , , , PA44
1660412386, , 33.6325, -118.2769, 3500, 109, 118, PA44, , , , , PA44
1660412387, , 33.6339, -118.4211, 4600, 341, 142, PA44, , , , , PA44
1660412389, , 33.632, -118.2751, 3500, 109, 118, PA44, , , , , PA44
1660412387, , 33.6339, -118.4211, 4600, 341, 142, PA44, , , , , PA44
1660412389, , 33.632, -118.2751, 3500, 109, 118, PA44, , , , , PA44
1660412393, , 33.6379, -118.4201, 4600, 30, 142, PA44, , , , , PA44
1660412392, , 33.6315, -118.2731, 3500, 108, 118, PA44, , , , , PA44
1660412398, , 33.6396, -118.417, 4600, 70, 139, PA44, , , , , PA44
1660412398, , 33.6305, -118.2697, 3500, 107, 110, PA44, , , , , PA44
1660412398, , 33.6396, -118.417, 4600, 70, 139, PA44, , , , , PA44
1660412398, , 33.6305, -118.2697, 3500, 107, 110, PA44, , , , , PA44
1660412400, , 33.6396, -118.4143, 4600, 90, 140, PA44, , , , , PA44
1660412401, , 33.6301, -118.268, 3500, 107, 111, PA44, , , , , PA44
1660412400, , 33.6396, -118.4143, 4600, 90, 140, PA44, , , , , PA44
1660412401, , 33.6301, -118.268, 3500, 107, 111, PA44, , , , , PA44
1660412403, , 33.6386, -118.4122, 4600, 126, 138, PA44, , , , , PA44
1660412404, , 33.6296, -118.266, 3500, 106, 113, PA44, , , , , PA44
1660412403, , 33.6386, -118.4122, 4600, 126, 138, PA44, , , , , PA44
1660412404, , 33.6296, -118.266, 3500, 106, 113, PA44, , , , , PA44
1660412410, , 33.6346, -118.4109, 4600, 185, 135, PA44, , , , , PA44
1660412410, , 33.6286, -118.2622, 3500, 105, 120, PA44, , , , , PA44
1660412413, , 33.6326, -118.4118, 4600, 202, 131, PA44, , , , , PA44
1660412413, , 33.6283, -118.2605, 3500, 106, 122, PA44, , , , , PA44
1660412413, , 33.6326, -118.4118, 4600, 202, 131, PA44, , , , , PA44
1660412413, , 33.6283, -118.2605, 3500, 106, 122, PA44, , , , , PA44
1660412416, , 33.631, -118.4127, 4600, 202, 129, PA44, , , , , PA44
1660412416, , 33.6278, -118.2585, 3400, 105, 123, PA44, , , , , PA44
1660412416, , 33.631, -118.4127, 4600, 202, 129, PA44, , , , , PA44
1660412416, , 33.6278, -118.2585, 3400, 105, 123, PA44, , , , , PA44
1660412422, , 33.6279, -118.4139, 4500, 195, 123, PA44, , , , , PA44
1660412419, , 33.6273, -118.2563, 3500, 105, 124, PA44, , , , , PA44
1660412422, , 33.6279, -118.4139, 4500, 195, 123, PA44, , , , , PA44
1660412419, , 33.6273, -118.2563, 3500, 105, 124, PA44, , , , , PA44
1660412425, , 33.6262, -118.4141, 4600, 180, 120, PA44, , , , , PA44
1660412423, , 33.6266, -118.2533, 3500, 105, 121, PA44, , , , , PA44
1660412428, , 33.6246, -118.4138, 4600, 167, 119, PA44, , , , , PA44
1660412430, , 33.6258, -118.2495, 3500, 103, 118, PA44, , , , , PA44
1660412428, , 33.6246, -118.4138, 4600, 167, 119, PA44, , , , , PA44
1660412430, , 33.6258, -118.2495, 3500, 103, 118, PA44, , , , , PA44
1660412434, , 33.6225, -118.4129, 4600, 148, 123, PA44, , , , , PA44
1660412433, , 33.6253, -118.2475, 3500, 105, 111, PA44, , , , , PA44
1660412434, , 33.6225, -118.4129, 4600, 148, 123, PA44, , , , , PA44
1660412433, , 33.6253, -118.2475, 3500, 105, 111, PA44, , , , , PA44
1660412437, , 33.6201, -118.411, 4600, 141, 123, PA44, , , , , PA44
1660412435, , 33.625, -118.246, 3600, 104, 106, PA44, , , , , PA44
1660412440, , 33.619, -118.4094, 4600, 130, 124, PA44, , , , , PA44
1660412441, , 33.6243, -118.2429, 3600, 104, 97, PA44, , , , , PA44
1660412440, , 33.619, -118.4094, 4600, 130, 124, PA44, , , , , PA44
1660412441, , 33.6243, -118.2429, 3600, 104, 97, PA44, , , , , PA44
1660412444, , 33.6181, -118.4074, 4600, 113, 125, PA44, , , , , PA44
1660412445, , 33.6239, -118.2413, 3600, 106, 95, PA44, , , , , PA44
1660412447, , 33.6177, -118.4049, 4600, 113, 125, PA44, , , , , PA44
1660412447, , 33.6235, -118.2396, 3500, 107, 98, PA44, , , , , PA44
1660412447, , 33.6177, -118.4049, 4600, 113, 125, PA44, , , , , PA44
1660412447, , 33.6235, -118.2396, 3500, 107, 98, PA44, , , , , PA44
1660412451, , 33.6178, -118.403, 4600, 77, 129, PA44, , , , , PA44
1660412453, , 33.6226, -118.2364, 3500, 109, 100, PA44, , , , , PA44
1660412451, , 33.6178, -118.403, 4600, 77, 129, PA44, , , , , PA44
1660412453, , 33.6226, -118.2364, 3500, 109, 100, PA44, , , , , PA44
1660412455, , 33.6191, -118.3994, 4600, 58, 136, PA44, , , , , PA44
1660412457, , 33.6223, -118.2355, 3500, 110, 102, PA44, , , , , PA44
1660412455, , 33.6191, -118.3994, 4600, 58, 136, PA44, , , , , PA44
1660412457, , 33.6223, -118.2355, 3500, 110, 102, PA44, , , , , PA44
1660412459, , 33.6195, -118.3987, 4500, 49, 141, PA44, , , , , PA44
1660412460, , 33.6217, -118.2332, 3500, 110, 102, PA44, , , , , PA44
1660412466, , 33.6239, -118.393, 4500, 45, 143, PA44, , , , , PA44
1660412465, , 33.6211, -118.2314, 3500, 110, 94, PA44, , , , , PA44
1660412466, , 33.6239, -118.393, 4500, 45, 143, PA44, , , , , PA44
1660412465, , 33.6211, -118.2314, 3500, 110, 94, PA44, , , , , PA44
1660412470, , 33.6255, -118.3911, 4500, 44, 133, PA44, , , , , PA44
1660412468, , 33.6207, -118.2298, 3500, 110, 93, PA44, , , , , PA44
1660412470, , 33.6255, -118.3911, 4500, 44, 133, PA44, , , , , PA44
1660412468, , 33.6207, -118.2298, 3500, 110, 93, PA44, , , , , PA44
1660412473, , 33.627, -118.3893, 4500, 43, 127, PA44, , , , , PA44
1660412472, , 33.6198, -118.2271, 3500, 109, 93, PA44, , , , , PA44
1660412473, , 33.627, -118.3893, 4500, 43, 127, PA44, , , , , PA44
1660412472, , 33.6198, -118.2271, 3500, 109, 93, PA44, , , , , PA44
1660412476, , 33.6284, -118.3878, 4500, 42, 123, PA44, , , , , PA44
1660412476, , 33.6193, -118.225, 3500, 108, 91, PA44, , , , , PA44
1660412482, , 33.6308, -118.3851, 4500, 42, 118, PA44, , , , , PA44
1660412482, , 33.6185, -118.2225, 3500, 110, 90, PA44, , , , , PA44
1660412482, , 33.6308, -118.3851, 4500, 42, 118, PA44, , , , , PA44
1660412482, , 33.6185, -118.2225, 3500, 110, 90, PA44, , , , , PA44
1660412485, , 33.632, -118.3838, 4500, 42, 114, PA44, , , , , PA44
1660412485, , 33.618, -118.2208, 3500, 109, 91, PA44, , , , , PA44
1660412485, , 33.632, -118.3838, 4500, 42, 114, PA44, , , , , PA44
1660412485, , 33.618, -118.2208, 3500, 109, 91, PA44, , , , , PA44
1660412487, , 33.6327, -118.3829, 4500, 43, 113, PA44, , , , , PA44
1660412488, , 33.6178, -118.2201, 3500, 109, 91, PA44, , , , , PA44
1660412487, , 33.6327, -118.3829, 4500, 43, 113, PA44, , , , , PA44
1660412488, , 33.6178, -118.2201, 3500, 109, 91, PA44, , , , , PA44
1660412494, , 33.635, -118.3801, 4500, 46, 110, PA44, , , , , PA44
1660412494, , 33.6167, -118.2165, 3400, 109, 90, PA44, , , , , PA44
1660412497, , 33.636, -118.3788, 4500, 45, 109, PA44, , , , , PA44
1660412494, , 33.6167, -118.2165, 3400, 109, 90, PA44, , , , , PA44
1660412497, , 33.636, -118.3788, 4500, 45, 109, PA44, , , , , PA44
1660412494, , 33.6167, -118.2165, 3400, 109, 90, PA44, , , , , PA44
1660412500, , 33.6373, -118.3773, 4500, 44, 106, PA44, , , , , PA44
1660412502, , 33.6158, -118.2131, 3400, 106, 89, PA44, , , , , PA44
1660412500, , 33.6373, -118.3773, 4500, 44, 106, PA44, , , , , PA44
1660412502, , 33.6158, -118.2131, 3400, 106, 89, PA44, , , , , PA44
1660412506, , 33.6393, -118.3751, 4500, 44, 104, PA44, , , , , PA44
1660412505, , 33.6154, -118.2115, 3400, 106, 89, PA44, , , , , PA44
1660412509, , 33.6403, -118.3739, 4500, 44, 104, PA44, , , , , PA44
1660412508, , 33.6151, -118.21, 3400, 105, 90, PA44, , , , , PA44
1660412509, , 33.6403, -118.3739, 4500, 44, 104, PA44, , , , , PA44
1660412508, , 33.6151, -118.21, 3400, 105, 90, PA44, , , , , PA44
1660412512, , 33.6412, -118.3728, 4500, 43, 104, PA44, , , , , PA44
1660412514, , 33.6145, -118.2071, 3400, 103, 91, PA44, , , , , PA44
1660412512, , 33.6412, -118.3728, 4500, 43, 104, PA44, , , , , PA44
1660412514, , 33.6145, -118.2071, 3400, 103, 91, PA44, , , , , PA44
1660412518, , 33.6437, -118.37, 4500, 43, 106, PA44, , , , , PA44
1660412517, , 33.6142, -118.2056, 3400, 105, 92, PA44, , , , , PA44
1660412521, , 33.6444, -118.3692, 4500, 43, 105, PA44, , , , , PA44
1660412520, , 33.6139, -118.2043, 3400, 106, 91, PA44, , , , , PA44
1660412521, , 33.6444, -118.3692, 4500, 43, 105, PA44, , , , , PA44
1660412520, , 33.6139, -118.2043, 3400, 106, 91, PA44, , , , , PA44
1660412525, , 33.6459, -118.3675, 4500, 44, 105, PA44, , , , , PA44
1660412526, , 33.613, -118.2012, 3400, 108, 90, PA44, , , , , PA44
1660412525, , 33.6459, -118.3675, 4500, 44, 105, PA44, , , , , PA44
1660412526, , 33.613, -118.2012, 3400, 108, 90, PA44, , , , , PA44
1660412527, , 33.6469, -118.3662, 4500, 44, 105, PA44, , , , , PA44
1660412529, , 33.6126, -118.1997, 3400, 108, 89, PA44, , , , , PA44
1660412527, , 33.6469, -118.3662, 4500, 44, 105, PA44, , , , , PA44
1660412529, , 33.6126, -118.1997, 3400, 108, 89, PA44, , , , , PA44
1660412533, , 33.6486, -118.3634, 4500, 63, 105, PA44, , , , , PA44
1660412531, , 33.6123, -118.1988, 3400, 107, 89, PA44, , , , , PA44
1660412536, , 33.649, -118.362, 4500, 72, 104, PA44, , , , , PA44
1660412538, , 33.6115, -118.1956, 3400, 108, 88, PA44, , , , , PA44
1660412536, , 33.649, -118.362, 4500, 72, 104, PA44, , , , , PA44
1660412538, , 33.6115, -118.1956, 3400, 108, 88, PA44, , , , , PA44
1660412540, , 33.6495, -118.3599, 4500, 72, 105, PA44, , , , , PA44
1660412541, , 33.6111, -118.1941, 3400, 107, 88, PA44, , , , , PA44
1660412540, , 33.6495, -118.3599, 4500, 72, 105, PA44, , , , , PA44
1660412541, , 33.6111, -118.1941, 3400, 107, 88, PA44, , , , , PA44
1660412545, , 33.6503, -118.3566, 4400, 73, 107, PA44, , , , , PA44
1660412544, , 33.6108, -118.1927, 3400, 104, 89, PA44, , , , , PA44
1660412545, , 33.6503, -118.3566, 4400, 73, 107, PA44, , , , , PA44
1660412544, , 33.6108, -118.1927, 3400, 104, 89, PA44, , , , , PA44
1660412549, , 33.6508, -118.3548, 4400, 73, 107, PA44, , , , , PA44
1660412550, , 33.6105, -118.1897, 3400, 91, 91, PA44, , , , , PA44
1660412552, , 33.6512, -118.3531, 4400, 73, 107, PA44, , , , , PA44
1660412552, , 33.6105, -118.1887, 3400, 88, 92, PA44, , , , , PA44
1660412552, , 33.6512, -118.3531, 4400, 73, 107, PA44, , , , , PA44
1660412552, , 33.6105, -118.1887, 3400, 88, 92, PA44, , , , , PA44
1660412555, , 33.6517, -118.351, 4400, 73, 107, PA44, , , , , PA44
1660412556, , 33.6107, -118.1868, 3400, 78, 92, PA44, , , , , PA44
1660412555, , 33.6517, -118.351, 4400, 73, 107, PA44, , , , , PA44
1660412556, , 33.6107, -118.1868, 3400, 78, 92, PA44, , , , , PA44
1660412560, , 33.6524, -118.3488, 4400, 63, 108, PA44, , , , , PA44
1660412561, , 33.6112, -118.1846, 3400, 71, 93, PA44, , , , , PA44
1660412560, , 33.6524, -118.3488, 4400, 63, 108, PA44, , , , , PA44
1660412561, , 33.6112, -118.1846, 3400, 71, 93, PA44, , , , , PA44
1660412564, , 33.6526, -118.3483, 4400, 56, 108, PA44, , , , , PA44
1660412564, , 33.6119, -118.1827, 3400, 65, 94, PA44, , , , , PA44
1660412568, , 33.6552, -118.3449, 4400, 44, 108, PA44, , , , , PA44
1660412568, , 33.6129, -118.1807, 3400, 55, 95, PA44, , , , , PA44
1660412568, , 33.6552, -118.3449, 4400, 44, 108, PA44, , , , , PA44
1660412568, , 33.6129, -118.1807, 3400, 55, 95, PA44, , , , , PA44
1660412574, , 33.6572, -118.3424, 4400, 44, 108, PA44, , , , , PA44
1660412572, , 33.6139, -118.1792, 3400, 49, 96, PA44, , , , , PA44
1660412574, , 33.6572, -118.3424, 4400, 44, 108, PA44, , , , , PA44
1660412572, , 33.6139, -118.1792, 3400, 49, 96, PA44, , , , , PA44
1660412577, , 33.658, -118.3415, 4400, 46, 108, PA44, , , , , PA44
1660412576, , 33.6149, -118.178, 3400, 42, 97, PA44, , , , , PA44
1660412577, , 33.658, -118.3415, 4400, 46, 108, PA44, , , , , PA44
1660412576, , 33.6149, -118.178, 3400, 42, 97, PA44, , , , , PA44
1660412580, , 33.6594, -118.3397, 4400, 46, 108, PA44, , , , , PA44
1660412582, , 33.6173, -118.1758, 3400, 34, 99, PA44, , , , , PA44
1660412586, , 33.6614, -118.3374, 4400, 43, 107, PA44, , , , , PA44
1660412585, , 33.6186, -118.1749, 3400, 27, 100, PA44, , , , , PA44
1660412586, , 33.6614, -118.3374, 4400, 43, 107, PA44, , , , , PA44
1660412585, , 33.6186, -118.1749, 3400, 27, 100, PA44, , , , , PA44
1660412589, , 33.6627, -118.3359, 4400, 44, 106, PA44, , , , , PA44
1660412588, , 33.6198, -118.1743, 3400, 16, 101, PA44, , , , , PA44
1660412589, , 33.6627, -118.3359, 4400, 44, 106, PA44, , , , , PA44
1660412588, , 33.6198, -118.1743, 3400, 16, 101, PA44, , , , , PA44
1660412592, , 33.6636, -118.3347, 4400, 44, 106, PA44, , , , , PA44
1660412593, , 33.6223, -118.174, 3400, 358, 102, PA44, , , , , PA44
1660412592, , 33.6636, -118.3347, 4400, 44, 106, PA44, , , , , PA44
1660412593, , 33.6223, -118.174, 3400, 358, 102, PA44, , , , , PA44
1660412598, , 33.6658, -118.3323, 4400, 45, 106, PA44, , , , , PA44
1660412597, , 33.6241, -118.1744, 3400, 345, 103, PA44, , , , , PA44
1660412601, , 33.6668, -118.331, 4400, 47, 105, PA44, , , , , PA44
1660412600, , 33.6252, -118.1747, 3400, 345, 102, PA44, , , , , PA44
1660412601, , 33.6668, -118.331, 4400, 47, 105, PA44, , , , , PA44
1660412600, , 33.6252, -118.1747, 3400, 345, 102, PA44, , , , , PA44
1660412604, , 33.6678, -118.3297, 4400, 48, 105, PA44, , , , , PA44
1660412606, , 33.6281, -118.1761, 3400, 328, 104, PA44, , , , , PA44
1660412604, , 33.6678, -118.3297, 4400, 48, 105, PA44, , , , , PA44
1660412606, , 33.6281, -118.1761, 3400, 328, 104, PA44, , , , , PA44
1660412610, , 33.6697, -118.327, 4400, 49, 105, PA44, , , , , PA44
1660412608, , 33.6291, -118.1769, 3400, 345, 103, PA44, , , , , PA44
1660412610, , 33.6697, -118.327, 4400, 49, 105, PA44, , , , , PA44
1660412608, , 33.6291, -118.1769, 3400, 345, 103, PA44, , , , , PA44
1660412613, , 33.6706, -118.3258, 4400, 49, 105, PA44, , , , , PA44
1660412612, , 33.6303, -118.1782, 3400, 318, 106, PA44, , , , , PA44
1660412616, , 33.6717, -118.3243, 4400, 49, 104, PA44, , , , , PA44
1660412617, , 33.6317, -118.1796, 3400, 321, 106, PA44, , , , , PA44
1660412616, , 33.6717, -118.3243, 4400, 49, 104, PA44, , , , , PA44
1660412617, , 33.6317, -118.1796, 3400, 321, 106, PA44, , , , , PA44
1660412622, , 33.6736, -118.3217, 4400, 48, 103, PA44, , , , , PA44
1660412621, , 33.6338, -118.1813, 3400, 326, 107, PA44, , , , , PA44
1660412622, , 33.6736, -118.3217, 4400, 48, 103, PA44, , , , , PA44
1660412621, , 33.6338, -118.1813, 3400, 326, 107, PA44, , , , , PA44
1660412625, , 33.6745, -118.3205, 4400, 48, 104, PA44, , , , , PA44
1660412624, , 33.6349, -118.1821, 3400, 332, 107, PA44, , , , , PA44
1660412625, , 33.6745, -118.3205, 4400, 48, 104, PA44, , , , , PA44
1660412624, , 33.6349, -118.1821, 3400, 332, 107, PA44, , , , , PA44
1660412628, , 33.6755, -118.3191, 4400, 48, 104, PA44, , , , , PA44
1660412630, , 33.6379, -118.1834, 3400, 343, 106, PA44, , , , , PA44
1660412634, , 33.6775, -118.3165, 4400, 46, 105, PA44, , , , , PA44
1660412631, , 33.6386, -118.1836, 3400, 346, 105, PA44, , , , , PA44
1660412634, , 33.6775, -118.3165, 4400, 46, 105, PA44, , , , , PA44
1660412631, , 33.6386, -118.1836, 3400, 346, 105, PA44, , , , , PA44
1660412637, , 33.6784, -118.3153, 4400, 48, 104, PA44, , , , , PA44
1660412635, , 33.6407, -118.1842, 3400, 347, 105, PA44, , , , , PA44
1660412637, , 33.6784, -118.3153, 4400, 48, 104, PA44, , , , , PA44
1660412635, , 33.6407, -118.1842, 3400, 347, 105, PA44, , , , , PA44
1660412640, , 33.6793, -118.3141, 4400, 49, 104, PA44, , , , , PA44
1660412642, , 33.6436, -118.1847, 3500, 353, 102, PA44, , , , , PA44
1660412640, , 33.6793, -118.3141, 4400, 49, 104, PA44, , , , , PA44
1660412642, , 33.6436, -118.1847, 3500, 353, 102, PA44, , , , , PA44
1660412646, , 33.6812, -118.3113, 4400, 51, 103, PA44, , , , , PA44
1660412644, , 33.6448, -118.1849, 3500, 350, 102, PA44, , , , , PA44
1660412649, , 33.6822, -118.3099, 4400, 49, 104, PA44, , , , , PA44
1660412648, , 33.6465, -118.1852, 3500, 349, 102, PA44, , , , , PA44
1660412649, , 33.6822, -118.3099, 4400, 49, 104, PA44, , , , , PA44
1660412648, , 33.6465, -118.1852, 3500, 349, 102, PA44, , , , , PA44
1660412652, , 33.6831, -118.3088, 4400, 45, 103, PA44, , , , , PA44
1660412654, , 33.6487, -118.1858, 3500, 347, 103, PA44, , , , , PA44
1660412652, , 33.6831, -118.3088, 4400, 45, 103, PA44, , , , , PA44
1660412654, , 33.6487, -118.1858, 3500, 347, 103, PA44, , , , , PA44
1660412658, , 33.6847, -118.307, 4400, 43, 102, PA44, , , , , PA44
1660412656, , 33.6505, -118.1862, 3500, 347, 103, PA44, , , , , PA44
1660412658, , 33.6847, -118.307, 4400, 43, 102, PA44, , , , , PA44
1660412656, , 33.6505, -118.1862, 3500, 347, 103, PA44, , , , , PA44
1660412661, , 33.6864, -118.305, 4400, 44, 103, PA44, , , , , PA44
1660412660, , 33.6521, -118.1866, 3500, 349, 101, PA44, , , , , PA44
1660412664, , 33.6872, -118.304, 4400, 44, 104, PA44, , , , , PA44
1660412666, , 33.6548, -118.1873, 3500, 348, 101, PA44, , , , , PA44
1660412664, , 33.6872, -118.304, 4400, 44, 104, PA44, , , , , PA44
1660412666, , 33.6548, -118.1873, 3500, 348, 101, PA44, , , , , PA44
1660412670, , 33.6896, -118.3014, 4300, 42, 117, PA44, , , , , PA44
1660412669, , 33.6563, -118.1876, 3500, 348, 107, PA44, , , , , PA44
1660412670, , 33.6896, -118.3014, 4300, 42, 117, PA44, , , , , PA44
1660412669, , 33.6563, -118.1876, 3500, 348, 107, PA44, , , , , PA44
1660412673, , 33.6908, -118.3001, 4200, 41, 122, PA44, , , , , PA44
1660412672, , 33.6578, -118.188, 3400, 348, 109, PA44, , , , , PA44
1660412673, , 33.6908, -118.3001, 4200, 41, 122, PA44, , , , , PA44
1660412672, , 33.6578, -118.188, 3400, 348, 109, PA44, , , , , PA44
1660412676, , 33.6923, -118.2986, 4100, 41, 128, PA44, , , , , PA44
1660412677, , 33.6605, -118.1887, 3300, 346, 125, PA44, , , , , PA44
1660412682, , 33.6948, -118.2958, 4000, 42, 135, PA44, , , , , PA44
1660412681, , 33.662, -118.1891, 3300, 348, 128, PA44, , , , , PA44
1660412682, , 33.6948, -118.2958, 4000, 42, 135, PA44, , , , , PA44
1660412681, , 33.662, -118.1891, 3300, 348, 128, PA44, , , , , PA44
1660412685, , 33.6962, -118.2943, 4000, 42, 135, PA44, , , , , PA44
1660412683, , 33.6643, -118.1897, 3200, 348, 129, PA44, , , , , PA44
1660412685, , 33.6962, -118.2943, 4000, 42, 135, PA44, , , , , PA44
1660412683, , 33.6643, -118.1897, 3200, 348, 129, PA44, , , , , PA44
1660412688, , 33.6978, -118.2926, 4000, 40, 137, PA44, , , , , PA44
1660412690, , 33.6679, -118.1905, 3200, 346, 124, PA44, , , , , PA44
1660412688, , 33.6978, -118.2926, 4000, 40, 137, PA44, , , , , PA44
1660412690, , 33.6679, -118.1905, 3200, 346, 124, PA44, , , , , PA44
1660412694, , 33.7008, -118.2895, 3900, 39, 141, PA44, , , , , PA44
1660412692, , 33.6696, -118.191, 3200, 346, 124, PA44, , , , , PA44
1660412697, , 33.7023, -118.2881, 3900, 38, 141, PA44, , , , , PA44
1660412696, , 33.6714, -118.1915, 3100, 346, 126, PA44, , , , , PA44
1660412697, , 33.7023, -118.2881, 3900, 38, 141, PA44, , , , , PA44
1660412696, , 33.6714, -118.1915, 3100, 346, 126, PA44, , , , , PA44
1660412700, , 33.7035, -118.2868, 3900, 38, 139, PA44, , , , , PA44
1660412701, , 33.6747, -118.1924, 3100, 347, 127, PA44, , , , , PA44
1660412700, , 33.7035, -118.2868, 3900, 38, 139, PA44, , , , , PA44
1660412701, , 33.6747, -118.1924, 3100, 347, 127, PA44, , , , , PA44
1660412706, , 33.7069, -118.2837, 3900, 38, 139, PA44, , , , , PA44
1660412705, , 33.6766, -118.1929, 3100, 349, 129, PA44, , , , , PA44
1660412709, , 33.7084, -118.2822, 3900, 40, 139, PA44, , , , , PA44
1660412708, , 33.6783, -118.1933, 3100, 349, 129, PA44, , , , , PA44
1660412709, , 33.7084, -118.2822, 3900, 40, 139, PA44, , , , , PA44
1660412708, , 33.6783, -118.1933, 3100, 349, 129, PA44, , , , , PA44
1660412712, , 33.7099, -118.2806, 3900, 41, 138, PA44, , , , , PA44
1660412713, , 33.6818, -118.1941, 3000, 349, 130, PA44, , , , , PA44
1660412712, , 33.7099, -118.2806, 3900, 41, 138, PA44, , , , , PA44
1660412713, , 33.6818, -118.1941, 3000, 349, 130, PA44, , , , , PA44
1660412718, , 33.7126, -118.2775, 3900, 44, 137, PA44, , , , , PA44
1660412717, , 33.6839, -118.1945, 3000, 350, 130, PA44, , , , , PA44
1660412718, , 33.7126, -118.2775, 3900, 44, 137, PA44, , , , , PA44
1660412717, , 33.6839, -118.1945, 3000, 350, 130, PA44, , , , , PA44
1660412721, , 33.7139, -118.2759, 3900, 44, 137, PA44, , , , , PA44
1660412721, , 33.6863, -118.1949, 3000, 351, 131, PA44, , , , , PA44
1660412724, , 33.7154, -118.2743, 4000, 44, 136, PA44, , , , , PA44
1660412724, , 33.6884, -118.1952, 3000, 352, 130, PA44, , , , , PA44
1660412724, , 33.7154, -118.2743, 4000, 44, 136, PA44, , , , , PA44
1660412724, , 33.6884, -118.1952, 3000, 352, 130, PA44, , , , , PA44
1660412729, , 33.717, -118.272, 4000, 55, 134, PA44, , , , , PA44
1660412727, , 33.6901, -118.1955, 2900, 352, 131, PA44, , , , , PA44
1660412729, , 33.717, -118.272, 4000, 55, 134, PA44, , , , , PA44
1660412727, , 33.6901, -118.1955, 2900, 352, 131, PA44, , , , , PA44
1660412732, , 33.7181, -118.2698, 4000, 61, 133, PA44, , , , , PA44
1660412733, , 33.6939, -118.1962, 2800, 352, 139, PA44, , , , , PA44
1660412732, , 33.7181, -118.2698, 4000, 61, 133, PA44, , , , , PA44
1660412733, , 33.6939, -118.1962, 2800, 352, 139, PA44, , , , , PA44
1660412737, , 33.7195, -118.2659, 3900, 69, 136, PA44, , , , , PA44
1660412736, , 33.6958, -118.1965, 2800, 352, 141, PA44, , , , , PA44
1660412740, , 33.7199, -118.2645, 3900, 72, 136, PA44, , , , , PA44
1660412739, , 33.6977, -118.1967, 2700, 355, 143, PA44, , , , , PA44
1660412740, , 33.7199, -118.2645, 3900, 72, 136, PA44, , , , , PA44
1660412739, , 33.6977, -118.1967, 2700, 355, 143, PA44, , , , , PA44
1660412744, , 33.7205, -118.2615, 3900, 77, 134, PA44, , , , , PA44
1660412745, , 33.7019, -118.1968, 2600, 358, 143, PA44, , , , , PA44
1660412744, , 33.7205, -118.2615, 3900, 77, 134, PA44, , , , , PA44
1660412745, , 33.7019, -118.1968, 2600, 358, 143, PA44, , , , , PA44
1660412750, , 33.7212, -118.2569, 4000, 82, 132, PA44, , , , , PA44
1660412748, , 33.7038, -118.1967, 2600, 2, 142, PA44, , , , , PA44
1660412750, , 33.7212, -118.2569, 4000, 82, 132, PA44, , , , , PA44
1660412748, , 33.7038, -118.1967, 2600, 2, 142, PA44, , , , , PA44
1660412752, , 33.7213, -118.255, 4000, 84, 131, PA44, , , , , PA44
1660412751, , 33.7055, -118.1966, 2600, 3, 141, PA44, , , , , PA44
1660412756, , 33.7214, -118.2536, 4000, 86, 132, PA44, , , , , PA44
1660412757, , 33.7094, -118.1963, 2500, 4, 142, PA44, , , , , PA44
1660412756, , 33.7214, -118.2536, 4000, 86, 132, PA44, , , , , PA44
1660412757, , 33.7094, -118.1963, 2500, 4, 142, PA44, , , , , PA44
1660412762, , 33.7214, -118.2484, 3900, 91, 132, PA44, , , , , PA44
1660412760, , 33.7116, -118.196, 2400, 5, 143, PA44, , , , , PA44
1660412762, , 33.7214, -118.2484, 3900, 91, 132, PA44, , , , , PA44
1660412760, , 33.7116, -118.196, 2400, 5, 143, PA44, , , , , PA44
1660412765, , 33.7213, -118.2459, 3900, 94, 132, PA44, , , , , PA44
1660412763, , 33.7134, -118.1958, 2400, 5, 143, PA44, , , , , PA44
1660412765, , 33.7213, -118.2459, 3900, 94, 132, PA44, , , , , PA44
1660412763, , 33.7134, -118.1958, 2400, 5, 143, PA44, , , , , PA44
1660412767, , 33.7211, -118.244, 3900, 96, 131, PA44, , , , , PA44
1660412769, , 33.7174, -118.1953, 2300, 6, 142, PA44, , , , , PA44
1660412773, , 33.7206, -118.2401, 3900, 99, 130, PA44, , , , , PA44
1660412772, , 33.7194, -118.195, 2300, 6, 142, PA44, , , , , PA44
1660412773, , 33.7206, -118.2401, 3900, 99, 130, PA44, , , , , PA44
1660412772, , 33.7194, -118.195, 2300, 6, 142, PA44, , , , , PA44
1660412777, , 33.7204, -118.2383, 3900, 100, 131, PA44, , , , , PA44
1660412776, , 33.7216, -118.1946, 2300, 7, 141, PA44, , , , , PA44
1660412777, , 33.7204, -118.2383, 3900, 100, 131, PA44, , , , , PA44
1660412776, , 33.7216, -118.1946, 2300, 7, 141, PA44, , , , , PA44
1660412780, , 33.7199, -118.2353, 3900, 102, 133, PA44, , , , , PA44
1660412780, , 33.7243, -118.1942, 2200, 7, 141, PA44, , , , , PA44
1660412780, , 33.7199, -118.2353, 3900, 102, 133, PA44, , , , , PA44
1660412780, , 33.7243, -118.1942, 2200, 7, 141, PA44, , , , , PA44
1660412783, , 33.7195, -118.2331, 3900, 103, 133, PA44, , , , , PA44
1660412786, , 33.7282, -118.1934, 2200, 10, 140, PA44, , , , , PA44
1660412787, , 33.7187, -118.2297, 3900, 103, 133, PA44, , , , , PA44
1660412789, , 33.7299, -118.193, 2100, 11, 140, PA44, , , , , PA44
1660412787, , 33.7187, -118.2297, 3900, 103, 133, PA44, , , , , PA44
1660412789, , 33.7299, -118.193, 2100, 11, 140, PA44, , , , , PA44
1660412793, , 33.7178, -118.2255, 3900, 105, 133, PA44, , , , , PA44
1660412792, , 33.7319, -118.1926, 2100, 11, 140, PA44, , , , , PA44
1660412793, , 33.7178, -118.2255, 3900, 105, 133, PA44, , , , , PA44
1660412792, , 33.7319, -118.1926, 2100, 11, 140, PA44, , , , , PA44
1660412798, , 33.7172, -118.2226, 3900, 104, 134, PA44, , , , , PA44
1660412798, , 33.7358, -118.1917, 2000, 11, 140, PA44, , , , , PA44
1660412798, , 33.7172, -118.2226, 3900, 104, 134, PA44, , , , , PA44
1660412798, , 33.7358, -118.1917, 2000, 11, 140, PA44, , , , , PA44
1660412798, , 33.7172, -118.2226, 3900, 104, 134, PA44, , , , , PA44
1660412801, , 33.7378, -118.1912, 2000, 11, 140, PA44, , , , , PA44
1660412802, , 33.7164, -118.2191, 3900, 105, 133, PA44, , , , , PA44
1660412804, , 33.7399, -118.1906, 2000, 11, 140, PA44, , , , , PA44
1660412802, , 33.7164, -118.2191, 3900, 105, 133, PA44, , , , , PA44
1660412804, , 33.7399, -118.1906, 2000, 11, 140, PA44, , , , , PA44
1660412810, , 33.7154, -118.2137, 4000, 101, 132, PA44, , , , , PA44
1660412809, , 33.7433, -118.1896, 1900, 15, 139, PA44, , , , , PA44
1660412810, , 33.7154, -118.2137, 4000, 101, 132, PA44, , , , , PA44
1660412809, , 33.7433, -118.1896, 1900, 15, 139, PA44, , , , , PA44
1660412813, , 33.7151, -118.2118, 4000, 100, 131, PA44, , , , , PA44
1660412812, , 33.7452, -118.189, 1900, 16, 137, PA44, , , , , PA44
1660412813, , 33.7151, -118.2118, 4000, 100, 131, PA44, , , , , PA44
1660412812, , 33.7452, -118.189, 1900, 16, 137, PA44, , , , , PA44
1660412816, , 33.7147, -118.2091, 4000, 100, 131, PA44, , , , , PA44
1660412816, , 33.7467, -118.1884, 1900, 17, 136, PA44, , , , , PA44
1660412822, , 33.714, -118.2047, 3900, 99, 133, PA44, , , , , PA44
1660412822, , 33.7508, -118.1868, 1800, 18, 133, PA44, , , , , PA44
1660412822, , 33.714, -118.2047, 3900, 99, 133, PA44, , , , , PA44
1660412822, , 33.7508, -118.1868, 1800, 18, 133, PA44, , , , , PA44
1660412825, , 33.7137, -118.2025, 3900, 100, 131, PA44, , , , , PA44
1660412824, , 33.7523, -118.1862, 1800, 19, 132, PA44, , , , , PA44
1660412825, , 33.7137, -118.2025, 3900, 100, 131, PA44, , , , , PA44
1660412824, , 33.7523, -118.1862, 1800, 19, 132, PA44, , , , , PA44
1660412828, , 33.7134, -118.2005, 3900, 100, 124, PA44, , , , , PA44
1660412828, , 33.7134, -118.2005, 3900, 100, 124, PA44, , , , , PA44
1660412834, , 33.713, -118.1972, 3700, 95, 118, PA44, , , , , PA44
1660412836, , 33.7129, -118.1949, 3700, 89, 115, PA44, , , , , PA44
1660412836, , 33.7129, -118.1949, 3700, 89, 115, PA44, , , , , PA44
1660412840, , 33.7133, -118.193, 3600, 75, 112, PA44, , , , , PA44
1660412840, , 33.7133, -118.193, 3600, 75, 112, PA44, , , , , PA44
1660412845, , 33.7144, -118.1903, 3400, 56, 114, PA44, , , , , PA44
1660412845, , 33.7144, -118.1903, 3400, 56, 114, PA44, , , , , PA44
1660412849, , 33.7162, -118.1881, 3300, 36, 122, PA44, , , , , PA44
1660412852, , 33.7177, -118.1872, 3100, 21, 123, PA44, , , , , PA44
1660412852, , 33.7177, -118.1872, 3100, 21, 123, PA44, , , , , PA44
1660412858, , 33.7195, -118.1868, 2900, 344, 127, PA44, , , , , PA44
1660412858, , 33.7195, -118.1868, 2900, 344, 127, PA44, , , , , PA44
1660412861, , 33.7221, -118.1875, 2700, 334, 128, PA44, , , , , PA44
1660412861, , 33.7221, -118.1875, 2700, 334, 128, PA44, , , , , PA44
1660412866, , 33.7243, -118.1903, 2400, 293, 131, PA44, , , , , PA44
1660412869, , 33.7246, -118.1925, 2300, 270, 133, PA44, , , , , PA44
1660412869, , 33.7246, -118.1925, 2300, 270, 133, PA44, , , , , PA44
1660412872, , 33.7243, -118.1949, 2100, 256, 137, PA44, , , , , PA44
1660412872, , 33.7243, -118.1949, 2100, 256, 137, PA44, , , , , PA44
1660412877, , 33.7225, -118.1987, 1900, 231, 135, PA44, , , , , PA44
1660412881, , 33.7213, -118.2003, 1800, 227, 130, PA44, , , , , PA44
1660412881, , 33.7213, -118.2003, 1800, 227, 130, PA44, , , , , PA44
1660412884, , 33.7199, -118.2021, 1800, 225, 125, PA44, , , , , PA44
1660412884, , 33.7199, -118.2021, 1800, 225, 125, PA44, , , , , PA44
1660412889, , 33.7177, -118.2042, 1800, 213, 118, PA44, , , , , PA44
1660412889, , 33.7177, -118.2042, 1800, 213, 118, PA44, , , , , PA44
1660412892, , 33.716, -118.2053, 1700, 207, 119, PA44, , , , , PA44
1660412895, , 33.7145, -118.2061, 1600, 200, 118, PA44, , , , , PA44
1660412895, , 33.7145, -118.2061, 1600, 200, 118, PA44, , , , , PA44
1660412901, , 33.7114, -118.2072, 1500, 192, 115, PA44, , , , , PA44
1660412901, , 33.7114, -118.2072, 1500, 192, 115, PA44, , , , , PA44
1660412905, , 33.7096, -118.2075, 1500, 183, 111, PA44, , , , , PA44
1660412905, , 33.7096, -118.2075, 1500, 183, 111, PA44, , , , , PA44
1660412907, , 33.7083, -118.2074, 1500, 172, 108, PA44, , , , , PA44
1660412914, , 33.7054, -118.2058, 1300, 141, 115, PA44, , , , , PA44
1660412914, , 33.7054, -118.2058, 1300, 141, 115, PA44, , , , , PA44
1660412916, , 33.7045, -118.2044, 1200, 119, 120, PA44, , , , , PA44
1660412916, , 33.7045, -118.2044, 1200, 119, 120, PA44, , , , , PA44
1660412919, , 33.704, -118.2023, 1200, 101, 124, PA44, , , , , PA44
1660412919, , 33.704, -118.2023, 1200, 101, 124, PA44, , , , , PA44
1660412926, , 33.7048, -118.1983, 1200, 68, 120, PA44, , , , , PA44
1660412929, , 33.7056, -118.1965, 1200, 64, 118, PA44, , , , , PA44
1660412929, , 33.7056, -118.1965, 1200, 64, 118, PA44, , , , , PA44
1660412932, , 33.7062, -118.1948, 1200, 62, 117, PA44, , , , , PA44
1660412932, , 33.7062, -118.1948, 1200, 62, 117, PA44, , , , , PA44
1660412937, , 33.7077, -118.1915, 1200, 62, 114, PA44, , , , , PA44
1660412937, , 33.7077, -118.1915, 1200, 62, 114, PA44, , , , , PA44
1660412940, , 33.7084, -118.1897, 1200, 66, 114, PA44, , , , , PA44
1660412944, , 33.709, -118.188, 1200, 67, 114, PA44, , , , , PA44
1660412944, , 33.709, -118.188, 1200, 67, 114, PA44, , , , , PA44
1660412949, , 33.7101, -118.1845, 1200, 68, 111, PA44, , , , , PA44
1660412949, , 33.7101, -118.1845, 1200, 68, 111, PA44, , , , , PA44
1660412952, , 33.7107, -118.1827, 1300, 68, 109, PA44, , , , , PA44
1660412952, , 33.7107, -118.1827, 1300, 68, 109, PA44, , , , , PA44
1660412956, , 33.7114, -118.1808, 1300, 67, 109, PA44, , , , , PA44
1660412962, , 33.7126, -118.1775, 1300, 66, 109, PA44, , , , , PA44
1660412962, , 33.7126, -118.1775, 1300, 66, 109, PA44, , , , , PA44
1660412965, , 33.7131, -118.1761, 1300, 66, 107, PA44, , , , , PA44
1660412965, , 33.7131, -118.1761, 1300, 66, 107, PA44, , , , , PA44
1660412967, , 33.7138, -118.1745, 1200, 59, 108, PA44, , , , , PA44
1660412974, , 33.7157, -118.1715, 1100, 49, 108, PA44, , , , , PA44
1660412974, , 33.7157, -118.1715, 1100, 49, 108, PA44, , , , , PA44
1660412976, , 33.7166, -118.1703, 1100, 48, 101, PA44, , , , , PA44
1660412976, , 33.7166, -118.1703, 1100, 48, 101, PA44, , , , , PA44
1660412980, , 33.7175, -118.1691, 1100, 47, 97, PA44, , , , , PA44
1660412980, , 33.7175, -118.1691, 1100, 47, 97, PA44, , , , , PA44
1660412986, , 33.7196, -118.1667, 1000, 35, 109, PA44, , , , , PA44
1660412989, , 33.7211, -118.1657, 1100, 24, 108, PA44, , , , , PA44
1660412989, , 33.7211, -118.1657, 1100, 24, 108, PA44, , , , , PA44
1660412992, , 33.7223, -118.1653, 1200, 10, 99, PA44, , , , , PA44
1660412992, , 33.7223, -118.1653, 1200, 10, 99, PA44, , , , , PA44
1660412998, , 33.725, -118.1655, 1400, 345, 97, PA44, , , , , PA44
1660412998, , 33.725, -118.1655, 1400, 345, 97, PA44, , , , , PA44
1660413001, , 33.7263, -118.1663, 1400, 323, 104, PA44, , , , , PA44
1660413004, , 33.7272, -118.1677, 1400, 306, 109, PA44, , , , , PA44
