//Timestamp, ICAO, Latitude_deg, Longitude_deg, Altitude_ft, Heading_deg, GroundSpeed_kts, AircraftType, RegistrationNum, Departure, Arrival, FlightNumber1, FlightNumber2
1660415858, , 33.7527, -118.4533, 2475, 205, 151, PA46, , , , , PA46
1660415861, , 33.7507, -118.4547, 2475, 212, 152, PA46, , , , , PA46
1660415861, , 33.7507, -118.4547, 2475, 212, 152, PA46, , , , , PA46
1660415864, , 33.7487, -118.4565, 2475, 219, 153, PA46, , , , , PA46
1660415864, , 33.7487, -118.4565, 2475, 219, 153, PA46, , , , , PA46
1660415870, , 33.7458, -118.4603, 2475, 231, 155, PA46, , , , , PA46
1660415870, , 33.7458, -118.4603, 2475, 231, 155, PA46, , , , , PA46
1660415873, , 33.7449, -118.4618, 2475, 238, 155, PA46, , , , , PA46
1660415876, , 33.7438, -118.4645, 2475, 238, 155, PA46, , , , , PA46
1660415876, , 33.7438, -118.4645, 2475, 238, 155, PA46, , , , , PA46
1660415882, , 33.7424, -118.4697, 2475, 257, 158, PA46, , , , , PA46
1660415882, , 33.7424, -118.4697, 2475, 257, 158, PA46, , , , , PA46
1660415885, , 33.7422, -118.4719, 2475, 264, 158, PA46, , , , , PA46
1660415887, , 33.7421, -118.4747, 2475, 267, 159, PA46, , , , , PA46
1660415887, , 33.7421, -118.4747, 2475, 267, 159, PA46, , , , , PA46
1660415894, , 33.7428, -118.4799, 2475, 284, 159, PA46, , , , , PA46
1660415894, , 33.7428, -118.4799, 2475, 284, 159, PA46, , , , , PA46
1660415896, , 33.7435, -118.4824, 2475, 289, 159, PA46, , , , , PA46
1660415896, , 33.7435, -118.4824, 2475, 289, 159, PA46, , , , , PA46
1660415900, , 33.7445, -118.4851, 2475, 296, 159, PA46, , , , , PA46
1660415906, , 33.7469, -118.4895, 2475, 308, 160, PA46, , , , , PA46
1660415906, , 33.7469, -118.4895, 2475, 308, 160, PA46, , , , , PA46
1660415909, , 33.7484, -118.4914, 2475, 315, 159, PA46, , , , , PA46
1660415909, , 33.7484, -118.4914, 2475, 315, 159, PA46, , , , , PA46
1660415911, , 33.75, -118.493, 2475, 321, 159, PA46, , , , , PA46
1660415917, , 33.7527, -118.495, 2475, 328, 159, PA46, , , , , PA46
1660415917, , 33.7527, -118.495, 2475, 328, 159, PA46, , , , , PA46
1660415997, , 33.7536, -118.4646, 2575, 164, 139, PA46, , , , , PA46
1660415997, , 33.7536, -118.4646, 2575, 164, 139, PA46, , , , , PA46
1660416001, , 33.751, -118.4637, 2600, 165, 138, PA46, , , , , PA46
1660416001, , 33.751, -118.4637, 2600, 165, 138, PA46, , , , , PA46
1660416005, , 33.7487, -118.4631, 2600, 167, 139, PA46, , , , , PA46
1660416005, , 33.7487, -118.4631, 2600, 167, 139, PA46, , , , , PA46
1660416008, , 33.7468, -118.4626, 2600, 167, 140, PA46, , , , , PA46
1660416014, , 33.7435, -118.4618, 2600, 167, 139, PA46, , , , , PA46
1660416014, , 33.7435, -118.4618, 2600, 167, 139, PA46, , , , , PA46
1660416017, , 33.741, -118.4612, 2600, 169, 141, PA46, , , , , PA46
1660416017, , 33.741, -118.4612, 2600, 169, 141, PA46, , , , , PA46
1660416019, , 33.7393, -118.4608, 2600, 169, 141, PA46, , , , , PA46
1660416019, , 33.7393, -118.4608, 2600, 169, 141, PA46, , , , , PA46
1660416025, , 33.736, -118.46, 2600, 167, 143, PA46, , , , , PA46
1660416028, , 33.7344, -118.4595, 2600, 165, 143, PA46, , , , , PA46
1660416028, , 33.7344, -118.4595, 2600, 165, 143, PA46, , , , , PA46
1660416034, , 33.7305, -118.4581, 2600, 159, 143, PA46, , , , , PA46
1660416034, , 33.7305, -118.4581, 2600, 159, 143, PA46, , , , , PA46
1660416037, , 33.7284, -118.457, 2600, 155, 144, PA46, , , , , PA46
1660416037, , 33.7284, -118.457, 2600, 155, 144, PA46, , , , , PA46
1660416040, , 33.7267, -118.4559, 2600, 152, 144, PA46, , , , , PA46
1660416046, , 33.7235, -118.4536, 2575, 146, 145, PA46, , , , , PA46
1660416046, , 33.7235, -118.4536, 2575, 146, 145, PA46, , , , , PA46
1660416049, , 33.7216, -118.4521, 2575, 145, 145, PA46, , , , , PA46
1660416052, , 33.7199, -118.4505, 2550, 141, 146, PA46, , , , , PA46
1660416052, , 33.7199, -118.4505, 2550, 141, 146, PA46, , , , , PA46
1660416058, , 33.717, -118.4472, 2525, 131, 148, PA46, , , , , PA46
1660416058, , 33.717, -118.4472, 2525, 131, 148, PA46, , , , , PA46
1660416062, , 33.7155, -118.4447, 2500, 123, 148, PA46, , , , , PA46
1660416062, , 33.7155, -118.4447, 2500, 123, 148, PA46, , , , , PA46
1660416065, , 33.7143, -118.442, 2500, 116, 150, PA46, , , , , PA46
1660416065, , 33.7143, -118.442, 2500, 116, 150, PA46, , , , , PA46
1660416068, , 33.7136, -118.4399, 2475, 108, 151, PA46, , , , , PA46
1660416074, , 33.7128, -118.4349, 2450, 94, 151, PA46, , , , , PA46
1660416074, , 33.7128, -118.4349, 2450, 94, 151, PA46, , , , , PA46
1660416077, , 33.7128, -118.4324, 2450, 92, 152, PA46, , , , , PA46
1660416077, , 33.7128, -118.4324, 2450, 92, 152, PA46, , , , , PA46
1660416079, , 33.7129, -118.4308, 2450, 84, 151, PA46, , , , , PA46
1660416079, , 33.7129, -118.4308, 2450, 84, 151, PA46, , , , , PA46
1660416086, , 33.714, -118.4247, 2450, 77, 151, PA46, , , , , PA46
1660416089, , 33.7144, -118.4225, 2450, 76, 151, PA46, , , , , PA46
1660416089, , 33.7144, -118.4225, 2450, 76, 151, PA46, , , , , PA46
1660416092, , 33.715, -118.4198, 2450, 75, 150, PA46, , , , , PA46
1660416092, , 33.715, -118.4198, 2450, 75, 150, PA46, , , , , PA46
1660416098, , 33.716, -118.4151, 2450, 76, 150, PA46, , , , , PA46
1660416098, , 33.716, -118.4151, 2450, 76, 150, PA46, , , , , PA46
1660416101, , 33.7164, -118.4123, 2475, 81, 148, PA46, , , , , PA46
1660416104, , 33.7165, -118.4101, 2500, 87, 147, PA46, , , , , PA46
1660416104, , 33.7165, -118.4101, 2500, 87, 147, PA46, , , , , PA46
1660416110, , 33.7163, -118.4059, 2500, 99, 145, PA46, , , , , PA46
1660416110, , 33.7163, -118.4059, 2500, 99, 145, PA46, , , , , PA46
1660416113, , 33.7159, -118.4038, 2525, 104, 144, PA46, , , , , PA46
1660416113, , 33.7159, -118.4038, 2525, 104, 144, PA46, , , , , PA46
1660416116, , 33.7151, -118.4008, 2525, 110, 143, PA46, , , , , PA46
1660416122, , 33.7136, -118.3967, 2525, 115, 144, PA46, , , , , PA46
1660416122, , 33.7136, -118.3967, 2525, 115, 144, PA46, , , , , PA46
1660416125, , 33.7126, -118.3943, 2500, 117, 145, PA46, , , , , PA46
1660416125, , 33.7126, -118.3943, 2500, 117, 145, PA46, , , , , PA46
1660416128, , 33.7115, -118.3918, 2500, 118, 147, PA46, , , , , PA46
1660416128, , 33.7115, -118.3918, 2500, 118, 147, PA46, , , , , PA46
1660416134, , 33.7097, -118.3882, 2475, 119, 148, PA46, , , , , PA46
1660416137, , 33.7085, -118.3856, 2475, 119, 148, PA46, , , , , PA46
1660416137, , 33.7085, -118.3856, 2475, 119, 148, PA46, , , , , PA46
1660416140, , 33.7074, -118.3833, 2450, 118, 149, PA46, , , , , PA46
1660416140, , 33.7074, -118.3833, 2450, 118, 149, PA46, , , , , PA46
1660416146, , 33.7057, -118.3795, 2475, 116, 148, PA46, , , , , PA46
1660416146, , 33.7057, -118.3795, 2475, 116, 148, PA46, , , , , PA46
1660416149, , 33.7045, -118.3766, 2475, 114, 147, PA46, , , , , PA46
1660416152, , 33.7039, -118.3749, 2500, 112, 147, PA46, , , , , PA46
1660416152, , 33.7039, -118.3749, 2500, 112, 147, PA46, , , , , PA46
1660416158, , 33.7024, -118.3699, 2500, 107, 146, PA46, , , , , PA46
1660416158, , 33.7024, -118.3699, 2500, 107, 146, PA46, , , , , PA46
1660416161, , 33.7019, -118.3678, 2475, 106, 148, PA46, , , , , PA46
1660416161, , 33.7019, -118.3678, 2475, 106, 148, PA46, , , , , PA46
1660416164, , 33.7015, -118.3664, 2450, 107, 149, PA46, , , , , PA46
1660416170, , 33.6998, -118.3606, 2400, 113, 153, PA46, , , , , PA46
1660416170, , 33.6998, -118.3606, 2400, 113, 153, PA46, , , , , PA46
1660416173, , 33.6989, -118.3583, 2375, 114, 154, PA46, , , , , PA46
1660416173, , 33.6989, -118.3583, 2375, 114, 154, PA46, , , , , PA46
1660416176, , 33.698, -118.3558, 2350, 115, 155, PA46, , , , , PA46
1660416176, , 33.698, -118.3558, 2350, 115, 155, PA46, , , , , PA46
1660416182, , 33.696, -118.3512, 2300, 116, 157, PA46, , , , , PA46
1660416185, , 33.695, -118.3487, 2275, 116, 158, PA46, , , , , PA46
1660416185, , 33.695, -118.3487, 2275, 116, 158, PA46, , , , , PA46
1660416188, , 33.6941, -118.3465, 2275, 116, 159, PA46, , , , , PA46
1660416188, , 33.6941, -118.3465, 2275, 116, 159, PA46, , , , , PA46
1660416194, , 33.6919, -118.3416, 2225, 117, 160, PA46, , , , , PA46
1660416194, , 33.6919, -118.3416, 2225, 117, 160, PA46, , , , , PA46
1660416197, , 33.6909, -118.3392, 2200, 118, 161, PA46, , , , , PA46
1660416200, , 33.6899, -118.337, 2175, 118, 161, PA46, , , , , PA46
1660416200, , 33.6899, -118.337, 2175, 118, 161, PA46, , , , , PA46
1660416203, , 33.6888, -118.3346, 2150, 118, 162, PA46, , , , , PA46
1660416203, , 33.6888, -118.3346, 2150, 118, 162, PA46, , , , , PA46
1660416209, , 33.6866, -118.3297, 2100, 118, 162, PA46, , , , , PA46
1660416209, , 33.6866, -118.3297, 2100, 118, 162, PA46, , , , , PA46
1660416212, , 33.6859, -118.3281, 2075, 118, 162, PA46, , , , , PA46
1660416215, , 33.6847, -118.3254, 2050, 118, 163, PA46, , , , , PA46
1660416215, , 33.6847, -118.3254, 2050, 118, 163, PA46, , , , , PA46
1660416222, , 33.6823, -118.3204, 2000, 118, 164, PA46, , , , , PA46
1660416222, , 33.6823, -118.3204, 2000, 118, 164, PA46, , , , , PA46
1660416224, , 33.6817, -118.3192, 1975, 118, 164, PA46, , , , , PA46
1660416224, , 33.6817, -118.3192, 1975, 118, 164, PA46, , , , , PA46
1660416228, , 33.6797, -118.3147, 1950, 119, 164, PA46, , , , , PA46
1660416232, , 33.6783, -118.3116, 1950, 119, 163, PA46, , , , , PA46
1660416232, , 33.6783, -118.3116, 1950, 119, 163, PA46, , , , , PA46
1660416237, , 33.6775, -118.3099, 1950, 119, 161, PA46, , , , , PA46
1660416237, , 33.6775, -118.3099, 1950, 119, 161, PA46, , , , , PA46
1660416240, , 33.6763, -118.3074, 1950, 119, 160, PA46, , , , , PA46
1660416240, , 33.6763, -118.3074, 1950, 119, 160, PA46, , , , , PA46
1660416244, , 33.6739, -118.3022, 1950, 118, 158, PA46, , , , , PA46
1660416250, , 33.6717, -118.2973, 1950, 119, 156, PA46, , , , , PA46
1660416250, , 33.6717, -118.2973, 1950, 119, 156, PA46, , , , , PA46
1660416253, , 33.6706, -118.295, 1950, 118, 155, PA46, , , , , PA46
1660416253, , 33.6706, -118.295, 1950, 118, 155, PA46, , , , , PA46
1660416256, , 33.6696, -118.2929, 1950, 118, 155, PA46, , , , , PA46
1660416256, , 33.6696, -118.2929, 1950, 118, 155, PA46, , , , , PA46
1660416262, , 33.6676, -118.2886, 1950, 118, 153, PA46, , , , , PA46
1660416265, , 33.6665, -118.2861, 1950, 118, 152, PA46, , , , , PA46
1660416265, , 33.6665, -118.2861, 1950, 118, 152, PA46, , , , , PA46
1660416268, , 33.6655, -118.2838, 1950, 118, 152, PA46, , , , , PA46
1660416268, , 33.6655, -118.2838, 1950, 118, 152, PA46, , , , , PA46
1660416274, , 33.6635, -118.2794, 1950, 118, 151, PA46, , , , , PA46
1660416274, , 33.6635, -118.2794, 1950, 118, 151, PA46, , , , , PA46
1660416276, , 33.663, -118.2783, 1950, 117, 150, PA46, , , , , PA46
1660416280, , 33.6618, -118.2754, 1975, 113, 150, PA46, , , , , PA46
1660416280, , 33.6618, -118.2754, 1975, 113, 150, PA46, , , , , PA46
1660416286, , 33.6602, -118.2706, 1975, 111, 150, PA46, , , , , PA46
1660416286, , 33.6602, -118.2706, 1975, 111, 150, PA46, , , , , PA46
1660416289, , 33.6595, -118.2679, 1975, 109, 150, PA46, , , , , PA46
1660416292, , 33.6589, -118.2656, 1975, 104, 149, PA46, , , , , PA46
1660416292, , 33.6589, -118.2656, 1975, 104, 149, PA46, , , , , PA46
1660416298, , 33.6582, -118.2604, 1975, 96, 149, PA46, , , , , PA46
1660416298, , 33.6582, -118.2604, 1975, 96, 149, PA46, , , , , PA46
1660416301, , 33.658, -118.2587, 1975, 93, 149, PA46, , , , , PA46
1660416301, , 33.658, -118.2587, 1975, 93, 149, PA46, , , , , PA46
1660416304, , 33.6579, -118.2562, 1975, 91, 150, PA46, , , , , PA46
1660416307, , 33.6579, -118.2531, 1975, 90, 150, PA46, , , , , PA46
1660416307, , 33.6579, -118.2531, 1975, 90, 150, PA46, , , , , PA46
1660416313, , 33.658, -118.2488, 1975, 87, 150, PA46, , , , , PA46
1660416313, , 33.658, -118.2488, 1975, 87, 150, PA46, , , , , PA46
1660416316, , 33.6581, -118.2458, 1975, 84, 150, PA46, , , , , PA46
1660416316, , 33.6581, -118.2458, 1975, 84, 150, PA46, , , , , PA46
1660416319, , 33.6585, -118.2433, 1975, 77, 150, PA46, , , , , PA46
1660416325, , 33.6601, -118.2384, 1975, 65, 151, PA46, , , , , PA46
1660416325, , 33.6601, -118.2384, 1975, 65, 151, PA46, , , , , PA46
1660416328, , 33.661, -118.2362, 1975, 62, 151, PA46, , , , , PA46
1660416328, , 33.661, -118.2362, 1975, 62, 151, PA46, , , , , PA46
1660416332, , 33.6622, -118.234, 1975, 53, 152, PA46, , , , , PA46
1660416332, , 33.6622, -118.234, 1975, 53, 152, PA46, , , , , PA46
1660416338, , 33.6652, -118.2303, 1975, 40, 153, PA46, , , , , PA46
1660416340, , 33.6669, -118.2288, 1975, 34, 153, PA46, , , , , PA46
1660416340, , 33.6669, -118.2288, 1975, 34, 153, PA46, , , , , PA46
1660416343, , 33.6687, -118.2276, 1975, 29, 154, PA46, , , , , PA46
1660416343, , 33.6687, -118.2276, 1975, 29, 154, PA46, , , , , PA46
1660416350, , 33.6729, -118.2258, 1975, 12, 154, PA46, , , , , PA46
1660416350, , 33.6729, -118.2258, 1975, 12, 154, PA46, , , , , PA46
1660416353, , 33.6751, -118.2253, 1975, 7, 155, PA46, , , , , PA46
1660416356, , 33.6771, -118.2251, 1975, 5, 155, PA46, , , , , PA46
1660416356, , 33.6771, -118.2251, 1975, 5, 155, PA46, , , , , PA46
1660416362, , 33.6815, -118.2247, 1975, 2, 156, PA46, , , , , PA46
1660416362, , 33.6815, -118.2247, 1975, 2, 156, PA46, , , , , PA46
1660416364, , 33.6836, -118.2246, 1975, 1, 157, PA46, , , , , PA46
1660416364, , 33.6836, -118.2246, 1975, 1, 157, PA46, , , , , PA46
1660416367, , 33.6858, -118.2246, 1975, 1, 157, PA46, , , , , PA46
1660416374, , 33.6901, -118.2244, 1975, 1, 157, PA46, , , , , PA46
1660416374, , 33.6901, -118.2244, 1975, 1, 157, PA46, , , , , PA46
1660416377, , 33.6923, -118.2244, 1975, 1, 157, PA46, , , , , PA46
1660416377, , 33.6923, -118.2244, 1975, 1, 157, PA46, , , , , PA46
1660416379, , 33.6945, -118.2244, 1975, 1, 157, PA46, , , , , PA46
1660416379, , 33.6945, -118.2244, 1975, 1, 157, PA46, , , , , PA46
1660416386, , 33.6989, -118.2244, 1975, 359, 157, PA46, , , , , PA46
1660416389, , 33.7008, -118.2244, 1975, 359, 157, PA46, , , , , PA46
1660416389, , 33.7008, -118.2244, 1975, 359, 157, PA46, , , , , PA46
1660416392, , 33.7033, -118.2245, 1975, 359, 157, PA46, , , , , PA46
1660416392, , 33.7033, -118.2245, 1975, 359, 157, PA46, , , , , PA46
1660416397, , 33.7075, -118.2246, 1975, 358, 156, PA46, , , , , PA46
1660416397, , 33.7075, -118.2246, 1975, 358, 156, PA46, , , , , PA46
1660416401, , 33.7098, -118.2246, 1975, 358, 155, PA46, , , , , PA46
1660416405, , 33.7127, -118.2247, 1975, 358, 154, PA46, , , , , PA46
1660416405, , 33.7127, -118.2247, 1975, 358, 154, PA46, , , , , PA46
1660416408, , 33.7149, -118.2248, 1975, 358, 153, PA46, , , , , PA46
1660416408, , 33.7149, -118.2248, 1975, 358, 153, PA46, , , , , PA46
1660416414, , 33.719, -118.2249, 1975, 358, 150, PA46, , , , , PA46
1660416414, , 33.719, -118.2249, 1975, 358, 150, PA46, , , , , PA46
1660416417, , 33.7211, -118.2249, 1975, 358, 149, PA46, , , , , PA46
1660416420, , 33.7231, -118.225, 1950, 358, 148, PA46, , , , , PA46
1660416420, , 33.7231, -118.225, 1950, 358, 148, PA46, , , , , PA46
1660416426, , 33.7264, -118.2249, 1950, 7, 145, PA46, , , , , PA46
1660416426, , 33.7264, -118.2249, 1950, 7, 145, PA46, , , , , PA46
1660416429, , 33.7285, -118.2244, 1975, 15, 142, PA46, , , , , PA46
1660416429, , 33.7285, -118.2244, 1975, 15, 142, PA46, , , , , PA46
1660416431, , 33.7309, -118.2235, 1975, 19, 140, PA46, , , , , PA46
1660416438, , 33.7348, -118.2219, 1950, 16, 138, PA46, , , , , PA46
1660416438, , 33.7348, -118.2219, 1950, 16, 138, PA46, , , , , PA46
1660416441, , 33.7366, -118.2214, 1950, 12, 138, PA46, , , , , PA46
1660416441, , 33.7366, -118.2214, 1950, 12, 138, PA46, , , , , PA46
1660416444, , 33.7386, -118.2212, 1975, 359, 136, PA46, , , , , PA46
1660416444, , 33.7386, -118.2212, 1975, 359, 136, PA46, , , , , PA46
1660416450, , 33.742, -118.2224, 2025, 333, 132, PA46, , , , , PA46
1660416453, , 33.7437, -118.2236, 2025, 322, 131, PA46, , , , , PA46
1660416453, , 33.7437, -118.2236, 2025, 322, 131, PA46, , , , , PA46
1660416456, , 33.7449, -118.2253, 2025, 311, 131, PA46, , , , , PA46
1660416456, , 33.7449, -118.2253, 2025, 311, 131, PA46, , , , , PA46
1660416462, , 33.7466, -118.229, 2000, 290, 132, PA46, , , , , PA46
1660416462, , 33.7466, -118.229, 2000, 290, 132, PA46, , , , , PA46
1660416465, , 33.7471, -118.2312, 1975, 284, 131, PA46, , , , , PA46
1660416468, , 33.7473, -118.2331, 1975, 276, 131, PA46, , , , , PA46
1660416468, , 33.7473, -118.2331, 1975, 276, 131, PA46, , , , , PA46
1660416474, , 33.7476, -118.2378, 1925, 273, 134, PA46, , , , , PA46
1660416474, , 33.7476, -118.2378, 1925, 273, 134, PA46, , , , , PA46
1660416477, , 33.7478, -118.24, 1925, 276, 134, PA46, , , , , PA46
1660416477, , 33.7478, -118.24, 1925, 276, 134, PA46, , , , , PA46
1660416480, , 33.7481, -118.2422, 1900, 281, 134, PA46, , , , , PA46
1660416486, , 33.7493, -118.2466, 1875, 291, 137, PA46, , , , , PA46
1660416486, , 33.7493, -118.2466, 1875, 291, 137, PA46, , , , , PA46
1660416489, , 33.7501, -118.2485, 1875, 300, 138, PA46, , , , , PA46
1660416489, , 33.7501, -118.2485, 1875, 300, 138, PA46, , , , , PA46
1660416492, , 33.7512, -118.2504, 1850, 305, 138, PA46, , , , , PA46
1660416492, , 33.7512, -118.2504, 1850, 305, 138, PA46, , , , , PA46
1660416498, , 33.7534, -118.2544, 1825, 301, 137, PA46, , , , , PA46
