//Timestamp, ICAO, Latitude_deg, Longitude_deg, Altitude_ft, Heading_deg, GroundSpeed_kts, AircraftType, RegistrationNum, Departure, Arrival, FlightNumber1, FlightNumber2
1660411132, , 33.7519, -118.3611, 3000, 201, 187, PAY2, , , , , PAY2
1660411138, , 33.7468, -118.3633, 3025, 198, 189, PAY2, , , , , PAY2
1660411138, , 33.7468, -118.3633, 3025, 198, 189, PAY2, , , , , PAY2
1660411141, , 33.7442, -118.3642, 3050, 197, 190, PAY2, , , , , PAY2
1660411141, , 33.7442, -118.3642, 3050, 197, 190, PAY2, , , , , PAY2
1660411143, , 33.7424, -118.3648, 3050, 194, 189, PAY2, , , , , PAY2
1660411143, , 33.7424, -118.3648, 3050, 194, 189, PAY2, , , , , PAY2
1660411150, , 33.7365, -118.3664, 3125, 190, 188, PAY2, , , , , PAY2
1660411153, , 33.7349, -118.3667, 3150, 189, 188, PAY2, , , , , PAY2
1660411153, , 33.7349, -118.3667, 3150, 189, 188, PAY2, , , , , PAY2
1660411156, , 33.7319, -118.3672, 3150, 188, 187, PAY2, , , , , PAY2
1660411156, , 33.7319, -118.3672, 3150, 188, 187, PAY2, , , , , PAY2
1660411162, , 33.7262, -118.3681, 3200, 187, 188, PAY2, , , , , PAY2
1660411162, , 33.7262, -118.3681, 3200, 187, 188, PAY2, , , , , PAY2
1660411165, , 33.7237, -118.3685, 3200, 185, 189, PAY2, , , , , PAY2
1660411166, , 33.7232, -118.3685, 3200, 185, 189, PAY2, , , , , PAY2
1660411166, , 33.7232, -118.3685, 3200, 185, 189, PAY2, , , , , PAY2
1660411172, , 33.7175, -118.3689, 3225, 182, 190, PAY2, , , , , PAY2
1660411172, , 33.7175, -118.3689, 3225, 182, 190, PAY2, , , , , PAY2
1660411176, , 33.714, -118.3688, 3250, 179, 190, PAY2, , , , , PAY2
1660411176, , 33.714, -118.3688, 3250, 179, 190, PAY2, , , , , PAY2
1660411181, , 33.709, -118.3686, 3300, 177, 189, PAY2, , , , , PAY2
1660411182, , 33.7085, -118.3686, 3300, 177, 189, PAY2, , , , , PAY2
1660411182, , 33.7085, -118.3686, 3300, 177, 189, PAY2, , , , , PAY2
1660411190, , 33.7019, -118.3683, 3375, 178, 187, PAY2, , , , , PAY2
1660411190, , 33.7019, -118.3683, 3375, 178, 187, PAY2, , , , , PAY2
1660411192, , 33.6993, -118.3682, 3400, 178, 187, PAY2, , , , , PAY2
1660411192, , 33.6993, -118.3682, 3400, 178, 187, PAY2, , , , , PAY2
1660411196, , 33.697, -118.3681, 3425, 178, 186, PAY2, , , , , PAY2
1660411202, , 33.6915, -118.368, 3475, 178, 186, PAY2, , , , , PAY2
1660411202, , 33.6915, -118.368, 3475, 178, 186, PAY2, , , , , PAY2
1660411204, , 33.6893, -118.3679, 3500, 179, 185, PAY2, , , , , PAY2
1660411204, , 33.6893, -118.3679, 3500, 179, 185, PAY2, , , , , PAY2
1660411208, , 33.6864, -118.3679, 3525, 180, 185, PAY2, , , , , PAY2
1660411208, , 33.6864, -118.3679, 3525, 180, 185, PAY2, , , , , PAY2
1660411213, , 33.6818, -118.3681, 3550, 183, 185, PAY2, , , , , PAY2
1660411216, , 33.6789, -118.3684, 3550, 185, 186, PAY2, , , , , PAY2
1660411216, , 33.6789, -118.3684, 3550, 185, 186, PAY2, , , , , PAY2
1660411220, , 33.6758, -118.3689, 3550, 187, 187, PAY2, , , , , PAY2
1660411220, , 33.6758, -118.3689, 3550, 187, 187, PAY2, , , , , PAY2
1660411226, , 33.6716, -118.3697, 3550, 190, 189, PAY2, , , , , PAY2
1660411226, , 33.6716, -118.3697, 3550, 190, 189, PAY2, , , , , PAY2
1660411229, , 33.6682, -118.3705, 3575, 192, 190, PAY2, , , , , PAY2
1660411232, , 33.6657, -118.3712, 3575, 193, 190, PAY2, , , , , PAY2
1660411238, , 33.6625, -118.3722, 3600, 199, 191, PAY2, , , , , PAY2
1660411238, , 33.6625, -118.3722, 3600, 199, 191, PAY2, , , , , PAY2
1660411240, , 33.6593, -118.3736, 3600, 200, 191, PAY2, , , , , PAY2
1660411240, , 33.6593, -118.3736, 3600, 200, 191, PAY2, , , , , PAY2
1660411244, , 33.6555, -118.3757, 3600, 206, 192, PAY2, , , , , PAY2
1660411247, , 33.6528, -118.3775, 3600, 209, 193, PAY2, , , , , PAY2
1660411247, , 33.6528, -118.3775, 3600, 209, 193, PAY2, , , , , PAY2
1660411251, , 33.6502, -118.3793, 3600, 210, 194, PAY2, , , , , PAY2
1660411251, , 33.6502, -118.3793, 3600, 210, 194, PAY2, , , , , PAY2
1660411255, , 33.6472, -118.3814, 3575, 211, 196, PAY2, , , , , PAY2
1660411255, , 33.6472, -118.3814, 3575, 211, 196, PAY2, , , , , PAY2
1660411262, , 33.6416, -118.3858, 3575, 213, 198, PAY2, , , , , PAY2
1660411265, , 33.6392, -118.3876, 3575, 213, 198, PAY2, , , , , PAY2
1660411265, , 33.6392, -118.3876, 3575, 213, 198, PAY2, , , , , PAY2
1660411268, , 33.6377, -118.3888, 3575, 214, 198, PAY2, , , , , PAY2
1660411268, , 33.6377, -118.3888, 3575, 214, 198, PAY2, , , , , PAY2
1660411274, , 33.6325, -118.3931, 3600, 214, 197, PAY2, , , , , PAY2
1660411274, , 33.6325, -118.3931, 3600, 214, 197, PAY2, , , , , PAY2
1660411277, , 33.6305, -118.3947, 3625, 213, 196, PAY2, , , , , PAY2
1660411280, , 33.6279, -118.3966, 3650, 211, 196, PAY2, , , , , PAY2
1660411280, , 33.6279, -118.3966, 3650, 211, 196, PAY2, , , , , PAY2
1660411286, , 33.6235, -118.3995, 3625, 208, 197, PAY2, , , , , PAY2
1660411286, , 33.6235, -118.3995, 3625, 208, 197, PAY2, , , , , PAY2
1660411289, , 33.6214, -118.4008, 3625, 206, 198, PAY2, , , , , PAY2
1660411289, , 33.6214, -118.4008, 3625, 206, 198, PAY2, , , , , PAY2
1660411291, , 33.619, -118.4022, 3600, 206, 199, PAY2, , , , , PAY2
1660411298, , 33.6133, -118.4055, 3575, 205, 201, PAY2, , , , , PAY2
1660411298, , 33.6133, -118.4055, 3575, 205, 201, PAY2, , , , , PAY2
1660411300, , 33.6107, -118.4069, 3575, 203, 202, PAY2, , , , , PAY2
1660411300, , 33.6107, -118.4069, 3575, 203, 202, PAY2, , , , , PAY2
1660411304, , 33.6076, -118.4086, 3575, 204, 202, PAY2, , , , , PAY2
1660411304, , 33.6076, -118.4086, 3575, 204, 202, PAY2, , , , , PAY2
1660411309, , 33.6036, -118.4109, 3600, 206, 201, PAY2, , , , , PAY2
1660411313, , 33.6005, -118.4129, 3600, 207, 202, PAY2, , , , , PAY2
1660411313, , 33.6005, -118.4129, 3600, 207, 202, PAY2, , , , , PAY2
1660411316, , 33.5986, -118.4141, 3575, 208, 202, PAY2, , , , , PAY2
1660411316, , 33.5986, -118.4141, 3575, 208, 202, PAY2, , , , , PAY2
1660411319, , 33.5949, -118.4165, 3550, 209, 204, PAY2, , , , , PAY2
1660411319, , 33.5949, -118.4165, 3550, 209, 204, PAY2, , , , , PAY2
1660411326, , 33.5895, -118.4205, 3550, 212, 205, PAY2, , , , , PAY2
1660411329, , 33.5874, -118.4221, 3550, 212, 204, PAY2, , , , , PAY2
1660411329, , 33.5874, -118.4221, 3550, 212, 204, PAY2, , , , , PAY2
1660411332, , 33.5859, -118.4233, 3575, 212, 203, PAY2, , , , , PAY2
1660411332, , 33.5859, -118.4233, 3575, 212, 203, PAY2, , , , , PAY2
1660411338, , 33.5802, -118.4276, 3650, 212, 199, PAY2, , , , , PAY2
1660411338, , 33.5802, -118.4276, 3650, 212, 199, PAY2, , , , , PAY2
1660411341, , 33.5781, -118.4292, 3675, 211, 197, PAY2, , , , , PAY2
1660411344, , 33.5757, -118.4308, 3725, 209, 194, PAY2, , , , , PAY2
1660411344, , 33.5757, -118.4308, 3725, 209, 194, PAY2, , , , , PAY2
1660411350, , 33.5707, -118.434, 3800, 206, 191, PAY2, , , , , PAY2
1660411350, , 33.5707, -118.434, 3800, 206, 191, PAY2, , , , , PAY2
1660411353, , 33.568, -118.4356, 3850, 206, 190, PAY2, , , , , PAY2
1660411353, , 33.568, -118.4356, 3850, 206, 190, PAY2, , , , , PAY2
1660411356, , 33.5662, -118.4367, 3850, 206, 188, PAY2, , , , , PAY2
1660411362, , 33.5611, -118.44, 3875, 209, 188, PAY2, , , , , PAY2
1660411362, , 33.5611, -118.44, 3875, 209, 188, PAY2, , , , , PAY2
1660411365, , 33.5589, -118.4415, 3850, 210, 190, PAY2, , , , , PAY2
1660411365, , 33.5589, -118.4415, 3850, 210, 190, PAY2, , , , , PAY2
1660411367, , 33.5574, -118.4427, 3800, 212, 193, PAY2, , , , , PAY2
1660411367, , 33.5574, -118.4427, 3800, 212, 193, PAY2, , , , , PAY2
1660411374, , 33.5525, -118.447, 3650, 218, 200, PAY2, , , , , PAY2
1660411376, , 33.5511, -118.4484, 3600, 222, 203, PAY2, , , , , PAY2
1660411376, , 33.5511, -118.4484, 3600, 222, 203, PAY2, , , , , PAY2
1660411379, , 33.5485, -118.4513, 3575, 224, 205, PAY2, , , , , PAY2
1660411379, , 33.5485, -118.4513, 3575, 224, 205, PAY2, , , , , PAY2
1660411386, , 33.5441, -118.4566, 3575, 225, 202, PAY2, , , , , PAY2
1660411388, , 33.5435, -118.4574, 3600, 225, 202, PAY2, , , , , PAY2
1660411388, , 33.5435, -118.4574, 3600, 225, 202, PAY2, , , , , PAY2
1660411392, , 33.5402, -118.4613, 3700, 224, 195, PAY2, , , , , PAY2
1660411392, , 33.5402, -118.4613, 3700, 224, 195, PAY2, , , , , PAY2
1660411395, , 33.5381, -118.4637, 3750, 223, 193, PAY2, , , , , PAY2
1660411395, , 33.5381, -118.4637, 3750, 223, 193, PAY2, , , , , PAY2
1660411398, , 33.5363, -118.4656, 3800, 221, 188, PAY2, , , , , PAY2
1660411406, , 33.5311, -118.4704, 3800, 215, 188, PAY2, , , , , PAY2
1660411406, , 33.5311, -118.4704, 3800, 215, 188, PAY2, , , , , PAY2
1660411409, , 33.5287, -118.4724, 3750, 214, 190, PAY2, , , , , PAY2
1660411409, , 33.5287, -118.4724, 3750, 214, 190, PAY2, , , , , PAY2
1660411411, , 33.527, -118.4739, 3700, 214, 194, PAY2, , , , , PAY2
1660411411, , 33.527, -118.4739, 3700, 214, 194, PAY2, , , , , PAY2
1660411417, , 33.5225, -118.477, 3550, 206, 200, PAY2, , , , , PAY2
1660411421, , 33.5194, -118.4783, 3425, 196, 206, PAY2, , , , , PAY2
1660411421, , 33.5194, -118.4783, 3425, 196, 206, PAY2, , , , , PAY2
1660411426, , 33.5154, -118.4792, 3200, 184, 213, PAY2, , , , , PAY2
1660411426, , 33.5154, -118.4792, 3200, 184, 213, PAY2, , , , , PAY2
1660411426, , 33.5154, -118.4792, 3200, 184, 213, PAY2, , , , , PAY2
1660411426, , 33.5154, -118.4792, 3200, 184, 213, PAY2, , , , , PAY2
1660411430, , 33.5099, -118.4789, 3075, 211, 197, PAY2, , , , , PAY2
1660411437, , 33.5036, -118.4761, 3000, 152, 218, PAY2, , , , , PAY2
1660411437, , 33.5036, -118.4761, 3000, 152, 218, PAY2, , , , , PAY2
1660411442, , 33.4995, -118.4727, 3050, 140, 209, PAY2, , , , , PAY2
1660411442, , 33.4995, -118.4727, 3050, 140, 209, PAY2, , , , , PAY2
1660411442, , 33.4995, -118.4727, 3050, 140, 209, PAY2, , , , , PAY2
1660411442, , 33.4995, -118.4727, 3050, 140, 209, PAY2, , , , , PAY2
1660411447, , 33.496, -118.4682, 3200, 128, 198, PAY2, , , , , PAY2
1660411447, , 33.496, -118.4682, 3200, 128, 198, PAY2, , , , , PAY2
1660411452, , 33.4938, -118.4644, 3300, 123, 194, PAY2, , , , , PAY2
1660411457, , 33.4914, -118.4596, 3300, 121, 192, PAY2, , , , , PAY2
1660411457, , 33.4914, -118.4596, 3300, 121, 192, PAY2, , , , , PAY2
1660411461, , 33.4897, -118.4564, 3275, 121, 191, PAY2, , , , , PAY2
1660411461, , 33.4897, -118.4564, 3275, 121, 191, PAY2, , , , , PAY2
1660411465, , 33.4881, -118.4532, 3275, 121, 191, PAY2, , , , , PAY2
1660411465, , 33.4881, -118.4532, 3275, 121, 191, PAY2, , , , , PAY2
1660411469, , 33.4861, -118.4495, 3225, 121, 193, PAY2, , , , , PAY2
1660411472, , 33.4843, -118.446, 3200, 121, 194, PAY2, , , , , PAY2
1660411472, , 33.4843, -118.446, 3200, 121, 194, PAY2, , , , , PAY2
1660411477, , 33.482, -118.4415, 3150, 121, 195, PAY2, , , , , PAY2
1660411477, , 33.482, -118.4415, 3150, 121, 195, PAY2, , , , , PAY2
1660411481, , 33.4802, -118.438, 3150, 122, 195, PAY2, , , , , PAY2
1660411481, , 33.4802, -118.438, 3150, 122, 195, PAY2, , , , , PAY2
1660411484, , 33.4786, -118.4351, 3125, 123, 194, PAY2, , , , , PAY2
1660411490, , 33.4756, -118.4298, 3100, 124, 193, PAY2, , , , , PAY2
1660411490, , 33.4756, -118.4298, 3100, 124, 193, PAY2, , , , , PAY2
1660411490, , 33.4756, -118.4298, 3100, 124, 193, PAY2, , , , , PAY2
1660411490, , 33.4756, -118.4298, 3100, 124, 193, PAY2, , , , , PAY2
1660411496, , 33.4727, -118.4238, 3025, 116, 195, PAY2, , , , , PAY2
1660411496, , 33.4727, -118.4238, 3025, 116, 195, PAY2, , , , , PAY2
1660411500, , 33.4712, -118.4198, 2950, 112, 197, PAY2, , , , , PAY2
1660411506, , 33.4693, -118.4143, 2900, 113, 199, PAY2, , , , , PAY2
1660411506, , 33.4693, -118.4143, 2900, 113, 199, PAY2, , , , , PAY2
1660411508, , 33.4682, -118.4116, 2875, 114, 199, PAY2, , , , , PAY2
1660411508, , 33.4682, -118.4116, 2875, 114, 199, PAY2, , , , , PAY2
1660411512, , 33.467, -118.4084, 2875, 115, 198, PAY2, , , , , PAY2
1660411517, , 33.4645, -118.4026, 2900, 114, 199, PAY2, , , , , PAY2
1660411517, , 33.4645, -118.4026, 2900, 114, 199, PAY2, , , , , PAY2
1660411521, , 33.4629, -118.3993, 2925, 122, 191, PAY2, , , , , PAY2
1660411521, , 33.4629, -118.3993, 2925, 122, 191, PAY2, , , , , PAY2
1660411524, , 33.4617, -118.3971, 2925, 124, 190, PAY2, , , , , PAY2
1660411526, , 33.4603, -118.395, 2925, 126, 190, PAY2, , , , , PAY2
1660411526, , 33.4603, -118.395, 2925, 126, 190, PAY2, , , , , PAY2
1660411533, , 33.4561, -118.3898, 2900, 135, 190, PAY2, , , , , PAY2
1660411533, , 33.4561, -118.3898, 2900, 135, 190, PAY2, , , , , PAY2
1660411536, , 33.4542, -118.3876, 2850, 136, 190, PAY2, , , , , PAY2
1660411536, , 33.4542, -118.3876, 2850, 136, 190, PAY2, , , , , PAY2
1660411539, , 33.4522, -118.3853, 2850, 136, 191, PAY2, , , , , PAY2
1660411546, , 33.4491, -118.3817, 2800, 136, 191, PAY2, , , , , PAY2
1660411546, , 33.4491, -118.3817, 2800, 136, 191, PAY2, , , , , PAY2
1660411546, , 33.4491, -118.3817, 2800, 136, 191, PAY2, , , , , PAY2
1660411546, , 33.4491, -118.3817, 2800, 136, 191, PAY2, , , , , PAY2
1660411554, , 33.4428, -118.3745, 2750, 135, 191, PAY2, , , , , PAY2
1660411554, , 33.4428, -118.3745, 2750, 135, 191, PAY2, , , , , PAY2
1660411558, , 33.4405, -118.3717, 2750, 135, 192, PAY2, , , , , PAY2
1660411562, , 33.4376, -118.3686, 2700, 138, 191, PAY2, , , , , PAY2
1660411562, , 33.4376, -118.3686, 2700, 138, 191, PAY2, , , , , PAY2
1660411562, , 33.4376, -118.3686, 2700, 138, 191, PAY2, , , , , PAY2
1660411562, , 33.4376, -118.3686, 2700, 138, 191, PAY2, , , , , PAY2
1660411568, , 33.4331, -118.3642, 2675, 138, 192, PAY2, , , , , PAY2
1660411568, , 33.4331, -118.3642, 2675, 138, 192, PAY2, , , , , PAY2
1660411572, , 33.4321, -118.3633, 2650, 145, 192, PAY2, , , , , PAY2
1660411576, , 33.428, -118.36, 2625, 147, 193, PAY2, , , , , PAY2
1660411576, , 33.428, -118.36, 2625, 147, 193, PAY2, , , , , PAY2
1660411581, , 33.4235, -118.3569, 2600, 151, 192, PAY2, , , , , PAY2
1660411581, , 33.4235, -118.3569, 2600, 151, 192, PAY2, , , , , PAY2
1660411585, , 33.4208, -118.3553, 2575, 153, 193, PAY2, , , , , PAY2
1660411585, , 33.4208, -118.3553, 2575, 153, 193, PAY2, , , , , PAY2
1660411589, , 33.4171, -118.3532, 2550, 155, 192, PAY2, , , , , PAY2
1660411591, , 33.4158, -118.3525, 2550, 155, 192, PAY2, , , , , PAY2
1660411591, , 33.4158, -118.3525, 2550, 155, 192, PAY2, , , , , PAY2
1660411595, , 33.4124, -118.3509, 2550, 157, 192, PAY2, , , , , PAY2
1660411595, , 33.4124, -118.3509, 2550, 157, 192, PAY2, , , , , PAY2
1660411601, , 33.4074, -118.3487, 2525, 160, 190, PAY2, , , , , PAY2
1660411601, , 33.4074, -118.3487, 2525, 160, 190, PAY2, , , , , PAY2
1660411604, , 33.4045, -118.3476, 2525, 162, 190, PAY2, , , , , PAY2
1660411604, , 33.4045, -118.3476, 2525, 162, 190, PAY2, , , , , PAY2
1660411607, , 33.4017, -118.3466, 2500, 163, 191, PAY2, , , , , PAY2
1660411611, , 33.399, -118.3457, 2475, 164, 191, PAY2, , , , , PAY2
1660411611, , 33.399, -118.3457, 2475, 164, 191, PAY2, , , , , PAY2
1660411617, , 33.3932, -118.3438, 2450, 163, 191, PAY2, , , , , PAY2
1660411617, , 33.3932, -118.3438, 2450, 163, 191, PAY2, , , , , PAY2
1660411620, , 33.392, -118.3434, 2400, 161, 191, PAY2, , , , , PAY2
1660411626, , 33.3865, -118.3404, 2350, 151, 194, PAY2, , , , , PAY2
1660411626, , 33.3865, -118.3404, 2350, 151, 194, PAY2, , , , , PAY2
1660411630, , 33.3834, -118.3379, 2300, 149, 193, PAY2, , , , , PAY2
1660411630, , 33.3834, -118.3379, 2300, 149, 193, PAY2, , , , , PAY2
1660411633, , 33.3812, -118.3359, 2275, 140, 194, PAY2, , , , , PAY2
1660411633, , 33.3812, -118.3359, 2275, 140, 194, PAY2, , , , , PAY2
1660411636, , 33.3793, -118.3337, 2250, 138, 194, PAY2, , , , , PAY2
1660411642, , 33.3755, -118.329, 2225, 133, 193, PAY2, , , , , PAY2
1660411642, , 33.3755, -118.329, 2225, 133, 193, PAY2, , , , , PAY2
1660411645, , 33.3736, -118.3267, 2250, 135, 190, PAY2, , , , , PAY2
1660411645, , 33.3736, -118.3267, 2250, 135, 190, PAY2, , , , , PAY2
1660411648, , 33.3717, -118.3245, 2250, 138, 189, PAY2, , , , , PAY2
1660411648, , 33.3717, -118.3245, 2250, 138, 189, PAY2, , , , , PAY2
1660411654, , 33.3674, -118.3211, 2250, 148, 188, PAY2, , , , , PAY2
1660411657, , 33.3652, -118.3195, 2225, 151, 188, PAY2, , , , , PAY2
1660411657, , 33.3652, -118.3195, 2225, 151, 188, PAY2, , , , , PAY2
1660411661, , 33.3625, -118.3175, 2200, 150, 188, PAY2, , , , , PAY2
1660411661, , 33.3625, -118.3175, 2200, 150, 188, PAY2, , , , , PAY2
1660411665, , 33.3592, -118.3147, 2150, 142, 191, PAY2, , , , , PAY2
1660411665, , 33.3592, -118.3147, 2150, 142, 191, PAY2, , , , , PAY2
1660411669, , 33.3565, -118.3121, 2125, 140, 191, PAY2, , , , , PAY2
1660411672, , 33.3544, -118.3101, 2100, 139, 190, PAY2, , , , , PAY2
1660411672, , 33.3544, -118.3101, 2100, 139, 190, PAY2, , , , , PAY2
1660411678, , 33.3503, -118.3059, 2075, 140, 190, PAY2, , , , , PAY2
1660411678, , 33.3503, -118.3059, 2075, 140, 190, PAY2, , , , , PAY2
1660411680, , 33.3488, -118.3045, 2050, 141, 189, PAY2, , , , , PAY2
1660411680, , 33.3488, -118.3045, 2050, 141, 189, PAY2, , , , , PAY2
1660411684, , 33.3462, -118.3022, 2025, 143, 190, PAY2, , , , , PAY2
1660411690, , 33.3417, -118.2986, 1975, 148, 190, PAY2, , , , , PAY2
1660411690, , 33.3417, -118.2986, 1975, 148, 190, PAY2, , , , , PAY2
1660411692, , 33.3402, -118.2975, 1950, 148, 191, PAY2, , , , , PAY2
1660411692, , 33.3402, -118.2975, 1950, 148, 191, PAY2, , , , , PAY2
1660411696, , 33.3371, -118.2955, 1900, 151, 192, PAY2, , , , , PAY2
1660411696, , 33.3371, -118.2955, 1900, 151, 192, PAY2, , , , , PAY2
1660411702, , 33.3326, -118.2929, 1850, 155, 193, PAY2, , , , , PAY2
1660411705, , 33.3297, -118.2917, 1800, 161, 193, PAY2, , , , , PAY2
1660411705, , 33.3297, -118.2917, 1800, 161, 193, PAY2, , , , , PAY2
1660411708, , 33.3282, -118.2913, 1750, 167, 194, PAY2, , , , , PAY2
1660411708, , 33.3282, -118.2913, 1750, 167, 194, PAY2, , , , , PAY2
1660411711, , 33.3243, -118.2904, 1700, 170, 195, PAY2, , , , , PAY2
1660411715, , 33.3208, -118.2902, 1650, 178, 197, PAY2, , , , , PAY2
1660411715, , 33.3208, -118.2902, 1650, 178, 197, PAY2, , , , , PAY2
1660411721, , 33.3152, -118.2908, 1600, 188, 198, PAY2, , , , , PAY2
1660411721, , 33.3152, -118.2908, 1600, 188, 198, PAY2, , , , , PAY2
1660411726, , 33.3111, -118.2921, 1575, 196, 198, PAY2, , , , , PAY2
1660411726, , 33.3111, -118.2921, 1575, 196, 198, PAY2, , , , , PAY2
1660411728, , 33.309, -118.293, 1550, 203, 198, PAY2, , , , , PAY2
1660411734, , 33.3044, -118.2966, 1450, 217, 201, PAY2, , , , , PAY2
1660411734, , 33.3044, -118.2966, 1450, 217, 201, PAY2, , , , , PAY2
1660411736, , 33.3033, -118.2977, 1425, 204, 198, PAY2, , , , , PAY2
1660411736, , 33.3033, -118.2977, 1425, 204, 198, PAY2, , , , , PAY2
1660411740, , 33.3004, -118.3016, 1275, 232, 209, PAY2, , , , , PAY2
1660411740, , 33.3004, -118.3016, 1275, 232, 209, PAY2, , , , , PAY2
1660411744, , 33.2987, -118.3049, 1200, 239, 210, PAY2, , , , , PAY2
1660411750, , 33.2961, -118.3115, 1200, 248, 203, PAY2, , , , , PAY2
1660411750, , 33.2961, -118.3115, 1200, 248, 203, PAY2, , , , , PAY2
1660411753, , 33.2952, -118.3146, 1275, 250, 198, PAY2, , , , , PAY2
1660411753, , 33.2952, -118.3146, 1275, 250, 198, PAY2, , , , , PAY2
1660411754, , 33.295, -118.3155, 1300, 251, 198, PAY2, , , , , PAY2
1660411754, , 33.295, -118.3155, 1300, 251, 198, PAY2, , , , , PAY2
1660411761, , 33.2932, -118.3231, 1450, 257, 187, PAY2, , , , , PAY2
1660411764, , 33.2927, -118.3263, 1475, 260, 185, PAY2, , , , , PAY2
1660411764, , 33.2927, -118.3263, 1475, 260, 185, PAY2, , , , , PAY2
1660411767, , 33.2925, -118.3288, 1475, 263, 185, PAY2, , , , , PAY2
1660411767, , 33.2925, -118.3288, 1475, 263, 185, PAY2, , , , , PAY2
1660411772, , 33.2923, -118.3329, 1450, 213, 184, PAY2, , , , , PAY2
1660411772, , 33.2923, -118.3329, 1450, 213, 184, PAY2, , , , , PAY2
1660411776, , 33.2924, -118.3383, 1525, 273, 180, PAY2, , , , , PAY2
1660411779, , 33.2926, -118.3413, 1550, 275, 178, PAY2, , , , , PAY2
1660411779, , 33.2926, -118.3413, 1550, 275, 178, PAY2, , , , , PAY2
1660411785, , 33.2931, -118.3467, 1550, 276, 181, PAY2, , , , , PAY2
1660411785, , 33.2931, -118.3467, 1550, 276, 181, PAY2, , , , , PAY2
1660411788, , 33.2932, -118.3486, 1500, 276, 184, PAY2, , , , , PAY2
1660411788, , 33.2932, -118.3486, 1500, 276, 184, PAY2, , , , , PAY2
1660411792, , 33.2939, -118.354, 1450, 280, 188, PAY2, , , , , PAY2
1660411798, , 33.2952, -118.3593, 1375, 291, 190, PAY2, , , , , PAY2
1660411798, , 33.2952, -118.3593, 1375, 291, 190, PAY2, , , , , PAY2
1660411801, , 33.2967, -118.3632, 1325, 298, 191, PAY2, , , , , PAY2
1660411801, , 33.2967, -118.3632, 1325, 298, 191, PAY2, , , , , PAY2
1660411804, , 33.298, -118.3657, 1300, 303, 192, PAY2, , , , , PAY2
1660411804, , 33.298, -118.3657, 1300, 303, 192, PAY2, , , , , PAY2
1660411810, , 33.3003, -118.3699, 1375, 300, 186, PAY2, , , , , PAY2
1660411810, , 33.3003, -118.3699, 1375, 300, 186, PAY2, , , , , PAY2
1660411810, , 33.3003, -118.3699, 1375, 300, 186, PAY2, , , , , PAY2
1660411816, , 33.303, -118.3758, 1500, 300, 186, PAY2, , , , , PAY2
1660411816, , 33.303, -118.3758, 1500, 300, 186, PAY2, , , , , PAY2
1660411821, , 33.3047, -118.3801, 1550, 294, 177, PAY2, , , , , PAY2
1660411825, , 33.3062, -118.3842, 1550, 291, 179, PAY2, , , , , PAY2
1660411825, , 33.3062, -118.3842, 1550, 291, 179, PAY2, , , , , PAY2
1660411828, , 33.3071, -118.387, 1550, 289, 180, PAY2, , , , , PAY2
1660411828, , 33.3071, -118.387, 1550, 289, 180, PAY2, , , , , PAY2
1660411834, , 33.3083, -118.3923, 1525, 282, 181, PAY2, , , , , PAY2
1660411837, , 33.3089, -118.3958, 1525, 279, 181, PAY2, , , , , PAY2
1660411837, , 33.3089, -118.3958, 1525, 279, 181, PAY2, , , , , PAY2
1660411839, , 33.3092, -118.3983, 1525, 276, 181, PAY2, , , , , PAY2
1660411839, , 33.3092, -118.3983, 1525, 276, 181, PAY2, , , , , PAY2
1660411845, , 33.3096, -118.4038, 1525, 213, 184, PAY2, , , , , PAY2
1660411845, , 33.3096, -118.4038, 1525, 213, 184, PAY2, , , , , PAY2
1660411845, , 33.3096, -118.4038, 1525, 213, 184, PAY2, , , , , PAY2
1660411848, , 33.3097, -118.4066, 1525, 213, 184, PAY2, , , , , PAY2
1660411848, , 33.3097, -118.4066, 1525, 213, 184, PAY2, , , , , PAY2
1660411856, , 33.3098, -118.4144, 1550, 213, 184, PAY2, , , , , PAY2
1660411856, , 33.3098, -118.4144, 1550, 213, 184, PAY2, , , , , PAY2
1660411860, , 33.3096, -118.419, 1550, 213, 184, PAY2, , , , , PAY2
1660411864, , 33.3094, -118.4231, 1550, 266, 181, PAY2, , , , , PAY2
1660411864, , 33.3094, -118.4231, 1550, 266, 181, PAY2, , , , , PAY2
1660411870, , 33.309, -118.429, 1575, 265, 181, PAY2, , , , , PAY2
1660411870, , 33.309, -118.429, 1575, 265, 181, PAY2, , , , , PAY2
1660411873, , 33.3089, -118.4318, 1575, 265, 181, PAY2, , , , , PAY2
1660411873, , 33.3089, -118.4318, 1575, 265, 181, PAY2, , , , , PAY2
1660411876, , 33.3086, -118.4351, 1575, 265, 181, PAY2, , , , , PAY2
1660411882, , 33.3084, -118.4415, 1550, 269, 184, PAY2, , , , , PAY2
1660411882, , 33.3084, -118.4415, 1550, 269, 184, PAY2, , , , , PAY2
1660411885, , 33.3084, -118.4438, 1550, 270, 184, PAY2, , , , , PAY2
1660411885, , 33.3084, -118.4438, 1550, 270, 184, PAY2, , , , , PAY2
1660411886, , 33.3085, -118.4449, 1525, 270, 184, PAY2, , , , , PAY2
1660411886, , 33.3085, -118.4449, 1525, 270, 184, PAY2, , , , , PAY2
1660411891, , 33.309, -118.4505, 1475, 270, 184, PAY2, , , , , PAY2
1660411894, , 33.3092, -118.452, 1475, 282, 188, PAY2, , , , , PAY2
1660411894, , 33.3092, -118.452, 1475, 282, 188, PAY2, , , , , PAY2
1660411900, , 33.311, -118.459, 1450, 290, 188, PAY2, , , , , PAY2
1660411900, , 33.311, -118.459, 1450, 290, 188, PAY2, , , , , PAY2
1660411904, , 33.3124, -118.4626, 1450, 295, 188, PAY2, , , , , PAY2
1660411904, , 33.3124, -118.4626, 1450, 295, 188, PAY2, , , , , PAY2
1660411909, , 33.3145, -118.4672, 1450, 301, 186, PAY2, , , , , PAY2
1660411909, , 33.3145, -118.4672, 1450, 301, 186, PAY2, , , , , PAY2
1660411909, , 33.3145, -118.4672, 1450, 301, 186, PAY2, , , , , PAY2
1660411916, , 33.3181, -118.4736, 1525, 303, 183, PAY2, , , , , PAY2
1660411916, , 33.3181, -118.4736, 1525, 303, 183, PAY2, , , , , PAY2
1660411920, , 33.3197, -118.4766, 1550, 302, 181, PAY2, , , , , PAY2
1660411920, , 33.3197, -118.4766, 1550, 302, 181, PAY2, , , , , PAY2
1660411925, , 33.3219, -118.4809, 1575, 300, 180, PAY2, , , , , PAY2
1660411929, , 33.3236, -118.4842, 1550, 213, 184, PAY2, , , , , PAY2
1660411929, , 33.3236, -118.4842, 1550, 213, 184, PAY2, , , , , PAY2
1660411933, , 33.3253, -118.4876, 1525, 301, 184, PAY2, , , , , PAY2
1660411933, , 33.3253, -118.4876, 1525, 301, 184, PAY2, , , , , PAY2
1660411933, , 33.3253, -118.4876, 1525, 301, 184, PAY2, , , , , PAY2
1660411933, , 33.3253, -118.4876, 1525, 301, 184, PAY2, , , , , PAY2
1660411941, , 33.3296, -118.495, 1425, 307, 188, PAY2, , , , , PAY2
1660411941, , 33.3296, -118.495, 1425, 307, 188, PAY2, , , , , PAY2
1660411941, , 33.3296, -118.495, 1425, 307, 188, PAY2, , , , , PAY2
1660411947, , 33.3329, -118.4991, 1350, 315, 192, PAY2, , , , , PAY2
1660411947, , 33.3329, -118.4991, 1350, 315, 192, PAY2, , , , , PAY2
1660411951, , 33.3361, -118.5022, 1325, 324, 193, PAY2, , , , , PAY2
1660411951, , 33.3361, -118.5022, 1325, 324, 193, PAY2, , , , , PAY2
1660411956, , 33.3398, -118.5046, 1350, 330, 192, PAY2, , , , , PAY2
1660411960, , 33.3428, -118.5061, 1400, 339, 187, PAY2, , , , , PAY2
1660411960, , 33.3428, -118.5061, 1400, 339, 187, PAY2, , , , , PAY2
1660411966, , 33.3475, -118.5073, 1475, 352, 180, PAY2, , , , , PAY2
1660411966, , 33.3475, -118.5073, 1475, 352, 180, PAY2, , , , , PAY2
1660411966, , 33.3475, -118.5073, 1475, 352, 180, PAY2, , , , , PAY2
1660411974, , 33.3548, -118.5072, 1500, 6, 177, PAY2, , , , , PAY2
1660411974, , 33.3548, -118.5072, 1500, 6, 177, PAY2, , , , , PAY2
1660411976, , 33.3565, -118.5069, 1500, 8, 177, PAY2, , , , , PAY2
1660411976, , 33.3565, -118.5069, 1500, 8, 177, PAY2, , , , , PAY2
1660411980, , 33.3593, -118.5062, 1475, 11, 177, PAY2, , , , , PAY2
1660411980, , 33.3593, -118.5062, 1475, 11, 177, PAY2, , , , , PAY2
1660411986, , 33.364, -118.5042, 1450, 23, 178, PAY2, , , , , PAY2
1660411986, , 33.364, -118.5042, 1450, 23, 178, PAY2, , , , , PAY2
1660411988, , 33.3656, -118.5033, 1450, 25, 178, PAY2, , , , , PAY2
1660411992, , 33.3667, -118.5026, 1425, 30, 180, PAY2, , , , , PAY2
1660411992, , 33.3667, -118.5026, 1425, 30, 180, PAY2, , , , , PAY2
1660411996, , 33.3717, -118.499, 1425, 29, 180, PAY2, , , , , PAY2
1660411996, , 33.3717, -118.499, 1425, 29, 180, PAY2, , , , , PAY2
1660411999, , 33.3739, -118.4977, 1425, 25, 180, PAY2, , , , , PAY2
1660412006, , 33.3788, -118.496, 1450, 8, 179, PAY2, , , , , PAY2
1660412006, , 33.3788, -118.496, 1450, 8, 179, PAY2, , , , , PAY2
1660412009, , 33.3813, -118.4957, 1450, 3, 180, PAY2, , , , , PAY2
1660412009, , 33.3813, -118.4957, 1450, 3, 180, PAY2, , , , , PAY2
1660412012, , 33.3838, -118.4958, 1450, 355, 180, PAY2, , , , , PAY2
1660412012, , 33.3838, -118.4958, 1450, 355, 180, PAY2, , , , , PAY2
1660412017, , 33.3886, -118.4972, 1400, 342, 183, PAY2, , , , , PAY2
1660412020, , 33.391, -118.4983, 1375, 336, 183, PAY2, , , , , PAY2
1660412020, , 33.391, -118.4983, 1375, 336, 183, PAY2, , , , , PAY2
1660412023, , 33.3932, -118.4997, 1350, 331, 184, PAY2, , , , , PAY2
1660412023, , 33.3932, -118.4997, 1350, 331, 184, PAY2, , , , , PAY2
1660412030, , 33.3976, -118.5034, 1325, 319, 186, PAY2, , , , , PAY2
1660412030, , 33.3976, -118.5034, 1325, 319, 186, PAY2, , , , , PAY2
1660412033, , 33.3995, -118.5055, 1325, 315, 186, PAY2, , , , , PAY2
1660412036, , 33.4013, -118.5078, 1325, 311, 185, PAY2, , , , , PAY2
1660412036, , 33.4013, -118.5078, 1325, 311, 185, PAY2, , , , , PAY2
1660412042, , 33.4043, -118.5125, 1425, 305, 179, PAY2, , , , , PAY2
1660412042, , 33.4043, -118.5125, 1425, 305, 179, PAY2, , , , , PAY2
1660412045, , 33.4057, -118.5151, 1425, 299, 179, PAY2, , , , , PAY2
1660412045, , 33.4057, -118.5151, 1425, 299, 179, PAY2, , , , , PAY2
1660412047, , 33.4065, -118.5174, 1425, 293, 178, PAY2, , , , , PAY2
1660412054, , 33.4082, -118.5233, 1450, 287, 176, PAY2, , , , , PAY2
1660412054, , 33.4082, -118.5233, 1450, 287, 176, PAY2, , , , , PAY2
1660412057, , 33.4089, -118.5261, 1500, 285, 174, PAY2, , , , , PAY2
1660412057, , 33.4089, -118.5261, 1500, 285, 174, PAY2, , , , , PAY2
1660412059, , 33.4094, -118.5285, 1525, 284, 173, PAY2, , , , , PAY2
1660412066, , 33.4106, -118.5345, 1550, 282, 173, PAY2, , , , , PAY2
1660412066, , 33.4106, -118.5345, 1550, 282, 173, PAY2, , , , , PAY2
1660412069, , 33.4111, -118.5374, 1550, 282, 173, PAY2, , , , , PAY2
1660412069, , 33.4111, -118.5374, 1550, 282, 173, PAY2, , , , , PAY2
1660412070, , 33.4113, -118.5386, 1550, 282, 173, PAY2, , , , , PAY2
1660412070, , 33.4113, -118.5386, 1550, 282, 173, PAY2, , , , , PAY2
1660412077, , 33.4125, -118.5451, 1550, 282, 173, PAY2, , , , , PAY2
1660412080, , 33.4129, -118.5475, 1550, 283, 174, PAY2, , , , , PAY2
1660412080, , 33.4129, -118.5475, 1550, 283, 174, PAY2, , , , , PAY2
1660412083, , 33.4136, -118.5507, 1525, 284, 175, PAY2, , , , , PAY2
1660412083, , 33.4136, -118.5507, 1525, 284, 175, PAY2, , , , , PAY2
1660412090, , 33.4154, -118.5571, 1500, 290, 177, PAY2, , , , , PAY2
1660412090, , 33.4154, -118.5571, 1500, 290, 177, PAY2, , , , , PAY2
1660412093, , 33.4164, -118.5599, 1500, 292, 178, PAY2, , , , , PAY2
1660412095, , 33.4173, -118.5622, 1475, 292, 178, PAY2, , , , , PAY2
1660412095, , 33.4173, -118.5622, 1475, 292, 178, PAY2, , , , , PAY2
1660412102, , 33.42, -118.5676, 1500, 301, 179, PAY2, , , , , PAY2
1660412102, , 33.42, -118.5676, 1500, 301, 179, PAY2, , , , , PAY2
1660412104, , 33.4212, -118.5698, 1500, 301, 177, PAY2, , , , , PAY2
1660412104, , 33.4212, -118.5698, 1500, 301, 177, PAY2, , , , , PAY2
1660412109, , 33.4231, -118.5736, 1550, 301, 176, PAY2, , , , , PAY2
1660412113, , 33.4248, -118.5768, 1525, 301, 177, PAY2, , , , , PAY2
1660412113, , 33.4248, -118.5768, 1525, 301, 177, PAY2, , , , , PAY2
1660412117, , 33.4266, -118.5801, 1500, 213, 184, PAY2, , , , , PAY2
1660412117, , 33.4266, -118.5801, 1500, 213, 184, PAY2, , , , , PAY2
1660412122, , 33.429, -118.5845, 1425, 213, 184, PAY2, , , , , PAY2
1660412122, , 33.429, -118.5845, 1425, 213, 184, PAY2, , , , , PAY2
1660412122, , 33.429, -118.5845, 1425, 213, 184, PAY2, , , , , PAY2
1660412127, , 33.4317, -118.5888, 1375, 213, 184, PAY2, , , , , PAY2
1660412127, , 33.4317, -118.5888, 1375, 213, 184, PAY2, , , , , PAY2
1660412132, , 33.4346, -118.5928, 1350, 213, 184, PAY2, , , , , PAY2
1660412132, , 33.4346, -118.5928, 1350, 213, 184, PAY2, , , , , PAY2
1660412137, , 33.4372, -118.5962, 1375, 213, 184, PAY2, , , , , PAY2
1660412137, , 33.4372, -118.5962, 1375, 213, 184, PAY2, , , , , PAY2
1660412141, , 33.4395, -118.5991, 1400, 315, 183, PAY2, , , , , PAY2
1660412145, , 33.4422, -118.6021, 1475, 317, 181, PAY2, , , , , PAY2
1660412145, , 33.4422, -118.6021, 1475, 317, 181, PAY2, , , , , PAY2
1660412150, , 33.4451, -118.6051, 1575, 319, 177, PAY2, , , , , PAY2
1660412150, , 33.4451, -118.6051, 1575, 319, 177, PAY2, , , , , PAY2
1660412153, , 33.447, -118.6069, 1650, 321, 175, PAY2, , , , , PAY2
1660412153, , 33.447, -118.6069, 1650, 321, 175, PAY2, , , , , PAY2
1660412155, , 33.4484, -118.6082, 1675, 324, 175, PAY2, , , , , PAY2
1660412162, , 33.4534, -118.6118, 1725, 331, 176, PAY2, , , , , PAY2
1660412162, , 33.4534, -118.6118, 1725, 331, 176, PAY2, , , , , PAY2
1660412165, , 33.4554, -118.613, 1750, 333, 177, PAY2, , , , , PAY2
1660412165, , 33.4554, -118.613, 1750, 333, 177, PAY2, , , , , PAY2
1660412168, , 33.4579, -118.6143, 1775, 334, 177, PAY2, , , , , PAY2
1660412168, , 33.4579, -118.6143, 1775, 334, 177, PAY2, , , , , PAY2
1660412173, , 33.4599, -118.6151, 1825, 347, 174, PAY2, , , , , PAY2
1660412177, , 33.4646, -118.616, 1925, 355, 169, PAY2, , , , , PAY2
1660412177, , 33.4646, -118.616, 1925, 355, 169, PAY2, , , , , PAY2
1660412181, , 33.4682, -118.6156, 2050, 7, 162, PAY2, , , , , PAY2
1660412181, , 33.4682, -118.6156, 2050, 7, 162, PAY2, , , , , PAY2
1660412185, , 33.4704, -118.615, 2125, 14, 160, PAY2, , , , , PAY2
1660412185, , 33.4704, -118.615, 2125, 14, 160, PAY2, , , , , PAY2
1660412190, , 33.4739, -118.6134, 2200, 26, 159, PAY2, , , , , PAY2
1660412194, , 33.4763, -118.6117, 2250, 32, 160, PAY2, , , , , PAY2
1660412194, , 33.4763, -118.6117, 2250, 32, 160, PAY2, , , , , PAY2
1660412194, , 33.4763, -118.6117, 2250, 32, 160, PAY2, , , , , PAY2
1660412194, , 33.4763, -118.6117, 2250, 32, 160, PAY2, , , , , PAY2
1660412200, , 33.48, -118.6082, 2325, 343, 175, PAY2, , , , , PAY2
1660412200, , 33.48, -118.6082, 2325, 343, 175, PAY2, , , , , PAY2
1660412206, , 33.4832, -118.6046, 2450, 43, 159, PAY2, , , , , PAY2
1660412208, , 33.4843, -118.6034, 2475, 43, 159, PAY2, , , , , PAY2
1660412208, , 33.4843, -118.6034, 2475, 43, 159, PAY2, , , , , PAY2
1660412211, , 33.4861, -118.6013, 2550, 43, 159, PAY2, , , , , PAY2
1660412211, , 33.4861, -118.6013, 2550, 43, 159, PAY2, , , , , PAY2
1660412214, , 33.4874, -118.5998, 2600, 43, 159, PAY2, , , , , PAY2
1660412214, , 33.4874, -118.5998, 2600, 43, 159, PAY2, , , , , PAY2
1660412219, , 33.4901, -118.5967, 2675, 43, 159, PAY2, , , , , PAY2
1660412223, , 33.4925, -118.5939, 2750, 44, 160, PAY2, , , , , PAY2
1660412223, , 33.4925, -118.5939, 2750, 44, 160, PAY2, , , , , PAY2
1660412229, , 33.4955, -118.5905, 2825, 44, 161, PAY2, , , , , PAY2
1660412229, , 33.4955, -118.5905, 2825, 44, 161, PAY2, , , , , PAY2
1660412233, , 33.4977, -118.5879, 2875, 44, 162, PAY2, , , , , PAY2
1660412233, , 33.4977, -118.5879, 2875, 44, 162, PAY2, , , , , PAY2
1660412236, , 33.4993, -118.586, 2900, 44, 163, PAY2, , , , , PAY2
1660412242, , 33.5025, -118.5821, 3000, 44, 163, PAY2, , , , , PAY2
1660412242, , 33.5025, -118.5821, 3000, 44, 163, PAY2, , , , , PAY2
1660412245, , 33.504, -118.5804, 3050, 45, 164, PAY2, , , , , PAY2
1660412245, , 33.504, -118.5804, 3050, 45, 164, PAY2, , , , , PAY2
1660412248, , 33.5061, -118.578, 3100, 45, 164, PAY2, , , , , PAY2
1660412248, , 33.5061, -118.578, 3100, 45, 164, PAY2, , , , , PAY2
1660412254, , 33.509, -118.5743, 3175, 45, 166, PAY2, , , , , PAY2
1660412257, , 33.511, -118.572, 3225, 45, 166, PAY2, , , , , PAY2
1660412257, , 33.511, -118.572, 3225, 45, 166, PAY2, , , , , PAY2
1660412260, , 33.5126, -118.5699, 3250, 46, 167, PAY2, , , , , PAY2
1660412260, , 33.5126, -118.5699, 3250, 46, 167, PAY2, , , , , PAY2
1660412263, , 33.5141, -118.568, 3300, 46, 167, PAY2, , , , , PAY2
1660412263, , 33.5141, -118.568, 3300, 46, 167, PAY2, , , , , PAY2
1660412269, , 33.5173, -118.564, 3375, 46, 169, PAY2, , , , , PAY2
1660412271, , 33.5186, -118.5624, 3400, 45, 170, PAY2, , , , , PAY2
1660412271, , 33.5186, -118.5624, 3400, 45, 170, PAY2, , , , , PAY2
1660412275, , 33.5191, -118.5619, 3450, 43, 170, PAY2, , , , , PAY2
1660412275, , 33.5191, -118.5619, 3450, 43, 170, PAY2, , , , , PAY2
1660412282, , 33.5239, -118.5567, 3525, 40, 172, PAY2, , , , , PAY2
1660412282, , 33.5239, -118.5567, 3525, 40, 172, PAY2, , , , , PAY2
1660412285, , 33.5268, -118.5537, 3550, 39, 174, PAY2, , , , , PAY2
1660412287, , 33.5282, -118.5523, 3575, 39, 174, PAY2, , , , , PAY2
1660412287, , 33.5282, -118.5523, 3575, 39, 174, PAY2, , , , , PAY2
1660412294, , 33.5324, -118.5483, 3600, 38, 180, PAY2, , , , , PAY2
1660412294, , 33.5324, -118.5483, 3600, 38, 180, PAY2, , , , , PAY2
1660412296, , 33.534, -118.5468, 3600, 38, 180, PAY2, , , , , PAY2
1660412296, , 33.534, -118.5468, 3600, 38, 180, PAY2, , , , , PAY2
1660412300, , 33.5362, -118.5448, 3600, 38, 182, PAY2, , , , , PAY2
1660412302, , 33.5381, -118.543, 3600, 38, 182, PAY2, , , , , PAY2
1660412302, , 33.5381, -118.543, 3600, 38, 182, PAY2, , , , , PAY2
1660412306, , 33.5404, -118.5409, 3600, 38, 188, PAY2, , , , , PAY2
1660412306, , 33.5404, -118.5409, 3600, 38, 188, PAY2, , , , , PAY2
1660412313, , 33.5456, -118.536, 3575, 38, 193, PAY2, , , , , PAY2
1660412313, , 33.5456, -118.536, 3575, 38, 193, PAY2, , , , , PAY2
1660412318, , 33.5486, -118.5332, 3550, 38, 195, PAY2, , , , , PAY2
1660412321, , 33.5507, -118.5312, 3550, 38, 197, PAY2, , , , , PAY2
1660412321, , 33.5507, -118.5312, 3550, 38, 197, PAY2, , , , , PAY2
1660412323, , 33.5525, -118.5295, 3550, 38, 198, PAY2, , , , , PAY2
1660412323, , 33.5525, -118.5295, 3550, 38, 198, PAY2, , , , , PAY2
1660412329, , 33.5571, -118.525, 3550, 38, 199, PAY2, , , , , PAY2
1660412332, , 33.5592, -118.523, 3550, 38, 201, PAY2, , , , , PAY2
1660412332, , 33.5592, -118.523, 3550, 38, 201, PAY2, , , , , PAY2
1660412335, , 33.5615, -118.5207, 3550, 38, 201, PAY2, , , , , PAY2
1660412335, , 33.5615, -118.5207, 3550, 38, 201, PAY2, , , , , PAY2
1660412341, , 33.5658, -118.5166, 3550, 39, 203, PAY2, , , , , PAY2
1660412341, , 33.5658, -118.5166, 3550, 39, 203, PAY2, , , , , PAY2
1660412345, , 33.5682, -118.5143, 3550, 39, 203, PAY2, , , , , PAY2
1660412347, , 33.57, -118.5125, 3550, 39, 203, PAY2, , , , , PAY2
1660412347, , 33.57, -118.5125, 3550, 39, 203, PAY2, , , , , PAY2
1660412354, , 33.5749, -118.5078, 3550, 38, 205, PAY2, , , , , PAY2
1660412354, , 33.5749, -118.5078, 3550, 38, 205, PAY2, , , , , PAY2
1660412356, , 33.577, -118.5058, 3550, 38, 205, PAY2, , , , , PAY2
1660412356, , 33.577, -118.5058, 3550, 38, 205, PAY2, , , , , PAY2
1660412360, , 33.5792, -118.5036, 3550, 39, 206, PAY2, , , , , PAY2
1660412365, , 33.5834, -118.4995, 3550, 38, 206, PAY2, , , , , PAY2
1660412365, , 33.5834, -118.4995, 3550, 38, 206, PAY2, , , , , PAY2
1660412368, , 33.5858, -118.4973, 3550, 38, 207, PAY2, , , , , PAY2
1660412368, , 33.5858, -118.4973, 3550, 38, 207, PAY2, , , , , PAY2
1660412374, , 33.5901, -118.4933, 3550, 38, 208, PAY2, , , , , PAY2
1660412374, , 33.5901, -118.4933, 3550, 38, 208, PAY2, , , , , PAY2
1660412377, , 33.5923, -118.4912, 3550, 38, 209, PAY2, , , , , PAY2
1660412380, , 33.5947, -118.489, 3550, 38, 209, PAY2, , , , , PAY2
1660412380, , 33.5947, -118.489, 3550, 38, 209, PAY2, , , , , PAY2
1660412386, , 33.5991, -118.4848, 3550, 38, 208, PAY2, , , , , PAY2
1660412386, , 33.5991, -118.4848, 3550, 38, 208, PAY2, , , , , PAY2
1660412389, , 33.6016, -118.4824, 3550, 38, 209, PAY2, , , , , PAY2
1660412389, , 33.6016, -118.4824, 3550, 38, 209, PAY2, , , , , PAY2
1660412392, , 33.6038, -118.4803, 3550, 38, 209, PAY2, , , , , PAY2
1660412398, , 33.6082, -118.4761, 3550, 38, 210, PAY2, , , , , PAY2
1660412398, , 33.6082, -118.4761, 3550, 38, 210, PAY2, , , , , PAY2
1660412401, , 33.6106, -118.4738, 3550, 38, 208, PAY2, , , , , PAY2
1660412401, , 33.6106, -118.4738, 3550, 38, 208, PAY2, , , , , PAY2
1660412404, , 33.6127, -118.4718, 3550, 38, 207, PAY2, , , , , PAY2
1660412404, , 33.6127, -118.4718, 3550, 38, 207, PAY2, , , , , PAY2
1660412410, , 33.6157, -118.4688, 3550, 39, 205, PAY2, , , , , PAY2
1660412413, , 33.619, -118.4657, 3550, 39, 203, PAY2, , , , , PAY2
1660412413, , 33.619, -118.4657, 3550, 39, 203, PAY2, , , , , PAY2
1660412416, , 33.6218, -118.4629, 3550, 39, 203, PAY2, , , , , PAY2
1660412416, , 33.6218, -118.4629, 3550, 39, 203, PAY2, , , , , PAY2
1660412422, , 33.6262, -118.4586, 3550, 39, 201, PAY2, , , , , PAY2
1660412422, , 33.6262, -118.4586, 3550, 39, 201, PAY2, , , , , PAY2
1660412422, , 33.6262, -118.4586, 3550, 39, 201, PAY2, , , , , PAY2
1660412430, , 33.6314, -118.4537, 3550, 38, 200, PAY2, , , , , PAY2
1660412430, , 33.6314, -118.4537, 3550, 38, 200, PAY2, , , , , PAY2
1660412432, , 33.6335, -118.4516, 3550, 38, 200, PAY2, , , , , PAY2
1660412432, , 33.6335, -118.4516, 3550, 38, 200, PAY2, , , , , PAY2
1660412435, , 33.6357, -118.4497, 3550, 37, 198, PAY2, , , , , PAY2
1660412441, , 33.6402, -118.4455, 3550, 37, 198, PAY2, , , , , PAY2
1660412441, , 33.6402, -118.4455, 3550, 37, 198, PAY2, , , , , PAY2
1660412445, , 33.6421, -118.4438, 3550, 37, 198, PAY2, , , , , PAY2
1660412447, , 33.6445, -118.4417, 3550, 36, 197, PAY2, , , , , PAY2
1660412447, , 33.6445, -118.4417, 3550, 36, 197, PAY2, , , , , PAY2
1660412453, , 33.649, -118.4376, 3550, 36, 197, PAY2, , , , , PAY2
1660412453, , 33.649, -118.4376, 3550, 36, 197, PAY2, , , , , PAY2
1660412456, , 33.6512, -118.4357, 3550, 36, 196, PAY2, , , , , PAY2
1660412456, , 33.6512, -118.4357, 3550, 36, 196, PAY2, , , , , PAY2
1660412459, , 33.6533, -118.4337, 3550, 37, 197, PAY2, , , , , PAY2
1660412466, , 33.658, -118.4294, 3550, 37, 196, PAY2, , , , , PAY2
1660412466, , 33.658, -118.4294, 3550, 37, 196, PAY2, , , , , PAY2
1660412470, , 33.6611, -118.4267, 3550, 35, 195, PAY2, , , , , PAY2
1660412470, , 33.6611, -118.4267, 3550, 35, 195, PAY2, , , , , PAY2
1660412473, , 33.6633, -118.4249, 3525, 34, 195, PAY2, , , , , PAY2
1660412473, , 33.6633, -118.4249, 3525, 34, 195, PAY2, , , , , PAY2
1660412476, , 33.6659, -118.4229, 3525, 32, 196, PAY2, , , , , PAY2
1660412482, , 33.6695, -118.4203, 3550, 31, 195, PAY2, , , , , PAY2
1660412482, , 33.6695, -118.4203, 3550, 31, 195, PAY2, , , , , PAY2
1660412486, , 33.6721, -118.4184, 3550, 30, 195, PAY2, , , , , PAY2
1660412486, , 33.6721, -118.4184, 3550, 30, 195, PAY2, , , , , PAY2
1660412489, , 33.6756, -118.4159, 3525, 30, 195, PAY2, , , , , PAY2
1660412489, , 33.6756, -118.4159, 3525, 30, 195, PAY2, , , , , PAY2
1660412492, , 33.6777, -118.4144, 3525, 29, 194, PAY2, , , , , PAY2
1660412497, , 33.6819, -118.4116, 3525, 29, 194, PAY2, , , , , PAY2
1660412497, , 33.6819, -118.4116, 3525, 29, 194, PAY2, , , , , PAY2
1660412501, , 33.6848, -118.4097, 3525, 28, 194, PAY2, , , , , PAY2
1660412501, , 33.6848, -118.4097, 3525, 28, 194, PAY2, , , , , PAY2
1660412503, , 33.6871, -118.4082, 3550, 27, 194, PAY2, , , , , PAY2
1660412510, , 33.6906, -118.4062, 3525, 23, 195, PAY2, , , , , PAY2
1660412510, , 33.6906, -118.4062, 3525, 23, 195, PAY2, , , , , PAY2
1660412513, , 33.6949, -118.404, 3525, 22, 195, PAY2, , , , , PAY2
1660412513, , 33.6949, -118.404, 3525, 22, 195, PAY2, , , , , PAY2
1660412516, , 33.6972, -118.4029, 3525, 21, 195, PAY2, , , , , PAY2
1660412522, , 33.7018, -118.4007, 3525, 20, 194, PAY2, , , , , PAY2
1660412522, , 33.7018, -118.4007, 3525, 20, 194, PAY2, , , , , PAY2
1660412525, , 33.705, -118.3993, 3525, 20, 194, PAY2, , , , , PAY2
1660412525, , 33.705, -118.3993, 3525, 20, 194, PAY2, , , , , PAY2
1660412528, , 33.7076, -118.3981, 3525, 20, 194, PAY2, , , , , PAY2
1660412528, , 33.7076, -118.3981, 3525, 20, 194, PAY2, , , , , PAY2
1660412534, , 33.7123, -118.3959, 3550, 22, 194, PAY2, , , , , PAY2
1660412537, , 33.7146, -118.3948, 3550, 23, 194, PAY2, , , , , PAY2
1660412537, , 33.7146, -118.3948, 3550, 23, 194, PAY2, , , , , PAY2
1660412540, , 33.7175, -118.3933, 3550, 23, 194, PAY2, , , , , PAY2
1660412540, , 33.7175, -118.3933, 3550, 23, 194, PAY2, , , , , PAY2
1660412546, , 33.7221, -118.3909, 3550, 24, 194, PAY2, , , , , PAY2
1660412546, , 33.7221, -118.3909, 3550, 24, 194, PAY2, , , , , PAY2
1660412549, , 33.7249, -118.3893, 3550, 24, 193, PAY2, , , , , PAY2
1660412552, , 33.7264, -118.3885, 3550, 24, 194, PAY2, , , , , PAY2
1660412552, , 33.7264, -118.3885, 3550, 24, 194, PAY2, , , , , PAY2
1660412558, , 33.7321, -118.3853, 3550, 26, 193, PAY2, , , , , PAY2
1660412558, , 33.7321, -118.3853, 3550, 26, 193, PAY2, , , , , PAY2
1660412561, , 33.7345, -118.3839, 3550, 26, 194, PAY2, , , , , PAY2
1660412561, , 33.7345, -118.3839, 3550, 26, 194, PAY2, , , , , PAY2
1660412564, , 33.7365, -118.3827, 3550, 26, 194, PAY2, , , , , PAY2
1660412570, , 33.7399, -118.3807, 3550, 26, 193, PAY2, , , , , PAY2
1660412570, , 33.7399, -118.3807, 3550, 26, 193, PAY2, , , , , PAY2
1660412573, , 33.744, -118.3782, 3550, 26, 194, PAY2, , , , , PAY2
1660412573, , 33.744, -118.3782, 3550, 26, 194, PAY2, , , , , PAY2
1660412575, , 33.7459, -118.377, 3550, 27, 193, PAY2, , , , , PAY2
1660412575, , 33.7459, -118.377, 3550, 27, 193, PAY2, , , , , PAY2
1660412582, , 33.7509, -118.3739, 3550, 27, 193, PAY2, , , , , PAY2
1660412585, , 33.7537, -118.3721, 3525, 28, 192, PAY2, , , , , PAY2
1660412585, , 33.7537, -118.3721, 3525, 28, 192, PAY2, , , , , PAY2
