//Timestamp, ICAO, Latitude_deg, Longitude_deg, Altitude_ft, Heading_deg, GroundSpeed_kts, AircraftType, RegistrationNum, Departure, Arrival, FlightNumber1, FlightNumber2
1660411879, , 33.6749, -117.8715, 0, 129, 7, R22, , , , , R22
1660411879, , 33.6749, -117.8715, 0, 129, 7, R22, , , , , R22
1660411890, , 33.6747, -117.8712, 0, 130, 7, R22, , , , , R22
1660411895, , 33.6745, -117.8712, 0, 202, 14, R22, , , , , R22
1660411895, , 33.6745, -117.8712, 0, 202, 14, R22, , , , , R22
1660411900, , 33.674, -117.8715, 0, 207, 28, R22, , , , , R22
1660411900, , 33.674, -117.8715, 0, 207, 28, R22, , , , , R22
1660411904, , 33.6735, -117.8718, 0, 207, 39, R22, , , , , R22
1660411904, , 33.6735, -117.8718, 0, 207, 39, R22, , , , , R22
1660411910, , 33.6724, -117.8724, 100, 207, 48, R22, , , , , R22
1660411910, , 33.6724, -117.8724, 100, 207, 48, R22, , , , , R22
1660411910, , 33.6724, -117.8724, 100, 207, 48, R22, , , , , R22
1660411915, , 33.6714, -117.873, 100, 207, 48, R22, , , , , R22
1660411915, , 33.6714, -117.873, 100, 207, 48, R22, , , , , R22
1660411919, , 33.6701, -117.8731, 200, 170, 55, R22, , , , , R22
1660411919, , 33.6701, -117.8731, 200, 170, 55, R22, , , , , R22
1660411923, , 33.6698, -117.8729, 200, 156, 55, R22, , , , , R22
1660411927, , 33.6684, -117.872, 200, 143, 57, R22, , , , , R22
1660411927, , 33.6684, -117.872, 200, 143, 57, R22, , , , , R22
1660411932, , 33.6676, -117.8712, 300, 135, 59, R22, , , , , R22
1660411932, , 33.6676, -117.8712, 300, 135, 59, R22, , , , , R22
1660411936, , 33.6667, -117.8701, 300, 132, 60, R22, , , , , R22
1660411936, , 33.6667, -117.8701, 300, 132, 60, R22, , , , , R22
1660411940, , 33.666, -117.8688, 400, 119, 62, R22, , , , , R22
1660411945, , 33.6656, -117.867, 400, 131, 60, R22, , , , , R22
1660411945, , 33.6656, -117.867, 400, 131, 60, R22, , , , , R22
1660411950, , 33.666, -117.8653, 400, 78, 67, R22, , , , , R22
1660411950, , 33.666, -117.8653, 400, 78, 67, R22, , , , , R22
1660411950, , 33.666, -117.8653, 400, 78, 67, R22, , , , , R22
1660411950, , 33.666, -117.8653, 400, 78, 67, R22, , , , , R22
1660411957, , 33.667, -117.8632, 500, 58, 70, R22, , , , , R22
1660411962, , 33.6681, -117.8613, 500, 66, 68, R22, , , , , R22
1660411962, , 33.6681, -117.8613, 500, 66, 68, R22, , , , , R22
1660411965, , 33.6686, -117.8606, 500, 47, 68, R22, , , , , R22
1660411965, , 33.6686, -117.8606, 500, 47, 68, R22, , , , , R22
1660411968, , 33.6691, -117.86, 600, 45, 69, R22, , , , , R22
1660411974, , 33.6709, -117.858, 600, 41, 73, R22, , , , , R22
1660411974, , 33.6709, -117.858, 600, 41, 73, R22, , , , , R22
1660411977, , 33.6716, -117.8573, 600, 38, 72, R22, , , , , R22
1660411977, , 33.6716, -117.8573, 600, 38, 72, R22, , , , , R22
1660411980, , 33.6723, -117.8567, 600, 36, 73, R22, , , , , R22
1660411980, , 33.6723, -117.8567, 600, 36, 73, R22, , , , , R22
1660411986, , 33.674, -117.8553, 600, 34, 75, R22, , , , , R22
1660411986, , 33.674, -117.8553, 600, 34, 75, R22, , , , , R22
1660411989, , 33.6749, -117.8545, 600, 33, 75, R22, , , , , R22
1660411992, , 33.6755, -117.854, 600, 32, 76, R22, , , , , R22
1660411992, , 33.6755, -117.854, 600, 32, 76, R22, , , , , R22
1660411998, , 33.6775, -117.8525, 600, 32, 75, R22, , , , , R22
1660411998, , 33.6775, -117.8525, 600, 32, 75, R22, , , , , R22
1660412000, , 33.6782, -117.8519, 600, 32, 74, R22, , , , , R22
1660412004, , 33.6795, -117.8511, 600, 31, 74, R22, , , , , R22
1660412004, , 33.6795, -117.8511, 600, 31, 74, R22, , , , , R22
1660412010, , 33.6809, -117.8501, 500, 31, 72, R22, , , , , R22
1660412010, , 33.6809, -117.8501, 500, 31, 72, R22, , , , , R22
1660412013, , 33.682, -117.8492, 500, 32, 73, R22, , , , , R22
1660412013, , 33.682, -117.8492, 500, 32, 73, R22, , , , , R22
1660412018, , 33.6834, -117.8481, 500, 35, 74, R22, , , , , R22
1660412020, , 33.6837, -117.8478, 500, 33, 72, R22, , , , , R22
1660412020, , 33.6837, -117.8478, 500, 33, 72, R22, , , , , R22
1660412024, , 33.6852, -117.8471, 500, 35, 74, R22, , , , , R22
1660412024, , 33.6852, -117.8471, 500, 35, 74, R22, , , , , R22
1660412028, , 33.6864, -117.8471, 500, 347, 62, R22, , , , , R22
1660412028, , 33.6864, -117.8471, 500, 347, 62, R22, , , , , R22
1660412032, , 33.6875, -117.8478, 500, 324, 60, R22, , , , , R22
1660412036, , 33.6881, -117.8486, 500, 310, 61, R22, , , , , R22
1660412036, , 33.6881, -117.8486, 500, 310, 61, R22, , , , , R22
1660412040, , 33.6888, -117.85, 400, 291, 60, R22, , , , , R22
1660412040, , 33.6888, -117.85, 400, 291, 60, R22, , , , , R22
1660412046, , 33.689, -117.8511, 400, 274, 57, R22, , , , , R22
1660412046, , 33.689, -117.8511, 400, 274, 57, R22, , , , , R22
1660412046, , 33.689, -117.8511, 400, 274, 57, R22, , , , , R22
1660412053, , 33.6889, -117.8534, 400, 266, 59, R22, , , , , R22
1660412053, , 33.6889, -117.8534, 400, 266, 59, R22, , , , , R22
1660412057, , 33.6888, -117.8549, 300, 261, 59, R22, , , , , R22
1660412057, , 33.6888, -117.8549, 300, 261, 59, R22, , , , , R22
1660412061, , 33.6885, -117.8566, 300, 254, 58, R22, , , , , R22
1660412065, , 33.6882, -117.8576, 300, 246, 55, R22, , , , , R22
1660412065, , 33.6882, -117.8576, 300, 246, 55, R22, , , , , R22
1660412070, , 33.6874, -117.8589, 300, 228, 53, R22, , , , , R22
1660412070, , 33.6874, -117.8589, 300, 228, 53, R22, , , , , R22
1660412074, , 33.6867, -117.8598, 200, 222, 55, R22, , , , , R22
1660412074, , 33.6867, -117.8598, 200, 222, 55, R22, , , , , R22
1660412074, , 33.6867, -117.8598, 200, 222, 55, R22, , , , , R22
1660412079, , 33.6855, -117.8608, 200, 213, 56, R22, , , , , R22
1660412079, , 33.6855, -117.8608, 200, 213, 56, R22, , , , , R22
1660412083, , 33.6847, -117.8613, 200, 207, 55, R22, , , , , R22
1660412083, , 33.6847, -117.8613, 200, 207, 55, R22, , , , , R22
1660412087, , 33.6838, -117.8618, 100, 207, 51, R22, , , , , R22
1660412087, , 33.6838, -117.8618, 100, 207, 51, R22, , , , , R22
1660412091, , 33.683, -117.8623, 100, 206, 54, R22, , , , , R22
1660412095, , 33.6823, -117.8628, 100, 207, 39, R22, , , , , R22
1660412095, , 33.6823, -117.8628, 100, 207, 39, R22, , , , , R22
1660412101, , 33.6815, -117.8633, 100, 207, 30, R22, , , , , R22
1660412101, , 33.6815, -117.8633, 100, 207, 30, R22, , , , , R22
1660412105, , 33.6812, -117.8635, 100, 206, 26, R22, , , , , R22
1660412105, , 33.6812, -117.8635, 100, 206, 26, R22, , , , , R22
1660412105, , 33.6812, -117.8635, 100, 206, 26, R22, , , , , R22
1660412111, , 33.6806, -117.8639, 0, 208, 17, R22, , , , , R22
1660412111, , 33.6806, -117.8639, 0, 208, 17, R22, , , , , R22
1660412115, , 33.6804, -117.864, 0, 212, 13, R22, , , , , R22
1660412115, , 33.6804, -117.864, 0, 212, 13, R22, , , , , R22
1660412120, , 33.6802, -117.8641, 0, 205, 9, R22, , , , , R22
1660412120, , 33.6802, -117.8641, 0, 205, 9, R22, , , , , R22
1660412120, , 33.6802, -117.8641, 0, 205, 9, R22, , , , , R22
1660412129, , 33.6794, -117.8646, 0, 207, 32, R22, , , , , R22
1660412129, , 33.6794, -117.8646, 0, 207, 32, R22, , , , , R22
1660412129, , 33.6794, -117.8646, 0, 207, 32, R22, , , , , R22
1660412129, , 33.6794, -117.8646, 0, 207, 32, R22, , , , , R22
1660412135, , 33.6785, -117.8652, 0, 208, 42, R22, , , , , R22
1660412135, , 33.6785, -117.8652, 0, 208, 42, R22, , , , , R22
1660412140, , 33.6776, -117.8658, 100, 208, 50, R22, , , , , R22
1660412145, , 33.6763, -117.8666, 100, 206, 53, R22, , , , , R22
1660412145, , 33.6763, -117.8666, 100, 206, 53, R22, , , , , R22
1660412145, , 33.6763, -117.8666, 100, 206, 53, R22, , , , , R22
1660412145, , 33.6763, -117.8666, 100, 206, 53, R22, , , , , R22
1660412154, , 33.6744, -117.8678, 100, 207, 55, R22, , , , , R22
1660412154, , 33.6744, -117.8678, 100, 207, 55, R22, , , , , R22
1660412158, , 33.6735, -117.8683, 200, 206, 54, R22, , , , , R22
1660412158, , 33.6735, -117.8683, 200, 206, 54, R22, , , , , R22
1660412158, , 33.6735, -117.8683, 200, 206, 54, R22, , , , , R22
1660412165, , 33.6718, -117.8681, 300, 158, 54, R22, , , , , R22
1660412165, , 33.6718, -117.8681, 300, 158, 54, R22, , , , , R22
1660412168, , 33.6713, -117.8679, 300, 146, 54, R22, , , , , R22
1660412168, , 33.6713, -117.8679, 300, 146, 54, R22, , , , , R22
1660412174, , 33.6702, -117.8666, 400, 131, 57, R22, , , , , R22
1660412174, , 33.6702, -117.8666, 400, 131, 57, R22, , , , , R22
1660412174, , 33.6702, -117.8666, 400, 131, 57, R22, , , , , R22
1660412182, , 33.6688, -117.8644, 400, 125, 58, R22, , , , , R22
1660412182, , 33.6688, -117.8644, 400, 125, 58, R22, , , , , R22
1660412183, , 33.6685, -117.864, 400, 123, 58, R22, , , , , R22
1660412183, , 33.6685, -117.864, 400, 123, 58, R22, , , , , R22
1660412189, , 33.668, -117.8621, 500, 102, 61, R22, , , , , R22
1660412192, , 33.6681, -117.8611, 500, 102, 61, R22, , , , , R22
1660412192, , 33.6681, -117.8611, 500, 102, 61, R22, , , , , R22
1660412198, , 33.6687, -117.8594, 600, 49, 65, R22, , , , , R22
1660412198, , 33.6687, -117.8594, 600, 49, 65, R22, , , , , R22
1660412201, , 33.6696, -117.8585, 600, 37, 66, R22, , , , , R22
1660412201, , 33.6696, -117.8585, 600, 37, 66, R22, , , , , R22
1660412205, , 33.6704, -117.8578, 600, 35, 68, R22, , , , , R22
1660412209, , 33.6713, -117.857, 600, 34, 72, R22, , , , , R22
1660412209, , 33.6713, -117.857, 600, 34, 72, R22, , , , , R22
1660412212, , 33.6718, -117.8566, 500, 34, 72, R22, , , , , R22
1660412212, , 33.6718, -117.8566, 500, 34, 72, R22, , , , , R22
1660412217, , 33.6742, -117.8547, 500, 34, 72, R22, , , , , R22
1660412217, , 33.6742, -117.8547, 500, 34, 72, R22, , , , , R22
1660412220, , 33.6747, -117.8543, 500, 33, 71, R22, , , , , R22
1660412223, , 33.6752, -117.8539, 500, 32, 72, R22, , , , , R22
1660412223, , 33.6752, -117.8539, 500, 32, 72, R22, , , , , R22
1660412229, , 33.6773, -117.8525, 500, 27, 75, R22, , , , , R22
1660412229, , 33.6773, -117.8525, 500, 27, 75, R22, , , , , R22
1660412232, , 33.6784, -117.8517, 500, 27, 75, R22, , , , , R22
1660412232, , 33.6784, -117.8517, 500, 27, 75, R22, , , , , R22
1660412235, , 33.6792, -117.8512, 500, 28, 74, R22, , , , , R22
1660412240, , 33.6808, -117.8501, 400, 30, 71, R22, , , , , R22
1660412240, , 33.6808, -117.8501, 400, 30, 71, R22, , , , , R22
1660412245, , 33.6821, -117.8492, 400, 30, 68, R22, , , , , R22
1660412245, , 33.6821, -117.8492, 400, 30, 68, R22, , , , , R22
1660412249, , 33.6832, -117.8486, 400, 21, 63, R22, , , , , R22
1660412249, , 33.6832, -117.8486, 400, 21, 63, R22, , , , , R22
1660412253, , 33.6843, -117.8485, 400, 353, 56, R22, , , , , R22
1660412258, , 33.6849, -117.8487, 400, 345, 55, R22, , , , , R22
1660412258, , 33.6849, -117.8487, 400, 345, 55, R22, , , , , R22
1660412258, , 33.6849, -117.8487, 400, 345, 55, R22, , , , , R22
1660412258, , 33.6849, -117.8487, 400, 345, 55, R22, , , , , R22
1660412262, , 33.6861, -117.8494, 300, 334, 56, R22, , , , , R22
1660412262, , 33.6861, -117.8494, 300, 334, 56, R22, , , , , R22
1660412270, , 33.6875, -117.8515, 300, 298, 55, R22, , , , , R22
1660412270, , 33.6875, -117.8515, 300, 298, 55, R22, , , , , R22
1660412270, , 33.6875, -117.8515, 300, 298, 55, R22, , , , , R22
1660412277, , 33.688, -117.853, 300, 277, 51, R22, , , , , R22
1660412277, , 33.688, -117.853, 300, 277, 51, R22, , , , , R22
1660412281, , 33.6881, -117.8543, 300, 267, 50, R22, , , , , R22
1660412281, , 33.6881, -117.8543, 300, 267, 50, R22, , , , , R22
1660412283, , 33.6881, -117.8549, 300, 267, 50, R22, , , , , R22
1660412289, , 33.6878, -117.8564, 200, 254, 51, R22, , , , , R22
1660412289, , 33.6878, -117.8564, 200, 254, 51, R22, , , , , R22
1660412289, , 33.6878, -117.8564, 200, 254, 51, R22, , , , , R22
1660412289, , 33.6878, -117.8564, 200, 254, 51, R22, , , , , R22
1660412295, , 33.6872, -117.8583, 200, 243, 50, R22, , , , , R22
1660412295, , 33.6872, -117.8583, 200, 243, 50, R22, , , , , R22
1660412300, , 33.6865, -117.8597, 200, 234, 48, R22, , , , , R22
1660412304, , 33.686, -117.8603, 200, 219, 42, R22, , , , , R22
1660412304, , 33.686, -117.8603, 200, 219, 42, R22, , , , , R22
1660412308, , 33.6855, -117.8607, 100, 211, 43, R22, , , , , R22
1660412308, , 33.6855, -117.8607, 100, 211, 43, R22, , , , , R22
1660412313, , 33.6845, -117.8614, 100, 208, 42, R22, , , , , R22
1660412313, , 33.6845, -117.8614, 100, 208, 42, R22, , , , , R22
1660412317, , 33.6841, -117.8616, 100, 207, 39, R22, , , , , R22
1660412321, , 33.6832, -117.8622, 100, 207, 38, R22, , , , , R22
1660412321, , 33.6832, -117.8622, 100, 207, 38, R22, , , , , R22
1660412321, , 33.6832, -117.8622, 100, 207, 38, R22, , , , , R22
1660412321, , 33.6832, -117.8622, 100, 207, 38, R22, , , , , R22
1660412326, , 33.6825, -117.8627, 100, 207, 32, R22, , , , , R22
1660412330, , 33.6823, -117.8628, 100, 207, 30, R22, , , , , R22
1660412330, , 33.6823, -117.8628, 100, 207, 30, R22, , , , , R22
1660412338, , 33.6813, -117.8634, 100, 206, 20, R22, , , , , R22
1660412338, , 33.6813, -117.8634, 100, 206, 20, R22, , , , , R22
1660412338, , 33.6813, -117.8634, 100, 206, 20, R22, , , , , R22
1660412338, , 33.6813, -117.8634, 100, 206, 20, R22, , , , , R22
1660412343, , 33.6809, -117.8637, 0, 206, 15, R22, , , , , R22
1660412348, , 33.6806, -117.8639, 0, 206, 13, R22, , , , , R22
1660412348, , 33.6806, -117.8639, 0, 206, 13, R22, , , , , R22
1660412352, , 33.6804, -117.864, 0, 205, 9, R22, , , , , R22
1660412352, , 33.6804, -117.864, 0, 205, 9, R22, , , , , R22
1660412357, , 33.6803, -117.8641, 0, 210, 4, R22, , , , , R22
1660412357, , 33.6803, -117.8641, 0, 210, 4, R22, , , , , R22
1660412358, , 33.6802, -117.8641, 0, 210, 4, R22, , , , , R22
1660412366, , 33.6801, -117.8642, 0, 205, 10, R22, , , , , R22
1660412366, , 33.6801, -117.8642, 0, 205, 10, R22, , , , , R22
1660412367, , 33.68, -117.8642, 0, 210, 14, R22, , , , , R22
1660412367, , 33.68, -117.8642, 0, 210, 14, R22, , , , , R22
1660412374, , 33.6794, -117.8646, 0, 206, 29, R22, , , , , R22
1660412374, , 33.6794, -117.8646, 0, 206, 29, R22, , , , , R22
1660412374, , 33.6794, -117.8646, 0, 206, 29, R22, , , , , R22
1660412379, , 33.6786, -117.8651, 0, 207, 36, R22, , , , , R22
1660412379, , 33.6786, -117.8651, 0, 207, 36, R22, , , , , R22
1660412384, , 33.6777, -117.8658, 100, 208, 48, R22, , , , , R22
1660412384, , 33.6777, -117.8658, 100, 208, 48, R22, , , , , R22
1660412388, , 33.677, -117.8661, 100, 207, 52, R22, , , , , R22
1660412388, , 33.677, -117.8661, 100, 207, 52, R22, , , , , R22
1660412392, , 33.6764, -117.8665, 100, 209, 57, R22, , , , , R22
1660412397, , 33.6751, -117.8674, 100, 207, 59, R22, , , , , R22
1660412397, , 33.6751, -117.8674, 100, 207, 59, R22, , , , , R22
1660412401, , 33.6745, -117.8677, 200, 204, 55, R22, , , , , R22
1660412401, , 33.6745, -117.8677, 200, 204, 55, R22, , , , , R22
1660412405, , 33.673, -117.8682, 200, 177, 55, R22, , , , , R22
1660412405, , 33.673, -117.8682, 200, 177, 55, R22, , , , , R22
1660412408, , 33.672, -117.8679, 300, 152, 57, R22, , , , , R22
1660412411, , 33.672, -117.8678, 300, 150, 57, R22, , , , , R22
1660412411, , 33.672, -117.8678, 300, 150, 57, R22, , , , , R22
1660412416, , 33.6713, -117.8673, 400, 139, 57, R22, , , , , R22
1660412416, , 33.6713, -117.8673, 400, 139, 57, R22, , , , , R22
1660412420, , 33.6698, -117.8655, 400, 134, 58, R22, , , , , R22
1660412420, , 33.6698, -117.8655, 400, 134, 58, R22, , , , , R22
1660412424, , 33.6691, -117.8646, 400, 130, 59, R22, , , , , R22
1660412429, , 33.6683, -117.8633, 500, 122, 60, R22, , , , , R22
1660412429, , 33.6683, -117.8633, 500, 122, 60, R22, , , , , R22
1660412434, , 33.668, -117.8615, 500, 86, 62, R22, , , , , R22
1660412434, , 33.668, -117.8615, 500, 86, 62, R22, , , , , R22
1660412434, , 33.668, -117.8615, 500, 86, 62, R22, , , , , R22
1660412439, , 33.6687, -117.8599, 500, 48, 63, R22, , , , , R22
1660412439, , 33.6687, -117.8599, 500, 48, 63, R22, , , , , R22
1660412443, , 33.6694, -117.859, 600, 40, 65, R22, , , , , R22
1660412447, , 33.6706, -117.858, 600, 36, 69, R22, , , , , R22
1660412447, , 33.6706, -117.858, 600, 36, 69, R22, , , , , R22
1660412453, , 33.6718, -117.8569, 600, 35, 72, R22, , , , , R22
1660412453, , 33.6718, -117.8569, 600, 35, 72, R22, , , , , R22
1660412456, , 33.673, -117.8559, 600, 34, 74, R22, , , , , R22
1660412456, , 33.673, -117.8559, 600, 34, 74, R22, , , , , R22
1660412459, , 33.674, -117.8551, 600, 34, 74, R22, , , , , R22
1660412464, , 33.6756, -117.8539, 500, 33, 76, R22, , , , , R22
1660412464, , 33.6756, -117.8539, 500, 33, 76, R22, , , , , R22
1660412468, , 33.6767, -117.853, 500, 32, 76, R22, , , , , R22
1660412468, , 33.6767, -117.853, 500, 32, 76, R22, , , , , R22
1660412472, , 33.677, -117.8528, 500, 29, 74, R22, , , , , R22
1660412472, , 33.677, -117.8528, 500, 29, 74, R22, , , , , R22
1660412474, , 33.6784, -117.8519, 500, 29, 73, R22, , , , , R22
1660412479, , 33.6795, -117.8511, 500, 29, 72, R22, , , , , R22
1660412479, , 33.6795, -117.8511, 500, 29, 72, R22, , , , , R22
1660412483, , 33.6805, -117.8504, 500, 29, 71, R22, , , , , R22
1660412483, , 33.6805, -117.8504, 500, 29, 71, R22, , , , , R22
1660412487, , 33.681, -117.8501, 500, 28, 70, R22, , , , , R22
1660412487, , 33.681, -117.8501, 500, 28, 70, R22, , , , , R22
1660412491, , 33.6832, -117.8484, 400, 32, 66, R22, , , , , R22
1660412495, , 33.6836, -117.8482, 400, 32, 66, R22, , , , , R22
1660412495, , 33.6836, -117.8482, 400, 32, 66, R22, , , , , R22
1660412500, , 33.6856, -117.8476, 400, 359, 58, R22, , , , , R22
1660412500, , 33.6856, -117.8476, 400, 359, 58, R22, , , , , R22
1660412504, , 33.6862, -117.8478, 400, 346, 56, R22, , , , , R22
1660412508, , 33.6873, -117.8485, 400, 318, 54, R22, , , , , R22
1660412508, , 33.6873, -117.8485, 400, 318, 54, R22, , , , , R22
1660412512, , 33.6879, -117.8497, 400, 307, 54, R22, , , , , R22
1660412512, , 33.6879, -117.8497, 400, 307, 54, R22, , , , , R22
1660412516, , 33.6882, -117.8506, 400, 287, 51, R22, , , , , R22
1660412522, , 33.6884, -117.8521, 300, 271, 53, R22, , , , , R22
1660412522, , 33.6884, -117.8521, 300, 271, 53, R22, , , , , R22
1660412525, , 33.6883, -117.8531, 300, 268, 52, R22, , , , , R22
1660412525, , 33.6883, -117.8531, 300, 268, 52, R22, , , , , R22
1660412528, , 33.6883, -117.854, 300, 263, 52, R22, , , , , R22
1660412528, , 33.6883, -117.854, 300, 263, 52, R22, , , , , R22
1660412534, , 33.688, -117.8554, 300, 263, 52, R22, , , , , R22
1660412534, , 33.688, -117.8554, 300, 263, 52, R22, , , , , R22
1660412534, , 33.688, -117.8554, 300, 263, 52, R22, , , , , R22
1660412539, , 33.6877, -117.857, 200, 252, 52, R22, , , , , R22
1660412539, , 33.6877, -117.857, 200, 252, 52, R22, , , , , R22
1660412543, , 33.6872, -117.8584, 200, 250, 50, R22, , , , , R22
1660412543, , 33.6872, -117.8584, 200, 250, 50, R22, , , , , R22
1660412549, , 33.6868, -117.8596, 200, 232, 46, R22, , , , , R22
1660412549, , 33.6868, -117.8596, 200, 232, 46, R22, , , , , R22
1660412549, , 33.6868, -117.8596, 200, 232, 46, R22, , , , , R22
1660412554, , 33.6861, -117.8603, 200, 212, 44, R22, , , , , R22
1660412554, , 33.6861, -117.8603, 200, 212, 44, R22, , , , , R22
1660412560, , 33.6849, -117.8611, 100, 208, 44, R22, , , , , R22
1660412560, , 33.6849, -117.8611, 100, 208, 44, R22, , , , , R22
1660412565, , 33.684, -117.8617, 100, 208, 42, R22, , , , , R22
1660412565, , 33.684, -117.8617, 100, 208, 42, R22, , , , , R22
1660412565, , 33.684, -117.8617, 100, 208, 42, R22, , , , , R22
1660412572, , 33.6829, -117.8624, 100, 207, 36, R22, , , , , R22
1660412572, , 33.6829, -117.8624, 100, 207, 36, R22, , , , , R22
1660412577, , 33.6821, -117.8629, 100, 207, 34, R22, , , , , R22
1660412577, , 33.6821, -117.8629, 100, 207, 34, R22, , , , , R22
1660412577, , 33.6821, -117.8629, 100, 207, 34, R22, , , , , R22
1660412582, , 33.6816, -117.8632, 100, 207, 34, R22, , , , , R22
1660412582, , 33.6816, -117.8632, 100, 207, 34, R22, , , , , R22
1660412587, , 33.681, -117.8636, 0, 208, 25, R22, , , , , R22
1660412587, , 33.681, -117.8636, 0, 208, 25, R22, , , , , R22
1660412592, , 33.6805, -117.8639, 0, 207, 21, R22, , , , , R22
1660412592, , 33.6805, -117.8639, 0, 207, 21, R22, , , , , R22
1660412598, , 33.68, -117.8642, 0, 205, 18, R22, , , , , R22
1660412598, , 33.68, -117.8642, 0, 205, 18, R22, , , , , R22
1660412598, , 33.68, -117.8642, 0, 205, 18, R22, , , , , R22
1660412605, , 33.6795, -117.8646, 0, 208, 17, R22, , , , , R22
1660412605, , 33.6795, -117.8646, 0, 208, 17, R22, , , , , R22
1660412605, , 33.6795, -117.8646, 0, 208, 17, R22, , , , , R22
1660412605, , 33.6795, -117.8646, 0, 208, 17, R22, , , , , R22
1660412611, , 33.679, -117.8649, 0, 208, 27, R22, , , , , R22
1660412615, , 33.6784, -117.8652, 0, 207, 37, R22, , , , , R22
1660412615, , 33.6784, -117.8652, 0, 207, 37, R22, , , , , R22
1660412619, , 33.6784, -117.8652, 100, 201, 41, R22, , , , , R22
1660412619, , 33.6784, -117.8652, 100, 201, 41, R22, , , , , R22
1660412623, , 33.6775, -117.8657, 100, 196, 42, R22, , , , , R22
1660412623, , 33.6775, -117.8657, 100, 196, 42, R22, , , , , R22
1660412627, , 33.6761, -117.866, 100, 192, 51, R22, , , , , R22
1660412631, , 33.6752, -117.8663, 100, 191, 54, R22, , , , , R22
1660412631, , 33.6752, -117.8663, 100, 191, 54, R22, , , , , R22
1660412636, , 33.6738, -117.8667, 100, 191, 59, R22, , , , , R22
1660412636, , 33.6738, -117.8667, 100, 191, 59, R22, , , , , R22
1660412640, , 33.673, -117.8668, 200, 190, 59, R22, , , , , R22
1660412640, , 33.673, -117.8668, 200, 190, 59, R22, , , , , R22
1660412645, , 33.6714, -117.8672, 200, 191, 55, R22, , , , , R22
1660412649, , 33.6706, -117.8674, 300, 191, 56, R22, , , , , R22
1660412649, , 33.6706, -117.8674, 300, 191, 56, R22, , , , , R22
1660412649, , 33.6706, -117.8674, 300, 191, 56, R22, , , , , R22
1660412649, , 33.6706, -117.8674, 300, 191, 56, R22, , , , , R22
1660412655, , 33.6699, -117.8676, 300, 190, 55, R22, , , , , R22
1660412655, , 33.6699, -117.8676, 300, 190, 55, R22, , , , , R22
1660412660, , 33.6675, -117.868, 300, 187, 58, R22, , , , , R22
1660412666, , 33.6662, -117.8683, 400, 187, 58, R22, , , , , R22
1660412666, , 33.6662, -117.8683, 400, 187, 58, R22, , , , , R22
1660412670, , 33.6647, -117.8685, 400, 187, 58, R22, , , , , R22
1660412670, , 33.6647, -117.8685, 400, 187, 58, R22, , , , , R22
1660412672, , 33.6642, -117.8686, 400, 187, 60, R22, , , , , R22
1660412672, , 33.6642, -117.8686, 400, 187, 60, R22, , , , , R22
1660412676, , 33.6635, -117.8687, 500, 186, 59, R22, , , , , R22
1660412680, , 33.662, -117.8689, 500, 186, 58, R22, , , , , R22
1660412680, , 33.662, -117.8689, 500, 186, 58, R22, , , , , R22
1660412684, , 33.661, -117.869, 500, 187, 60, R22, , , , , R22
1660412684, , 33.661, -117.869, 500, 187, 60, R22, , , , , R22
1660412688, , 33.6598, -117.8693, 500, 188, 58, R22, , , , , R22
1660412688, , 33.6598, -117.8693, 500, 188, 58, R22, , , , , R22
1660412692, , 33.6589, -117.8694, 600, 188, 56, R22, , , , , R22
1660412696, , 33.6578, -117.8696, 600, 189, 56, R22, , , , , R22
1660412696, , 33.6578, -117.8696, 600, 189, 56, R22, , , , , R22
1660412702, , 33.6563, -117.8698, 600, 174, 54, R22, , , , , R22
1660412702, , 33.6563, -117.8698, 600, 174, 54, R22, , , , , R22
1660412705, , 33.6555, -117.8696, 700, 170, 54, R22, , , , , R22
1660412708, , 33.6549, -117.869, 700, 133, 55, R22, , , , , R22
1660412708, , 33.6549, -117.869, 700, 133, 55, R22, , , , , R22
1660412714, , 33.6543, -117.8674, 700, 95, 56, R22, , , , , R22
1660412714, , 33.6543, -117.8674, 700, 95, 56, R22, , , , , R22
1660412717, , 33.6543, -117.8671, 700, 82, 58, R22, , , , , R22
1660412717, , 33.6543, -117.8671, 700, 82, 58, R22, , , , , R22
1660412720, , 33.6547, -117.8653, 700, 70, 60, R22, , , , , R22
1660412723, , 33.6551, -117.8645, 700, 50, 62, R22, , , , , R22
1660412723, , 33.6551, -117.8645, 700, 50, 62, R22, , , , , R22
1660412729, , 33.6567, -117.8632, 700, 28, 65, R22, , , , , R22
1660412729, , 33.6567, -117.8632, 700, 28, 65, R22, , , , , R22
1660412732, , 33.6575, -117.8627, 700, 24, 69, R22, , , , , R22
1660412732, , 33.6575, -117.8627, 700, 24, 69, R22, , , , , R22
1660412738, , 33.659, -117.862, 600, 19, 74, R22, , , , , R22
1660412741, , 33.6604, -117.8614, 600, 19, 75, R22, , , , , R22
1660412741, , 33.6604, -117.8614, 600, 19, 75, R22, , , , , R22
1660412744, , 33.6614, -117.861, 600, 18, 74, R22, , , , , R22
1660412744, , 33.6614, -117.861, 600, 18, 74, R22, , , , , R22
1660412750, , 33.6632, -117.8603, 500, 18, 74, R22, , , , , R22
1660412750, , 33.6632, -117.8603, 500, 18, 74, R22, , , , , R22
1660412753, , 33.6643, -117.8598, 500, 19, 76, R22, , , , , R22
1660412756, , 33.6653, -117.8594, 500, 19, 76, R22, , , , , R22
1660412756, , 33.6653, -117.8594, 500, 19, 76, R22, , , , , R22
1660412759, , 33.6663, -117.859, 500, 19, 76, R22, , , , , R22
1660412759, , 33.6663, -117.859, 500, 19, 76, R22, , , , , R22
1660412764, , 33.6675, -117.8584, 500, 22, 75, R22, , , , , R22
1660412764, , 33.6675, -117.8584, 500, 22, 75, R22, , , , , R22
1660412768, , 33.669, -117.8576, 500, 23, 73, R22, , , , , R22
1660412771, , 33.6698, -117.8571, 500, 24, 71, R22, , , , , R22
1660412771, , 33.6698, -117.8571, 500, 24, 71, R22, , , , , R22
1660412777, , 33.6718, -117.8561, 500, 23, 70, R22, , , , , R22
1660412777, , 33.6718, -117.8561, 500, 23, 70, R22, , , , , R22
1660412780, , 33.6725, -117.8557, 500, 25, 71, R22, , , , , R22
1660412780, , 33.6725, -117.8557, 500, 25, 71, R22, , , , , R22
1660412783, , 33.6729, -117.8554, 500, 26, 70, R22, , , , , R22
1660412789, , 33.6753, -117.8539, 500, 30, 69, R22, , , , , R22
1660412789, , 33.6753, -117.8539, 500, 30, 69, R22, , , , , R22
1660412792, , 33.6763, -117.8533, 500, 30, 69, R22, , , , , R22
1660412792, , 33.6763, -117.8533, 500, 30, 69, R22, , , , , R22
1660412795, , 33.6763, -117.8532, 500, 28, 68, R22, , , , , R22
1660412795, , 33.6763, -117.8532, 500, 28, 68, R22, , , , , R22
1660412801, , 33.6787, -117.8517, 500, 26, 64, R22, , , , , R22
1660412804, , 33.679, -117.8515, 500, 26, 64, R22, , , , , R22
1660412804, , 33.679, -117.8515, 500, 26, 64, R22, , , , , R22
1660412809, , 33.6805, -117.8506, 500, 29, 59, R22, , , , , R22
1660412809, , 33.6805, -117.8506, 500, 29, 59, R22, , , , , R22
1660412811, , 33.6812, -117.8501, 400, 29, 60, R22, , , , , R22
1660412811, , 33.6812, -117.8501, 400, 29, 60, R22, , , , , R22
1660412818, , 33.682, -117.8496, 400, 28, 55, R22, , , , , R22
1660412818, , 33.682, -117.8496, 400, 28, 55, R22, , , , , R22
1660412818, , 33.682, -117.8496, 400, 28, 55, R22, , , , , R22
1660412826, , 33.6845, -117.8485, 400, 7, 54, R22, , , , , R22
1660412826, , 33.6845, -117.8485, 400, 7, 54, R22, , , , , R22
1660412827, , 33.6847, -117.8485, 400, 7, 54, R22, , , , , R22
1660412827, , 33.6847, -117.8485, 400, 7, 54, R22, , , , , R22
1660412832, , 33.686, -117.8491, 400, 329, 55, R22, , , , , R22
1660412836, , 33.6869, -117.85, 400, 315, 57, R22, , , , , R22
1660412836, , 33.6869, -117.85, 400, 315, 57, R22, , , , , R22
1660412840, , 33.6876, -117.8511, 400, 296, 55, R22, , , , , R22
1660412840, , 33.6876, -117.8511, 400, 296, 55, R22, , , , , R22
1660412843, , 33.6878, -117.852, 400, 285, 52, R22, , , , , R22
1660412843, , 33.6878, -117.852, 400, 285, 52, R22, , , , , R22
1660412846, , 33.6879, -117.8529, 400, 278, 52, R22, , , , , R22
1660412852, , 33.6879, -117.8543, 300, 267, 54, R22, , , , , R22
1660412852, , 33.6879, -117.8543, 300, 267, 54, R22, , , , , R22
1660412857, , 33.6878, -117.8558, 300, 259, 51, R22, , , , , R22
1660412857, , 33.6878, -117.8558, 300, 259, 51, R22, , , , , R22
1660412861, , 33.6876, -117.857, 200, 257, 50, R22, , , , , R22
1660412861, , 33.6876, -117.857, 200, 257, 50, R22, , , , , R22
1660412865, , 33.6874, -117.8575, 200, 257, 50, R22, , , , , R22
1660412869, , 33.687, -117.8591, 200, 245, 46, R22, , , , , R22
1660412869, , 33.687, -117.8591, 200, 245, 46, R22, , , , , R22
1660412873, , 33.6865, -117.8598, 200, 227, 46, R22, , , , , R22
1660412873, , 33.6865, -117.8598, 200, 227, 46, R22, , , , , R22
1660412877, , 33.6863, -117.8601, 200, 233, 45, R22, , , , , R22
1660412877, , 33.6863, -117.8601, 200, 233, 45, R22, , , , , R22
1660412877, , 33.6863, -117.8601, 200, 233, 45, R22, , , , , R22
1660412883, , 33.6848, -117.8612, 100, 213, 46, R22, , , , , R22
1660412883, , 33.6848, -117.8612, 100, 213, 46, R22, , , , , R22
1660412887, , 33.6841, -117.8616, 100, 210, 41, R22, , , , , R22
1660412887, , 33.6841, -117.8616, 100, 210, 41, R22, , , , , R22
1660412891, , 33.6833, -117.8621, 100, 207, 37, R22, , , , , R22
1660412895, , 33.6832, -117.8622, 100, 207, 37, R22, , , , , R22
1660412895, , 33.6832, -117.8622, 100, 207, 37, R22, , , , , R22
1660412899, , 33.6825, -117.8627, 100, 207, 32, R22, , , , , R22
1660412899, , 33.6825, -117.8627, 100, 207, 32, R22, , , , , R22
1660412904, , 33.6816, -117.8633, 100, 208, 31, R22, , , , , R22
1660412904, , 33.6816, -117.8633, 100, 208, 31, R22, , , , , R22
1660412904, , 33.6816, -117.8633, 100, 208, 31, R22, , , , , R22
1660412909, , 33.6811, -117.8636, 0, 207, 25, R22, , , , , R22
1660412909, , 33.6811, -117.8636, 0, 207, 25, R22, , , , , R22
1660412914, , 33.6806, -117.8639, 0, 209, 20, R22, , , , , R22
1660412914, , 33.6806, -117.8639, 0, 209, 20, R22, , , , , R22
1660412919, , 33.6803, -117.8641, 0, 203, 0, R22, , , , , R22
1660412919, , 33.6803, -117.8641, 0, 203, 0, R22, , , , , R22
1660412923, , 33.68, -117.8642, 0, 207, 0, R22, , , , , R22
1660412928, , 33.6798, -117.8644, 0, 210, 11, R22, , , , , R22
1660412928, , 33.6798, -117.8644, 0, 210, 11, R22, , , , , R22
1660412932, , 33.6796, -117.8645, 0, 208, 15, R22, , , , , R22
1660412932, , 33.6796, -117.8645, 0, 208, 15, R22, , , , , R22
1660412932, , 33.6796, -117.8645, 0, 208, 15, R22, , , , , R22
1660412932, , 33.6796, -117.8645, 0, 208, 15, R22, , , , , R22
1660412939, , 33.679, -117.8649, 0, 206, 26, R22, , , , , R22
1660412944, , 33.6784, -117.8652, 0, 206, 33, R22, , , , , R22
1660412944, , 33.6784, -117.8652, 0, 206, 33, R22, , , , , R22
1660412950, , 33.6773, -117.866, 100, 208, 46, R22, , , , , R22
1660412950, , 33.6773, -117.866, 100, 208, 46, R22, , , , , R22
1660412950, , 33.6773, -117.866, 100, 208, 46, R22, , , , , R22
1660412950, , 33.6773, -117.866, 100, 208, 46, R22, , , , , R22
1660412955, , 33.6763, -117.8666, 100, 207, 51, R22, , , , , R22
1660412959, , 33.6753, -117.8672, 100, 207, 51, R22, , , , , R22
1660412959, , 33.6753, -117.8672, 100, 207, 51, R22, , , , , R22
1660412966, , 33.6745, -117.8676, 200, 200, 56, R22, , , , , R22
1660412966, , 33.6745, -117.8676, 200, 200, 56, R22, , , , , R22
1660412966, , 33.6745, -117.8676, 200, 200, 56, R22, , , , , R22
1660412971, , 33.6725, -117.8678, 300, 165, 52, R22, , , , , R22
1660412971, , 33.6725, -117.8678, 300, 165, 52, R22, , , , , R22
1660412977, , 33.6712, -117.867, 300, 145, 53, R22, , , , , R22
1660412977, , 33.6712, -117.867, 300, 145, 53, R22, , , , , R22
1660412979, , 33.671, -117.8668, 400, 140, 55, R22, , , , , R22
1660412979, , 33.671, -117.8668, 400, 140, 55, R22, , , , , R22
1660412983, , 33.6701, -117.8659, 400, 139, 55, R22, , , , , R22
1660412987, , 33.6693, -117.865, 400, 133, 58, R22, , , , , R22
1660412987, , 33.6693, -117.865, 400, 133, 58, R22, , , , , R22
1660412991, , 33.6685, -117.8637, 500, 120, 59, R22, , , , , R22
1660412991, , 33.6685, -117.8637, 500, 120, 59, R22, , , , , R22
1660412997, , 33.6682, -117.8618, 500, 89, 61, R22, , , , , R22
1660412997, , 33.6682, -117.8618, 500, 89, 61, R22, , , , , R22
1660413001, , 33.6684, -117.8606, 600, 69, 64, R22, , , , , R22
1660413004, , 33.6687, -117.8602, 600, 69, 64, R22, , , , , R22
