//Timestamp, ICAO, Latitude_deg, Longitude_deg, Altitude_ft, Heading_deg, GroundSpeed_kts, AircraftType, RegistrationNum, Departure, Arrival, FlightNumber1, FlightNumber2
1660404054, , 33.3678, -117.2358, 2725, 197, 157, RV4, , , , , RV4
1660404054, , 33.3678, -117.2358, 2725, 197, 157, RV4, , , , , RV4
1660404057, , 33.3657, -117.2366, 2725, 197, 157, RV4, , , , , RV4
1660404060, , 33.3633, -117.2375, 2725, 197, 157, RV4, , , , , RV4
1660404060, , 33.3633, -117.2375, 2725, 197, 157, RV4, , , , , RV4
1660404066, , 33.3592, -117.2391, 2700, 197, 158, RV4, , , , , RV4
1660404066, , 33.3592, -117.2391, 2700, 197, 158, RV4, , , , , RV4
1660404069, , 33.3571, -117.2398, 2700, 197, 158, RV4, , , , , RV4
1660404069, , 33.3571, -117.2398, 2700, 197, 158, RV4, , , , , RV4
1660404072, , 33.355, -117.2406, 2700, 197, 158, RV4, , , , , RV4
1660404078, , 33.3509, -117.2421, 2700, 197, 158, RV4, , , , , RV4
1660404078, , 33.3509, -117.2421, 2700, 197, 158, RV4, , , , , RV4
1660404081, , 33.3487, -117.2429, 2700, 197, 158, RV4, , , , , RV4
1660404081, , 33.3487, -117.2429, 2700, 197, 158, RV4, , , , , RV4
1660404084, , 33.3467, -117.2437, 2700, 197, 158, RV4, , , , , RV4
1660404084, , 33.3467, -117.2437, 2700, 197, 158, RV4, , , , , RV4
1660404087, , 33.3445, -117.2445, 2700, 197, 158, RV4, , , , , RV4
1660404093, , 33.3404, -117.246, 2700, 197, 159, RV4, , , , , RV4
1660404093, , 33.3404, -117.246, 2700, 197, 159, RV4, , , , , RV4
1660404096, , 33.338, -117.2469, 2700, 197, 159, RV4, , , , , RV4
1660404096, , 33.338, -117.2469, 2700, 197, 159, RV4, , , , , RV4
1660404102, , 33.3341, -117.2483, 2700, 197, 159, RV4, , , , , RV4
1660404102, , 33.3341, -117.2483, 2700, 197, 159, RV4, , , , , RV4
1660404105, , 33.3318, -117.2492, 2700, 197, 159, RV4, , , , , RV4
1660404108, , 33.3298, -117.2499, 2700, 197, 159, RV4, , , , , RV4
1660404108, , 33.3298, -117.2499, 2700, 197, 159, RV4, , , , , RV4
1660404114, , 33.3255, -117.2515, 2700, 197, 159, RV4, , , , , RV4
1660404114, , 33.3255, -117.2515, 2700, 197, 159, RV4, , , , , RV4
1660404117, , 33.3234, -117.2523, 2700, 197, 159, RV4, , , , , RV4
1660404117, , 33.3234, -117.2523, 2700, 197, 159, RV4, , , , , RV4
1660404120, , 33.3212, -117.2531, 2700, 196, 157, RV4, , , , , RV4
1660404120, , 33.3212, -117.2531, 2700, 196, 157, RV4, , , , , RV4
1660404126, , 33.317, -117.2546, 2725, 196, 157, RV4, , , , , RV4
1660404129, , 33.3149, -117.2554, 2725, 196, 157, RV4, , , , , RV4
1660404129, , 33.3149, -117.2554, 2725, 196, 157, RV4, , , , , RV4
1660404133, , 33.3131, -117.256, 2700, 196, 157, RV4, , , , , RV4
1660404133, , 33.3131, -117.256, 2700, 196, 157, RV4, , , , , RV4
1660404134, , 33.3118, -117.2565, 2700, 196, 157, RV4, , , , , RV4
1660404134, , 33.3118, -117.2565, 2700, 196, 157, RV4, , , , , RV4
1660404139, , 33.3077, -117.258, 2700, 196, 158, RV4, , , , , RV4
1660404144, , 33.3051, -117.2589, 2700, 196, 158, RV4, , , , , RV4
1660404144, , 33.3051, -117.2589, 2700, 196, 158, RV4, , , , , RV4
1660404146, , 33.3026, -117.2598, 2700, 196, 158, RV4, , , , , RV4
1660404146, , 33.3026, -117.2598, 2700, 196, 158, RV4, , , , , RV4
1660404151, , 33.2997, -117.2608, 2700, 196, 157, RV4, , , , , RV4
1660404155, , 33.2967, -117.2619, 2700, 196, 157, RV4, , , , , RV4
1660404155, , 33.2967, -117.2619, 2700, 196, 157, RV4, , , , , RV4
1660404159, , 33.2942, -117.2628, 2700, 196, 157, RV4, , , , , RV4
1660404159, , 33.2942, -117.2628, 2700, 196, 157, RV4, , , , , RV4
1660404163, , 33.2916, -117.2637, 2700, 196, 157, RV4, , , , , RV4
1660404163, , 33.2916, -117.2637, 2700, 196, 157, RV4, , , , , RV4
1660404167, , 33.2886, -117.2648, 2700, 196, 157, RV4, , , , , RV4
1660404171, , 33.2858, -117.2658, 2700, 196, 157, RV4, , , , , RV4
1660404171, , 33.2858, -117.2658, 2700, 196, 157, RV4, , , , , RV4
1660404175, , 33.2827, -117.2669, 2675, 196, 158, RV4, , , , , RV4
1660404175, , 33.2827, -117.2669, 2675, 196, 158, RV4, , , , , RV4
1660404179, , 33.2801, -117.2678, 2650, 196, 160, RV4, , , , , RV4
1660404179, , 33.2801, -117.2678, 2650, 196, 160, RV4, , , , , RV4
1660404183, , 33.2773, -117.2688, 2650, 196, 161, RV4, , , , , RV4
1660404183, , 33.2773, -117.2688, 2650, 196, 161, RV4, , , , , RV4
1660404187, , 33.2742, -117.2699, 2625, 196, 161, RV4, , , , , RV4
1660404191, , 33.271, -117.271, 2600, 196, 162, RV4, , , , , RV4
1660404191, , 33.271, -117.271, 2600, 196, 162, RV4, , , , , RV4
1660404195, , 33.2683, -117.272, 2575, 196, 163, RV4, , , , , RV4
1660404195, , 33.2683, -117.272, 2575, 196, 163, RV4, , , , , RV4
1660404199, , 33.2655, -117.273, 2575, 196, 164, RV4, , , , , RV4
1660404203, , 33.2623, -117.2742, 2550, 196, 165, RV4, , , , , RV4
1660404203, , 33.2623, -117.2742, 2550, 196, 165, RV4, , , , , RV4
1660404210, , 33.257, -117.276, 2525, 196, 165, RV4, , , , , RV4
1660404210, , 33.257, -117.276, 2525, 196, 165, RV4, , , , , RV4
1660404213, , 33.255, -117.2769, 2500, 200, 165, RV4, , , , , RV4
1660404213, , 33.255, -117.2769, 2500, 200, 165, RV4, , , , , RV4
1660404216, , 33.2528, -117.278, 2500, 204, 166, RV4, , , , , RV4
1660404222, , 33.2488, -117.2805, 2450, 212, 166, RV4, , , , , RV4
1660404222, , 33.2488, -117.2805, 2450, 212, 166, RV4, , , , , RV4
1660404225, , 33.2468, -117.2823, 2450, 218, 168, RV4, , , , , RV4
1660404225, , 33.2468, -117.2823, 2450, 218, 168, RV4, , , , , RV4
1660404228, , 33.2449, -117.2842, 2425, 220, 168, RV4, , , , , RV4
1660404228, , 33.2449, -117.2842, 2425, 220, 168, RV4, , , , , RV4
1660404234, , 33.2416, -117.2877, 2400, 222, 168, RV4, , , , , RV4
1660404237, , 33.2401, -117.2894, 2400, 222, 167, RV4, , , , , RV4
1660404237, , 33.2401, -117.2894, 2400, 222, 167, RV4, , , , , RV4
1660404240, , 33.238, -117.2917, 2375, 223, 167, RV4, , , , , RV4
1660404240, , 33.238, -117.2917, 2375, 223, 167, RV4, , , , , RV4
1660404243, , 33.2365, -117.2935, 2350, 224, 166, RV4, , , , , RV4
1660404243, , 33.2365, -117.2935, 2350, 224, 166, RV4, , , , , RV4
1660404249, , 33.2337, -117.2967, 2325, 224, 166, RV4, , , , , RV4
1660404252, , 33.2324, -117.2983, 2275, 225, 165, RV4, , , , , RV4
1660404252, , 33.2324, -117.2983, 2275, 225, 165, RV4, , , , , RV4
1660404256, , 33.2296, -117.3015, 2225, 225, 165, RV4, , , , , RV4
1660404256, , 33.2296, -117.3015, 2225, 225, 165, RV4, , , , , RV4
1660404261, , 33.2264, -117.3053, 2150, 224, 165, RV4, , , , , RV4
1660404261, , 33.2264, -117.3053, 2150, 224, 165, RV4, , , , , RV4
1660404264, , 33.2249, -117.3071, 2125, 224, 164, RV4, , , , , RV4
1660404264, , 33.2249, -117.3071, 2125, 224, 164, RV4, , , , , RV4
1660404267, , 33.2232, -117.309, 2100, 224, 163, RV4, , , , , RV4
1660404274, , 33.2198, -117.313, 2050, 224, 163, RV4, , , , , RV4
1660404274, , 33.2198, -117.313, 2050, 224, 163, RV4, , , , , RV4
1660404277, , 33.2187, -117.3143, 2025, 224, 163, RV4, , , , , RV4
1660404277, , 33.2187, -117.3143, 2025, 224, 163, RV4, , , , , RV4
1660404279, , 33.2173, -117.316, 2025, 224, 161, RV4, , , , , RV4
1660404279, , 33.2173, -117.316, 2025, 224, 161, RV4, , , , , RV4
1660404283, , 33.2148, -117.3187, 2000, 224, 160, RV4, , , , , RV4
1660404287, , 33.2129, -117.3209, 2000, 224, 159, RV4, , , , , RV4
1660404287, , 33.2129, -117.3209, 2000, 224, 159, RV4, , , , , RV4
1660404291, , 33.2109, -117.3233, 2000, 224, 157, RV4, , , , , RV4
1660404291, , 33.2109, -117.3233, 2000, 224, 157, RV4, , , , , RV4
1660404298, , 33.2071, -117.3278, 2000, 225, 154, RV4, , , , , RV4
1660404298, , 33.2071, -117.3278, 2000, 225, 154, RV4, , , , , RV4
1660404302, , 33.2051, -117.3303, 2000, 225, 151, RV4, , , , , RV4
1660404305, , 33.2036, -117.332, 2025, 225, 149, RV4, , , , , RV4
1660404305, , 33.2036, -117.332, 2025, 225, 149, RV4, , , , , RV4
1660404308, , 33.2021, -117.3338, 2025, 225, 148, RV4, , , , , RV4
1660404308, , 33.2021, -117.3338, 2025, 225, 148, RV4, , , , , RV4
1660404314, , 33.1993, -117.3371, 2025, 224, 149, RV4, , , , , RV4
1660404314, , 33.1993, -117.3371, 2025, 224, 149, RV4, , , , , RV4
1660404317, , 33.1979, -117.3387, 1975, 224, 152, RV4, , , , , RV4
1660404320, , 33.1962, -117.3409, 1950, 224, 153, RV4, , , , , RV4
1660404320, , 33.1962, -117.3409, 1950, 224, 153, RV4, , , , , RV4
1660404324, , 33.1941, -117.3432, 1900, 224, 155, RV4, , , , , RV4
1660404324, , 33.1941, -117.3432, 1900, 224, 155, RV4, , , , , RV4
1660404327, , 33.1925, -117.345, 1875, 224, 155, RV4, , , , , RV4
1660404327, , 33.1925, -117.345, 1875, 224, 155, RV4, , , , , RV4
1660404333, , 33.1891, -117.3487, 1825, 220, 157, RV4, , , , , RV4
1660404337, , 33.1872, -117.3506, 1800, 220, 158, RV4, , , , , RV4
1660404337, , 33.1872, -117.3506, 1800, 220, 158, RV4, , , , , RV4
1660404339, , 33.1866, -117.3512, 1775, 220, 158, RV4, , , , , RV4
1660404339, , 33.1866, -117.3512, 1775, 220, 158, RV4, , , , , RV4
1660404345, , 33.1834, -117.3544, 1725, 219, 160, RV4, , , , , RV4
1660404345, , 33.1834, -117.3544, 1725, 219, 160, RV4, , , , , RV4
1660404349, , 33.1805, -117.3572, 1700, 219, 160, RV4, , , , , RV4
1660404352, , 33.1789, -117.3589, 1675, 220, 161, RV4, , , , , RV4
1660404352, , 33.1789, -117.3589, 1675, 220, 161, RV4, , , , , RV4
1660404358, , 33.1762, -117.3616, 1600, 220, 162, RV4, , , , , RV4
1660404358, , 33.1762, -117.3616, 1600, 220, 162, RV4, , , , , RV4
1660404358, , 33.1762, -117.3616, 1600, 220, 162, RV4, , , , , RV4
1660404358, , 33.1762, -117.3616, 1600, 220, 162, RV4, , , , , RV4
1660404366, , 33.1707, -117.3669, 1550, 214, 163, RV4, , , , , RV4
1660404366, , 33.1707, -117.3669, 1550, 214, 163, RV4, , , , , RV4
1660404366, , 33.1707, -117.3669, 1550, 214, 163, RV4, , , , , RV4
1660404371, , 33.1668, -117.3683, 1450, 188, 161, RV4, , , , , RV4
1660404371, , 33.1668, -117.3683, 1450, 188, 161, RV4, , , , , RV4
1660404375, , 33.1641, -117.3674, 1275, 178, 162, RV4, , , , , RV4
1660404375, , 33.1641, -117.3674, 1275, 178, 162, RV4, , , , , RV4
1660404382, , 33.16, -117.3645, 925, 146, 179, RV4, , , , , RV4
1660404382, , 33.16, -117.3645, 925, 146, 179, RV4, , , , , RV4
1660404382, , 33.16, -117.3645, 925, 146, 179, RV4, , , , , RV4
1660404390, , 33.1553, -117.3608, 725, 151, 172, RV4, , , , , RV4
1660404390, , 33.1553, -117.3608, 725, 151, 172, RV4, , , , , RV4
1660404394, , 33.1525, -117.359, 625, 154, 170, RV4, , , , , RV4
1660404394, , 33.1525, -117.359, 625, 154, 170, RV4, , , , , RV4
1660404397, , 33.1486, -117.3567, 550, 154, 170, RV4, , , , , RV4
1660404397, , 33.1486, -117.3567, 550, 154, 170, RV4, , , , , RV4
1660404399, , 33.1468, -117.3557, 500, 153, 172, RV4, , , , , RV4
1660404403, , 33.1441, -117.354, 425, 152, 171, RV4, , , , , RV4
1660404403, , 33.1441, -117.354, 425, 152, 171, RV4, , , , , RV4
1660404407, , 33.1413, -117.3523, 375, 151, 170, RV4, , , , , RV4
1660404407, , 33.1413, -117.3523, 375, 151, 170, RV4, , , , , RV4
1660404411, , 33.1394, -117.3511, 325, 152, 168, RV4, , , , , RV4
1660404418, , 33.134, -117.3478, 325, 153, 165, RV4, , , , , RV4
1660404418, , 33.134, -117.3478, 325, 153, 165, RV4, , , , , RV4
1660404421, , 33.1321, -117.3468, 325, 155, 160, RV4, , , , , RV4
1660404421, , 33.1321, -117.3468, 325, 155, 160, RV4, , , , , RV4
1660404425, , 33.1292, -117.3459, 325, 156, 159, RV4, , , , , RV4
1660404425, , 33.1292, -117.3459, 325, 156, 159, RV4, , , , , RV4
1660404429, , 33.1261, -117.3458, 350, 180, 151, RV4, , , , , RV4
1660404429, , 33.1261, -117.3458, 350, 180, 151, RV4, , , , , RV4
