//Timestamp, ICAO, Latitude_deg, Longitude_deg, Altitude_ft, Heading_deg, GroundSpeed_kts, AircraftType, RegistrationNum, Departure, Arrival, FlightNumber1, FlightNumber2
1660408100, , 33.3212, -117.2357, 1700, 308, 153, RV8, , , , , RV8
1660408100, , 33.3212, -117.2357, 1700, 308, 153, RV8, , , , , RV8
1660408105, , 33.3239, -117.2397, 1600, 309, 149, RV8, , , , , RV8
1660408105, , 33.3239, -117.2397, 1600, 309, 149, RV8, , , , , RV8
1660408108, , 33.3253, -117.2417, 1500, 311, 147, RV8, , , , , RV8
1660408108, , 33.3253, -117.2417, 1500, 311, 147, RV8, , , , , RV8
1660408111, , 33.3266, -117.2435, 1500, 311, 145, RV8, , , , , RV8
1660408118, , 33.3294, -117.2471, 1400, 312, 138, RV8, , , , , RV8
1660408118, , 33.3294, -117.2471, 1400, 312, 138, RV8, , , , , RV8
1660408120, , 33.3306, -117.2486, 1400, 314, 132, RV8, , , , , RV8
1660408120, , 33.3306, -117.2486, 1400, 314, 132, RV8, , , , , RV8
1660408123, , 33.3318, -117.25, 1300, 317, 128, RV8, , , , , RV8
1660408123, , 33.3318, -117.25, 1300, 317, 128, RV8, , , , , RV8
1660408129, , 33.3345, -117.2525, 1200, 325, 115, RV8, , , , , RV8
1660408133, , 33.3357, -117.2534, 1200, 330, 110, RV8, , , , , RV8
1660408133, , 33.3357, -117.2534, 1200, 330, 110, RV8, , , , , RV8
1660408136, , 33.3371, -117.2541, 1100, 341, 104, RV8, , , , , RV8
1660408136, , 33.3371, -117.2541, 1100, 341, 104, RV8, , , , , RV8
1660408141, , 33.3399, -117.2546, 1100, 1, 96, RV8, , , , , RV8
1660408141, , 33.3399, -117.2546, 1100, 1, 96, RV8, , , , , RV8
1660408145, , 33.3412, -117.2543, 1000, 9, 88, RV8, , , , , RV8
1660408148, , 33.3423, -117.2541, 1000, 10, 84, RV8, , , , , RV8
1660408148, , 33.3423, -117.2541, 1000, 10, 84, RV8, , , , , RV8
1660408153, , 33.3445, -117.2536, 900, 13, 82, RV8, , , , , RV8
1660408153, , 33.3445, -117.2536, 900, 13, 82, RV8, , , , , RV8
1660408157, , 33.3457, -117.2531, 800, 17, 81, RV8, , , , , RV8
1660408157, , 33.3457, -117.2531, 800, 17, 81, RV8, , , , , RV8
1660408160, , 33.3468, -117.2527, 800, 18, 80, RV8, , , , , RV8
1660408166, , 33.349, -117.252, 700, 15, 76, RV8, , , , , RV8
1660408166, , 33.349, -117.252, 700, 15, 76, RV8, , , , , RV8
1660408169, , 33.3499, -117.2518, 700, 12, 74, RV8, , , , , RV8
1660408169, , 33.3499, -117.2518, 700, 12, 74, RV8, , , , , RV8
1660408172, , 33.3508, -117.2515, 600, 14, 72, RV8, , , , , RV8
1660408172, , 33.3508, -117.2515, 600, 14, 72, RV8, , , , , RV8
1660408178, , 33.3527, -117.2509, 600, 15, 60, RV8, , , , , RV8
1660408181, , 33.3534, -117.2507, 600, 15, 52, RV8, , , , , RV8
1660408181, , 33.3534, -117.2507, 600, 15, 52, RV8, , , , , RV8
1660408184, , 33.3541, -117.2504, 600, 15, 45, RV8, , , , , RV8
1660408184, , 33.3541, -117.2504, 600, 15, 45, RV8, , , , , RV8
1660408190, , 33.355, -117.2502, 600, 16, 25, RV8, , , , , RV8
1660408190, , 33.355, -117.2502, 600, 16, 25, RV8, , , , , RV8
1660408193, , 33.3552, -117.2501, 600, 15, 11, RV8, , , , , RV8
1660408196, , 33.3553, -117.2501, 600, 345, 4, RV8, , , , , RV8
1660408196, , 33.3553, -117.2501, 600, 345, 4, RV8, , , , , RV8
1660408199, , 33.3553, -117.2501, 600, 270, 2, RV8, , , , , RV8
1660408199, , 33.3553, -117.2501, 600, 270, 2, RV8, , , , , RV8
1660408199, , 33.3553, -117.2501, 600, 270, 2, RV8, , , , , RV8
1660408199, , 33.3553, -117.2501, 600, 270, 2, RV8, , , , , RV8
1660408199, , 33.3553, -117.2501, 600, 270, 2, RV8, , , , , RV8
1660408199, , 33.3553, -117.2501, 600, 270, 2, RV8, , , , , RV8
1660408199, , 33.3553, -117.2501, 600, 270, 2, RV8, , , , , RV8
1660408199, , 33.3553, -117.2501, 600, 270, 2, RV8, , , , , RV8
1660408199, , 33.3553, -117.2501, 600, 270, 2, RV8, , , , , RV8
1660408199, , 33.3553, -117.2501, 600, 270, 2, RV8, , , , , RV8
1660408199, , 33.3553, -117.2501, 600, 270, 2, RV8, , , , , RV8
1660408199, , 33.3553, -117.2501, 600, 270, 2, RV8, , , , , RV8
1660408199, , 33.3553, -117.2501, 600, 270, 2, RV8, , , , , RV8
1660408199, , 33.3553, -117.2501, 600, 270, 2, RV8, , , , , RV8
1660408199, , 33.3553, -117.2501, 600, 270, 2, RV8, , , , , RV8
1660408199, , 33.3553, -117.2501, 600, 270, 2, RV8, , , , , RV8
1660408199, , 33.3553, -117.2501, 600, 270, 2, RV8, , , , , RV8
1660408199, , 33.3553, -117.2501, 600, 270, 2, RV8, , , , , RV8
1660408199, , 33.3553, -117.2501, 600, 270, 2, RV8, , , , , RV8
1660408199, , 33.3553, -117.2501, 600, 270, 2, RV8, , , , , RV8
1660408199, , 33.3553, -117.2501, 600, 270, 2, RV8, , , , , RV8
1660408199, , 33.3553, -117.2501, 600, 270, 2, RV8, , , , , RV8
1660408199, , 33.3553, -117.2501, 600, 270, 2, RV8, , , , , RV8
1660408199, , 33.3553, -117.2501, 600, 270, 2, RV8, , , , , RV8
1660408199, , 33.3553, -117.2501, 600, 270, 2, RV8, , , , , RV8
1660408199, , 33.3553, -117.2501, 600, 270, 2, RV8, , , , , RV8
1660408199, , 33.3553, -117.2501, 600, 270, 2, RV8, , , , , RV8
1660408199, , 33.3553, -117.2501, 600, 270, 2, RV8, , , , , RV8
1660408199, , 33.3553, -117.2501, 600, 270, 2, RV8, , , , , RV8
1660408199, , 33.3553, -117.2501, 600, 270, 2, RV8, , , , , RV8
1660408199, , 33.3553, -117.2501, 600, 270, 2, RV8, , , , , RV8
1660408199, , 33.3553, -117.2501, 600, 270, 2, RV8, , , , , RV8
1660408199, , 33.3553, -117.2501, 600, 270, 2, RV8, , , , , RV8
1660408199, , 33.3553, -117.2501, 600, 270, 2, RV8, , , , , RV8
1660408199, , 33.3553, -117.2501, 600, 270, 2, RV8, , , , , RV8
1660408199, , 33.3553, -117.2501, 600, 270, 2, RV8, , , , , RV8
1660408199, , 33.3553, -117.2501, 600, 270, 2, RV8, , , , , RV8
