//Timestamp, ICAO, Latitude_deg, Longitude_deg, Altitude_ft, Heading_deg, GroundSpeed_kts, AircraftType, RegistrationNum, Departure, Arrival, FlightNumber1, FlightNumber2
1660404249, , 33.676, -117.8721, 0, 123, 0, S22T, , , , , S22T
1660404254, , 33.676, -117.8721, 0, 123, 0, S22T, , , , , S22T
1660404254, , 33.676, -117.8721, 0, 123, 0, S22T, , , , , S22T
1660404257, , 33.676, -117.8722, 0, 123, 0, S22T, , , , , S22T
1660404257, , 33.676, -117.8722, 0, 123, 0, S22T, , , , , S22T
1660404262, , 33.676, -117.8722, 0, 123, 0, S22T, , , , , S22T
1660404262, , 33.676, -117.8722, 0, 123, 0, S22T, , , , , S22T
1660404264, , 33.676, -117.8722, 0, 123, 0, S22T, , , , , S22T
1660404264, , 33.676, -117.8722, 0, 123, 0, S22T, , , , , S22T
1660404268, , 33.676, -117.8721, 0, 123, 0, S22T, , , , , S22T
1660404272, , 33.676, -117.8721, 0, 123, 0, S22T, , , , , S22T
1660404272, , 33.676, -117.8721, 0, 123, 0, S22T, , , , , S22T
1660404272, , 33.676, -117.8721, 0, 123, 0, S22T, , , , , S22T
1660404272, , 33.676, -117.8721, 0, 123, 0, S22T, , , , , S22T
1660404281, , 33.676, -117.872, 0, 123, 0, S22T, , , , , S22T
1660404281, , 33.676, -117.872, 0, 123, 0, S22T, , , , , S22T
1660404281, , 33.676, -117.872, 0, 123, 0, S22T, , , , , S22T
1660404281, , 33.676, -117.872, 0, 123, 0, S22T, , , , , S22T
1660404281, , 33.676, -117.872, 0, 123, 0, S22T, , , , , S22T
1660404291, , 33.676, -117.872, 0, 123, 0, S22T, , , , , S22T
1660404291, , 33.676, -117.872, 0, 123, 0, S22T, , , , , S22T
1660404291, , 33.676, -117.872, 0, 123, 0, S22T, , , , , S22T
1660404291, , 33.676, -117.872, 0, 123, 0, S22T, , , , , S22T
1660404291, , 33.676, -117.872, 0, 123, 0, S22T, , , , , S22T
1660404306, , 33.676, -117.872, 0, 123, 0, S22T, , , , , S22T
1660404306, , 33.676, -117.872, 0, 123, 0, S22T, , , , , S22T
1660404306, , 33.676, -117.872, 0, 123, 0, S22T, , , , , S22T
1660404306, , 33.676, -117.872, 0, 123, 0, S22T, , , , , S22T
1660404311, , 33.676, -117.872, 0, 123, 0, S22T, , , , , S22T
1660404311, , 33.676, -117.872, 0, 123, 0, S22T, , , , , S22T
1660404311, , 33.676, -117.872, 0, 123, 0, S22T, , , , , S22T
1660404311, , 33.676, -117.872, 0, 123, 0, S22T, , , , , S22T
1660404311, , 33.676, -117.872, 0, 123, 0, S22T, , , , , S22T
1660404311, , 33.676, -117.872, 0, 123, 0, S22T, , , , , S22T
1660404311, , 33.676, -117.872, 0, 123, 0, S22T, , , , , S22T
1660404311, , 33.676, -117.872, 0, 123, 0, S22T, , , , , S22T
1660404311, , 33.676, -117.872, 0, 123, 0, S22T, , , , , S22T
1660404311, , 33.676, -117.872, 0, 123, 0, S22T, , , , , S22T
1660404311, , 33.676, -117.872, 0, 123, 0, S22T, , , , , S22T
1660404311, , 33.676, -117.872, 0, 123, 0, S22T, , , , , S22T
1660404311, , 33.676, -117.872, 0, 123, 0, S22T, , , , , S22T
1660404311, , 33.676, -117.872, 0, 123, 0, S22T, , , , , S22T
1660404311, , 33.676, -117.872, 0, 123, 0, S22T, , , , , S22T
1660404311, , 33.676, -117.872, 0, 123, 0, S22T, , , , , S22T
1660404311, , 33.676, -117.872, 0, 123, 0, S22T, , , , , S22T
1660404351, , 33.676, -117.872, 0, 123, 0, S22T, , , , , S22T
1660404351, , 33.676, -117.872, 0, 123, 0, S22T, , , , , S22T
1660404351, , 33.676, -117.872, 0, 123, 0, S22T, , , , , S22T
1660404351, , 33.676, -117.872, 0, 123, 0, S22T, , , , , S22T
1660404351, , 33.676, -117.872, 0, 123, 0, S22T, , , , , S22T
1660404351, , 33.676, -117.872, 0, 123, 0, S22T, , , , , S22T
1660404361, , 33.676, -117.872, 0, 123, 0, S22T, , , , , S22T
1660404366, , 33.676, -117.872, 0, 123, 0, S22T, , , , , S22T
1660404366, , 33.676, -117.872, 0, 123, 0, S22T, , , , , S22T
1660404366, , 33.676, -117.872, 0, 123, 0, S22T, , , , , S22T
1660404366, , 33.676, -117.872, 0, 123, 0, S22T, , , , , S22T
1660404366, , 33.676, -117.872, 0, 123, 0, S22T, , , , , S22T
1660404366, , 33.676, -117.872, 0, 123, 0, S22T, , , , , S22T
1660404366, , 33.676, -117.872, 0, 123, 0, S22T, , , , , S22T
1660404366, , 33.676, -117.872, 0, 123, 0, S22T, , , , , S22T
1660404366, , 33.676, -117.872, 0, 123, 0, S22T, , , , , S22T
1660404366, , 33.676, -117.872, 0, 123, 0, S22T, , , , , S22T
1660404366, , 33.676, -117.872, 0, 123, 0, S22T, , , , , S22T
1660404366, , 33.676, -117.872, 0, 123, 0, S22T, , , , , S22T
1660404366, , 33.676, -117.872, 0, 123, 0, S22T, , , , , S22T
1660404366, , 33.676, -117.872, 0, 123, 0, S22T, , , , , S22T
1660404366, , 33.676, -117.872, 0, 123, 0, S22T, , , , , S22T
1660404366, , 33.676, -117.872, 0, 123, 0, S22T, , , , , S22T
1660404366, , 33.676, -117.872, 0, 123, 0, S22T, , , , , S22T
1660404366, , 33.676, -117.872, 0, 123, 0, S22T, , , , , S22T
1660404366, , 33.676, -117.872, 0, 123, 0, S22T, , , , , S22T
1660404366, , 33.676, -117.872, 0, 123, 0, S22T, , , , , S22T
1660404366, , 33.676, -117.872, 0, 123, 0, S22T, , , , , S22T
1660404366, , 33.676, -117.872, 0, 123, 0, S22T, , , , , S22T
1660404366, , 33.676, -117.872, 0, 123, 0, S22T, , , , , S22T
1660404421, , 33.676, -117.872, 0, 123, 0, S22T, , , , , S22T
1660404421, , 33.676, -117.872, 0, 123, 0, S22T, , , , , S22T
1660404421, , 33.676, -117.872, 0, 123, 0, S22T, , , , , S22T
1660404421, , 33.676, -117.872, 0, 123, 0, S22T, , , , , S22T
1660404421, , 33.676, -117.872, 0, 123, 0, S22T, , , , , S22T
1660404421, , 33.676, -117.872, 0, 123, 0, S22T, , , , , S22T
1660404421, , 33.676, -117.872, 0, 123, 0, S22T, , , , , S22T
1660404436, , 33.676, -117.872, 0, 123, 0, S22T, , , , , S22T
1660404436, , 33.676, -117.872, 0, 123, 0, S22T, , , , , S22T
1660404441, , 33.676, -117.872, 0, 123, 0, S22T, , , , , S22T
1660404441, , 33.676, -117.872, 0, 123, 0, S22T, , , , , S22T
1660404441, , 33.676, -117.872, 0, 123, 0, S22T, , , , , S22T
1660404441, , 33.676, -117.872, 0, 123, 0, S22T, , , , , S22T
1660404441, , 33.676, -117.872, 0, 123, 0, S22T, , , , , S22T
1660404453, , 33.6759, -117.8719, 0, 126, 3, S22T, , , , , S22T
1660404453, , 33.6759, -117.8719, 0, 126, 3, S22T, , , , , S22T
1660404457, , 33.6759, -117.8719, 0, 129, 3, S22T, , , , , S22T
1660404457, , 33.6759, -117.8719, 0, 129, 3, S22T, , , , , S22T
1660404461, , 33.6759, -117.8718, 0, 132, 3, S22T, , , , , S22T
1660404461, , 33.6759, -117.8718, 0, 132, 3, S22T, , , , , S22T
1660404465, , 33.6758, -117.8718, 0, 129, 3, S22T, , , , , S22T
1660404467, , 33.6758, -117.8717, 0, 132, 4, S22T, , , , , S22T
1660404467, , 33.6758, -117.8717, 0, 132, 4, S22T, , , , , S22T
1660404471, , 33.6758, -117.8717, 0, 129, 3, S22T, , , , , S22T
1660404471, , 33.6758, -117.8717, 0, 129, 3, S22T, , , , , S22T
1660404476, , 33.6757, -117.8716, 0, 129, 6, S22T, , , , , S22T
1660404476, , 33.6757, -117.8716, 0, 129, 6, S22T, , , , , S22T
1660404476, , 33.6757, -117.8716, 0, 129, 6, S22T, , , , , S22T
1660404485, , 33.6755, -117.8712, 0, 129, 9, S22T, , , , , S22T
1660404485, , 33.6755, -117.8712, 0, 129, 9, S22T, , , , , S22T
1660404485, , 33.6755, -117.8712, 0, 129, 9, S22T, , , , , S22T
1660404485, , 33.6755, -117.8712, 0, 129, 9, S22T, , , , , S22T
1660404492, , 33.6753, -117.8709, 0, 95, 10, S22T, , , , , S22T
1660404492, , 33.6753, -117.8709, 0, 95, 10, S22T, , , , , S22T
1660404492, , 33.6753, -117.8709, 0, 95, 10, S22T, , , , , S22T
1660404492, , 33.6753, -117.8709, 0, 95, 10, S22T, , , , , S22T
1660404492, , 33.6753, -117.8709, 0, 95, 10, S22T, , , , , S22T
1660404502, , 33.6756, -117.8704, 0, 33, 13, S22T, , , , , S22T
1660404502, , 33.6756, -117.8704, 0, 33, 13, S22T, , , , , S22T
1660404508, , 33.6759, -117.8702, 0, 28, 13, S22T, , , , , S22T
1660404508, , 33.6759, -117.8702, 0, 28, 13, S22T, , , , , S22T
1660404508, , 33.6759, -117.8702, 0, 28, 13, S22T, , , , , S22T
1660404508, , 33.6759, -117.8702, 0, 28, 13, S22T, , , , , S22T
1660404508, , 33.6759, -117.8702, 0, 28, 13, S22T, , , , , S22T
1660404519, , 33.6765, -117.8699, 0, 28, 12, S22T, , , , , S22T
1660404519, , 33.6765, -117.8699, 0, 28, 12, S22T, , , , , S22T
1660404524, , 33.6767, -117.8697, 0, 45, 9, S22T, , , , , S22T
1660404524, , 33.6767, -117.8697, 0, 45, 9, S22T, , , , , S22T
1660404524, , 33.6767, -117.8697, 0, 45, 9, S22T, , , , , S22T
1660404524, , 33.6767, -117.8697, 0, 45, 9, S22T, , , , , S22T
1660404524, , 33.6767, -117.8697, 0, 45, 9, S22T, , , , , S22T
1660404524, , 33.6767, -117.8697, 0, 45, 9, S22T, , , , , S22T
1660404524, , 33.6767, -117.8697, 0, 45, 9, S22T, , , , , S22T
1660404524, , 33.6767, -117.8697, 0, 45, 9, S22T, , , , , S22T
1660404524, , 33.6767, -117.8697, 0, 45, 9, S22T, , , , , S22T
1660404524, , 33.6767, -117.8697, 0, 45, 9, S22T, , , , , S22T
1660404524, , 33.6767, -117.8697, 0, 45, 9, S22T, , , , , S22T
1660404524, , 33.6767, -117.8697, 0, 45, 9, S22T, , , , , S22T
1660404524, , 33.6767, -117.8697, 0, 45, 9, S22T, , , , , S22T
1660404524, , 33.6767, -117.8697, 0, 45, 9, S22T, , , , , S22T
1660404524, , 33.6767, -117.8697, 0, 45, 9, S22T, , , , , S22T
1660404524, , 33.6767, -117.8697, 0, 45, 9, S22T, , , , , S22T
1660404524, , 33.6767, -117.8697, 0, 45, 9, S22T, , , , , S22T
1660404524, , 33.6767, -117.8697, 0, 45, 9, S22T, , , , , S22T
1660404524, , 33.6767, -117.8697, 0, 45, 9, S22T, , , , , S22T
1660404524, , 33.6767, -117.8697, 0, 45, 9, S22T, , , , , S22T
1660404524, , 33.6767, -117.8697, 0, 45, 9, S22T, , , , , S22T
1660404568, , 33.6765, -117.8694, 0, 205, 0, S22T, , , , , S22T
1660404568, , 33.6765, -117.8694, 0, 205, 0, S22T, , , , , S22T
1660404569, , 33.6765, -117.8694, 0, 205, 0, S22T, , , , , S22T
1660404569, , 33.6765, -117.8694, 0, 205, 0, S22T, , , , , S22T
1660404569, , 33.6765, -117.8694, 0, 205, 0, S22T, , , , , S22T
1660404569, , 33.6765, -117.8694, 0, 205, 0, S22T, , , , , S22T
1660404569, , 33.6765, -117.8694, 0, 205, 0, S22T, , , , , S22T
1660404584, , 33.6765, -117.8694, 0, 205, 0, S22T, , , , , S22T
1660404584, , 33.6765, -117.8694, 0, 205, 0, S22T, , , , , S22T
1660404584, , 33.6765, -117.8694, 0, 205, 0, S22T, , , , , S22T
1660404584, , 33.6765, -117.8694, 0, 205, 0, S22T, , , , , S22T
1660404584, , 33.6765, -117.8694, 0, 205, 0, S22T, , , , , S22T
1660404584, , 33.6765, -117.8694, 0, 205, 0, S22T, , , , , S22T
1660404584, , 33.6765, -117.8694, 0, 205, 0, S22T, , , , , S22T
1660404584, , 33.6765, -117.8694, 0, 205, 0, S22T, , , , , S22T
1660404584, , 33.6765, -117.8694, 0, 205, 0, S22T, , , , , S22T
1660404584, , 33.6765, -117.8694, 0, 205, 0, S22T, , , , , S22T
1660404584, , 33.6765, -117.8694, 0, 205, 0, S22T, , , , , S22T
1660404615, , 33.6765, -117.8694, 0, 205, 0, S22T, , , , , S22T
1660404615, , 33.6765, -117.8694, 0, 205, 0, S22T, , , , , S22T
1660404618, , 33.6765, -117.8694, 0, 205, 0, S22T, , , , , S22T
1660404618, , 33.6765, -117.8694, 0, 205, 0, S22T, , , , , S22T
1660404618, , 33.6765, -117.8694, 0, 205, 0, S22T, , , , , S22T
1660404618, , 33.6765, -117.8694, 0, 205, 0, S22T, , , , , S22T
1660404623, , 33.6765, -117.8694, 0, 205, 0, S22T, , , , , S22T
1660404628, , 33.6765, -117.8694, 0, 205, 0, S22T, , , , , S22T
1660404628, , 33.6765, -117.8694, 0, 205, 0, S22T, , , , , S22T
1660404633, , 33.6765, -117.8694, 0, 205, 0, S22T, , , , , S22T
1660404633, , 33.6765, -117.8694, 0, 205, 0, S22T, , , , , S22T
1660404633, , 33.6765, -117.8694, 0, 205, 0, S22T, , , , , S22T
1660404633, , 33.6765, -117.8694, 0, 205, 0, S22T, , , , , S22T
1660404633, , 33.6765, -117.8694, 0, 205, 0, S22T, , , , , S22T
1660404633, , 33.6765, -117.8694, 0, 205, 0, S22T, , , , , S22T
1660404633, , 33.6765, -117.8694, 0, 205, 0, S22T, , , , , S22T
1660404633, , 33.6765, -117.8694, 0, 205, 0, S22T, , , , , S22T
1660404633, , 33.6765, -117.8694, 0, 205, 0, S22T, , , , , S22T
1660404633, , 33.6765, -117.8694, 0, 205, 0, S22T, , , , , S22T
1660404633, , 33.6765, -117.8694, 0, 205, 0, S22T, , , , , S22T
1660404657, , 33.6765, -117.8694, 0, 205, 0, S22T, , , , , S22T
1660404657, , 33.6765, -117.8694, 0, 205, 0, S22T, , , , , S22T
1660404657, , 33.6765, -117.8694, 0, 205, 0, S22T, , , , , S22T
1660404657, , 33.6765, -117.8694, 0, 205, 0, S22T, , , , , S22T
1660404657, , 33.6765, -117.8694, 0, 205, 0, S22T, , , , , S22T
1660404657, , 33.6765, -117.8694, 0, 205, 0, S22T, , , , , S22T
1660404657, , 33.6765, -117.8694, 0, 205, 0, S22T, , , , , S22T
1660404657, , 33.6765, -117.8694, 0, 205, 0, S22T, , , , , S22T
1660404657, , 33.6765, -117.8694, 0, 205, 0, S22T, , , , , S22T
1660404657, , 33.6765, -117.8694, 0, 205, 0, S22T, , , , , S22T
1660404657, , 33.6765, -117.8694, 0, 205, 0, S22T, , , , , S22T
1660404657, , 33.6765, -117.8694, 0, 205, 0, S22T, , , , , S22T
1660404688, , 33.6765, -117.8694, 0, 205, 0, S22T, , , , , S22T
1660404688, , 33.6765, -117.8694, 0, 205, 0, S22T, , , , , S22T
1660404692, , 33.6765, -117.8694, 0, 205, 0, S22T, , , , , S22T
1660404692, , 33.6765, -117.8694, 0, 205, 0, S22T, , , , , S22T
1660404692, , 33.6765, -117.8694, 0, 205, 0, S22T, , , , , S22T
1660404692, , 33.6765, -117.8694, 0, 205, 0, S22T, , , , , S22T
1660404692, , 33.6765, -117.8694, 0, 205, 0, S22T, , , , , S22T
1660404693, , 33.6765, -117.8694, 0, 205, 0, S22T, , , , , S22T
1660404693, , 33.6765, -117.8694, 0, 205, 0, S22T, , , , , S22T
1660404707, , 33.6765, -117.8694, 0, 205, 0, S22T, , , , , S22T
1660404707, , 33.6765, -117.8694, 0, 205, 0, S22T, , , , , S22T
1660404707, , 33.6765, -117.8694, 0, 205, 0, S22T, , , , , S22T
1660404707, , 33.6765, -117.8694, 0, 205, 0, S22T, , , , , S22T
1660404707, , 33.6765, -117.8694, 0, 205, 0, S22T, , , , , S22T
1660404707, , 33.6765, -117.8694, 0, 205, 0, S22T, , , , , S22T
1660404707, , 33.6765, -117.8694, 0, 205, 0, S22T, , , , , S22T
1660404707, , 33.6765, -117.8694, 0, 205, 0, S22T, , , , , S22T
1660404707, , 33.6765, -117.8694, 0, 205, 0, S22T, , , , , S22T
1660404727, , 33.6765, -117.8694, 0, 205, 0, S22T, , , , , S22T
1660404727, , 33.6765, -117.8694, 0, 205, 0, S22T, , , , , S22T
1660404727, , 33.6765, -117.8694, 0, 205, 0, S22T, , , , , S22T
1660404727, , 33.6765, -117.8694, 0, 205, 0, S22T, , , , , S22T
1660404727, , 33.6765, -117.8694, 0, 205, 0, S22T, , , , , S22T
1660404737, , 33.6765, -117.8694, 0, 205, 0, S22T, , , , , S22T
1660404737, , 33.6765, -117.8694, 0, 205, 0, S22T, , , , , S22T
1660404737, , 33.6765, -117.8694, 0, 205, 0, S22T, , , , , S22T
1660404747, , 33.6765, -117.8694, 0, 205, 0, S22T, , , , , S22T
1660404747, , 33.6765, -117.8694, 0, 205, 0, S22T, , , , , S22T
1660404747, , 33.6765, -117.8694, 0, 205, 0, S22T, , , , , S22T
1660404747, , 33.6765, -117.8694, 0, 205, 0, S22T, , , , , S22T
1660404747, , 33.6765, -117.8694, 0, 205, 0, S22T, , , , , S22T
1660404747, , 33.6765, -117.8694, 0, 205, 0, S22T, , , , , S22T
1660404747, , 33.6765, -117.8694, 0, 205, 0, S22T, , , , , S22T
1660404747, , 33.6765, -117.8694, 0, 205, 0, S22T, , , , , S22T
1660404762, , 33.6765, -117.8694, 0, 205, 0, S22T, , , , , S22T
1660404762, , 33.6765, -117.8694, 0, 205, 0, S22T, , , , , S22T
1660404762, , 33.6765, -117.8694, 0, 205, 0, S22T, , , , , S22T
1660404762, , 33.6765, -117.8694, 0, 205, 0, S22T, , , , , S22T
1660404762, , 33.6765, -117.8694, 0, 205, 0, S22T, , , , , S22T
1660404763, , 33.6765, -117.8694, 0, 205, 0, S22T, , , , , S22T
1660404763, , 33.6765, -117.8694, 0, 205, 0, S22T, , , , , S22T
1660404763, , 33.6765, -117.8694, 0, 205, 0, S22T, , , , , S22T
1660404782, , 33.6765, -117.8694, 0, 205, 0, S22T, , , , , S22T
1660404782, , 33.6765, -117.8694, 0, 205, 0, S22T, , , , , S22T
1660404782, , 33.6765, -117.8694, 0, 205, 0, S22T, , , , , S22T
1660404782, , 33.6765, -117.8694, 0, 205, 0, S22T, , , , , S22T
1660404782, , 33.6765, -117.8694, 0, 205, 0, S22T, , , , , S22T
1660404791, , 33.6765, -117.8694, 0, 205, 0, S22T, , , , , S22T
1660404791, , 33.6765, -117.8694, 0, 205, 0, S22T, , , , , S22T
1660404792, , 33.6765, -117.8694, 0, 205, 0, S22T, , , , , S22T
1660404792, , 33.6765, -117.8694, 0, 205, 0, S22T, , , , , S22T
1660404801, , 33.6765, -117.8694, 0, 205, 0, S22T, , , , , S22T
1660404801, , 33.6765, -117.8694, 0, 205, 0, S22T, , , , , S22T
1660404801, , 33.6765, -117.8694, 0, 205, 0, S22T, , , , , S22T
1660404801, , 33.6765, -117.8694, 0, 205, 0, S22T, , , , , S22T
1660404801, , 33.6765, -117.8694, 0, 205, 0, S22T, , , , , S22T
1660404801, , 33.6765, -117.8694, 0, 205, 0, S22T, , , , , S22T
1660404801, , 33.6765, -117.8694, 0, 205, 0, S22T, , , , , S22T
1660404801, , 33.6765, -117.8694, 0, 205, 0, S22T, , , , , S22T
1660404801, , 33.6765, -117.8694, 0, 205, 0, S22T, , , , , S22T
1660404801, , 33.6765, -117.8694, 0, 205, 0, S22T, , , , , S22T
1660404801, , 33.6765, -117.8694, 0, 205, 0, S22T, , , , , S22T
1660404829, , 33.6768, -117.8696, 0, 25, 8, S22T, , , , , S22T
1660404833, , 33.677, -117.8695, 0, 25, 10, S22T, , , , , S22T
1660404833, , 33.677, -117.8695, 0, 25, 10, S22T, , , , , S22T
1660404836, , 33.6771, -117.8694, 0, 25, 11, S22T, , , , , S22T
1660404836, , 33.6771, -117.8694, 0, 25, 11, S22T, , , , , S22T
1660404840, , 33.6774, -117.8693, 0, 28, 13, S22T, , , , , S22T
1660404840, , 33.6774, -117.8693, 0, 28, 13, S22T, , , , , S22T
1660404844, , 33.6776, -117.8691, 0, 28, 15, S22T, , , , , S22T
1660404844, , 33.6776, -117.8691, 0, 28, 15, S22T, , , , , S22T
1660404844, , 33.6776, -117.8691, 0, 28, 15, S22T, , , , , S22T
1660404844, , 33.6776, -117.8691, 0, 28, 15, S22T, , , , , S22T
1660404844, , 33.6776, -117.8691, 0, 28, 15, S22T, , , , , S22T
1660404844, , 33.6776, -117.8691, 0, 28, 15, S22T, , , , , S22T
1660404844, , 33.6776, -117.8691, 0, 28, 15, S22T, , , , , S22T
1660404844, , 33.6776, -117.8691, 0, 28, 15, S22T, , , , , S22T
1660404844, , 33.6776, -117.8691, 0, 28, 15, S22T, , , , , S22T
1660404844, , 33.6776, -117.8691, 0, 28, 15, S22T, , , , , S22T
1660404844, , 33.6776, -117.8691, 0, 28, 15, S22T, , , , , S22T
1660404844, , 33.6776, -117.8691, 0, 28, 15, S22T, , , , , S22T
1660404844, , 33.6776, -117.8691, 0, 28, 15, S22T, , , , , S22T
1660404844, , 33.6776, -117.8691, 0, 28, 15, S22T, , , , , S22T
1660404844, , 33.6776, -117.8691, 0, 28, 15, S22T, , , , , S22T
1660404844, , 33.6776, -117.8691, 0, 28, 15, S22T, , , , , S22T
1660404844, , 33.6776, -117.8691, 0, 28, 15, S22T, , , , , S22T
1660404885, , 33.6805, -117.8675, 0, 28, 17, S22T, , , , , S22T
1660404885, , 33.6805, -117.8675, 0, 28, 17, S22T, , , , , S22T
1660404885, , 33.6805, -117.8675, 0, 28, 17, S22T, , , , , S22T
1660404885, , 33.6805, -117.8675, 0, 28, 17, S22T, , , , , S22T
1660404891, , 33.6809, -117.8672, 0, 28, 14, S22T, , , , , S22T
1660404891, , 33.6809, -117.8672, 0, 28, 14, S22T, , , , , S22T
1660404891, , 33.6809, -117.8672, 0, 28, 14, S22T, , , , , S22T
1660404891, , 33.6809, -117.8672, 0, 28, 14, S22T, , , , , S22T
1660404891, , 33.6809, -117.8672, 0, 28, 14, S22T, , , , , S22T
1660404906, , 33.6813, -117.8667, 0, 87, 6, S22T, , , , , S22T
1660404906, , 33.6813, -117.8667, 0, 87, 6, S22T, , , , , S22T
1660404907, , 33.6813, -117.8667, 0, 90, 5, S22T, , , , , S22T
1660404913, , 33.6812, -117.8665, 0, 106, 4, S22T, , , , , S22T
1660404913, , 33.6812, -117.8665, 0, 106, 4, S22T, , , , , S22T
1660404918, , 33.6812, -117.8665, 0, 115, 3, S22T, , , , , S22T
1660404918, , 33.6812, -117.8665, 0, 115, 3, S22T, , , , , S22T
1660404920, , 33.6812, -117.8664, 0, 118, 1, S22T, , , , , S22T
1660404920, , 33.6812, -117.8664, 0, 118, 1, S22T, , , , , S22T
1660404925, , 33.6812, -117.8664, 0, 118, 1, S22T, , , , , S22T
1660404928, , 33.6812, -117.8664, 0, 118, 1, S22T, , , , , S22T
1660404928, , 33.6812, -117.8664, 0, 118, 1, S22T, , , , , S22T
1660404932, , 33.6812, -117.8664, 0, 115, 3, S22T, , , , , S22T
1660404932, , 33.6812, -117.8664, 0, 115, 3, S22T, , , , , S22T
1660404936, , 33.6811, -117.8663, 0, 115, 8, S22T, , , , , S22T
1660404936, , 33.6811, -117.8663, 0, 115, 8, S22T, , , , , S22T
1660404942, , 33.681, -117.866, 0, 120, 14, S22T, , , , , S22T
1660404943, , 33.681, -117.8659, 0, 129, 14, S22T, , , , , S22T
1660404943, , 33.681, -117.8659, 0, 129, 14, S22T, , , , , S22T
1660404950, , 33.6805, -117.8658, 0, 196, 16, S22T, , , , , S22T
1660404950, , 33.6805, -117.8658, 0, 196, 16, S22T, , , , , S22T
1660404950, , 33.6805, -117.8658, 0, 199, 17, S22T, , , , , S22T
1660404950, , 33.6805, -117.8658, 0, 199, 17, S22T, , , , , S22T
1660404955, , 33.6799, -117.8662, 0, 205, 37, S22T, , , , , S22T
1660404955, , 33.6799, -117.8662, 0, 205, 37, S22T, , , , , S22T
1660404955, , 33.6799, -117.8662, 0, 205, 37, S22T, , , , , S22T
1660404955, , 33.6799, -117.8662, 0, 205, 37, S22T, , , , , S22T
1660404955, , 33.6799, -117.8662, 0, 205, 37, S22T, , , , , S22T
1660404969, , 33.6763, -117.8685, 0, 208, 73, S22T, , , , , S22T
1660404969, , 33.6763, -117.8685, 0, 208, 73, S22T, , , , , S22T
1660404973, , 33.675, -117.8694, 0, 214, 82, S22T, , , , , S22T
1660404973, , 33.675, -117.8694, 0, 214, 82, S22T, , , , , S22T
1660404977, , 33.6742, -117.8701, 175, 217, 84, S22T, , , , , S22T
1660404977, , 33.6742, -117.8701, 175, 217, 84, S22T, , , , , S22T
1660404977, , 33.6742, -117.8701, 175, 217, 84, S22T, , , , , S22T
1660404983, , 33.672, -117.8724, 225, 223, 94, S22T, , , , , S22T
1660404983, , 33.672, -117.8724, 225, 223, 94, S22T, , , , , S22T
1660404988, , 33.6703, -117.8745, 275, 226, 100, S22T, , , , , S22T
1660404988, , 33.6703, -117.8745, 275, 226, 100, S22T, , , , , S22T
1660404993, , 33.6692, -117.876, 325, 234, 103, S22T, , , , , S22T
1660404996, , 33.668, -117.8781, 375, 235, 105, S22T, , , , , S22T
1660404996, , 33.668, -117.8781, 375, 235, 105, S22T, , , , , S22T
1660405001, , 33.667, -117.8799, 475, 233, 108, S22T, , , , , S22T
1660405001, , 33.667, -117.8799, 475, 233, 108, S22T, , , , , S22T
1660405005, , 33.6654, -117.8825, 525, 234, 111, S22T, , , , , S22T
1660405005, , 33.6654, -117.8825, 525, 234, 111, S22T, , , , , S22T
1660405008, , 33.6645, -117.884, 575, 234, 112, S22T, , , , , S22T
1660405014, , 33.6629, -117.8867, 650, 235, 117, S22T, , , , , S22T
1660405014, , 33.6629, -117.8867, 650, 235, 117, S22T, , , , , S22T
1660405015, , 33.6623, -117.8878, 650, 235, 117, S22T, , , , , S22T
1660405015, , 33.6623, -117.8878, 650, 235, 117, S22T, , , , , S22T
1660405019, , 33.661, -117.8901, 700, 234, 119, S22T, , , , , S22T
1660405019, , 33.661, -117.8901, 700, 234, 119, S22T, , , , , S22T
1660405024, , 33.6595, -117.8927, 800, 234, 120, S22T, , , , , S22T
1660405029, , 33.6582, -117.8948, 875, 233, 121, S22T, , , , , S22T
1660405029, , 33.6582, -117.8948, 875, 233, 121, S22T, , , , , S22T
1660405032, , 33.6565, -117.8974, 925, 233, 122, S22T, , , , , S22T
1660405032, , 33.6565, -117.8974, 925, 233, 122, S22T, , , , , S22T
1660405037, , 33.6555, -117.899, 975, 233, 125, S22T, , , , , S22T
1660405037, , 33.6555, -117.899, 975, 233, 125, S22T, , , , , S22T
1660405040, , 33.6538, -117.9018, 1025, 233, 126, S22T, , , , , S22T
1660405040, , 33.6538, -117.9018, 1025, 233, 126, S22T, , , , , S22T
1660405043, , 33.6527, -117.9036, 1075, 233, 126, S22T, , , , , S22T
1660405048, , 33.6512, -117.906, 1150, 234, 128, S22T, , , , , S22T
1660405048, , 33.6512, -117.906, 1150, 234, 128, S22T, , , , , S22T
1660405052, , 33.6503, -117.9074, 1200, 234, 129, S22T, , , , , S22T
1660405052, , 33.6503, -117.9074, 1200, 234, 129, S22T, , , , , S22T
1660405055, , 33.6486, -117.9104, 1250, 234, 129, S22T, , , , , S22T
1660405055, , 33.6486, -117.9104, 1250, 234, 129, S22T, , , , , S22T
1660405061, , 33.6466, -117.9136, 1350, 233, 132, S22T, , , , , S22T
1660405064, , 33.6458, -117.9149, 1400, 233, 132, S22T, , , , , S22T
1660405064, , 33.6458, -117.9149, 1400, 233, 132, S22T, , , , , S22T
1660405067, , 33.6442, -117.9175, 1425, 233, 133, S22T, , , , , S22T
1660405067, , 33.6442, -117.9175, 1425, 233, 133, S22T, , , , , S22T
1660405073, , 33.6421, -117.9208, 1500, 232, 135, S22T, , , , , S22T
1660405077, , 33.6408, -117.9227, 1550, 231, 137, S22T, , , , , S22T
1660405077, , 33.6408, -117.9227, 1550, 231, 137, S22T, , , , , S22T
1660405079, , 33.6395, -117.9247, 1575, 231, 138, S22T, , , , , S22T
1660405079, , 33.6395, -117.9247, 1575, 231, 138, S22T, , , , , S22T
1660405084, , 33.6377, -117.9274, 1625, 230, 140, S22T, , , , , S22T
1660405084, , 33.6377, -117.9274, 1625, 230, 140, S22T, , , , , S22T
1660405088, , 33.6366, -117.929, 1675, 237, 142, S22T, , , , , S22T
1660405092, , 33.635, -117.9328, 1700, 247, 142, S22T, , , , , S22T
1660405092, , 33.635, -117.9328, 1700, 247, 142, S22T, , , , , S22T
1660405097, , 33.6345, -117.9371, 1750, 271, 145, S22T, , , , , S22T
1660405097, , 33.6345, -117.9371, 1750, 271, 145, S22T, , , , , S22T
1660405100, , 33.6347, -117.9391, 1775, 280, 146, S22T, , , , , S22T
1660405100, , 33.6347, -117.9391, 1775, 280, 146, S22T, , , , , S22T
1660405102, , 33.6351, -117.9409, 1775, 287, 147, S22T, , , , , S22T
1660405110, , 33.638, -117.9463, 1750, 312, 154, S22T, , , , , S22T
1660405110, , 33.638, -117.9463, 1750, 312, 154, S22T, , , , , S22T
1660405113, , 33.6396, -117.9479, 1750, 321, 155, S22T, , , , , S22T
1660405113, , 33.6396, -117.9479, 1750, 321, 155, S22T, , , , , S22T
1660405116, , 33.6416, -117.9494, 1750, 331, 157, S22T, , , , , S22T
1660405116, , 33.6416, -117.9494, 1750, 331, 157, S22T, , , , , S22T
1660405122, , 33.6457, -117.9513, 1775, 344, 158, S22T, , , , , S22T
1660405125, , 33.6477, -117.9517, 1775, 351, 158, S22T, , , , , S22T
1660405125, , 33.6477, -117.9517, 1775, 351, 158, S22T, , , , , S22T
1660405128, , 33.6502, -117.952, 1800, 355, 159, S22T, , , , , S22T
1660405128, , 33.6502, -117.952, 1800, 355, 159, S22T, , , , , S22T
1660405134, , 33.6539, -117.952, 1800, 3, 161, S22T, , , , , S22T
1660405134, , 33.6539, -117.952, 1800, 3, 161, S22T, , , , , S22T
1660405137, , 33.6561, -117.9518, 1825, 7, 161, S22T, , , , , S22T
1660405140, , 33.6586, -117.9513, 1825, 10, 160, S22T, , , , , S22T
1660405140, , 33.6586, -117.9513, 1825, 10, 160, S22T, , , , , S22T
1660405143, , 33.6611, -117.9507, 1850, 13, 157, S22T, , , , , S22T
1660405143, , 33.6611, -117.9507, 1850, 13, 157, S22T, , , , , S22T
1660405147, , 33.6636, -117.95, 1875, 14, 155, S22T, , , , , S22T
1660405147, , 33.6636, -117.95, 1875, 14, 155, S22T, , , , , S22T
1660405151, , 33.6657, -117.9492, 1925, 15, 152, S22T, , , , , S22T
1660405155, , 33.6691, -117.948, 1950, 17, 150, S22T, , , , , S22T
1660405155, , 33.6691, -117.948, 1950, 17, 150, S22T, , , , , S22T
1660405159, , 33.672, -117.9469, 2000, 19, 147, S22T, , , , , S22T
1660405159, , 33.672, -117.9469, 2000, 19, 147, S22T, , , , , S22T
1660405163, , 33.6743, -117.9459, 2025, 19, 146, S22T, , , , , S22T
1660405163, , 33.6743, -117.9459, 2025, 19, 146, S22T, , , , , S22T
1660405167, , 33.6768, -117.9448, 2075, 20, 142, S22T, , , , , S22T
1660405171, , 33.6792, -117.9438, 2150, 19, 139, S22T, , , , , S22T
1660405171, , 33.6792, -117.9438, 2150, 19, 139, S22T, , , , , S22T
1660405178, , 33.6835, -117.9419, 2225, 19, 139, S22T, , , , , S22T
1660405178, , 33.6835, -117.9419, 2225, 19, 139, S22T, , , , , S22T
1660405181, , 33.6846, -117.9415, 2250, 19, 139, S22T, , , , , S22T
1660405181, , 33.6846, -117.9415, 2250, 19, 139, S22T, , , , , S22T
1660405183, , 33.6867, -117.9406, 2275, 19, 140, S22T, , , , , S22T
1660405183, , 33.6867, -117.9406, 2275, 19, 140, S22T, , , , , S22T
1660405190, , 33.6906, -117.939, 2325, 19, 141, S22T, , , , , S22T
1660405193, , 33.6927, -117.938, 2350, 19, 141, S22T, , , , , S22T
1660405193, , 33.6927, -117.938, 2350, 19, 141, S22T, , , , , S22T
1660405196, , 33.694, -117.9375, 2375, 19, 142, S22T, , , , , S22T
1660405196, , 33.694, -117.9375, 2375, 19, 142, S22T, , , , , S22T
1660405199, , 33.6952, -117.937, 2400, 19, 142, S22T, , , , , S22T
1660405199, , 33.6952, -117.937, 2400, 19, 142, S22T, , , , , S22T
1660405203, , 33.699, -117.9354, 2450, 18, 142, S22T, , , , , S22T
1660405207, , 33.7017, -117.9344, 2475, 19, 142, S22T, , , , , S22T
1660405207, , 33.7017, -117.9344, 2475, 19, 142, S22T, , , , , S22T
1660405211, , 33.7037, -117.9337, 2500, 16, 144, S22T, , , , , S22T
1660405215, , 33.706, -117.9329, 2550, 16, 145, S22T, , , , , S22T
1660405215, , 33.706, -117.9329, 2550, 16, 145, S22T, , , , , S22T
1660405219, , 33.7093, -117.9317, 2575, 16, 145, S22T, , , , , S22T
1660405226, , 33.7136, -117.9303, 2650, 16, 149, S22T, , , , , S22T
1660405226, , 33.7136, -117.9303, 2650, 16, 149, S22T, , , , , S22T
1660405228, , 33.7142, -117.93, 2675, 16, 150, S22T, , , , , S22T
1660405228, , 33.7142, -117.93, 2675, 16, 150, S22T, , , , , S22T
1660405232, , 33.7181, -117.9286, 2700, 16, 150, S22T, , , , , S22T
1660405232, , 33.7181, -117.9286, 2700, 16, 150, S22T, , , , , S22T
1660405236, , 33.7193, -117.9282, 2725, 16, 146, S22T, , , , , S22T
1660405240, , 33.7228, -117.927, 2775, 16, 152, S22T, , , , , S22T
1660405240, , 33.7228, -117.927, 2775, 16, 152, S22T, , , , , S22T
1660405244, , 33.7255, -117.9261, 2800, 15, 153, S22T, , , , , S22T
1660405244, , 33.7255, -117.9261, 2800, 15, 153, S22T, , , , , S22T
1660405248, , 33.7289, -117.9251, 2825, 13, 154, S22T, , , , , S22T
1660405248, , 33.7289, -117.9251, 2825, 13, 154, S22T, , , , , S22T
1660405252, , 33.7321, -117.9243, 2875, 10, 155, S22T, , , , , S22T
1660405252, , 33.7321, -117.9243, 2875, 10, 155, S22T, , , , , S22T
1660405256, , 33.7339, -117.9239, 2900, 9, 156, S22T, , , , , S22T
1660405262, , 33.739, -117.923, 2950, 7, 157, S22T, , , , , S22T
1660405262, , 33.739, -117.923, 2950, 7, 157, S22T, , , , , S22T
1660405265, , 33.7411, -117.9227, 2975, 6, 158, S22T, , , , , S22T
1660405265, , 33.7411, -117.9227, 2975, 6, 158, S22T, , , , , S22T
1660405267, , 33.743, -117.9225, 3000, 6, 158, S22T, , , , , S22T
1660405267, , 33.743, -117.9225, 3000, 6, 158, S22T, , , , , S22T
1660405274, , 33.7475, -117.9219, 3050, 5, 158, S22T, , , , , S22T
1660405277, , 33.7498, -117.9216, 3075, 5, 159, S22T, , , , , S22T
1660405277, , 33.7498, -117.9216, 3075, 5, 159, S22T, , , , , S22T
1660405280, , 33.7521, -117.9213, 3100, 5, 159, S22T, , , , , S22T
1660405280, , 33.7521, -117.9213, 3100, 5, 159, S22T, , , , , S22T
1660417390, , 33.7497, -118.3891, 5475, 183, 158, S22T, , , , , S22T
1660417390, , 33.7497, -118.3891, 5475, 183, 158, S22T, , , , , S22T
1660417393, , 33.7472, -118.3893, 5475, 183, 158, S22T, , , , , S22T
1660417393, , 33.7472, -118.3893, 5475, 183, 158, S22T, , , , , S22T
1660417396, , 33.7451, -118.3895, 5475, 183, 158, S22T, , , , , S22T
1660417402, , 33.7407, -118.3898, 5475, 183, 158, S22T, , , , , S22T
1660417402, , 33.7407, -118.3898, 5475, 183, 158, S22T, , , , , S22T
1660417405, , 33.7387, -118.39, 5475, 183, 158, S22T, , , , , S22T
1660417405, , 33.7387, -118.39, 5475, 183, 158, S22T, , , , , S22T
1660417408, , 33.7365, -118.3901, 5475, 183, 158, S22T, , , , , S22T
1660417408, , 33.7365, -118.3901, 5475, 183, 158, S22T, , , , , S22T
1660417414, , 33.7323, -118.3905, 5475, 183, 158, S22T, , , , , S22T
1660417417, , 33.7303, -118.3906, 5475, 183, 158, S22T, , , , , S22T
1660417417, , 33.7303, -118.3906, 5475, 183, 158, S22T, , , , , S22T
1660417420, , 33.7277, -118.3908, 5475, 183, 158, S22T, , , , , S22T
1660417420, , 33.7277, -118.3908, 5475, 183, 158, S22T, , , , , S22T
1660417426, , 33.7234, -118.3911, 5475, 183, 157, S22T, , , , , S22T
1660417426, , 33.7234, -118.3911, 5475, 183, 157, S22T, , , , , S22T
1660417429, , 33.722, -118.3913, 5475, 183, 157, S22T, , , , , S22T
1660417432, , 33.7187, -118.3915, 5475, 183, 157, S22T, , , , , S22T
1660417432, , 33.7187, -118.3915, 5475, 183, 157, S22T, , , , , S22T
1660417438, , 33.7144, -118.3918, 5475, 183, 157, S22T, , , , , S22T
1660417438, , 33.7144, -118.3918, 5475, 183, 157, S22T, , , , , S22T
1660417441, , 33.7122, -118.392, 5475, 183, 157, S22T, , , , , S22T
1660417441, , 33.7122, -118.392, 5475, 183, 157, S22T, , , , , S22T
1660417444, , 33.7103, -118.3922, 5475, 183, 157, S22T, , , , , S22T
1660417450, , 33.7056, -118.3925, 5475, 183, 157, S22T, , , , , S22T
1660417450, , 33.7056, -118.3925, 5475, 183, 157, S22T, , , , , S22T
1660417453, , 33.7035, -118.3927, 5475, 183, 157, S22T, , , , , S22T
1660417453, , 33.7035, -118.3927, 5475, 183, 157, S22T, , , , , S22T
1660417455, , 33.7016, -118.3929, 5475, 183, 157, S22T, , , , , S22T
1660417455, , 33.7016, -118.3929, 5475, 183, 157, S22T, , , , , S22T
1660417462, , 33.6968, -118.3932, 5475, 183, 157, S22T, , , , , S22T
1660417465, , 33.6952, -118.3933, 5475, 183, 157, S22T, , , , , S22T
1660417465, , 33.6952, -118.3933, 5475, 183, 157, S22T, , , , , S22T
1660417468, , 33.6923, -118.3935, 5475, 183, 157, S22T, , , , , S22T
1660417468, , 33.6923, -118.3935, 5475, 183, 157, S22T, , , , , S22T
1660417474, , 33.6881, -118.3939, 5475, 183, 157, S22T, , , , , S22T
1660417474, , 33.6881, -118.3939, 5475, 183, 157, S22T, , , , , S22T
1660417477, , 33.6859, -118.3941, 5475, 183, 156, S22T, , , , , S22T
1660417480, , 33.6838, -118.3942, 5475, 183, 156, S22T, , , , , S22T
1660417480, , 33.6838, -118.3942, 5475, 183, 156, S22T, , , , , S22T
1660417486, , 33.6794, -118.3946, 5475, 183, 156, S22T, , , , , S22T
1660417486, , 33.6794, -118.3946, 5475, 183, 156, S22T, , , , , S22T
1660417489, , 33.6773, -118.3947, 5475, 183, 156, S22T, , , , , S22T
1660417489, , 33.6773, -118.3947, 5475, 183, 156, S22T, , , , , S22T
1660417492, , 33.6751, -118.3949, 5475, 183, 156, S22T, , , , , S22T
1660417498, , 33.6708, -118.3952, 5475, 183, 156, S22T, , , , , S22T
1660417498, , 33.6708, -118.3952, 5475, 183, 156, S22T, , , , , S22T
1660417501, , 33.6685, -118.3954, 5475, 183, 156, S22T, , , , , S22T
1660417501, , 33.6685, -118.3954, 5475, 183, 156, S22T, , , , , S22T
1660417504, , 33.6662, -118.3956, 5475, 183, 156, S22T, , , , , S22T
1660417504, , 33.6662, -118.3956, 5475, 183, 156, S22T, , , , , S22T
1660417510, , 33.6622, -118.3959, 5475, 183, 156, S22T, , , , , S22T
1660417513, , 33.66, -118.3961, 5475, 183, 156, S22T, , , , , S22T
1660417513, , 33.66, -118.3961, 5475, 183, 156, S22T, , , , , S22T
1660417516, , 33.6576, -118.3962, 5475, 183, 156, S22T, , , , , S22T
1660417516, , 33.6576, -118.3962, 5475, 183, 156, S22T, , , , , S22T
1660417522, , 33.655, -118.3965, 5475, 185, 156, S22T, , , , , S22T
1660417522, , 33.655, -118.3965, 5475, 185, 156, S22T, , , , , S22T
1660417522, , 33.655, -118.3965, 5475, 185, 156, S22T, , , , , S22T
1660417526, , 33.6506, -118.397, 5475, 186, 155, S22T, , , , , S22T
1660417526, , 33.6506, -118.397, 5475, 186, 155, S22T, , , , , S22T
1660417532, , 33.6471, -118.3975, 5475, 185, 155, S22T, , , , , S22T
1660417532, , 33.6471, -118.3975, 5475, 185, 155, S22T, , , , , S22T
1660417538, , 33.6417, -118.3981, 5475, 186, 155, S22T, , , , , S22T
1660417538, , 33.6417, -118.3981, 5475, 186, 155, S22T, , , , , S22T
1660417540, , 33.6404, -118.3983, 5475, 186, 155, S22T, , , , , S22T
1660417544, , 33.6381, -118.3987, 5475, 186, 155, S22T, , , , , S22T
1660417544, , 33.6381, -118.3987, 5475, 186, 155, S22T, , , , , S22T
1660417549, , 33.6342, -118.3991, 5475, 186, 155, S22T, , , , , S22T
1660417549, , 33.6342, -118.3991, 5475, 186, 155, S22T, , , , , S22T
1660417549, , 33.6342, -118.3991, 5475, 186, 155, S22T, , , , , S22T
1660417549, , 33.6342, -118.3991, 5475, 186, 155, S22T, , , , , S22T
1660417549, , 33.6342, -118.3991, 5475, 186, 155, S22T, , , , , S22T
1660417562, , 33.6246, -118.4004, 5475, 186, 155, S22T, , , , , S22T
1660417562, , 33.6246, -118.4004, 5475, 186, 155, S22T, , , , , S22T
1660417565, , 33.6227, -118.4007, 5475, 186, 156, S22T, , , , , S22T
1660417565, , 33.6227, -118.4007, 5475, 186, 156, S22T, , , , , S22T
1660417568, , 33.6207, -118.4009, 5475, 187, 155, S22T, , , , , S22T
1660417568, , 33.6207, -118.4009, 5475, 187, 155, S22T, , , , , S22T
1660417574, , 33.616, -118.4018, 5475, 190, 155, S22T, , , , , S22T
1660417577, , 33.6149, -118.4021, 5475, 190, 155, S22T, , , , , S22T
1660417577, , 33.6149, -118.4021, 5475, 190, 155, S22T, , , , , S22T
1660417580, , 33.6117, -118.4028, 5475, 190, 155, S22T, , , , , S22T
1660417580, , 33.6117, -118.4028, 5475, 190, 155, S22T, , , , , S22T
1660417586, , 33.6075, -118.4038, 5475, 192, 155, S22T, , , , , S22T
1660417586, , 33.6075, -118.4038, 5475, 192, 155, S22T, , , , , S22T
1660417589, , 33.6057, -118.4043, 5475, 192, 155, S22T, , , , , S22T
1660417592, , 33.6034, -118.4049, 5475, 192, 155, S22T, , , , , S22T
1660417592, , 33.6034, -118.4049, 5475, 192, 155, S22T, , , , , S22T
1660417598, , 33.599, -118.4061, 5475, 193, 155, S22T, , , , , S22T
1660417598, , 33.599, -118.4061, 5475, 193, 155, S22T, , , , , S22T
1660417601, , 33.5971, -118.4066, 5450, 193, 155, S22T, , , , , S22T
1660417604, , 33.5953, -118.4071, 5450, 192, 156, S22T, , , , , S22T
1660417604, , 33.5953, -118.4071, 5450, 192, 156, S22T, , , , , S22T
1660417610, , 33.5907, -118.4084, 5400, 193, 158, S22T, , , , , S22T
1660417610, , 33.5907, -118.4084, 5400, 193, 158, S22T, , , , , S22T
1660417613, , 33.5893, -118.4088, 5375, 193, 158, S22T, , , , , S22T
1660417613, , 33.5893, -118.4088, 5375, 193, 158, S22T, , , , , S22T
1660417616, , 33.5865, -118.4096, 5350, 193, 159, S22T, , , , , S22T
1660417622, , 33.5821, -118.4108, 5300, 193, 159, S22T, , , , , S22T
1660417622, , 33.5821, -118.4108, 5300, 193, 159, S22T, , , , , S22T
1660417625, , 33.5798, -118.4114, 5250, 193, 159, S22T, , , , , S22T
1660417625, , 33.5798, -118.4114, 5250, 193, 159, S22T, , , , , S22T
1660417628, , 33.5776, -118.412, 5225, 193, 159, S22T, , , , , S22T
1660417628, , 33.5776, -118.412, 5225, 193, 159, S22T, , , , , S22T
1660417634, , 33.5736, -118.4132, 5175, 193, 159, S22T, , , , , S22T
1660417637, , 33.5713, -118.4138, 5150, 194, 159, S22T, , , , , S22T
1660417637, , 33.5713, -118.4138, 5150, 194, 159, S22T, , , , , S22T
1660417640, , 33.5697, -118.4143, 5100, 194, 159, S22T, , , , , S22T
1660417640, , 33.5697, -118.4143, 5100, 194, 159, S22T, , , , , S22T
1660417646, , 33.5649, -118.416, 5050, 197, 158, S22T, , , , , S22T
1660417646, , 33.5649, -118.416, 5050, 197, 158, S22T, , , , , S22T
1660417649, , 33.5632, -118.4166, 5025, 196, 157, S22T, , , , , S22T
1660417652, , 33.5606, -118.4176, 5000, 196, 157, S22T, , , , , S22T
1660417652, , 33.5606, -118.4176, 5000, 196, 157, S22T, , , , , S22T
1660417658, , 33.5567, -118.4191, 4925, 197, 156, S22T, , , , , S22T
1660417658, , 33.5567, -118.4191, 4925, 197, 156, S22T, , , , , S22T
1660417661, , 33.5544, -118.4199, 4900, 197, 157, S22T, , , , , S22T
1660417664, , 33.5525, -118.4207, 4875, 199, 156, S22T, , , , , S22T
1660417664, , 33.5525, -118.4207, 4875, 199, 156, S22T, , , , , S22T
1660417670, , 33.5481, -118.4225, 4800, 200, 156, S22T, , , , , S22T
1660417670, , 33.5481, -118.4225, 4800, 200, 156, S22T, , , , , S22T
1660417673, , 33.5462, -118.4234, 4775, 200, 156, S22T, , , , , S22T
1660417673, , 33.5462, -118.4234, 4775, 200, 156, S22T, , , , , S22T
1660417676, , 33.5444, -118.4243, 4750, 200, 156, S22T, , , , , S22T
1660417680, , 33.5417, -118.4254, 4700, 200, 156, S22T, , , , , S22T
1660417680, , 33.5417, -118.4254, 4700, 200, 156, S22T, , , , , S22T
1660417686, , 33.5382, -118.427, 4650, 200, 156, S22T, , , , , S22T
1660417686, , 33.5382, -118.427, 4650, 200, 156, S22T, , , , , S22T
1660417689, , 33.5355, -118.4282, 4625, 200, 155, S22T, , , , , S22T
1660417689, , 33.5355, -118.4282, 4625, 200, 155, S22T, , , , , S22T
1660417692, , 33.5335, -118.4291, 4600, 200, 155, S22T, , , , , S22T
1660417698, , 33.5299, -118.4308, 4525, 201, 155, S22T, , , , , S22T
1660417698, , 33.5299, -118.4308, 4525, 201, 155, S22T, , , , , S22T
1660417701, , 33.5292, -118.4311, 4500, 201, 155, S22T, , , , , S22T
1660417701, , 33.5292, -118.4311, 4500, 201, 155, S22T, , , , , S22T
1660417704, , 33.5254, -118.4328, 4475, 201, 155, S22T, , , , , S22T
1660417704, , 33.5254, -118.4328, 4475, 201, 155, S22T, , , , , S22T
1660417709, , 33.522, -118.4344, 4425, 201, 155, S22T, , , , , S22T
1660417712, , 33.5198, -118.4355, 4400, 201, 155, S22T, , , , , S22T
1660417712, , 33.5198, -118.4355, 4400, 201, 155, S22T, , , , , S22T
1660417716, , 33.5173, -118.4366, 4350, 201, 155, S22T, , , , , S22T
1660417716, , 33.5173, -118.4366, 4350, 201, 155, S22T, , , , , S22T
1660417722, , 33.5136, -118.4383, 4300, 201, 154, S22T, , , , , S22T
1660417722, , 33.5136, -118.4383, 4300, 201, 154, S22T, , , , , S22T
1660417725, , 33.5119, -118.4391, 4250, 201, 153, S22T, , , , , S22T
1660417728, , 33.5094, -118.4404, 4225, 203, 154, S22T, , , , , S22T
1660417728, , 33.5094, -118.4404, 4225, 203, 154, S22T, , , , , S22T
1660417734, , 33.5054, -118.4425, 4150, 204, 153, S22T, , , , , S22T
1660417734, , 33.5054, -118.4425, 4150, 204, 153, S22T, , , , , S22T
1660417737, , 33.5037, -118.4434, 4125, 204, 153, S22T, , , , , S22T
1660417737, , 33.5037, -118.4434, 4125, 204, 153, S22T, , , , , S22T
1660417740, , 33.5017, -118.4445, 4075, 205, 153, S22T, , , , , S22T
1660417746, , 33.4978, -118.4468, 4000, 207, 154, S22T, , , , , S22T
1660417746, , 33.4978, -118.4468, 4000, 207, 154, S22T, , , , , S22T
1660417748, , 33.4964, -118.4478, 3975, 210, 154, S22T, , , , , S22T
1660417748, , 33.4964, -118.4478, 3975, 210, 154, S22T, , , , , S22T
1660417752, , 33.4941, -118.4495, 3950, 211, 154, S22T, , , , , S22T
1660417752, , 33.4941, -118.4495, 3950, 211, 154, S22T, , , , , S22T
1660417757, , 33.491, -118.4516, 3875, 210, 154, S22T, , , , , S22T
1660417761, , 33.4891, -118.453, 3825, 211, 155, S22T, , , , , S22T
1660417761, , 33.4891, -118.453, 3825, 211, 155, S22T, , , , , S22T
1660417764, , 33.4867, -118.4548, 3800, 211, 155, S22T, , , , , S22T
1660417764, , 33.4867, -118.4548, 3800, 211, 155, S22T, , , , , S22T
1660417770, , 33.4837, -118.457, 3725, 211, 155, S22T, , , , , S22T
1660417770, , 33.4837, -118.457, 3725, 211, 155, S22T, , , , , S22T
1660417773, , 33.4811, -118.4588, 3700, 211, 155, S22T, , , , , S22T
1660417776, , 33.4803, -118.4594, 3675, 211, 154, S22T, , , , , S22T
1660417776, , 33.4803, -118.4594, 3675, 211, 154, S22T, , , , , S22T
1660417781, , 33.476, -118.4627, 3600, 214, 154, S22T, , , , , S22T
1660417781, , 33.476, -118.4627, 3600, 214, 154, S22T, , , , , S22T
1660417784, , 33.4743, -118.4642, 3575, 214, 154, S22T, , , , , S22T
1660417784, , 33.4743, -118.4642, 3575, 214, 154, S22T, , , , , S22T
1660417790, , 33.471, -118.4667, 3500, 214, 154, S22T, , , , , S22T
1660417793, , 33.469, -118.4685, 3475, 214, 153, S22T, , , , , S22T
1660417793, , 33.469, -118.4685, 3475, 214, 153, S22T, , , , , S22T
1660417796, , 33.4674, -118.4698, 3425, 214, 153, S22T, , , , , S22T
1660417796, , 33.4674, -118.4698, 3425, 214, 153, S22T, , , , , S22T
1660417802, , 33.4636, -118.473, 3350, 214, 153, S22T, , , , , S22T
1660417802, , 33.4636, -118.473, 3350, 214, 153, S22T, , , , , S22T
1660417805, , 33.4618, -118.4744, 3325, 214, 153, S22T, , , , , S22T
1660417808, , 33.4603, -118.4756, 3275, 214, 153, S22T, , , , , S22T
1660417808, , 33.4603, -118.4756, 3275, 214, 153, S22T, , , , , S22T
1660417814, , 33.4567, -118.4785, 3225, 213, 152, S22T, , , , , S22T
1660417814, , 33.4567, -118.4785, 3225, 213, 152, S22T, , , , , S22T
1660417817, , 33.4547, -118.4801, 3175, 213, 152, S22T, , , , , S22T
1660417820, , 33.4536, -118.481, 3150, 213, 152, S22T, , , , , S22T
1660417820, , 33.4536, -118.481, 3150, 213, 152, S22T, , , , , S22T
1660417823, , 33.4512, -118.4829, 3125, 213, 153, S22T, , , , , S22T
1660417823, , 33.4512, -118.4829, 3125, 213, 153, S22T, , , , , S22T
1660417829, , 33.4476, -118.4856, 3050, 211, 153, S22T, , , , , S22T
1660417829, , 33.4476, -118.4856, 3050, 211, 153, S22T, , , , , S22T
1660417832, , 33.4458, -118.4869, 3025, 209, 153, S22T, , , , , S22T
1660417835, , 33.4442, -118.4879, 2975, 207, 152, S22T, , , , , S22T
1660417835, , 33.4442, -118.4879, 2975, 207, 152, S22T, , , , , S22T
1660417841, , 33.44, -118.49, 2925, 197, 149, S22T, , , , , S22T
1660417841, , 33.44, -118.49, 2925, 197, 149, S22T, , , , , S22T
1660417844, , 33.4382, -118.4903, 2925, 188, 146, S22T, , , , , S22T
1660417844, , 33.4382, -118.4903, 2925, 188, 146, S22T, , , , , S22T
1660417847, , 33.4359, -118.4902, 2925, 182, 145, S22T, , , , , S22T
1660417853, , 33.4337, -118.4896, 2900, 157, 140, S22T, , , , , S22T
1660417855, , 33.4321, -118.4886, 2900, 157, 140, S22T, , , , , S22T
1660417855, , 33.4321, -118.4886, 2900, 157, 140, S22T, , , , , S22T
1660417859, , 33.43, -118.4865, 2850, 128, 140, S22T, , , , , S22T
1660417859, , 33.43, -118.4865, 2850, 128, 140, S22T, , , , , S22T
1660417865, , 33.4279, -118.4812, 2750, 111, 140, S22T, , , , , S22T
1660417865, , 33.4279, -118.4812, 2750, 111, 140, S22T, , , , , S22T
1660417865, , 33.4279, -118.4812, 2750, 111, 140, S22T, , , , , S22T
1660417871, , 33.4271, -118.4774, 2750, 103, 137, S22T, , , , , S22T
1660417871, , 33.4271, -118.4774, 2750, 103, 137, S22T, , , , , S22T
1660417877, , 33.426, -118.4725, 2725, 104, 135, S22T, , , , , S22T
1660417877, , 33.426, -118.4725, 2725, 104, 135, S22T, , , , , S22T
1660417880, , 33.4255, -118.4705, 2700, 105, 135, S22T, , , , , S22T
1660417880, , 33.4255, -118.4705, 2700, 105, 135, S22T, , , , , S22T
1660417883, , 33.4251, -118.469, 2700, 108, 132, S22T, , , , , S22T
1660417889, , 33.4236, -118.4641, 2675, 110, 132, S22T, , , , , S22T
1660417889, , 33.4236, -118.4641, 2675, 110, 132, S22T, , , , , S22T
1660417893, , 33.423, -118.462, 2650, 111, 132, S22T, , , , , S22T
1660417893, , 33.423, -118.462, 2650, 111, 132, S22T, , , , , S22T
1660417895, , 33.4223, -118.46, 2650, 111, 132, S22T, , , , , S22T
1660417895, , 33.4223, -118.46, 2650, 111, 132, S22T, , , , , S22T
1660417901, , 33.4212, -118.457, 2625, 111, 132, S22T, , , , , S22T
1660417904, , 33.4203, -118.454, 2600, 108, 131, S22T, , , , , S22T
1660417904, , 33.4203, -118.454, 2600, 108, 131, S22T, , , , , S22T
1660417907, , 33.4199, -118.4523, 2600, 106, 132, S22T, , , , , S22T
1660417907, , 33.4199, -118.4523, 2600, 106, 132, S22T, , , , , S22T
1660417913, , 33.4194, -118.4478, 2575, 92, 131, S22T, , , , , S22T
1660417916, , 33.4195, -118.4454, 2575, 85, 131, S22T, , , , , S22T
1660417916, , 33.4195, -118.4454, 2575, 85, 131, S22T, , , , , S22T
1660417920, , 33.42, -118.4424, 2550, 74, 130, S22T, , , , , S22T
1660417920, , 33.42, -118.4424, 2550, 74, 130, S22T, , , , , S22T
1660417926, , 33.4214, -118.4386, 2550, 61, 129, S22T, , , , , S22T
1660417926, , 33.4214, -118.4386, 2550, 61, 129, S22T, , , , , S22T
1660417929, , 33.4224, -118.4367, 2550, 58, 129, S22T, , , , , S22T
1660417929, , 33.4224, -118.4367, 2550, 58, 129, S22T, , , , , S22T
1660417929, , 33.4224, -118.4367, 2550, 58, 129, S22T, , , , , S22T
1660417937, , 33.4256, -118.4323, 2550, 44, 126, S22T, , , , , S22T
1660417937, , 33.4256, -118.4323, 2550, 44, 126, S22T, , , , , S22T
1660417940, , 33.4266, -118.4312, 2550, 42, 126, S22T, , , , , S22T
1660417940, , 33.4266, -118.4312, 2550, 42, 126, S22T, , , , , S22T
1660417943, , 33.4279, -118.4299, 2550, 42, 125, S22T, , , , , S22T
1660417949, , 33.4305, -118.4272, 2600, 40, 114, S22T, , , , , S22T
1660417949, , 33.4305, -118.4272, 2600, 40, 114, S22T, , , , , S22T
1660417952, , 33.4318, -118.4259, 2600, 39, 108, S22T, , , , , S22T
1660417952, , 33.4318, -118.4259, 2600, 39, 108, S22T, , , , , S22T
1660417954, , 33.4325, -118.4252, 2600, 39, 107, S22T, , , , , S22T
1660417954, , 33.4325, -118.4252, 2600, 39, 107, S22T, , , , , S22T
1660417958, , 33.434, -118.4237, 2575, 41, 106, S22T, , , , , S22T
1660417958, , 33.434, -118.4237, 2575, 41, 106, S22T, , , , , S22T
1660417962, , 33.4353, -118.4219, 2525, 48, 106, S22T, , , , , S22T
1660417970, , 33.4365, -118.4181, 2475, 81, 101, S22T, , , , , S22T
1660417970, , 33.4365, -118.4181, 2475, 81, 101, S22T, , , , , S22T
1660417972, , 33.4365, -118.417, 2475, 82, 100, S22T, , , , , S22T
1660417972, , 33.4365, -118.417, 2475, 82, 100, S22T, , , , , S22T
1660417977, , 33.4362, -118.4143, 2450, 104, 97, S22T, , , , , S22T
1660417979, , 33.4359, -118.4131, 2425, 107, 97, S22T, , , , , S22T
1660417979, , 33.4359, -118.4131, 2425, 107, 97, S22T, , , , , S22T
1660417985, , 33.4348, -118.4104, 2375, 118, 99, S22T, , , , , S22T
1660417985, , 33.4348, -118.4104, 2375, 118, 99, S22T, , , , , S22T
1660417989, , 33.4339, -118.4084, 2350, 124, 99, S22T, , , , , S22T
1660417989, , 33.4339, -118.4084, 2350, 124, 99, S22T, , , , , S22T
1660417992, , 33.433, -118.4071, 2325, 126, 98, S22T, , , , , S22T
1660417998, , 33.4315, -118.4052, 2300, 133, 98, S22T, , , , , S22T
1660417998, , 33.4315, -118.4052, 2300, 133, 98, S22T, , , , , S22T
1660418000, , 33.4303, -118.4036, 2275, 135, 98, S22T, , , , , S22T
1660418000, , 33.4303, -118.4036, 2275, 135, 98, S22T, , , , , S22T
1660418004, , 33.4299, -118.4032, 2275, 137, 95, S22T, , , , , S22T
1660418004, , 33.4299, -118.4032, 2275, 137, 95, S22T, , , , , S22T
1660418009, , 33.4276, -118.4008, 2275, 143, 88, S22T, , , , , S22T
1660418012, , 33.4264, -118.3999, 2275, 147, 84, S22T, , , , , S22T
1660418012, , 33.4264, -118.3999, 2275, 147, 84, S22T, , , , , S22T
1660418014, , 33.4258, -118.3995, 2275, 148, 83, S22T, , , , , S22T
1660418014, , 33.4258, -118.3995, 2275, 148, 83, S22T, , , , , S22T
1660418022, , 33.4235, -118.3986, 2200, 175, 84, S22T, , , , , S22T
1660418022, , 33.4235, -118.3986, 2200, 175, 84, S22T, , , , , S22T
1660418026, , 33.4211, -118.3986, 2175, 185, 84, S22T, , , , , S22T
1660418029, , 33.4203, -118.3987, 2150, 188, 85, S22T, , , , , S22T
1660418029, , 33.4203, -118.3987, 2150, 188, 85, S22T, , , , , S22T
1660418032, , 33.4188, -118.3991, 2100, 191, 86, S22T, , , , , S22T
1660418032, , 33.4188, -118.3991, 2100, 191, 86, S22T, , , , , S22T
1660418038, , 33.4166, -118.3999, 2025, 201, 87, S22T, , , , , S22T
1660418038, , 33.4166, -118.3999, 2025, 201, 87, S22T, , , , , S22T
1660418041, , 33.4155, -118.4005, 1975, 207, 86, S22T, , , , , S22T
1660418041, , 33.4155, -118.4005, 1975, 207, 86, S22T, , , , , S22T
1660418044, , 33.4148, -118.401, 1925, 212, 87, S22T, , , , , S22T
1660418049, , 33.413, -118.4026, 1850, 220, 90, S22T, , , , , S22T
1660418049, , 33.413, -118.4026, 1850, 220, 90, S22T, , , , , S22T
1660418053, , 33.4118, -118.4042, 1750, 229, 90, S22T, , , , , S22T
1660418053, , 33.4118, -118.4042, 1750, 229, 90, S22T, , , , , S22T
1660418057, , 33.4112, -118.405, 1675, 233, 90, S22T, , , , , S22T
1660418057, , 33.4112, -118.405, 1675, 233, 90, S22T, , , , , S22T
1660418061, , 33.4099, -118.4075, 1600, 237, 90, S22T, , , , , S22T
1660418064, , 33.4091, -118.4087, 1550, 234, 89, S22T, , , , , S22T
1660418064, , 33.4091, -118.4087, 1550, 234, 89, S22T, , , , , S22T
1660418070, , 33.4078, -118.411, 1500, 235, 83, S22T, , , , , S22T
1660418070, , 33.4078, -118.411, 1500, 235, 83, S22T, , , , , S22T
1660418072, , 33.4072, -118.412, 1475, 235, 81, S22T, , , , , S22T
1660418072, , 33.4072, -118.412, 1475, 235, 81, S22T, , , , , S22T
1660418076, , 33.407, -118.4124, 1450, 235, 76, S22T, , , , , S22T
1660418079, , 33.4059, -118.4142, 1450, 235, 66, S22T, , , , , S22T
1660418079, , 33.4059, -118.4142, 1450, 235, 66, S22T, , , , , S22T
1660418084, , 33.4056, -118.4148, 1475, 235, 56, S22T, , , , , S22T
1660418084, , 33.4056, -118.4148, 1475, 235, 56, S22T, , , , , S22T
1660418088, , 33.4047, -118.4164, 1475, 235, 47, S22T, , , , , S22T
1660418088, , 33.4047, -118.4164, 1475, 235, 47, S22T, , , , , S22T
1660418094, , 33.4042, -118.4173, 0, 225, 19, S22T, , , , , S22T
1660418097, , 33.4041, -118.4174, 0, 199, 7, S22T, , , , , S22T
1660418097, , 33.4041, -118.4174, 0, 199, 7, S22T, , , , , S22T
1660418099, , 33.404, -118.4174, 0, 123, 5, S22T, , , , , S22T
1660418099, , 33.404, -118.4174, 0, 123, 5, S22T, , , , , S22T
1660418103, , 33.404, -118.4172, 0, 104, 5, S22T, , , , , S22T
1660418103, , 33.404, -118.4172, 0, 104, 5, S22T, , , , , S22T
1660418109, , 33.4039, -118.4171, 0, 115, 7, S22T, , , , , S22T
1660418110, , 33.4038, -118.417, 0, 112, 7, S22T, , , , , S22T
1660418110, , 33.4038, -118.417, 0, 112, 7, S22T, , , , , S22T
1660418110, , 33.4038, -118.417, 0, 112, 7, S22T, , , , , S22T
1660418110, , 33.4038, -118.417, 0, 112, 7, S22T, , , , , S22T
1660418110, , 33.4038, -118.417, 0, 112, 7, S22T, , , , , S22T
1660418110, , 33.4038, -118.417, 0, 112, 7, S22T, , , , , S22T
1660418110, , 33.4038, -118.417, 0, 112, 7, S22T, , , , , S22T
1660418130, , 33.4035, -118.4164, 0, 106, 7, S22T, , , , , S22T
1660418130, , 33.4035, -118.4164, 0, 106, 7, S22T, , , , , S22T
1660418134, , 33.4034, -118.4162, 0, 106, 6, S22T, , , , , S22T
1660418134, , 33.4034, -118.4162, 0, 106, 6, S22T, , , , , S22T
1660418137, , 33.4034, -118.4161, 0, 95, 6, S22T, , , , , S22T
1660418137, , 33.4034, -118.4161, 0, 95, 6, S22T, , , , , S22T
1660418137, , 33.4034, -118.4161, 0, 95, 6, S22T, , , , , S22T
1660418145, , 33.4034, -118.4158, 0, 67, 6, S22T, , , , , S22T
1660418145, , 33.4034, -118.4158, 0, 67, 6, S22T, , , , , S22T
1660418145, , 33.4034, -118.4158, 0, 67, 6, S22T, , , , , S22T
1660418145, , 33.4034, -118.4158, 0, 67, 6, S22T, , , , , S22T
1660418145, , 33.4034, -118.4158, 0, 67, 6, S22T, , , , , S22T
1660418145, , 33.4034, -118.4158, 0, 67, 6, S22T, , , , , S22T
1660418145, , 33.4034, -118.4158, 0, 67, 6, S22T, , , , , S22T
1660418145, , 33.4034, -118.4158, 0, 67, 6, S22T, , , , , S22T
1660418145, , 33.4034, -118.4158, 0, 67, 6, S22T, , , , , S22T
1660418145, , 33.4034, -118.4158, 0, 67, 6, S22T, , , , , S22T
1660418145, , 33.4034, -118.4158, 0, 67, 6, S22T, , , , , S22T
1660418168, , 33.4037, -118.4152, 0, 42, 7, S22T, , , , , S22T
1660418168, , 33.4037, -118.4152, 0, 42, 7, S22T, , , , , S22T
1660418171, , 33.4038, -118.4151, 0, 42, 7, S22T, , , , , S22T
1660418175, , 33.4039, -118.415, 0, 22, 6, S22T, , , , , S22T
1660418175, , 33.4039, -118.415, 0, 22, 6, S22T, , , , , S22T
1660418175, , 33.4039, -118.415, 0, 22, 6, S22T, , , , , S22T
1660418175, , 33.4039, -118.415, 0, 22, 6, S22T, , , , , S22T
1660418184, , 33.4041, -118.415, 0, 345, 6, S22T, , , , , S22T
1660418184, , 33.4041, -118.415, 0, 345, 6, S22T, , , , , S22T
1660418190, , 33.4042, -118.415, 0, 340, 4, S22T, , , , , S22T
1660418192, , 33.4042, -118.415, 0, 334, 3, S22T, , , , , S22T
1660418192, , 33.4042, -118.415, 0, 334, 3, S22T, , , , , S22T
1660418197, , 33.4043, -118.415, 0, 292, 2, S22T, , , , , S22T
1660418197, , 33.4043, -118.415, 0, 292, 2, S22T, , , , , S22T
1660418202, , 33.4043, -118.4151, 0, 244, 1, S22T, , , , , S22T
1660418202, , 33.4043, -118.4151, 0, 244, 1, S22T, , , , , S22T
1660418202, , 33.4043, -118.4151, 0, 244, 1, S22T, , , , , S22T
1660418209, , 33.4043, -118.4151, 0, 196, 1, S22T, , , , , S22T
1660418209, , 33.4043, -118.4151, 0, 196, 1, S22T, , , , , S22T
1660418213, , 33.4042, -118.4151, 0, 157, 1, S22T, , , , , S22T
1660418213, , 33.4042, -118.4151, 0, 157, 1, S22T, , , , , S22T
1660418215, , 33.4042, -118.4151, 0, 126, 1, S22T, , , , , S22T
1660418215, , 33.4042, -118.4151, 0, 126, 1, S22T, , , , , S22T
1660418215, , 33.4042, -118.4151, 0, 126, 1, S22T, , , , , S22T
1660418215, , 33.4042, -118.4151, 0, 126, 1, S22T, , , , , S22T
1660418215, , 33.4042, -118.4151, 0, 126, 1, S22T, , , , , S22T
1660418215, , 33.4042, -118.4151, 0, 126, 1, S22T, , , , , S22T
1660418215, , 33.4042, -118.4151, 0, 126, 1, S22T, , , , , S22T
1660418215, , 33.4042, -118.4151, 0, 126, 1, S22T, , , , , S22T
1660418215, , 33.4042, -118.4151, 0, 126, 1, S22T, , , , , S22T
1660418235, , 33.4042, -118.4151, 0, 87, 0, S22T, , , , , S22T
1660418235, , 33.4042, -118.4151, 0, 87, 0, S22T, , , , , S22T
1660418235, , 33.4042, -118.4151, 0, 87, 0, S22T, , , , , S22T
1660418235, , 33.4042, -118.4151, 0, 87, 0, S22T, , , , , S22T
1660418235, , 33.4042, -118.4151, 0, 87, 0, S22T, , , , , S22T
1660418235, , 33.4042, -118.4151, 0, 87, 0, S22T, , , , , S22T
1660418235, , 33.4042, -118.4151, 0, 87, 0, S22T, , , , , S22T
1660418235, , 33.4042, -118.4151, 0, 87, 0, S22T, , , , , S22T
1660418235, , 33.4042, -118.4151, 0, 87, 0, S22T, , , , , S22T
1660418235, , 33.4042, -118.4151, 0, 87, 0, S22T, , , , , S22T
1660418235, , 33.4042, -118.4151, 0, 87, 0, S22T, , , , , S22T
1660418235, , 33.4042, -118.4151, 0, 87, 0, S22T, , , , , S22T
1660418235, , 33.4042, -118.4151, 0, 87, 0, S22T, , , , , S22T
1660418235, , 33.4042, -118.4151, 0, 87, 0, S22T, , , , , S22T
1660418235, , 33.4042, -118.4151, 0, 87, 0, S22T, , , , , S22T
1660418235, , 33.4042, -118.4151, 0, 87, 0, S22T, , , , , S22T
1660418235, , 33.4042, -118.4151, 0, 87, 0, S22T, , , , , S22T
1660418235, , 33.4042, -118.4151, 0, 87, 0, S22T, , , , , S22T
1660418235, , 33.4042, -118.4151, 0, 87, 0, S22T, , , , , S22T
1660418235, , 33.4042, -118.4151, 0, 87, 0, S22T, , , , , S22T
1660418235, , 33.4042, -118.4151, 0, 87, 0, S22T, , , , , S22T
1660418235, , 33.4042, -118.4151, 0, 87, 0, S22T, , , , , S22T
1660418235, , 33.4042, -118.4151, 0, 87, 0, S22T, , , , , S22T
1660418235, , 33.4042, -118.4151, 0, 87, 0, S22T, , , , , S22T
1660418235, , 33.4042, -118.4151, 0, 87, 0, S22T, , , , , S22T
1660418235, , 33.4042, -118.4151, 0, 87, 0, S22T, , , , , S22T
1660418235, , 33.4042, -118.4151, 0, 87, 0, S22T, , , , , S22T
1660418235, , 33.4042, -118.4151, 0, 87, 0, S22T, , , , , S22T
1660418235, , 33.4042, -118.4151, 0, 87, 0, S22T, , , , , S22T
1660418235, , 33.4042, -118.4151, 0, 87, 0, S22T, , , , , S22T
1660418235, , 33.4042, -118.4151, 0, 87, 0, S22T, , , , , S22T
1660418235, , 33.4042, -118.4151, 0, 87, 0, S22T, , , , , S22T
1660418235, , 33.4042, -118.4151, 0, 87, 0, S22T, , , , , S22T
1660418235, , 33.4042, -118.4151, 0, 87, 0, S22T, , , , , S22T
1660418235, , 33.4042, -118.4151, 0, 87, 0, S22T, , , , , S22T
1660418235, , 33.4042, -118.4151, 0, 87, 0, S22T, , , , , S22T
1660418235, , 33.4042, -118.4151, 0, 87, 0, S22T, , , , , S22T
1660422272, , 33.4046, -118.4151, 0, 337, 1, S22T, , , , , S22T
1660422272, , 33.4046, -118.4151, 0, 337, 1, S22T, , , , , S22T
1660422272, , 33.4046, -118.4151, 0, 337, 1, S22T, , , , , S22T
1660422272, , 33.4046, -118.4151, 0, 337, 1, S22T, , , , , S22T
1660422295, , 33.4047, -118.4151, 0, 334, 3, S22T, , , , , S22T
1660422295, , 33.4047, -118.4151, 0, 334, 3, S22T, , , , , S22T
1660422295, , 33.4047, -118.4151, 0, 334, 3, S22T, , , , , S22T
1660422295, , 33.4047, -118.4151, 0, 334, 3, S22T, , , , , S22T
1660422295, , 33.4047, -118.4151, 0, 334, 3, S22T, , , , , S22T
1660422295, , 33.4047, -118.4151, 0, 334, 3, S22T, , , , , S22T
1660422295, , 33.4047, -118.4151, 0, 334, 3, S22T, , , , , S22T
1660422295, , 33.4047, -118.4151, 0, 334, 3, S22T, , , , , S22T
1660422295, , 33.4047, -118.4151, 0, 334, 3, S22T, , , , , S22T
1660422295, , 33.4047, -118.4151, 0, 334, 3, S22T, , , , , S22T
1660422295, , 33.4047, -118.4151, 0, 334, 3, S22T, , , , , S22T
1660422295, , 33.4047, -118.4151, 0, 334, 3, S22T, , , , , S22T
1660422295, , 33.4047, -118.4151, 0, 334, 3, S22T, , , , , S22T
1660422295, , 33.4047, -118.4151, 0, 334, 3, S22T, , , , , S22T
1660422295, , 33.4047, -118.4151, 0, 334, 3, S22T, , , , , S22T
1660422295, , 33.4047, -118.4151, 0, 334, 3, S22T, , , , , S22T
1660422295, , 33.4047, -118.4151, 0, 334, 3, S22T, , , , , S22T
1660422295, , 33.4047, -118.4151, 0, 334, 3, S22T, , , , , S22T
1660422295, , 33.4047, -118.4151, 0, 334, 3, S22T, , , , , S22T
1660422295, , 33.4047, -118.4151, 0, 334, 3, S22T, , , , , S22T
1660422295, , 33.4047, -118.4151, 0, 334, 3, S22T, , , , , S22T
1660422295, , 33.4047, -118.4151, 0, 334, 3, S22T, , , , , S22T
1660422295, , 33.4047, -118.4151, 0, 334, 3, S22T, , , , , S22T
1660422295, , 33.4047, -118.4151, 0, 334, 3, S22T, , , , , S22T
1660422295, , 33.4047, -118.4151, 0, 334, 3, S22T, , , , , S22T
1660422295, , 33.4047, -118.4151, 0, 334, 3, S22T, , , , , S22T
1660422295, , 33.4047, -118.4151, 0, 334, 3, S22T, , , , , S22T
1660422295, , 33.4047, -118.4151, 0, 334, 3, S22T, , , , , S22T
1660422295, , 33.4047, -118.4151, 0, 334, 3, S22T, , , , , S22T
1660422295, , 33.4047, -118.4151, 0, 334, 3, S22T, , , , , S22T
1660422295, , 33.4047, -118.4151, 0, 334, 3, S22T, , , , , S22T
1660422295, , 33.4047, -118.4151, 0, 334, 3, S22T, , , , , S22T
1660422295, , 33.4047, -118.4151, 0, 334, 3, S22T, , , , , S22T
1660422295, , 33.4047, -118.4151, 0, 334, 3, S22T, , , , , S22T
1660422295, , 33.4047, -118.4151, 0, 334, 3, S22T, , , , , S22T
1660422295, , 33.4047, -118.4151, 0, 334, 3, S22T, , , , , S22T
1660422295, , 33.4047, -118.4151, 0, 334, 3, S22T, , , , , S22T
1660422408, , 33.4072, -118.4114, 0, 348, 1, S22T, , , , , S22T
1660422410, , 33.4072, -118.4114, 0, 348, 0, S22T, , , , , S22T
1660422410, , 33.4072, -118.4114, 0, 348, 0, S22T, , , , , S22T
1660422414, , 33.4072, -118.4114, 0, 348, 1, S22T, , , , , S22T
1660422414, , 33.4072, -118.4114, 0, 348, 1, S22T, , , , , S22T
1660422414, , 33.4072, -118.4114, 0, 348, 1, S22T, , , , , S22T
1660422414, , 33.4072, -118.4114, 0, 348, 1, S22T, , , , , S22T
1660422425, , 33.4072, -118.4114, 0, 348, 1, S22T, , , , , S22T
1660422425, , 33.4072, -118.4114, 0, 348, 1, S22T, , , , , S22T
1660422425, , 33.4072, -118.4114, 0, 348, 1, S22T, , , , , S22T
1660422425, , 33.4072, -118.4114, 0, 348, 1, S22T, , , , , S22T
1660422425, , 33.4072, -118.4114, 0, 348, 1, S22T, , , , , S22T
1660422425, , 33.4072, -118.4114, 0, 348, 1, S22T, , , , , S22T
1660422425, , 33.4072, -118.4114, 0, 348, 1, S22T, , , , , S22T
1660422441, , 33.4072, -118.4114, 0, 348, 0, S22T, , , , , S22T
1660422441, , 33.4072, -118.4114, 0, 348, 0, S22T, , , , , S22T
1660422441, , 33.4072, -118.4114, 0, 348, 0, S22T, , , , , S22T
1660422441, , 33.4072, -118.4114, 0, 348, 0, S22T, , , , , S22T
1660422441, , 33.4072, -118.4114, 0, 348, 0, S22T, , , , , S22T
1660422441, , 33.4072, -118.4114, 0, 348, 0, S22T, , , , , S22T
1660422441, , 33.4072, -118.4114, 0, 348, 0, S22T, , , , , S22T
1660422441, , 33.4072, -118.4114, 0, 348, 0, S22T, , , , , S22T
1660422441, , 33.4072, -118.4114, 0, 348, 0, S22T, , , , , S22T
1660422441, , 33.4072, -118.4114, 0, 348, 0, S22T, , , , , S22T
1660422441, , 33.4072, -118.4114, 0, 348, 0, S22T, , , , , S22T
1660422441, , 33.4072, -118.4114, 0, 348, 0, S22T, , , , , S22T
1660422441, , 33.4072, -118.4114, 0, 348, 0, S22T, , , , , S22T
1660422441, , 33.4072, -118.4114, 0, 348, 0, S22T, , , , , S22T
1660422441, , 33.4072, -118.4114, 0, 348, 0, S22T, , , , , S22T
1660422441, , 33.4072, -118.4114, 0, 348, 0, S22T, , , , , S22T
1660422441, , 33.4072, -118.4114, 0, 348, 0, S22T, , , , , S22T
1660422441, , 33.4072, -118.4114, 0, 348, 0, S22T, , , , , S22T
1660422441, , 33.4072, -118.4114, 0, 348, 0, S22T, , , , , S22T
1660422441, , 33.4072, -118.4114, 0, 348, 0, S22T, , , , , S22T
1660422441, , 33.4072, -118.4114, 0, 348, 0, S22T, , , , , S22T
1660422441, , 33.4072, -118.4114, 0, 348, 0, S22T, , , , , S22T
1660422441, , 33.4072, -118.4114, 0, 348, 0, S22T, , , , , S22T
1660422441, , 33.4072, -118.4114, 0, 348, 0, S22T, , , , , S22T
1660422441, , 33.4072, -118.4114, 0, 348, 0, S22T, , , , , S22T
1660422441, , 33.4072, -118.4114, 0, 348, 0, S22T, , , , , S22T
1660422441, , 33.4072, -118.4114, 0, 348, 0, S22T, , , , , S22T
1660422441, , 33.4072, -118.4114, 0, 348, 0, S22T, , , , , S22T
1660422441, , 33.4072, -118.4114, 0, 348, 0, S22T, , , , , S22T
1660422441, , 33.4072, -118.4114, 0, 348, 0, S22T, , , , , S22T
1660422441, , 33.4072, -118.4114, 0, 348, 0, S22T, , , , , S22T
1660422441, , 33.4072, -118.4114, 0, 348, 0, S22T, , , , , S22T
1660422441, , 33.4072, -118.4114, 0, 348, 0, S22T, , , , , S22T
1660422441, , 33.4072, -118.4114, 0, 348, 0, S22T, , , , , S22T
1660422441, , 33.4072, -118.4114, 0, 348, 0, S22T, , , , , S22T
1660422441, , 33.4072, -118.4114, 0, 348, 0, S22T, , , , , S22T
1660422441, , 33.4072, -118.4114, 0, 348, 0, S22T, , , , , S22T
1660422441, , 33.4072, -118.4114, 0, 348, 0, S22T, , , , , S22T
1660422441, , 33.4072, -118.4114, 0, 348, 0, S22T, , , , , S22T
1660422695, , 33.4072, -118.4114, 0, 348, 0, S22T, , , , , S22T
1660422695, , 33.4072, -118.4114, 0, 348, 0, S22T, , , , , S22T
1660422695, , 33.4072, -118.4114, 0, 348, 0, S22T, , , , , S22T
1660422695, , 33.4072, -118.4114, 0, 348, 0, S22T, , , , , S22T
1660422695, , 33.4072, -118.4114, 0, 348, 0, S22T, , , , , S22T
1660422695, , 33.4072, -118.4114, 0, 348, 0, S22T, , , , , S22T
1660422695, , 33.4072, -118.4114, 0, 348, 0, S22T, , , , , S22T
1660422695, , 33.4072, -118.4114, 0, 348, 0, S22T, , , , , S22T
1660422695, , 33.4072, -118.4114, 0, 348, 0, S22T, , , , , S22T
1660422695, , 33.4072, -118.4114, 0, 348, 0, S22T, , , , , S22T
1660422695, , 33.4072, -118.4114, 0, 348, 0, S22T, , , , , S22T
1660422695, , 33.4072, -118.4114, 0, 348, 0, S22T, , , , , S22T
1660422695, , 33.4072, -118.4114, 0, 348, 0, S22T, , , , , S22T
1660422695, , 33.4072, -118.4114, 0, 348, 0, S22T, , , , , S22T
1660422695, , 33.4072, -118.4114, 0, 348, 0, S22T, , , , , S22T
1660422695, , 33.4072, -118.4114, 0, 348, 0, S22T, , , , , S22T
1660422695, , 33.4072, -118.4114, 0, 348, 0, S22T, , , , , S22T
1660422695, , 33.4072, -118.4114, 0, 348, 0, S22T, , , , , S22T
1660422695, , 33.4072, -118.4114, 0, 348, 0, S22T, , , , , S22T
1660422695, , 33.4072, -118.4114, 0, 348, 0, S22T, , , , , S22T
1660422695, , 33.4072, -118.4114, 0, 348, 0, S22T, , , , , S22T
1660422695, , 33.4072, -118.4114, 0, 348, 0, S22T, , , , , S22T
1660422695, , 33.4072, -118.4114, 0, 348, 0, S22T, , , , , S22T
1660422748, , 33.4075, -118.4115, 0, 289, 4, S22T, , , , , S22T
1660422748, , 33.4075, -118.4115, 0, 289, 4, S22T, , , , , S22T
1660422753, , 33.4075, -118.4117, 0, 225, 9, S22T, , , , , S22T
1660422755, , 33.4074, -118.4117, 0, 222, 13, S22T, , , , , S22T
1660422755, , 33.4074, -118.4117, 0, 222, 13, S22T, , , , , S22T
1660422760, , 33.407, -118.4124, 0, 225, 33, S22T, , , , , S22T
1660422760, , 33.407, -118.4124, 0, 225, 33, S22T, , , , , S22T
1660422760, , 33.407, -118.4124, 0, 225, 33, S22T, , , , , S22T
1660422760, , 33.407, -118.4124, 0, 225, 33, S22T, , , , , S22T
1660422760, , 33.407, -118.4124, 0, 225, 33, S22T, , , , , S22T
1660422760, , 33.407, -118.4124, 0, 225, 33, S22T, , , , , S22T
1660422760, , 33.407, -118.4124, 0, 225, 33, S22T, , , , , S22T
1660422776, , 33.4043, -118.417, 0, 233, 83, S22T, , , , , S22T
1660422776, , 33.4043, -118.417, 0, 233, 83, S22T, , , , , S22T
1660422782, , 33.4029, -118.4193, 1600, 235, 86, S22T, , , , , S22T
1660422782, , 33.4029, -118.4193, 1600, 235, 86, S22T, , , , , S22T
1660422785, , 33.4026, -118.4198, 1625, 234, 89, S22T, , , , , S22T
1660422789, , 33.4014, -118.4219, 1675, 235, 92, S22T, , , , , S22T
1660422789, , 33.4014, -118.4219, 1675, 235, 92, S22T, , , , , S22T
1660422791, , 33.4008, -118.423, 1700, 237, 94, S22T, , , , , S22T
1660422791, , 33.4008, -118.423, 1700, 237, 94, S22T, , , , , S22T
1660422798, , 33.3993, -118.4259, 1775, 238, 100, S22T, , , , , S22T
1660422798, , 33.3993, -118.4259, 1775, 238, 100, S22T, , , , , S22T
1660422800, , 33.3986, -118.4272, 1800, 239, 102, S22T, , , , , S22T
1660422803, , 33.3979, -118.4287, 1825, 240, 104, S22T, , , , , S22T
1660422803, , 33.3979, -118.4287, 1825, 240, 104, S22T, , , , , S22T
1660422809, , 33.3965, -118.4321, 1900, 242, 109, S22T, , , , , S22T
1660422809, , 33.3965, -118.4321, 1900, 242, 109, S22T, , , , , S22T
1660422810, , 33.3963, -118.4323, 1925, 242, 109, S22T, , , , , S22T
1660422810, , 33.3963, -118.4323, 1925, 242, 109, S22T, , , , , S22T
1660422815, , 33.3951, -118.4354, 1975, 242, 118, S22T, , , , , S22T
1660422819, , 33.3941, -118.4377, 1975, 243, 123, S22T, , , , , S22T
1660422819, , 33.3941, -118.4377, 1975, 243, 123, S22T, , , , , S22T
1660422825, , 33.3925, -118.4416, 2025, 244, 127, S22T, , , , , S22T
1660422825, , 33.3925, -118.4416, 2025, 244, 127, S22T, , , , , S22T
1660422830, , 33.3914, -118.4443, 2050, 244, 133, S22T, , , , , S22T
1660422830, , 33.3914, -118.4443, 2050, 244, 133, S22T, , , , , S22T
1660422834, , 33.3901, -118.4475, 2100, 243, 135, S22T, , , , , S22T
1660422834, , 33.3901, -118.4475, 2100, 243, 135, S22T, , , , , S22T
1660422837, , 33.3893, -118.4494, 2125, 243, 136, S22T, , , , , S22T
1660422840, , 33.3885, -118.4513, 2150, 243, 137, S22T, , , , , S22T
1660422840, , 33.3885, -118.4513, 2150, 243, 137, S22T, , , , , S22T
1660422846, , 33.3868, -118.4554, 2250, 243, 137, S22T, , , , , S22T
1660422846, , 33.3868, -118.4554, 2250, 243, 137, S22T, , , , , S22T
1660422849, , 33.3859, -118.4574, 2300, 239, 137, S22T, , , , , S22T
1660422849, , 33.3859, -118.4574, 2300, 239, 137, S22T, , , , , S22T
1660422852, , 33.385, -118.4591, 2325, 237, 137, S22T, , , , , S22T
1660422857, , 33.3827, -118.4627, 2425, 229, 136, S22T, , , , , S22T
1660422857, , 33.3827, -118.4627, 2425, 229, 136, S22T, , , , , S22T
1660422861, , 33.3809, -118.4649, 2500, 223, 135, S22T, , , , , S22T
1660422861, , 33.3809, -118.4649, 2500, 223, 135, S22T, , , , , S22T
1660422864, , 33.3796, -118.4661, 2550, 219, 134, S22T, , , , , S22T
1660422864, , 33.3796, -118.4661, 2550, 219, 134, S22T, , , , , S22T
1660422868, , 33.3779, -118.4677, 2600, 215, 133, S22T, , , , , S22T
1660422874, , 33.3745, -118.4699, 2700, 206, 133, S22T, , , , , S22T
1660422874, , 33.3745, -118.4699, 2700, 206, 133, S22T, , , , , S22T
1660422877, , 33.3733, -118.4705, 2750, 200, 132, S22T, , , , , S22T
1660422877, , 33.3733, -118.4705, 2750, 200, 132, S22T, , , , , S22T
1660422882, , 33.3698, -118.4716, 2850, 191, 128, S22T, , , , , S22T
1660422882, , 33.3698, -118.4716, 2850, 191, 128, S22T, , , , , S22T
1660422885, , 33.368, -118.472, 2925, 185, 126, S22T, , , , , S22T
1660422889, , 33.3659, -118.472, 3000, 189, 127, S22T, , , , , S22T
1660422889, , 33.3659, -118.472, 3000, 189, 127, S22T, , , , , S22T
1660422893, , 33.3632, -118.4716, 3100, 172, 124, S22T, , , , , S22T
1660422893, , 33.3632, -118.4716, 3100, 172, 124, S22T, , , , , S22T
1660422897, , 33.3616, -118.4712, 3150, 166, 123, S22T, , , , , S22T
1660422897, , 33.3616, -118.4712, 3150, 166, 123, S22T, , , , , S22T
1660422899, , 33.3598, -118.4706, 3175, 161, 124, S22T, , , , , S22T
1660422905, , 33.3568, -118.4691, 3250, 155, 126, S22T, , , , , S22T
1660422905, , 33.3568, -118.4691, 3250, 155, 126, S22T, , , , , S22T
1660422908, , 33.3554, -118.4683, 3300, 152, 127, S22T, , , , , S22T
1660422908, , 33.3554, -118.4683, 3300, 152, 127, S22T, , , , , S22T
1660422911, , 33.3535, -118.4671, 3325, 149, 129, S22T, , , , , S22T
1660422911, , 33.3535, -118.4671, 3325, 149, 129, S22T, , , , , S22T
1660422917, , 33.3505, -118.4647, 3375, 144, 131, S22T, , , , , S22T
1660422921, , 33.3489, -118.4632, 3425, 141, 132, S22T, , , , , S22T
1660422921, , 33.3489, -118.4632, 3425, 141, 132, S22T, , , , , S22T
1660422923, , 33.3487, -118.463, 3450, 139, 133, S22T, , , , , S22T
1660422923, , 33.3487, -118.463, 3450, 139, 133, S22T, , , , , S22T
1660422929, , 33.3449, -118.4587, 3525, 135, 135, S22T, , , , , S22T
1660422929, , 33.3449, -118.4587, 3525, 135, 135, S22T, , , , , S22T
1660422934, , 33.3433, -118.4568, 3525, 132, 137, S22T, , , , , S22T
1660422936, , 33.3426, -118.4559, 3550, 132, 140, S22T, , , , , S22T
1660422936, , 33.3426, -118.4559, 3550, 132, 140, S22T, , , , , S22T
1660422939, , 33.3408, -118.4536, 3575, 131, 139, S22T, , , , , S22T
1660422939, , 33.3408, -118.4536, 3575, 131, 139, S22T, , , , , S22T
1660422945, , 33.3384, -118.4496, 3650, 130, 139, S22T, , , , , S22T
1660422945, , 33.3384, -118.4496, 3650, 130, 139, S22T, , , , , S22T
1660422948, , 33.3376, -118.4479, 3700, 118, 140, S22T, , , , , S22T
1660422950, , 33.337, -118.4465, 3725, 119, 140, S22T, , , , , S22T
1660422950, , 33.337, -118.4465, 3725, 119, 140, S22T, , , , , S22T
1660422955, , 33.3351, -118.4428, 3800, 120, 139, S22T, , , , , S22T
1660422955, , 33.3351, -118.4428, 3800, 120, 139, S22T, , , , , S22T
1660422959, , 33.3339, -118.4404, 3850, 119, 140, S22T, , , , , S22T
1660422959, , 33.3339, -118.4404, 3850, 119, 140, S22T, , , , , S22T
1660422963, , 33.3327, -118.4376, 3900, 119, 140, S22T, , , , , S22T
1660422968, , 33.331, -118.434, 3950, 119, 141, S22T, , , , , S22T
1660422968, , 33.331, -118.434, 3950, 119, 141, S22T, , , , , S22T
1660422974, , 33.3292, -118.4303, 4025, 118, 142, S22T, , , , , S22T
1660422974, , 33.3292, -118.4303, 4025, 118, 142, S22T, , , , , S22T
1660422974, , 33.3292, -118.4303, 4025, 118, 142, S22T, , , , , S22T
1660422974, , 33.3292, -118.4303, 4025, 118, 142, S22T, , , , , S22T
1660422979, , 33.3277, -118.427, 4100, 118, 142, S22T, , , , , S22T
1660422979, , 33.3277, -118.427, 4100, 118, 142, S22T, , , , , S22T
1660422985, , 33.3257, -118.4226, 4150, 117, 143, S22T, , , , , S22T
1660422987, , 33.3251, -118.4211, 4200, 117, 143, S22T, , , , , S22T
1660422987, , 33.3251, -118.4211, 4200, 117, 143, S22T, , , , , S22T
1660422991, , 33.3239, -118.4182, 4225, 116, 144, S22T, , , , , S22T
1660422991, , 33.3239, -118.4182, 4225, 116, 144, S22T, , , , , S22T
1660422995, , 33.3226, -118.4153, 4300, 116, 144, S22T, , , , , S22T
1660422995, , 33.3226, -118.4153, 4300, 116, 144, S22T, , , , , S22T
1660422998, , 33.3219, -118.4136, 4325, 116, 144, S22T, , , , , S22T
1660423005, , 33.3194, -118.4077, 4425, 117, 145, S22T, , , , , S22T
1660423005, , 33.3194, -118.4077, 4425, 117, 145, S22T, , , , , S22T
1660423008, , 33.3188, -118.4064, 4450, 117, 147, S22T, , , , , S22T
1660423008, , 33.3188, -118.4064, 4450, 117, 147, S22T, , , , , S22T
1660423012, , 33.3179, -118.4041, 4475, 117, 149, S22T, , , , , S22T
1660423012, , 33.3179, -118.4041, 4475, 117, 149, S22T, , , , , S22T
1660423017, , 33.3158, -118.3993, 4500, 117, 152, S22T, , , , , S22T
1660423021, , 33.3146, -118.3966, 4525, 117, 152, S22T, , , , , S22T
1660423021, , 33.3146, -118.3966, 4525, 117, 152, S22T, , , , , S22T
1660423023, , 33.3137, -118.3944, 4550, 117, 152, S22T, , , , , S22T
1660423023, , 33.3137, -118.3944, 4550, 117, 152, S22T, , , , , S22T
1660423029, , 33.312, -118.3905, 4600, 117, 152, S22T, , , , , S22T
1660423029, , 33.312, -118.3905, 4600, 117, 152, S22T, , , , , S22T
1660423032, , 33.3107, -118.3877, 4650, 117, 152, S22T, , , , , S22T
1660423035, , 33.31, -118.3858, 4675, 117, 153, S22T, , , , , S22T
1660423035, , 33.31, -118.3858, 4675, 117, 153, S22T, , , , , S22T
1660423042, , 33.3082, -118.3819, 4750, 117, 152, S22T, , , , , S22T
1660423042, , 33.3082, -118.3819, 4750, 117, 152, S22T, , , , , S22T
1660423044, , 33.3075, -118.3802, 4775, 117, 152, S22T, , , , , S22T
1660423044, , 33.3075, -118.3802, 4775, 117, 152, S22T, , , , , S22T
1660423048, , 33.3059, -118.3765, 4825, 117, 152, S22T, , , , , S22T
1660423053, , 33.304, -118.3719, 4900, 115, 153, S22T, , , , , S22T
1660423053, , 33.304, -118.3719, 4900, 115, 153, S22T, , , , , S22T
1660423057, , 33.3031, -118.3693, 4925, 112, 153, S22T, , , , , S22T
1660423057, , 33.3031, -118.3693, 4925, 112, 153, S22T, , , , , S22T
1660423059, , 33.3024, -118.3671, 4950, 111, 153, S22T, , , , , S22T
1660423059, , 33.3024, -118.3671, 4950, 111, 153, S22T, , , , , S22T
1660423066, , 33.3009, -118.3623, 5025, 109, 153, S22T, , , , , S22T
1660423069, , 33.3003, -118.3603, 5075, 107, 153, S22T, , , , , S22T
1660423069, , 33.3003, -118.3603, 5075, 107, 153, S22T, , , , , S22T
1660423072, , 33.2996, -118.3576, 5100, 106, 154, S22T, , , , , S22T
1660423072, , 33.2996, -118.3576, 5100, 106, 154, S22T, , , , , S22T
1660423078, , 33.2985, -118.3526, 5175, 104, 154, S22T, , , , , S22T
1660423078, , 33.2985, -118.3526, 5175, 104, 154, S22T, , , , , S22T
1660423080, , 33.298, -118.3505, 5200, 104, 154, S22T, , , , , S22T
1660423084, , 33.2974, -118.3476, 5250, 104, 154, S22T, , , , , S22T
1660423084, , 33.2974, -118.3476, 5250, 104, 154, S22T, , , , , S22T
1660423089, , 33.2965, -118.3436, 5300, 104, 154, S22T, , , , , S22T
1660423089, , 33.2965, -118.3436, 5300, 104, 154, S22T, , , , , S22T
1660423093, , 33.2957, -118.34, 5350, 105, 154, S22T, , , , , S22T
1660423093, , 33.2957, -118.34, 5350, 105, 154, S22T, , , , , S22T
1660423096, , 33.2953, -118.3384, 5375, 105, 154, S22T, , , , , S22T
1660423102, , 33.2942, -118.3325, 5425, 99, 156, S22T, , , , , S22T
1660423102, , 33.2942, -118.3325, 5425, 99, 156, S22T, , , , , S22T
1660423105, , 33.2941, -118.3298, 5425, 99, 156, S22T, , , , , S22T
1660423105, , 33.2941, -118.3298, 5425, 99, 156, S22T, , , , , S22T
1660423109, , 33.2944, -118.3264, 5425, 81, 161, S22T, , , , , S22T
1660423109, , 33.2944, -118.3264, 5425, 81, 161, S22T, , , , , S22T
1660423111, , 33.2948, -118.3248, 5425, 73, 163, S22T, , , , , S22T
1660423116, , 33.2965, -118.3207, 5425, 58, 166, S22T, , , , , S22T
1660423116, , 33.2965, -118.3207, 5425, 58, 166, S22T, , , , , S22T
1660423120, , 33.2984, -118.3175, 5425, 54, 167, S22T, , , , , S22T
1660423120, , 33.2984, -118.3175, 5425, 54, 167, S22T, , , , , S22T
1660423126, , 33.301, -118.314, 5425, 42, 169, S22T, , , , , S22T
1660423126, , 33.301, -118.314, 5425, 42, 169, S22T, , , , , S22T
1660423128, , 33.3025, -118.3125, 5425, 35, 169, S22T, , , , , S22T
1660423132, , 33.3051, -118.3106, 5425, 28, 169, S22T, , , , , S22T
1660423132, , 33.3051, -118.3106, 5425, 28, 169, S22T, , , , , S22T
1660423137, , 33.3088, -118.3084, 5425, 25, 169, S22T, , , , , S22T
1660423137, , 33.3088, -118.3084, 5425, 25, 169, S22T, , , , , S22T
1660423140, , 33.3108, -118.3073, 5425, 25, 170, S22T, , , , , S22T
1660423140, , 33.3108, -118.3073, 5425, 25, 170, S22T, , , , , S22T
1660423146, , 33.3156, -118.3052, 5425, 15, 170, S22T, , , , , S22T
1660423146, , 33.3156, -118.3052, 5425, 15, 170, S22T, , , , , S22T
1660423149, , 33.3167, -118.305, 5425, 13, 171, S22T, , , , , S22T
1660423152, , 33.3192, -118.3042, 5425, 12, 171, S22T, , , , , S22T
1660423152, , 33.3192, -118.3042, 5425, 12, 171, S22T, , , , , S22T
1660423158, , 33.3244, -118.3032, 5425, 4, 171, S22T, , , , , S22T
1660423158, , 33.3244, -118.3032, 5425, 4, 171, S22T, , , , , S22T
1660423161, , 33.3272, -118.303, 5425, 2, 171, S22T, , , , , S22T
1660423161, , 33.3272, -118.303, 5425, 2, 171, S22T, , , , , S22T
1660423164, , 33.3295, -118.303, 5425, 360, 170, S22T, , , , , S22T
1660423170, , 33.3339, -118.3034, 5425, 354, 168, S22T, , , , , S22T
1660423170, , 33.3339, -118.3034, 5425, 354, 168, S22T, , , , , S22T
1660423173, , 33.3369, -118.3038, 5425, 351, 168, S22T, , , , , S22T
1660423173, , 33.3369, -118.3038, 5425, 351, 168, S22T, , , , , S22T
1660423176, , 33.3381, -118.3041, 5425, 345, 167, S22T, , , , , S22T
1660423176, , 33.3381, -118.3041, 5425, 345, 167, S22T, , , , , S22T
1660423182, , 33.3435, -118.3059, 5425, 343, 167, S22T, , , , , S22T
1660423185, , 33.3449, -118.3065, 5425, 341, 166, S22T, , , , , S22T
1660423185, , 33.3449, -118.3065, 5425, 341, 166, S22T, , , , , S22T
1660423189, , 33.3486, -118.308, 5425, 341, 166, S22T, , , , , S22T
1660423189, , 33.3486, -118.308, 5425, 341, 166, S22T, , , , , S22T
1660423194, , 33.3521, -118.3094, 5425, 340, 165, S22T, , , , , S22T
1660423194, , 33.3521, -118.3094, 5425, 340, 165, S22T, , , , , S22T
1660423197, , 33.3542, -118.3103, 5425, 340, 165, S22T, , , , , S22T
1660423200, , 33.3557, -118.3109, 5425, 340, 164, S22T, , , , , S22T
1660423200, , 33.3557, -118.3109, 5425, 340, 164, S22T, , , , , S22T
1660423206, , 33.3604, -118.313, 5425, 339, 165, S22T, , , , , S22T
1660423206, , 33.3604, -118.313, 5425, 339, 165, S22T, , , , , S22T
1660423209, , 33.363, -118.3141, 5425, 339, 165, S22T, , , , , S22T
1660423209, , 33.363, -118.3141, 5425, 339, 165, S22T, , , , , S22T
1660423212, , 33.365, -118.315, 5425, 339, 164, S22T, , , , , S22T
1660423212, , 33.365, -118.315, 5425, 339, 164, S22T, , , , , S22T
1660423218, , 33.3693, -118.317, 5425, 338, 163, S22T, , , , , S22T
1660423220, , 33.3708, -118.3177, 5425, 338, 163, S22T, , , , , S22T
1660423220, , 33.3708, -118.3177, 5425, 338, 163, S22T, , , , , S22T
1660423224, , 33.3737, -118.319, 5425, 338, 163, S22T, , , , , S22T
1660423224, , 33.3737, -118.319, 5425, 338, 163, S22T, , , , , S22T
1660423230, , 33.3782, -118.3211, 5425, 338, 164, S22T, , , , , S22T
1660423230, , 33.3782, -118.3211, 5425, 338, 164, S22T, , , , , S22T
1660423234, , 33.3807, -118.3223, 5425, 338, 164, S22T, , , , , S22T
1660423237, , 33.3831, -118.3235, 5425, 338, 163, S22T, , , , , S22T
1660423237, , 33.3831, -118.3235, 5425, 338, 163, S22T, , , , , S22T
1660423240, , 33.385, -118.3243, 5425, 338, 163, S22T, , , , , S22T
1660423240, , 33.385, -118.3243, 5425, 338, 163, S22T, , , , , S22T
1660423246, , 33.3885, -118.3259, 5425, 338, 163, S22T, , , , , S22T
1660423246, , 33.3885, -118.3259, 5425, 338, 163, S22T, , , , , S22T
1660423249, , 33.3914, -118.3274, 5425, 338, 163, S22T, , , , , S22T
1660423252, , 33.3933, -118.3282, 5425, 338, 163, S22T, , , , , S22T
1660423252, , 33.3933, -118.3282, 5425, 338, 163, S22T, , , , , S22T
1660423258, , 33.3977, -118.3303, 5425, 339, 162, S22T, , , , , S22T
1660423258, , 33.3977, -118.3303, 5425, 339, 162, S22T, , , , , S22T
1660423261, , 33.4002, -118.3312, 5425, 341, 163, S22T, , , , , S22T
1660423261, , 33.4002, -118.3312, 5425, 341, 163, S22T, , , , , S22T
1660423264, , 33.4016, -118.3316, 5425, 349, 163, S22T, , , , , S22T
1660423270, , 33.4058, -118.3317, 5450, 6, 162, S22T, , , , , S22T
1660423270, , 33.4058, -118.3317, 5450, 6, 162, S22T, , , , , S22T
1660423273, , 33.4089, -118.331, 5450, 11, 161, S22T, , , , , S22T
1660423276, , 33.4111, -118.3304, 5475, 12, 159, S22T, , , , , S22T
1660423276, , 33.4111, -118.3304, 5475, 12, 159, S22T, , , , , S22T
1660423282, , 33.4156, -118.3293, 5475, 11, 159, S22T, , , , , S22T
1660423282, , 33.4156, -118.3293, 5475, 11, 159, S22T, , , , , S22T
1660423285, , 33.4177, -118.3288, 5475, 11, 160, S22T, , , , , S22T
1660423285, , 33.4177, -118.3288, 5475, 11, 160, S22T, , , , , S22T
1660423288, , 33.42, -118.3282, 5475, 10, 159, S22T, , , , , S22T
1660423288, , 33.42, -118.3282, 5475, 10, 159, S22T, , , , , S22T
1660423294, , 33.4243, -118.3273, 5475, 10, 159, S22T, , , , , S22T
1660423297, , 33.4262, -118.3269, 5475, 10, 160, S22T, , , , , S22T
1660423297, , 33.4262, -118.3269, 5475, 10, 160, S22T, , , , , S22T
1660423300, , 33.4288, -118.3264, 5475, 10, 160, S22T, , , , , S22T
1660423300, , 33.4288, -118.3264, 5475, 10, 160, S22T, , , , , S22T
1660423306, , 33.4328, -118.3256, 5475, 9, 161, S22T, , , , , S22T
1660423309, , 33.4354, -118.325, 5475, 9, 161, S22T, , , , , S22T
1660423309, , 33.4354, -118.325, 5475, 9, 161, S22T, , , , , S22T
1660423312, , 33.4373, -118.3247, 5475, 9, 161, S22T, , , , , S22T
1660423312, , 33.4373, -118.3247, 5475, 9, 161, S22T, , , , , S22T
1660423315, , 33.4392, -118.3242, 5475, 9, 161, S22T, , , , , S22T
1660423315, , 33.4392, -118.3242, 5475, 9, 161, S22T, , , , , S22T
1660423321, , 33.4441, -118.3233, 5475, 9, 161, S22T, , , , , S22T
1660423324, , 33.4464, -118.3229, 5475, 9, 161, S22T, , , , , S22T
1660423324, , 33.4464, -118.3229, 5475, 9, 161, S22T, , , , , S22T
1660423326, , 33.4478, -118.3226, 5475, 9, 161, S22T, , , , , S22T
1660423326, , 33.4478, -118.3226, 5475, 9, 161, S22T, , , , , S22T
1660423333, , 33.4532, -118.3215, 5475, 9, 162, S22T, , , , , S22T
1660423333, , 33.4532, -118.3215, 5475, 9, 162, S22T, , , , , S22T
1660423336, , 33.4552, -118.3212, 5475, 9, 162, S22T, , , , , S22T
1660423339, , 33.4577, -118.3207, 5475, 9, 162, S22T, , , , , S22T
1660423339, , 33.4577, -118.3207, 5475, 9, 162, S22T, , , , , S22T
1660423345, , 33.4621, -118.3198, 5475, 9, 162, S22T, , , , , S22T
1660423345, , 33.4621, -118.3198, 5475, 9, 162, S22T, , , , , S22T
1660423348, , 33.4632, -118.3196, 5475, 9, 162, S22T, , , , , S22T
1660423348, , 33.4632, -118.3196, 5475, 9, 162, S22T, , , , , S22T
1660423351, , 33.4665, -118.3189, 5475, 9, 162, S22T, , , , , S22T
1660423358, , 33.4711, -118.3181, 5475, 9, 162, S22T, , , , , S22T
1660423358, , 33.4711, -118.3181, 5475, 9, 162, S22T, , , , , S22T
1660423360, , 33.4729, -118.3178, 5475, 9, 162, S22T, , , , , S22T
1660423360, , 33.4729, -118.3178, 5475, 9, 162, S22T, , , , , S22T
1660423363, , 33.4748, -118.3174, 5475, 9, 162, S22T, , , , , S22T
1660423363, , 33.4748, -118.3174, 5475, 9, 162, S22T, , , , , S22T
1660423369, , 33.4791, -118.3165, 5475, 9, 162, S22T, , , , , S22T
1660423369, , 33.4791, -118.3165, 5475, 9, 162, S22T, , , , , S22T
1660423372, , 33.4818, -118.316, 5475, 9, 162, S22T, , , , , S22T
1660423376, , 33.4844, -118.3155, 5475, 9, 162, S22T, , , , , S22T
1660423376, , 33.4844, -118.3155, 5475, 9, 162, S22T, , , , , S22T
1660423381, , 33.4883, -118.3147, 5475, 9, 162, S22T, , , , , S22T
1660423381, , 33.4883, -118.3147, 5475, 9, 162, S22T, , , , , S22T
1660423384, , 33.4909, -118.3142, 5475, 9, 162, S22T, , , , , S22T
1660423384, , 33.4909, -118.3142, 5475, 9, 162, S22T, , , , , S22T
1660423387, , 33.4927, -118.3139, 5475, 9, 162, S22T, , , , , S22T
1660423393, , 33.4976, -118.3129, 5475, 9, 162, S22T, , , , , S22T
1660423393, , 33.4976, -118.3129, 5475, 9, 162, S22T, , , , , S22T
1660423396, , 33.4994, -118.3126, 5475, 9, 162, S22T, , , , , S22T
1660423396, , 33.4994, -118.3126, 5475, 9, 162, S22T, , , , , S22T
1660423399, , 33.502, -118.312, 5475, 9, 162, S22T, , , , , S22T
1660423399, , 33.502, -118.312, 5475, 9, 162, S22T, , , , , S22T
1660423406, , 33.5066, -118.3112, 5475, 9, 162, S22T, , , , , S22T
1660423409, , 33.5089, -118.3107, 5475, 9, 162, S22T, , , , , S22T
1660423409, , 33.5089, -118.3107, 5475, 9, 162, S22T, , , , , S22T
1660423412, , 33.5109, -118.3103, 5475, 9, 162, S22T, , , , , S22T
1660423412, , 33.5109, -118.3103, 5475, 9, 162, S22T, , , , , S22T
1660423418, , 33.5154, -118.3095, 5475, 9, 162, S22T, , , , , S22T
1660423418, , 33.5154, -118.3095, 5475, 9, 162, S22T, , , , , S22T
1660423421, , 33.5178, -118.309, 5475, 9, 162, S22T, , , , , S22T
1660423423, , 33.5198, -118.3086, 5475, 9, 162, S22T, , , , , S22T
1660423423, , 33.5198, -118.3086, 5475, 9, 162, S22T, , , , , S22T
1660423429, , 33.5244, -118.3078, 5475, 9, 162, S22T, , , , , S22T
1660423429, , 33.5244, -118.3078, 5475, 9, 162, S22T, , , , , S22T
1660423432, , 33.5266, -118.3073, 5475, 9, 162, S22T, , , , , S22T
1660423432, , 33.5266, -118.3073, 5475, 9, 162, S22T, , , , , S22T
1660423435, , 33.5284, -118.3069, 5475, 9, 162, S22T, , , , , S22T
1660423441, , 33.5329, -118.3061, 5475, 9, 162, S22T, , , , , S22T
1660423441, , 33.5329, -118.3061, 5475, 9, 162, S22T, , , , , S22T
1660423445, , 33.5352, -118.3056, 5475, 9, 162, S22T, , , , , S22T
1660423445, , 33.5352, -118.3056, 5475, 9, 162, S22T, , , , , S22T
1660423447, , 33.537, -118.3053, 5475, 9, 162, S22T, , , , , S22T
1660423447, , 33.537, -118.3053, 5475, 9, 162, S22T, , , , , S22T
1660423454, , 33.5413, -118.3044, 5475, 9, 162, S22T, , , , , S22T
1660423456, , 33.5436, -118.304, 5475, 9, 162, S22T, , , , , S22T
1660423456, , 33.5436, -118.304, 5475, 9, 162, S22T, , , , , S22T
1660423459, , 33.5455, -118.3036, 5475, 9, 162, S22T, , , , , S22T
1660423459, , 33.5455, -118.3036, 5475, 9, 162, S22T, , , , , S22T
1660423465, , 33.5511, -118.3025, 5475, 9, 162, S22T, , , , , S22T
1660423465, , 33.5511, -118.3025, 5475, 9, 162, S22T, , , , , S22T
1660423469, , 33.5534, -118.3021, 5475, 9, 162, S22T, , , , , S22T
1660423472, , 33.5553, -118.3017, 5475, 9, 162, S22T, , , , , S22T
1660423472, , 33.5553, -118.3017, 5475, 9, 162, S22T, , , , , S22T
1660423478, , 33.5598, -118.3008, 5475, 9, 162, S22T, , , , , S22T
1660423478, , 33.5598, -118.3008, 5475, 9, 162, S22T, , , , , S22T
1660423480, , 33.5621, -118.3004, 5475, 9, 162, S22T, , , , , S22T
1660423480, , 33.5621, -118.3004, 5475, 9, 162, S22T, , , , , S22T
1660423484, , 33.564, -118.3, 5475, 9, 162, S22T, , , , , S22T
1660423489, , 33.5681, -118.2992, 5475, 9, 162, S22T, , , , , S22T
1660423489, , 33.5681, -118.2992, 5475, 9, 162, S22T, , , , , S22T
1660423493, , 33.5712, -118.2986, 5475, 9, 162, S22T, , , , , S22T
1660423493, , 33.5712, -118.2986, 5475, 9, 162, S22T, , , , , S22T
1660423496, , 33.5735, -118.2983, 5475, 4, 162, S22T, , , , , S22T
1660423496, , 33.5735, -118.2983, 5475, 4, 162, S22T, , , , , S22T
1660423502, , 33.5778, -118.2985, 5475, 354, 162, S22T, , , , , S22T
1660423505, , 33.5804, -118.2989, 5475, 353, 164, S22T, , , , , S22T
1660423505, , 33.5804, -118.2989, 5475, 353, 164, S22T, , , , , S22T
1660423508, , 33.5826, -118.2992, 5475, 353, 166, S22T, , , , , S22T
1660423508, , 33.5826, -118.2992, 5475, 353, 166, S22T, , , , , S22T
1660423514, , 33.5872, -118.2999, 5550, 353, 164, S22T, , , , , S22T
1660423514, , 33.5872, -118.2999, 5550, 353, 164, S22T, , , , , S22T
1660423517, , 33.5892, -118.3002, 5575, 353, 164, S22T, , , , , S22T
1660423520, , 33.5918, -118.3005, 5625, 353, 163, S22T, , , , , S22T
1660423520, , 33.5918, -118.3005, 5625, 353, 163, S22T, , , , , S22T
1660423526, , 33.5962, -118.3011, 5700, 353, 161, S22T, , , , , S22T
1660423526, , 33.5962, -118.3011, 5700, 353, 161, S22T, , , , , S22T
1660423529, , 33.5983, -118.3015, 5750, 353, 160, S22T, , , , , S22T
1660423529, , 33.5983, -118.3015, 5750, 353, 160, S22T, , , , , S22T
1660423532, , 33.6005, -118.3017, 5775, 353, 159, S22T, , , , , S22T
1660423538, , 33.6048, -118.3024, 5850, 353, 159, S22T, , , , , S22T
1660423538, , 33.6048, -118.3024, 5850, 353, 159, S22T, , , , , S22T
1660423541, , 33.6072, -118.3027, 5875, 353, 159, S22T, , , , , S22T
1660423541, , 33.6072, -118.3027, 5875, 353, 159, S22T, , , , , S22T
1660423544, , 33.6094, -118.303, 5900, 353, 159, S22T, , , , , S22T
1660423544, , 33.6094, -118.303, 5900, 353, 159, S22T, , , , , S22T
1660423550, , 33.6132, -118.3036, 5975, 353, 159, S22T, , , , , S22T
1660423550, , 33.6132, -118.3036, 5975, 353, 159, S22T, , , , , S22T
1660423553, , 33.616, -118.304, 6025, 353, 159, S22T, , , , , S22T
1660423556, , 33.6182, -118.3043, 6050, 353, 159, S22T, , , , , S22T
1660423556, , 33.6182, -118.3043, 6050, 353, 159, S22T, , , , , S22T
1660423562, , 33.6224, -118.3049, 6125, 353, 158, S22T, , , , , S22T
1660423562, , 33.6224, -118.3049, 6125, 353, 158, S22T, , , , , S22T
1660423565, , 33.6246, -118.3053, 6175, 353, 158, S22T, , , , , S22T
1660423565, , 33.6246, -118.3053, 6175, 353, 158, S22T, , , , , S22T
1660423568, , 33.6271, -118.3056, 6200, 353, 158, S22T, , , , , S22T
1660423574, , 33.6314, -118.3062, 6275, 353, 157, S22T, , , , , S22T
1660423574, , 33.6314, -118.3062, 6275, 353, 157, S22T, , , , , S22T
1660423577, , 33.6335, -118.3066, 6300, 353, 157, S22T, , , , , S22T
1660423577, , 33.6335, -118.3066, 6300, 353, 157, S22T, , , , , S22T
1660423580, , 33.6343, -118.3067, 6350, 353, 157, S22T, , , , , S22T
1660423580, , 33.6343, -118.3067, 6350, 353, 157, S22T, , , , , S22T
1660423586, , 33.6399, -118.3075, 6400, 353, 157, S22T, , , , , S22T
1660423589, , 33.6422, -118.3078, 6450, 352, 157, S22T, , , , , S22T
1660423589, , 33.6422, -118.3078, 6450, 352, 157, S22T, , , , , S22T
1660423592, , 33.6443, -118.3083, 6475, 348, 158, S22T, , , , , S22T
1660423592, , 33.6443, -118.3083, 6475, 348, 158, S22T, , , , , S22T
1660423598, , 33.6488, -118.3099, 6500, 340, 161, S22T, , , , , S22T
1660423598, , 33.6488, -118.3099, 6500, 340, 161, S22T, , , , , S22T
1660423601, , 33.6503, -118.3106, 6500, 338, 163, S22T, , , , , S22T
1660423604, , 33.6529, -118.3118, 6475, 339, 165, S22T, , , , , S22T
1660423604, , 33.6529, -118.3118, 6475, 339, 165, S22T, , , , , S22T
1660423609, , 33.6562, -118.3133, 6500, 339, 167, S22T, , , , , S22T
1660423609, , 33.6562, -118.3133, 6500, 339, 167, S22T, , , , , S22T
1660423612, , 33.6584, -118.3142, 6500, 339, 169, S22T, , , , , S22T
1660423612, , 33.6584, -118.3142, 6500, 339, 169, S22T, , , , , S22T
1660423618, , 33.6628, -118.3161, 6475, 340, 171, S22T, , , , , S22T
1660423621, , 33.6651, -118.3171, 6475, 340, 171, S22T, , , , , S22T
1660423621, , 33.6651, -118.3171, 6475, 340, 171, S22T, , , , , S22T
1660423624, , 33.6666, -118.3178, 6475, 340, 172, S22T, , , , , S22T
1660423624, , 33.6666, -118.3178, 6475, 340, 172, S22T, , , , , S22T
1660423630, , 33.6721, -118.3201, 6475, 340, 172, S22T, , , , , S22T
1660423630, , 33.6721, -118.3201, 6475, 340, 172, S22T, , , , , S22T
1660423633, , 33.6742, -118.321, 6475, 340, 172, S22T, , , , , S22T
1660423635, , 33.6763, -118.3219, 6475, 340, 172, S22T, , , , , S22T
1660423635, , 33.6763, -118.3219, 6475, 340, 172, S22T, , , , , S22T
1660423642, , 33.681, -118.3239, 6475, 340, 173, S22T, , , , , S22T
1660423642, , 33.681, -118.3239, 6475, 340, 173, S22T, , , , , S22T
1660423645, , 33.6834, -118.325, 6475, 340, 173, S22T, , , , , S22T
1660423645, , 33.6834, -118.325, 6475, 340, 173, S22T, , , , , S22T
1660423648, , 33.6855, -118.3258, 6475, 340, 173, S22T, , , , , S22T
1660423653, , 33.6899, -118.3277, 6475, 340, 173, S22T, , , , , S22T
1660423653, , 33.6899, -118.3277, 6475, 340, 173, S22T, , , , , S22T
1660423657, , 33.6924, -118.3288, 6475, 340, 173, S22T, , , , , S22T
1660423657, , 33.6924, -118.3288, 6475, 340, 173, S22T, , , , , S22T
1660423660, , 33.6945, -118.3298, 6475, 340, 173, S22T, , , , , S22T
1660423660, , 33.6945, -118.3298, 6475, 340, 173, S22T, , , , , S22T
1660423666, , 33.699, -118.3317, 6475, 340, 173, S22T, , , , , S22T
1660423669, , 33.7014, -118.3327, 6475, 340, 173, S22T, , , , , S22T
1660423669, , 33.7014, -118.3327, 6475, 340, 173, S22T, , , , , S22T
1660423672, , 33.7038, -118.3337, 6475, 340, 172, S22T, , , , , S22T
1660423672, , 33.7038, -118.3337, 6475, 340, 172, S22T, , , , , S22T
1660423678, , 33.7082, -118.3356, 6475, 340, 170, S22T, , , , , S22T
1660423678, , 33.7082, -118.3356, 6475, 340, 170, S22T, , , , , S22T
1660423681, , 33.7104, -118.3365, 6475, 340, 169, S22T, , , , , S22T
1660423684, , 33.7127, -118.3375, 6475, 340, 169, S22T, , , , , S22T
1660423684, , 33.7127, -118.3375, 6475, 340, 169, S22T, , , , , S22T
1660423687, , 33.7147, -118.3384, 6475, 340, 168, S22T, , , , , S22T
1660423687, , 33.7147, -118.3384, 6475, 340, 168, S22T, , , , , S22T
1660423692, , 33.7184, -118.34, 6475, 340, 168, S22T, , , , , S22T
1660423692, , 33.7184, -118.34, 6475, 340, 168, S22T, , , , , S22T
1660423698, , 33.7229, -118.3419, 6475, 340, 167, S22T, , , , , S22T
1660423701, , 33.7254, -118.343, 6475, 340, 166, S22T, , , , , S22T
1660423701, , 33.7254, -118.343, 6475, 340, 166, S22T, , , , , S22T
1660423704, , 33.7269, -118.3436, 6475, 340, 166, S22T, , , , , S22T
1660423704, , 33.7269, -118.3436, 6475, 340, 166, S22T, , , , , S22T
1660423710, , 33.7318, -118.3457, 6475, 340, 166, S22T, , , , , S22T
1660423713, , 33.734, -118.3466, 6475, 340, 165, S22T, , , , , S22T
1660423713, , 33.734, -118.3466, 6475, 340, 165, S22T, , , , , S22T
1660423716, , 33.7362, -118.3476, 6475, 340, 165, S22T, , , , , S22T
1660423716, , 33.7362, -118.3476, 6475, 340, 165, S22T, , , , , S22T
1660423722, , 33.7406, -118.3495, 6475, 340, 165, S22T, , , , , S22T
1660423722, , 33.7406, -118.3495, 6475, 340, 165, S22T, , , , , S22T
1660423725, , 33.7425, -118.3503, 6475, 340, 164, S22T, , , , , S22T
1660423725, , 33.7425, -118.3503, 6475, 340, 164, S22T, , , , , S22T
1660423728, , 33.745, -118.3513, 6475, 340, 164, S22T, , , , , S22T
1660423734, , 33.7488, -118.353, 6475, 340, 164, S22T, , , , , S22T
1660423734, , 33.7488, -118.353, 6475, 340, 164, S22T, , , , , S22T
1660423737, , 33.7511, -118.354, 6475, 340, 164, S22T, , , , , S22T
1660423737, , 33.7511, -118.354, 6475, 340, 164, S22T, , , , , S22T
1660423740, , 33.7534, -118.3549, 6475, 340, 164, S22T, , , , , S22T
1660423740, , 33.7534, -118.3549, 6475, 340, 164, S22T, , , , , S22T
