//Timestamp, ICAO, Latitude_deg, Longitude_deg, Altitude_ft, Heading_deg, GroundSpeed_kts, AircraftType, RegistrationNum, Departure, Arrival, FlightNumber1, FlightNumber2
1660402846, , 33.7526, -118.1696, 700, 192, 123, S76, , , , , S76
1660402849, , 33.751, -118.1701, 600, 197, 119, S76, , , , , S76
1660402849, , 33.751, -118.1701, 600, 197, 119, S76, , , , , S76
1660402854, , 33.7487, -118.1713, 600, 209, 112, S76, , , , , S76
1660402854, , 33.7487, -118.1713, 600, 209, 112, S76, , , , , S76
1660402858, , 33.7469, -118.173, 600, 223, 103, S76, , , , , S76
1660402858, , 33.7469, -118.173, 600, 223, 103, S76, , , , , S76
1660402862, , 33.7458, -118.1747, 600, 234, 96, S76, , , , , S76
1660402864, , 33.7453, -118.1758, 600, 244, 89, S76, , , , , S76
1660402864, , 33.7453, -118.1758, 600, 244, 89, S76, , , , , S76
1660402870, , 33.7449, -118.1783, 500, 265, 79, S76, , , , , S76
1660402870, , 33.7449, -118.1783, 500, 265, 79, S76, , , , , S76
1660402870, , 33.7449, -118.1783, 500, 265, 79, S76, , , , , S76
1660402870, , 33.7449, -118.1783, 500, 265, 79, S76, , , , , S76
1660402875, , 33.7451, -118.1803, 400, 278, 71, S76, , , , , S76
1660402879, , 33.7451, -118.1805, 400, 287, 66, S76, , , , , S76
1660402879, , 33.7451, -118.1805, 400, 287, 66, S76, , , , , S76
1660402883, , 33.7459, -118.183, 400, 292, 62, S76, , , , , S76
1660402883, , 33.7459, -118.183, 400, 292, 62, S76, , , , , S76
1660402890, , 33.7467, -118.1852, 300, 296, 58, S76, , , , , S76
1660402890, , 33.7467, -118.1852, 300, 296, 58, S76, , , , , S76
1660402893, , 33.7471, -118.186, 200, 298, 53, S76, , , , , S76
1660402896, , 33.7474, -118.1867, 200, 298, 48, S76, , , , , S76
1660402896, , 33.7474, -118.1867, 200, 298, 48, S76, , , , , S76
1660402902, , 33.7479, -118.188, 200, 298, 39, S76, , , , , S76
1660402902, , 33.7479, -118.188, 200, 298, 39, S76, , , , , S76
1660402905, , 33.7482, -118.1886, 200, 298, 34, S76, , , , , S76
1660402905, , 33.7482, -118.1886, 200, 298, 34, S76, , , , , S76
1660402908, , 33.7484, -118.189, 100, 298, 29, S76, , , , , S76
1660402914, , 33.7487, -118.1896, 100, 299, 16, S76, , , , , S76
1660402914, , 33.7487, -118.1896, 100, 299, 16, S76, , , , , S76
1660402917, , 33.7488, -118.1897, 100, 299, 10, S76, , , , , S76
1660402917, , 33.7488, -118.1897, 100, 299, 10, S76, , , , , S76
1660402920, , 33.7488, -118.1899, 100, 303, 7, S76, , , , , S76
1660402920, , 33.7488, -118.1899, 100, 303, 7, S76, , , , , S76
1660402922, , 33.7488, -118.1899, 100, 306, 5, S76, , , , , S76
1660402922, , 33.7488, -118.1899, 100, 306, 5, S76, , , , , S76
1660402922, , 33.7488, -118.1899, 100, 306, 5, S76, , , , , S76
1660402922, , 33.7488, -118.1899, 100, 306, 5, S76, , , , , S76
1660402922, , 33.7488, -118.1899, 100, 306, 5, S76, , , , , S76
1660402922, , 33.7488, -118.1899, 100, 306, 5, S76, , , , , S76
1660402922, , 33.7488, -118.1899, 100, 306, 5, S76, , , , , S76
1660402922, , 33.7488, -118.1899, 100, 306, 5, S76, , , , , S76
1660402922, , 33.7488, -118.1899, 100, 306, 5, S76, , , , , S76
1660402922, , 33.7488, -118.1899, 100, 306, 5, S76, , , , , S76
1660402922, , 33.7488, -118.1899, 100, 306, 5, S76, , , , , S76
1660402922, , 33.7488, -118.1899, 100, 306, 5, S76, , , , , S76
1660402922, , 33.7488, -118.1899, 100, 306, 5, S76, , , , , S76
1660402922, , 33.7488, -118.1899, 100, 306, 5, S76, , , , , S76
1660402922, , 33.7488, -118.1899, 100, 306, 5, S76, , , , , S76
1660402922, , 33.7488, -118.1899, 100, 306, 5, S76, , , , , S76
1660402922, , 33.7488, -118.1899, 100, 306, 5, S76, , , , , S76
1660402922, , 33.7488, -118.1899, 100, 306, 5, S76, , , , , S76
1660402922, , 33.7488, -118.1899, 100, 306, 5, S76, , , , , S76
1660402922, , 33.7488, -118.1899, 100, 306, 5, S76, , , , , S76
1660402922, , 33.7488, -118.1899, 100, 306, 5, S76, , , , , S76
1660402922, , 33.7488, -118.1899, 100, 306, 5, S76, , , , , S76
1660402922, , 33.7488, -118.1899, 100, 306, 5, S76, , , , , S76
1660402922, , 33.7488, -118.1899, 100, 306, 5, S76, , , , , S76
1660402922, , 33.7488, -118.1899, 100, 306, 5, S76, , , , , S76
1660402922, , 33.7488, -118.1899, 100, 306, 5, S76, , , , , S76
1660402922, , 33.7488, -118.1899, 100, 306, 5, S76, , , , , S76
1660402922, , 33.7488, -118.1899, 100, 306, 5, S76, , , , , S76
1660402922, , 33.7488, -118.1899, 100, 306, 5, S76, , , , , S76
1660402922, , 33.7488, -118.1899, 100, 306, 5, S76, , , , , S76
1660402922, , 33.7488, -118.1899, 100, 306, 5, S76, , , , , S76
1660402922, , 33.7488, -118.1899, 100, 306, 5, S76, , , , , S76
1660402922, , 33.7488, -118.1899, 100, 306, 5, S76, , , , , S76
1660402922, , 33.7488, -118.1899, 100, 306, 5, S76, , , , , S76
1660402922, , 33.7488, -118.1899, 100, 306, 5, S76, , , , , S76
1660402922, , 33.7488, -118.1899, 100, 306, 5, S76, , , , , S76
1660402922, , 33.7488, -118.1899, 100, 306, 5, S76, , , , , S76
1660403200, , 33.7483, -118.1896, 100, 160, 32, S76, , , , , S76
1660403200, , 33.7483, -118.1896, 100, 160, 32, S76, , , , , S76
1660403205, , 33.7477, -118.1893, 100, 159, 43, S76, , , , , S76
1660403205, , 33.7477, -118.1893, 100, 159, 43, S76, , , , , S76
1660403210, , 33.7464, -118.1887, 200, 159, 58, S76, , , , , S76
1660403210, , 33.7464, -118.1887, 200, 159, 58, S76, , , , , S76
1660403213, , 33.7453, -118.1882, 200, 158, 67, S76, , , , , S76
1660403213, , 33.7453, -118.1882, 200, 158, 67, S76, , , , , S76
1660403216, , 33.7445, -118.1878, 200, 158, 72, S76, , , , , S76
1660403222, , 33.7424, -118.1868, 400, 158, 80, S76, , , , , S76
1660403222, , 33.7424, -118.1868, 400, 158, 80, S76, , , , , S76
1660403225, , 33.7412, -118.1863, 400, 159, 85, S76, , , , , S76
1660403225, , 33.7412, -118.1863, 400, 159, 85, S76, , , , , S76
1660403228, , 33.7402, -118.1858, 400, 159, 89, S76, , , , , S76
1660403228, , 33.7402, -118.1858, 400, 159, 89, S76, , , , , S76
1660403234, , 33.7377, -118.1847, 400, 164, 99, S76, , , , , S76
1660403238, , 33.736, -118.1843, 400, 169, 103, S76, , , , , S76
1660403238, , 33.736, -118.1843, 400, 169, 103, S76, , , , , S76
1660403240, , 33.7349, -118.1842, 500, 173, 106, S76, , , , , S76
1660403240, , 33.7349, -118.1842, 500, 173, 106, S76, , , , , S76
1660403243, , 33.7334, -118.1841, 500, 176, 109, S76, , , , , S76
1660403243, , 33.7334, -118.1841, 500, 176, 109, S76, , , , , S76
1660403250, , 33.7308, -118.1842, 600, 184, 113, S76, , , , , S76
1660403253, , 33.7283, -118.1846, 600, 190, 116, S76, , , , , S76
1660403253, , 33.7283, -118.1846, 600, 190, 116, S76, , , , , S76
1660403256, , 33.7267, -118.185, 600, 192, 121, S76, , , , , S76
1660403256, , 33.7267, -118.185, 600, 192, 121, S76, , , , , S76
1660403262, , 33.7234, -118.186, 600, 194, 126, S76, , , , , S76
1660403262, , 33.7234, -118.186, 600, 194, 126, S76, , , , , S76
1660403266, , 33.7208, -118.1868, 600, 194, 131, S76, , , , , S76
1660403266, , 33.7208, -118.1868, 600, 194, 131, S76, , , , , S76
1660403269, , 33.7191, -118.1873, 600, 194, 134, S76, , , , , S76
1660403272, , 33.7171, -118.1879, 600, 194, 136, S76, , , , , S76
1660403272, , 33.7171, -118.1879, 600, 194, 136, S76, , , , , S76
1660403278, , 33.7136, -118.189, 600, 194, 137, S76, , , , , S76
1660403278, , 33.7136, -118.189, 600, 194, 137, S76, , , , , S76
1660403281, , 33.7115, -118.1897, 600, 194, 138, S76, , , , , S76
1660403281, , 33.7115, -118.1897, 600, 194, 138, S76, , , , , S76
1660403284, , 33.7097, -118.1902, 600, 194, 139, S76, , , , , S76
1660403290, , 33.706, -118.1914, 600, 194, 141, S76, , , , , S76
1660403290, , 33.706, -118.1914, 600, 194, 141, S76, , , , , S76
1660403293, , 33.704, -118.1919, 600, 193, 142, S76, , , , , S76
1660403293, , 33.704, -118.1919, 600, 193, 142, S76, , , , , S76
1660403296, , 33.702, -118.1925, 600, 193, 142, S76, , , , , S76
1660403296, , 33.702, -118.1925, 600, 193, 142, S76, , , , , S76
1660403302, , 33.6982, -118.1937, 600, 193, 141, S76, , , , , S76
1660403305, , 33.6963, -118.1942, 600, 193, 141, S76, , , , , S76
1660403305, , 33.6963, -118.1942, 600, 193, 141, S76, , , , , S76
1660403308, , 33.6944, -118.1947, 600, 193, 141, S76, , , , , S76
1660403308, , 33.6944, -118.1947, 600, 193, 141, S76, , , , , S76
1660403314, , 33.6906, -118.1958, 600, 193, 140, S76, , , , , S76
1660403314, , 33.6906, -118.1958, 600, 193, 140, S76, , , , , S76
1660403317, , 33.6886, -118.1964, 600, 193, 141, S76, , , , , S76
1660403320, , 33.6867, -118.1969, 600, 193, 141, S76, , , , , S76
1660403320, , 33.6867, -118.1969, 600, 193, 141, S76, , , , , S76
1660403326, , 33.6831, -118.198, 600, 193, 141, S76, , , , , S76
1660403326, , 33.6831, -118.198, 600, 193, 141, S76, , , , , S76
1660403329, , 33.6809, -118.1986, 600, 193, 142, S76, , , , , S76
1660403329, , 33.6809, -118.1986, 600, 193, 142, S76, , , , , S76
1660403332, , 33.679, -118.1992, 600, 193, 142, S76, , , , , S76
1660403332, , 33.679, -118.1992, 600, 193, 142, S76, , , , , S76
1660403335, , 33.677, -118.1997, 600, 193, 143, S76, , , , , S76
1660403341, , 33.6734, -118.2008, 600, 194, 142, S76, , , , , S76
1660403341, , 33.6734, -118.2008, 600, 194, 142, S76, , , , , S76
1660403344, , 33.6713, -118.2014, 600, 194, 142, S76, , , , , S76
1660403344, , 33.6713, -118.2014, 600, 194, 142, S76, , , , , S76
1660403347, , 33.6694, -118.2021, 600, 195, 141, S76, , , , , S76
1660403347, , 33.6694, -118.2021, 600, 195, 141, S76, , , , , S76
1660403353, , 33.6655, -118.2034, 600, 195, 140, S76, , , , , S76
1660403356, , 33.6636, -118.204, 700, 195, 138, S76, , , , , S76
1660403356, , 33.6636, -118.204, 700, 195, 138, S76, , , , , S76
1660403359, , 33.6621, -118.2045, 700, 196, 137, S76, , , , , S76
1660403359, , 33.6621, -118.2045, 700, 196, 137, S76, , , , , S76
1660403365, , 33.6581, -118.2059, 700, 195, 135, S76, , , , , S76
1660403365, , 33.6581, -118.2059, 700, 195, 135, S76, , , , , S76
1660403368, , 33.6567, -118.2063, 700, 195, 134, S76, , , , , S76
1660403371, , 33.6546, -118.2071, 800, 195, 133, S76, , , , , S76
1660403371, , 33.6546, -118.2071, 800, 195, 133, S76, , , , , S76
1660403377, , 33.651, -118.2082, 900, 194, 132, S76, , , , , S76
1660403377, , 33.651, -118.2082, 900, 194, 132, S76, , , , , S76
1660403380, , 33.6493, -118.2088, 900, 194, 131, S76, , , , , S76
1660403380, , 33.6493, -118.2088, 900, 194, 131, S76, , , , , S76
1660403383, , 33.6474, -118.2094, 900, 195, 130, S76, , , , , S76
1660403389, , 33.6441, -118.2104, 900, 195, 130, S76, , , , , S76
1660403389, , 33.6441, -118.2104, 900, 195, 130, S76, , , , , S76
1660403392, , 33.6422, -118.211, 900, 195, 130, S76, , , , , S76
1660403392, , 33.6422, -118.211, 900, 195, 130, S76, , , , , S76
1660403395, , 33.6404, -118.2116, 900, 194, 130, S76, , , , , S76
1660403395, , 33.6404, -118.2116, 900, 194, 130, S76, , , , , S76
1660403401, , 33.6368, -118.2127, 1000, 194, 130, S76, , , , , S76
1660403401, , 33.6368, -118.2127, 1000, 194, 130, S76, , , , , S76
1660403404, , 33.6351, -118.2132, 1000, 194, 130, S76, , , , , S76
1660403407, , 33.6335, -118.2137, 1000, 194, 130, S76, , , , , S76
1660403407, , 33.6335, -118.2137, 1000, 194, 130, S76, , , , , S76
1660403413, , 33.63, -118.2147, 1100, 193, 128, S76, , , , , S76
1660403416, , 33.6282, -118.2153, 1100, 194, 128, S76, , , , , S76
1660403416, , 33.6282, -118.2153, 1100, 194, 128, S76, , , , , S76
1660403419, , 33.6266, -118.2158, 1100, 194, 128, S76, , , , , S76
1660403419, , 33.6266, -118.2158, 1100, 194, 128, S76, , , , , S76
1660403426, , 33.6229, -118.2169, 1100, 194, 125, S76, , , , , S76
1660403426, , 33.6229, -118.2169, 1100, 194, 125, S76, , , , , S76
1660403428, , 33.6215, -118.2174, 1200, 194, 125, S76, , , , , S76
1660403431, , 33.6198, -118.2179, 1200, 194, 125, S76, , , , , S76
1660403431, , 33.6198, -118.2179, 1200, 194, 125, S76, , , , , S76
1660403437, , 33.6166, -118.2188, 1300, 194, 123, S76, , , , , S76
1660403437, , 33.6166, -118.2188, 1300, 194, 123, S76, , , , , S76
1660403440, , 33.6145, -118.2195, 1300, 194, 122, S76, , , , , S76
1660403440, , 33.6145, -118.2195, 1300, 194, 122, S76, , , , , S76
1660403443, , 33.6129, -118.22, 1400, 195, 123, S76, , , , , S76
1660403449, , 33.6096, -118.2211, 1400, 195, 123, S76, , , , , S76
1660403449, , 33.6096, -118.2211, 1400, 195, 123, S76, , , , , S76
1660403452, , 33.6081, -118.2216, 1400, 195, 123, S76, , , , , S76
1660403452, , 33.6081, -118.2216, 1400, 195, 123, S76, , , , , S76
1660403456, , 33.6063, -118.2222, 1400, 195, 122, S76, , , , , S76
1660403456, , 33.6063, -118.2222, 1400, 195, 122, S76, , , , , S76
1660403461, , 33.603, -118.2233, 1500, 195, 122, S76, , , , , S76
1660403465, , 33.6013, -118.2238, 1600, 195, 121, S76, , , , , S76
1660403465, , 33.6013, -118.2238, 1600, 195, 121, S76, , , , , S76
1660403468, , 33.5998, -118.2243, 1600, 196, 121, S76, , , , , S76
1660403468, , 33.5998, -118.2243, 1600, 196, 121, S76, , , , , S76
1660403474, , 33.5966, -118.2255, 1700, 196, 122, S76, , , , , S76
1660403474, , 33.5966, -118.2255, 1700, 196, 122, S76, , , , , S76
1660403477, , 33.5947, -118.2261, 1700, 196, 122, S76, , , , , S76
1660403477, , 33.5947, -118.2261, 1700, 196, 122, S76, , , , , S76
1660403480, , 33.5934, -118.2266, 1700, 196, 123, S76, , , , , S76
1660403486, , 33.5899, -118.2278, 1700, 196, 126, S76, , , , , S76
1660403486, , 33.5899, -118.2278, 1700, 196, 126, S76, , , , , S76
1660403489, , 33.5881, -118.2285, 1800, 196, 127, S76, , , , , S76
1660403489, , 33.5881, -118.2285, 1800, 196, 127, S76, , , , , S76
1660403492, , 33.5863, -118.2291, 1800, 195, 127, S76, , , , , S76
1660403498, , 33.5829, -118.2303, 1800, 196, 130, S76, , , , , S76
1660403498, , 33.5829, -118.2303, 1800, 196, 130, S76, , , , , S76
1660403501, , 33.5812, -118.2309, 1800, 196, 130, S76, , , , , S76
1660403501, , 33.5812, -118.2309, 1800, 196, 130, S76, , , , , S76
1660403504, , 33.5794, -118.2315, 1800, 196, 131, S76, , , , , S76
1660403504, , 33.5794, -118.2315, 1800, 196, 131, S76, , , , , S76
1660403510, , 33.576, -118.2326, 1900, 196, 133, S76, , , , , S76
1660403513, , 33.5742, -118.2333, 1900, 196, 134, S76, , , , , S76
1660403513, , 33.5742, -118.2333, 1900, 196, 134, S76, , , , , S76
1660403516, , 33.5723, -118.2339, 1900, 195, 135, S76, , , , , S76
1660403516, , 33.5723, -118.2339, 1900, 195, 135, S76, , , , , S76
1660403522, , 33.5686, -118.2351, 1900, 195, 134, S76, , , , , S76
1660403522, , 33.5686, -118.2351, 1900, 195, 134, S76, , , , , S76
1660403525, , 33.5668, -118.2357, 1900, 195, 135, S76, , , , , S76
1660403528, , 33.565, -118.2363, 1900, 194, 135, S76, , , , , S76
1660403528, , 33.565, -118.2363, 1900, 194, 135, S76, , , , , S76
1660403534, , 33.5614, -118.2374, 1900, 194, 135, S76, , , , , S76
1660403534, , 33.5614, -118.2374, 1900, 194, 135, S76, , , , , S76
1660403537, , 33.5597, -118.238, 1800, 195, 134, S76, , , , , S76
1660403537, , 33.5597, -118.238, 1800, 195, 134, S76, , , , , S76
1660403540, , 33.5579, -118.2386, 1800, 195, 133, S76, , , , , S76
1660403546, , 33.5543, -118.2398, 1700, 195, 132, S76, , , , , S76
1660403546, , 33.5543, -118.2398, 1700, 195, 132, S76, , , , , S76
1660403549, , 33.5525, -118.2404, 1700, 196, 133, S76, , , , , S76
1660403549, , 33.5525, -118.2404, 1700, 196, 133, S76, , , , , S76
1660403552, , 33.5506, -118.2411, 1700, 196, 132, S76, , , , , S76
1660403552, , 33.5506, -118.2411, 1700, 196, 132, S76, , , , , S76
1660403558, , 33.5472, -118.2423, 1700, 197, 131, S76, , , , , S76
1660403561, , 33.5452, -118.243, 1600, 197, 131, S76, , , , , S76
1660403561, , 33.5452, -118.243, 1600, 197, 131, S76, , , , , S76
1660403564, , 33.5435, -118.2437, 1600, 197, 131, S76, , , , , S76
1660403564, , 33.5435, -118.2437, 1600, 197, 131, S76, , , , , S76
1660403570, , 33.54, -118.2449, 1600, 196, 132, S76, , , , , S76
1660403570, , 33.54, -118.2449, 1600, 196, 132, S76, , , , , S76
1660403573, , 33.5384, -118.2455, 1600, 196, 132, S76, , , , , S76
1660403573, , 33.5384, -118.2455, 1600, 196, 132, S76, , , , , S76
1660403576, , 33.5365, -118.2462, 1600, 196, 131, S76, , , , , S76
1660403582, , 33.5329, -118.2474, 1600, 196, 131, S76, , , , , S76
1660403582, , 33.5329, -118.2474, 1600, 196, 131, S76, , , , , S76
1660403585, , 33.5313, -118.248, 1500, 196, 130, S76, , , , , S76
1660403585, , 33.5313, -118.248, 1500, 196, 130, S76, , , , , S76
1660403588, , 33.5294, -118.2487, 1500, 196, 130, S76, , , , , S76
1660403588, , 33.5294, -118.2487, 1500, 196, 130, S76, , , , , S76
1660403594, , 33.526, -118.2498, 1400, 195, 132, S76, , , , , S76
1660403597, , 33.5241, -118.2505, 1400, 195, 132, S76, , , , , S76
1660403597, , 33.5241, -118.2505, 1400, 195, 132, S76, , , , , S76
1660403600, , 33.5224, -118.2511, 1400, 195, 133, S76, , , , , S76
1660403600, , 33.5224, -118.2511, 1400, 195, 133, S76, , , , , S76
1660403606, , 33.5188, -118.2522, 1400, 195, 133, S76, , , , , S76
1660403606, , 33.5188, -118.2522, 1400, 195, 133, S76, , , , , S76
1660403610, , 33.5165, -118.253, 1400, 195, 134, S76, , , , , S76
1660403610, , 33.5165, -118.253, 1400, 195, 134, S76, , , , , S76
1660403612, , 33.5153, -118.2534, 1400, 195, 134, S76, , , , , S76
1660403616, , 33.5128, -118.2541, 1300, 194, 135, S76, , , , , S76
1660403616, , 33.5128, -118.2541, 1300, 194, 135, S76, , , , , S76
1660403619, , 33.5111, -118.2547, 1300, 194, 135, S76, , , , , S76
1660403619, , 33.5111, -118.2547, 1300, 194, 135, S76, , , , , S76
1660403625, , 33.5072, -118.256, 1200, 194, 135, S76, , , , , S76
1660403625, , 33.5072, -118.256, 1200, 194, 135, S76, , , , , S76
1660403628, , 33.5056, -118.2564, 1200, 194, 135, S76, , , , , S76
1660403632, , 33.5032, -118.2572, 1100, 194, 136, S76, , , , , S76
1660403632, , 33.5032, -118.2572, 1100, 194, 136, S76, , , , , S76
1660403638, , 33.5002, -118.2582, 1000, 194, 136, S76, , , , , S76
1660403638, , 33.5002, -118.2582, 1000, 194, 136, S76, , , , , S76
1660403640, , 33.4983, -118.2587, 1000, 194, 136, S76, , , , , S76
1660403640, , 33.4983, -118.2587, 1000, 194, 136, S76, , , , , S76
1660403644, , 33.4956, -118.2595, 900, 194, 136, S76, , , , , S76
1660403647, , 33.4937, -118.2601, 900, 194, 136, S76, , , , , S76
1660403647, , 33.4937, -118.2601, 900, 194, 136, S76, , , , , S76
1660403653, , 33.4903, -118.261, 900, 193, 133, S76, , , , , S76
1660403653, , 33.4903, -118.261, 900, 193, 133, S76, , , , , S76
1660403657, , 33.488, -118.2618, 800, 193, 132, S76, , , , , S76
1660403657, , 33.488, -118.2618, 800, 193, 132, S76, , , , , S76
1660403661, , 33.4871, -118.262, 700, 193, 131, S76, , , , , S76
1660403665, , 33.4833, -118.263, 700, 192, 129, S76, , , , , S76
1660403665, , 33.4833, -118.263, 700, 192, 129, S76, , , , , S76
1660403669, , 33.4809, -118.2637, 600, 192, 127, S76, , , , , S76
1660403669, , 33.4809, -118.2637, 600, 192, 127, S76, , , , , S76
1660403673, , 33.4791, -118.2641, 600, 192, 125, S76, , , , , S76
1660403673, , 33.4791, -118.2641, 600, 192, 125, S76, , , , , S76
1660403677, , 33.4765, -118.2649, 600, 192, 123, S76, , , , , S76
1660403677, , 33.4765, -118.2649, 600, 192, 123, S76, , , , , S76
1660403681, , 33.4741, -118.2654, 500, 191, 122, S76, , , , , S76
1660403685, , 33.4716, -118.2659, 500, 189, 120, S76, , , , , S76
1660403685, , 33.4716, -118.2659, 500, 189, 120, S76, , , , , S76
1660403690, , 33.4691, -118.2664, 400, 188, 121, S76, , , , , S76
1660403690, , 33.4691, -118.2664, 400, 188, 121, S76, , , , , S76
1660403694, , 33.4674, -118.2667, 400, 188, 121, S76, , , , , S76
1660403694, , 33.4674, -118.2667, 400, 188, 121, S76, , , , , S76
1660403698, , 33.4645, -118.2673, 400, 189, 122, S76, , , , , S76
1660403702, , 33.4632, -118.2675, 400, 189, 122, S76, , , , , S76
1660403702, , 33.4632, -118.2675, 400, 189, 122, S76, , , , , S76
1660403706, , 33.4604, -118.2681, 400, 189, 122, S76, , , , , S76
1660403706, , 33.4604, -118.2681, 400, 189, 122, S76, , , , , S76
1660403709, , 33.4583, -118.2685, 400, 189, 123, S76, , , , , S76
1660403709, , 33.4583, -118.2685, 400, 189, 123, S76, , , , , S76
1660403711, , 33.4571, -118.2688, 400, 190, 123, S76, , , , , S76
1660403714, , 33.4556, -118.2691, 400, 191, 124, S76, , , , , S76
1660403714, , 33.4556, -118.2691, 400, 191, 124, S76, , , , , S76
1660403719, , 33.4527, -118.2698, 400, 192, 124, S76, , , , , S76
1660403719, , 33.4527, -118.2698, 400, 192, 124, S76, , , , , S76
1660403723, , 33.4512, -118.2703, 400, 193, 126, S76, , , , , S76
1660403723, , 33.4512, -118.2703, 400, 193, 126, S76, , , , , S76
1660403727, , 33.4481, -118.2712, 400, 194, 127, S76, , , , , S76
1660403727, , 33.4481, -118.2712, 400, 194, 127, S76, , , , , S76
1660403731, , 33.4458, -118.272, 400, 195, 129, S76, , , , , S76
1660403735, , 33.4434, -118.2729, 400, 197, 131, S76, , , , , S76
1660403735, , 33.4434, -118.2729, 400, 197, 131, S76, , , , , S76
1660403740, , 33.4406, -118.2739, 400, 197, 133, S76, , , , , S76
1660403740, , 33.4406, -118.2739, 400, 197, 133, S76, , , , , S76
1660403742, , 33.4391, -118.2745, 400, 198, 133, S76, , , , , S76
1660403742, , 33.4391, -118.2745, 400, 198, 133, S76, , , , , S76
1660403747, , 33.4366, -118.2755, 400, 198, 135, S76, , , , , S76
1660403751, , 33.4342, -118.2765, 400, 199, 136, S76, , , , , S76
1660403751, , 33.4342, -118.2765, 400, 199, 136, S76, , , , , S76
1660403756, , 33.4321, -118.2774, 400, 199, 137, S76, , , , , S76
1660403756, , 33.4321, -118.2774, 400, 199, 137, S76, , , , , S76
1660403760, , 33.4291, -118.2787, 400, 199, 137, S76, , , , , S76
1660403760, , 33.4291, -118.2787, 400, 199, 137, S76, , , , , S76
1660403763, , 33.4272, -118.2794, 400, 197, 139, S76, , , , , S76
1660403769, , 33.4239, -118.2806, 400, 197, 139, S76, , , , , S76
1660403769, , 33.4239, -118.2806, 400, 197, 139, S76, , , , , S76
1660403772, , 33.421, -118.2816, 400, 195, 142, S76, , , , , S76
1660403772, , 33.421, -118.2816, 400, 195, 142, S76, , , , , S76
1660403774, , 33.4201, -118.2818, 400, 195, 142, S76, , , , , S76
1660403774, , 33.4201, -118.2818, 400, 195, 142, S76, , , , , S76
1660403782, , 33.4148, -118.2836, 400, 195, 142, S76, , , , , S76
1660403786, , 33.4123, -118.2844, 400, 195, 142, S76, , , , , S76
1660403786, , 33.4123, -118.2844, 400, 195, 142, S76, , , , , S76
1660403790, , 33.4102, -118.2851, 400, 194, 143, S76, , , , , S76
1660403790, , 33.4102, -118.2851, 400, 194, 143, S76, , , , , S76
1660403794, , 33.4072, -118.2861, 400, 194, 143, S76, , , , , S76
1660403794, , 33.4072, -118.2861, 400, 194, 143, S76, , , , , S76
1660403798, , 33.4043, -118.287, 400, 194, 144, S76, , , , , S76
1660403800, , 33.4027, -118.2874, 400, 194, 144, S76, , , , , S76
1660403800, , 33.4027, -118.2874, 400, 194, 144, S76, , , , , S76
1660403805, , 33.4004, -118.2881, 400, 194, 145, S76, , , , , S76
1660403805, , 33.4004, -118.2881, 400, 194, 145, S76, , , , , S76
1660403809, , 33.3973, -118.2891, 400, 193, 145, S76, , , , , S76
1660403809, , 33.3973, -118.2891, 400, 193, 145, S76, , , , , S76
1660403813, , 33.395, -118.2897, 400, 193, 145, S76, , , , , S76
1660403813, , 33.395, -118.2897, 400, 193, 145, S76, , , , , S76
1660403817, , 33.392, -118.2906, 400, 193, 144, S76, , , , , S76
1660403821, , 33.3896, -118.2913, 400, 193, 144, S76, , , , , S76
1660403821, , 33.3896, -118.2913, 400, 193, 144, S76, , , , , S76
1660403825, , 33.3875, -118.2918, 400, 193, 144, S76, , , , , S76
1660403825, , 33.3875, -118.2918, 400, 193, 144, S76, , , , , S76
1660403829, , 33.3845, -118.2927, 400, 193, 144, S76, , , , , S76
1660403829, , 33.3845, -118.2927, 400, 193, 144, S76, , , , , S76
1660403832, , 33.3828, -118.2932, 400, 193, 144, S76, , , , , S76
1660403837, , 33.3791, -118.2943, 400, 194, 144, S76, , , , , S76
1660403837, , 33.3791, -118.2943, 400, 194, 144, S76, , , , , S76
1660403841, , 33.3766, -118.2951, 400, 194, 141, S76, , , , , S76
1660403841, , 33.3766, -118.2951, 400, 194, 141, S76, , , , , S76
1660403845, , 33.3744, -118.2957, 400, 194, 138, S76, , , , , S76
1660403845, , 33.3744, -118.2957, 400, 194, 138, S76, , , , , S76
1660403849, , 33.3714, -118.2967, 400, 194, 134, S76, , , , , S76
1660403853, , 33.3691, -118.2973, 400, 193, 131, S76, , , , , S76
1660403853, , 33.3691, -118.2973, 400, 193, 131, S76, , , , , S76
1660403857, , 33.3669, -118.2979, 400, 193, 121, S76, , , , , S76
1660403857, , 33.3669, -118.2979, 400, 193, 121, S76, , , , , S76
1660403861, , 33.3648, -118.2985, 400, 193, 121, S76, , , , , S76
1660403861, , 33.3648, -118.2985, 400, 193, 121, S76, , , , , S76
1660403865, , 33.3627, -118.2991, 400, 194, 108, S76, , , , , S76
1660403870, , 33.3607, -118.2997, 400, 196, 100, S76, , , , , S76
1660403870, , 33.3607, -118.2997, 400, 196, 100, S76, , , , , S76
1660403873, , 33.3594, -118.3002, 400, 196, 96, S76, , , , , S76
1660403873, , 33.3594, -118.3002, 400, 196, 96, S76, , , , , S76
1660403874, , 33.3587, -118.3005, 400, 197, 95, S76, , , , , S76
1660403874, , 33.3587, -118.3005, 400, 197, 95, S76, , , , , S76
1660403881, , 33.3557, -118.3016, 400, 197, 89, S76, , , , , S76
1660403884, , 33.3546, -118.302, 400, 198, 88, S76, , , , , S76
1660403884, , 33.3546, -118.302, 400, 198, 88, S76, , , , , S76
1660403887, , 33.3534, -118.3025, 400, 200, 87, S76, , , , , S76
1660403887, , 33.3534, -118.3025, 400, 200, 87, S76, , , , , S76
1660403893, , 33.3511, -118.3035, 400, 200, 84, S76, , , , , S76
1660403893, , 33.3511, -118.3035, 400, 200, 84, S76, , , , , S76
1660403896, , 33.351, -118.3036, 400, 199, 82, S76, , , , , S76
1660403900, , 33.3488, -118.3045, 300, 199, 81, S76, , , , , S76
1660403900, , 33.3488, -118.3045, 300, 199, 81, S76, , , , , S76
1660403904, , 33.3476, -118.305, 300, 198, 80, S76, , , , , S76
1660403904, , 33.3476, -118.305, 300, 198, 80, S76, , , , , S76
1660403908, , 33.3461, -118.3056, 300, 198, 76, S76, , , , , S76
1660403908, , 33.3461, -118.3056, 300, 198, 76, S76, , , , , S76
1660403912, , 33.3446, -118.3062, 200, 198, 71, S76, , , , , S76
1660403912, , 33.3446, -118.3062, 200, 198, 71, S76, , , , , S76
1660403916, , 33.3437, -118.3066, 200, 200, 68, S76, , , , , S76
1660403920, , 33.3425, -118.3072, 200, 203, 65, S76, , , , , S76
1660403920, , 33.3425, -118.3072, 200, 203, 65, S76, , , , , S76
1660403924, , 33.3416, -118.3077, 200, 204, 63, S76, , , , , S76
1660403924, , 33.3416, -118.3077, 200, 204, 63, S76, , , , , S76
1660403929, , 33.3404, -118.3085, 200, 208, 56, S76, , , , , S76
1660403929, , 33.3404, -118.3085, 200, 208, 56, S76, , , , , S76
1660403934, , 33.3392, -118.3092, 200, 210, 47, S76, , , , , S76
1660403934, , 33.3392, -118.3092, 200, 210, 47, S76, , , , , S76
1660403934, , 33.3392, -118.3092, 200, 210, 47, S76, , , , , S76
1660403942, , 33.3381, -118.3101, 100, 213, 34, S76, , , , , S76
1660403942, , 33.3381, -118.3101, 100, 213, 34, S76, , , , , S76
1660403945, , 33.3376, -118.3106, 100, 214, 30, S76, , , , , S76
1660403945, , 33.3376, -118.3106, 100, 214, 30, S76, , , , , S76
1660403947, , 33.3376, -118.3106, 100, 216, 27, S76, , , , , S76
1660403954, , 33.3369, -118.3112, 100, 216, 15, S76, , , , , S76
1660403954, , 33.3369, -118.3112, 100, 216, 15, S76, , , , , S76
1660403957, , 33.3368, -118.3113, 100, 218, 12, S76, , , , , S76
1660403957, , 33.3368, -118.3113, 100, 218, 12, S76, , , , , S76
1660403957, , 33.3368, -118.3113, 100, 218, 12, S76, , , , , S76
1660403957, , 33.3368, -118.3113, 100, 218, 12, S76, , , , , S76
1660403957, , 33.3368, -118.3113, 100, 218, 12, S76, , , , , S76
1660403957, , 33.3368, -118.3113, 100, 218, 12, S76, , , , , S76
1660403957, , 33.3368, -118.3113, 100, 218, 12, S76, , , , , S76
1660403957, , 33.3368, -118.3113, 100, 218, 12, S76, , , , , S76
1660403957, , 33.3368, -118.3113, 100, 218, 12, S76, , , , , S76
1660403957, , 33.3368, -118.3113, 100, 218, 12, S76, , , , , S76
1660403957, , 33.3368, -118.3113, 100, 218, 12, S76, , , , , S76
1660403957, , 33.3368, -118.3113, 100, 218, 12, S76, , , , , S76
1660403957, , 33.3368, -118.3113, 100, 218, 12, S76, , , , , S76
1660403957, , 33.3368, -118.3113, 100, 218, 12, S76, , , , , S76
1660403957, , 33.3368, -118.3113, 100, 218, 12, S76, , , , , S76
1660403957, , 33.3368, -118.3113, 100, 218, 12, S76, , , , , S76
1660403957, , 33.3368, -118.3113, 100, 218, 12, S76, , , , , S76
1660403957, , 33.3368, -118.3113, 100, 218, 12, S76, , , , , S76
1660403957, , 33.3368, -118.3113, 100, 218, 12, S76, , , , , S76
1660403957, , 33.3368, -118.3113, 100, 218, 12, S76, , , , , S76
1660403957, , 33.3368, -118.3113, 100, 218, 12, S76, , , , , S76
1660403957, , 33.3368, -118.3113, 100, 218, 12, S76, , , , , S76
1660403957, , 33.3368, -118.3113, 100, 218, 12, S76, , , , , S76
1660403957, , 33.3368, -118.3113, 100, 218, 12, S76, , , , , S76
1660403957, , 33.3368, -118.3113, 100, 218, 12, S76, , , , , S76
1660403957, , 33.3368, -118.3113, 100, 218, 12, S76, , , , , S76
1660403957, , 33.3368, -118.3113, 100, 218, 12, S76, , , , , S76
1660403957, , 33.3368, -118.3113, 100, 218, 12, S76, , , , , S76
1660403957, , 33.3368, -118.3113, 100, 218, 12, S76, , , , , S76
1660403957, , 33.3368, -118.3113, 100, 218, 12, S76, , , , , S76
1660403957, , 33.3368, -118.3113, 100, 218, 12, S76, , , , , S76
1660403957, , 33.3368, -118.3113, 100, 218, 12, S76, , , , , S76
1660403957, , 33.3368, -118.3113, 100, 218, 12, S76, , , , , S76
1660403957, , 33.3368, -118.3113, 100, 218, 12, S76, , , , , S76
1660403957, , 33.3368, -118.3113, 100, 218, 12, S76, , , , , S76
1660403957, , 33.3368, -118.3113, 100, 218, 12, S76, , , , , S76
1660403957, , 33.3368, -118.3113, 100, 218, 12, S76, , , , , S76
1660403957, , 33.3368, -118.3113, 100, 218, 12, S76, , , , , S76
1660404370, , 33.3441, -118.3091, 0, 23, 91, S76, , , , , S76
1660404370, , 33.3441, -118.3091, 0, 23, 91, S76, , , , , S76
1660404370, , 33.3441, -118.3091, 0, 23, 91, S76, , , , , S76
1660404370, , 33.3441, -118.3091, 0, 23, 91, S76, , , , , S76
1660404375, , 33.3457, -118.3082, 400, 23, 102, S76, , , , , S76
1660404375, , 33.3457, -118.3082, 400, 23, 102, S76, , , , , S76
1660404382, , 33.3492, -118.3064, 400, 22, 111, S76, , , , , S76
1660404382, , 33.3492, -118.3064, 400, 22, 111, S76, , , , , S76
1660404382, , 33.3492, -118.3064, 400, 22, 111, S76, , , , , S76
1660404387, , 33.352, -118.3051, 400, 22, 113, S76, , , , , S76
1660404387, , 33.352, -118.3051, 400, 22, 113, S76, , , , , S76
1660404394, , 33.3549, -118.3036, 600, 22, 105, S76, , , , , S76
1660404394, , 33.3549, -118.3036, 600, 22, 105, S76, , , , , S76
1660404397, , 33.3564, -118.3029, 600, 22, 104, S76, , , , , S76
1660404397, , 33.3564, -118.3029, 600, 22, 104, S76, , , , , S76
1660404400, , 33.3572, -118.3025, 700, 22, 100, S76, , , , , S76
1660404406, , 33.3604, -118.3009, 900, 23, 98, S76, , , , , S76
1660404406, , 33.3604, -118.3009, 900, 23, 98, S76, , , , , S76
1660404409, , 33.3612, -118.3004, 900, 23, 96, S76, , , , , S76
1660404409, , 33.3612, -118.3004, 900, 23, 96, S76, , , , , S76
1660404413, , 33.3631, -118.2995, 1100, 22, 95, S76, , , , , S76
1660404415, , 33.3642, -118.299, 1100, 23, 94, S76, , , , , S76
1660404415, , 33.3642, -118.299, 1100, 23, 94, S76, , , , , S76
1660404421, , 33.3664, -118.2979, 1300, 22, 95, S76, , , , , S76
1660404421, , 33.3664, -118.2979, 1300, 22, 95, S76, , , , , S76
1660404424, , 33.3677, -118.2972, 1400, 22, 96, S76, , , , , S76
1660404424, , 33.3677, -118.2972, 1400, 22, 96, S76, , , , , S76
1660404430, , 33.3701, -118.2961, 1400, 22, 99, S76, , , , , S76
1660404430, , 33.3701, -118.2961, 1400, 22, 99, S76, , , , , S76
1660404433, , 33.3705, -118.2958, 1400, 22, 99, S76, , , , , S76
1660404436, , 33.3725, -118.2949, 1400, 21, 106, S76, , , , , S76
1660404436, , 33.3725, -118.2949, 1400, 21, 106, S76, , , , , S76
1660404442, , 33.3753, -118.2936, 1500, 19, 112, S76, , , , , S76
1660404442, , 33.3753, -118.2936, 1500, 19, 112, S76, , , , , S76
1660404446, , 33.3777, -118.2925, 1500, 19, 117, S76, , , , , S76
1660404446, , 33.3777, -118.2925, 1500, 19, 117, S76, , , , , S76
1660404449, , 33.3792, -118.2919, 1500, 19, 121, S76, , , , , S76
1660404452, , 33.3809, -118.2912, 1600, 19, 123, S76, , , , , S76
1660404452, , 33.3809, -118.2912, 1600, 19, 123, S76, , , , , S76
1660404457, , 33.384, -118.2899, 1600, 19, 129, S76, , , , , S76
1660404457, , 33.384, -118.2899, 1600, 19, 129, S76, , , , , S76
1660404458, , 33.3845, -118.2897, 1600, 19, 130, S76, , , , , S76
1660404458, , 33.3845, -118.2897, 1600, 19, 130, S76, , , , , S76
1660404463, , 33.3859, -118.2891, 1600, 18, 135, S76, , , , , S76
1660404467, , 33.3894, -118.2877, 1600, 18, 136, S76, , , , , S76
1660404467, , 33.3894, -118.2877, 1600, 18, 136, S76, , , , , S76
1660404471, , 33.3916, -118.2868, 1600, 18, 139, S76, , , , , S76
1660404471, , 33.3916, -118.2868, 1600, 18, 139, S76, , , , , S76
1660404475, , 33.3948, -118.2855, 1600, 18, 142, S76, , , , , S76
1660404475, , 33.3948, -118.2855, 1600, 18, 142, S76, , , , , S76
1660404481, , 33.3986, -118.284, 1500, 18, 144, S76, , , , , S76
1660404484, , 33.4002, -118.2833, 1500, 18, 144, S76, , , , , S76
1660404484, , 33.4002, -118.2833, 1500, 18, 144, S76, , , , , S76
1660404487, , 33.4021, -118.2825, 1500, 18, 144, S76, , , , , S76
1660404487, , 33.4021, -118.2825, 1500, 18, 144, S76, , , , , S76
1660404493, , 33.4062, -118.281, 1500, 16, 144, S76, , , , , S76
1660404493, , 33.4062, -118.281, 1500, 16, 144, S76, , , , , S76
1660404495, , 33.4071, -118.2807, 1500, 16, 144, S76, , , , , S76
1660404499, , 33.4101, -118.2797, 1500, 14, 144, S76, , , , , S76
1660404499, , 33.4101, -118.2797, 1500, 14, 144, S76, , , , , S76
1660404505, , 33.414, -118.2785, 1500, 13, 145, S76, , , , , S76
1660404505, , 33.414, -118.2785, 1500, 13, 145, S76, , , , , S76
1660404508, , 33.4156, -118.278, 1500, 13, 145, S76, , , , , S76
1660404508, , 33.4156, -118.278, 1500, 13, 145, S76, , , , , S76
1660404511, , 33.418, -118.2774, 1500, 13, 144, S76, , , , , S76
1660404517, , 33.4217, -118.2764, 1400, 12, 145, S76, , , , , S76
1660404517, , 33.4217, -118.2764, 1400, 12, 145, S76, , , , , S76
1660404520, , 33.4238, -118.2758, 1400, 12, 146, S76, , , , , S76
1660404520, , 33.4238, -118.2758, 1400, 12, 146, S76, , , , , S76
1660404523, , 33.4258, -118.2753, 1400, 12, 146, S76, , , , , S76
1660404523, , 33.4258, -118.2753, 1400, 12, 146, S76, , , , , S76
1660404529, , 33.4297, -118.2743, 1400, 11, 146, S76, , , , , S76
1660404529, , 33.4297, -118.2743, 1400, 11, 146, S76, , , , , S76
1660404532, , 33.431, -118.274, 1400, 11, 147, S76, , , , , S76
1660404535, , 33.434, -118.2733, 1400, 11, 147, S76, , , , , S76
1660404535, , 33.434, -118.2733, 1400, 11, 147, S76, , , , , S76
1660404541, , 33.4377, -118.2723, 1400, 12, 147, S76, , , , , S76
1660404541, , 33.4377, -118.2723, 1400, 12, 147, S76, , , , , S76
1660404544, , 33.4396, -118.2718, 1400, 12, 148, S76, , , , , S76
1660404549, , 33.443, -118.2709, 1400, 12, 149, S76, , , , , S76
1660404549, , 33.443, -118.2709, 1400, 12, 149, S76, , , , , S76
1660404552, , 33.4452, -118.2703, 1400, 12, 150, S76, , , , , S76
1660404552, , 33.4452, -118.2703, 1400, 12, 150, S76, , , , , S76
1660404556, , 33.4477, -118.2697, 1400, 12, 150, S76, , , , , S76
1660404556, , 33.4477, -118.2697, 1400, 12, 150, S76, , , , , S76
1660404559, , 33.4502, -118.269, 1400, 12, 150, S76, , , , , S76
1660404564, , 33.4534, -118.2682, 1300, 12, 150, S76, , , , , S76
1660404564, , 33.4534, -118.2682, 1300, 12, 150, S76, , , , , S76
1660404568, , 33.456, -118.2675, 1300, 11, 149, S76, , , , , S76
1660404568, , 33.456, -118.2675, 1300, 11, 149, S76, , , , , S76
1660404572, , 33.4587, -118.2669, 1300, 11, 149, S76, , , , , S76
1660404572, , 33.4587, -118.2669, 1300, 11, 149, S76, , , , , S76
1660404576, , 33.4612, -118.2662, 1300, 12, 148, S76, , , , , S76
1660404580, , 33.4639, -118.2656, 1300, 12, 148, S76, , , , , S76
1660404580, , 33.4639, -118.2656, 1300, 12, 148, S76, , , , , S76
1660404584, , 33.4658, -118.2651, 1300, 12, 148, S76, , , , , S76
1660404584, , 33.4658, -118.2651, 1300, 12, 148, S76, , , , , S76
1660404590, , 33.4703, -118.2639, 1300, 12, 149, S76, , , , , S76
1660404590, , 33.4703, -118.2639, 1300, 12, 149, S76, , , , , S76
1660404593, , 33.4728, -118.2632, 1200, 12, 149, S76, , , , , S76
1660404594, , 33.4738, -118.263, 1200, 12, 149, S76, , , , , S76
1660404594, , 33.4738, -118.263, 1200, 12, 149, S76, , , , , S76
1660404602, , 33.4777, -118.2619, 1200, 12, 149, S76, , , , , S76
1660404602, , 33.4777, -118.2619, 1200, 12, 149, S76, , , , , S76
1660404605, , 33.4808, -118.2611, 1200, 12, 149, S76, , , , , S76
1660404605, , 33.4808, -118.2611, 1200, 12, 149, S76, , , , , S76
1660404607, , 33.4821, -118.2608, 1100, 12, 149, S76, , , , , S76
1660404612, , 33.4856, -118.2599, 1100, 12, 149, S76, , , , , S76
1660404617, , 33.489, -118.259, 1100, 11, 149, S76, , , , , S76
1660404617, , 33.489, -118.259, 1100, 11, 149, S76, , , , , S76
1660404619, , 33.4908, -118.2586, 1100, 12, 148, S76, , , , , S76
1660404619, , 33.4908, -118.2586, 1100, 12, 148, S76, , , , , S76
1660404623, , 33.4932, -118.2579, 1100, 12, 148, S76, , , , , S76
1660404623, , 33.4932, -118.2579, 1100, 12, 148, S76, , , , , S76
1660404629, , 33.4967, -118.2569, 1100, 13, 149, S76, , , , , S76
1660404632, , 33.499, -118.2562, 1000, 13, 150, S76, , , , , S76
1660404632, , 33.499, -118.2562, 1000, 13, 150, S76, , , , , S76
1660404638, , 33.5032, -118.255, 1000, 14, 150, S76, , , , , S76
1660404638, , 33.5032, -118.255, 1000, 14, 150, S76, , , , , S76
1660404640, , 33.5047, -118.2545, 900, 14, 150, S76, , , , , S76
1660404640, , 33.5047, -118.2545, 900, 14, 150, S76, , , , , S76
1660404644, , 33.507, -118.2538, 900, 14, 149, S76, , , , , S76
1660404650, , 33.5113, -118.2525, 900, 15, 150, S76, , , , , S76
1660404650, , 33.5113, -118.2525, 900, 15, 150, S76, , , , , S76
1660404653, , 33.5133, -118.2518, 900, 15, 150, S76, , , , , S76
1660404653, , 33.5133, -118.2518, 900, 15, 150, S76, , , , , S76
1660404656, , 33.5153, -118.2511, 900, 15, 150, S76, , , , , S76
1660404656, , 33.5153, -118.2511, 900, 15, 150, S76, , , , , S76
1660404662, , 33.5192, -118.2498, 900, 16, 150, S76, , , , , S76
1660404662, , 33.5192, -118.2498, 900, 16, 150, S76, , , , , S76
1660404665, , 33.5212, -118.2491, 800, 16, 149, S76, , , , , S76
1660404668, , 33.5233, -118.2483, 800, 16, 149, S76, , , , , S76
1660404668, , 33.5233, -118.2483, 800, 16, 149, S76, , , , , S76
1660404674, , 33.5273, -118.2469, 800, 16, 147, S76, , , , , S76
1660404674, , 33.5273, -118.2469, 800, 16, 147, S76, , , , , S76
1660404677, , 33.5293, -118.2462, 800, 16, 147, S76, , , , , S76
1660404677, , 33.5293, -118.2462, 800, 16, 147, S76, , , , , S76
1660404680, , 33.5311, -118.2456, 800, 16, 147, S76, , , , , S76
1660404686, , 33.5353, -118.2441, 800, 16, 145, S76, , , , , S76
1660404686, , 33.5353, -118.2441, 800, 16, 145, S76, , , , , S76
1660404689, , 33.5369, -118.2436, 800, 16, 145, S76, , , , , S76
1660404689, , 33.5369, -118.2436, 800, 16, 145, S76, , , , , S76
1660404692, , 33.539, -118.2428, 800, 16, 145, S76, , , , , S76
1660404692, , 33.539, -118.2428, 800, 16, 145, S76, , , , , S76
1660404698, , 33.543, -118.2414, 800, 16, 144, S76, , , , , S76
1660404701, , 33.5449, -118.2407, 800, 16, 144, S76, , , , , S76
1660404701, , 33.5449, -118.2407, 800, 16, 144, S76, , , , , S76
1660404704, , 33.5468, -118.2401, 800, 16, 144, S76, , , , , S76
1660404704, , 33.5468, -118.2401, 800, 16, 144, S76, , , , , S76
1660404710, , 33.5506, -118.2387, 800, 16, 145, S76, , , , , S76
1660404710, , 33.5506, -118.2387, 800, 16, 145, S76, , , , , S76
1660404713, , 33.5525, -118.238, 800, 16, 144, S76, , , , , S76
1660404716, , 33.5546, -118.2373, 800, 17, 144, S76, , , , , S76
1660404716, , 33.5546, -118.2373, 800, 17, 144, S76, , , , , S76
1660404722, , 33.5583, -118.2359, 800, 16, 144, S76, , , , , S76
1660404722, , 33.5583, -118.2359, 800, 16, 144, S76, , , , , S76
1660404725, , 33.5602, -118.2352, 800, 16, 145, S76, , , , , S76
1660404725, , 33.5602, -118.2352, 800, 16, 145, S76, , , , , S76
1660404728, , 33.5623, -118.2345, 800, 16, 146, S76, , , , , S76
1660404734, , 33.5663, -118.233, 700, 16, 147, S76, , , , , S76
1660404734, , 33.5663, -118.233, 700, 16, 147, S76, , , , , S76
1660404737, , 33.5683, -118.2324, 700, 15, 147, S76, , , , , S76
1660404737, , 33.5683, -118.2324, 700, 15, 147, S76, , , , , S76
1660404740, , 33.5696, -118.2319, 700, 15, 147, S76, , , , , S76
1660404740, , 33.5696, -118.2319, 700, 15, 147, S76, , , , , S76
1660404746, , 33.5742, -118.2304, 700, 15, 146, S76, , , , , S76
1660404749, , 33.5761, -118.2298, 700, 15, 146, S76, , , , , S76
1660404749, , 33.5761, -118.2298, 700, 15, 146, S76, , , , , S76
1660404752, , 33.578, -118.2291, 700, 15, 146, S76, , , , , S76
1660404752, , 33.578, -118.2291, 700, 15, 146, S76, , , , , S76
1660404758, , 33.582, -118.2278, 700, 14, 145, S76, , , , , S76
1660404758, , 33.582, -118.2278, 700, 14, 145, S76, , , , , S76
1660404761, , 33.584, -118.2272, 700, 14, 145, S76, , , , , S76
1660404761, , 33.584, -118.2272, 700, 14, 145, S76, , , , , S76
1660404764, , 33.586, -118.2266, 700, 14, 145, S76, , , , , S76
1660404770, , 33.5894, -118.2255, 700, 14, 145, S76, , , , , S76
1660404770, , 33.5894, -118.2255, 700, 14, 145, S76, , , , , S76
1660404772, , 33.5912, -118.225, 700, 14, 145, S76, , , , , S76
1660404772, , 33.5912, -118.225, 700, 14, 145, S76, , , , , S76
1660404776, , 33.5938, -118.2242, 700, 14, 144, S76, , , , , S76
1660404776, , 33.5938, -118.2242, 700, 14, 144, S76, , , , , S76
1660404781, , 33.5969, -118.2231, 700, 15, 145, S76, , , , , S76
1660404785, , 33.5989, -118.2225, 700, 16, 144, S76, , , , , S76
1660404785, , 33.5989, -118.2225, 700, 16, 144, S76, , , , , S76
1660404788, , 33.6013, -118.2217, 700, 16, 143, S76, , , , , S76
1660404788, , 33.6013, -118.2217, 700, 16, 143, S76, , , , , S76
1660404794, , 33.6052, -118.2203, 700, 15, 142, S76, , , , , S76
1660404797, , 33.6071, -118.2197, 700, 15, 142, S76, , , , , S76
1660404797, , 33.6071, -118.2197, 700, 15, 142, S76, , , , , S76
1660404800, , 33.6092, -118.219, 700, 14, 141, S76, , , , , S76
1660404800, , 33.6092, -118.219, 700, 14, 141, S76, , , , , S76
1660404806, , 33.6131, -118.2178, 700, 14, 141, S76, , , , , S76
1660404806, , 33.6131, -118.2178, 700, 14, 141, S76, , , , , S76
1660404809, , 33.6151, -118.2172, 700, 13, 141, S76, , , , , S76
1660404809, , 33.6151, -118.2172, 700, 13, 141, S76, , , , , S76
1660404812, , 33.6167, -118.2167, 700, 13, 142, S76, , , , , S76
1660404818, , 33.6203, -118.2156, 700, 13, 142, S76, , , , , S76
1660404818, , 33.6203, -118.2156, 700, 13, 142, S76, , , , , S76
1660404821, , 33.6226, -118.215, 700, 13, 143, S76, , , , , S76
1660404821, , 33.6226, -118.215, 700, 13, 143, S76, , , , , S76
1660404824, , 33.6246, -118.2144, 700, 13, 144, S76, , , , , S76
1660404824, , 33.6246, -118.2144, 700, 13, 144, S76, , , , , S76
1660404830, , 33.6282, -118.2134, 700, 13, 145, S76, , , , , S76
1660404832, , 33.6295, -118.213, 700, 13, 145, S76, , , , , S76
1660404832, , 33.6295, -118.213, 700, 13, 145, S76, , , , , S76
1660404835, , 33.6314, -118.2124, 700, 13, 145, S76, , , , , S76
1660404835, , 33.6314, -118.2124, 700, 13, 145, S76, , , , , S76
1660404839, , 33.6344, -118.2116, 700, 14, 144, S76, , , , , S76
1660404839, , 33.6344, -118.2116, 700, 14, 144, S76, , , , , S76
1660404845, , 33.638, -118.2104, 700, 14, 143, S76, , , , , S76
1660404846, , 33.6386, -118.2103, 700, 14, 143, S76, , , , , S76
1660404846, , 33.6386, -118.2103, 700, 14, 143, S76, , , , , S76
1660404854, , 33.6437, -118.2087, 700, 14, 144, S76, , , , , S76
1660404854, , 33.6437, -118.2087, 700, 14, 144, S76, , , , , S76
1660404854, , 33.6437, -118.2087, 700, 14, 144, S76, , , , , S76
1660404854, , 33.6437, -118.2087, 700, 14, 144, S76, , , , , S76
1660404862, , 33.649, -118.207, 700, 14, 145, S76, , , , , S76
1660404866, , 33.6507, -118.2065, 700, 14, 145, S76, , , , , S76
1660404866, , 33.6507, -118.2065, 700, 14, 145, S76, , , , , S76
1660404870, , 33.6543, -118.2053, 700, 15, 146, S76, , , , , S76
1660404870, , 33.6543, -118.2053, 700, 15, 146, S76, , , , , S76
1660404874, , 33.6566, -118.2046, 600, 15, 146, S76, , , , , S76
1660404874, , 33.6566, -118.2046, 600, 15, 146, S76, , , , , S76
1660404878, , 33.6595, -118.2036, 600, 15, 146, S76, , , , , S76
1660404878, , 33.6595, -118.2036, 600, 15, 146, S76, , , , , S76
1660404878, , 33.6595, -118.2036, 600, 15, 146, S76, , , , , S76
1660404884, , 33.6622, -118.2028, 600, 15, 146, S76, , , , , S76
1660404884, , 33.6622, -118.2028, 600, 15, 146, S76, , , , , S76
1660404888, , 33.6657, -118.2016, 600, 15, 146, S76, , , , , S76
1660404888, , 33.6657, -118.2016, 600, 15, 146, S76, , , , , S76
1660404892, , 33.6687, -118.2005, 600, 15, 145, S76, , , , , S76
1660404892, , 33.6687, -118.2005, 600, 15, 145, S76, , , , , S76
1660404896, , 33.671, -118.1997, 600, 15, 145, S76, , , , , S76
1660404900, , 33.6737, -118.1988, 600, 15, 145, S76, , , , , S76
1660404900, , 33.6737, -118.1988, 600, 15, 145, S76, , , , , S76
1660404905, , 33.6775, -118.1975, 600, 16, 144, S76, , , , , S76
1660404905, , 33.6775, -118.1975, 600, 16, 144, S76, , , , , S76
1660404910, , 33.6803, -118.1966, 600, 16, 144, S76, , , , , S76
1660404910, , 33.6803, -118.1966, 600, 16, 144, S76, , , , , S76
1660404910, , 33.6803, -118.1966, 600, 16, 144, S76, , , , , S76
1660404916, , 33.6841, -118.1953, 600, 16, 144, S76, , , , , S76
1660404916, , 33.6841, -118.1953, 600, 16, 144, S76, , , , , S76
1660404919, , 33.6858, -118.1947, 600, 16, 143, S76, , , , , S76
1660404919, , 33.6858, -118.1947, 600, 16, 143, S76, , , , , S76
1660404925, , 33.6898, -118.1933, 600, 16, 144, S76, , , , , S76
1660404928, , 33.6921, -118.1925, 600, 15, 145, S76, , , , , S76
1660404928, , 33.6921, -118.1925, 600, 15, 145, S76, , , , , S76
1660404934, , 33.6961, -118.1912, 600, 15, 146, S76, , , , , S76
1660404934, , 33.6961, -118.1912, 600, 15, 146, S76, , , , , S76
1660404937, , 33.6981, -118.1906, 600, 15, 146, S76, , , , , S76
1660404937, , 33.6981, -118.1906, 600, 15, 146, S76, , , , , S76
1660404939, , 33.6987, -118.1904, 600, 14, 146, S76, , , , , S76
1660404943, , 33.7008, -118.1897, 600, 14, 146, S76, , , , , S76
1660404943, , 33.7008, -118.1897, 600, 14, 146, S76, , , , , S76
1660404949, , 33.7055, -118.1882, 500, 14, 146, S76, , , , , S76
1660404949, , 33.7055, -118.1882, 500, 14, 146, S76, , , , , S76
1660404952, , 33.707, -118.1877, 500, 14, 146, S76, , , , , S76
1660404952, , 33.707, -118.1877, 500, 14, 146, S76, , , , , S76
1660404955, , 33.7095, -118.187, 500, 14, 146, S76, , , , , S76
1660404961, , 33.7139, -118.1856, 500, 14, 146, S76, , , , , S76
1660404961, , 33.7139, -118.1856, 500, 14, 146, S76, , , , , S76
1660404965, , 33.7151, -118.1852, 500, 14, 146, S76, , , , , S76
1660404965, , 33.7151, -118.1852, 500, 14, 146, S76, , , , , S76
1660404967, , 33.7167, -118.1847, 500, 14, 146, S76, , , , , S76
1660404967, , 33.7167, -118.1847, 500, 14, 146, S76, , , , , S76
1660404973, , 33.7216, -118.1832, 500, 14, 144, S76, , , , , S76
1660404973, , 33.7216, -118.1832, 500, 14, 144, S76, , , , , S76
1660404978, , 33.7239, -118.1825, 500, 13, 140, S76, , , , , S76
1660404981, , 33.7261, -118.1819, 500, 12, 136, S76, , , , , S76
1660404981, , 33.7261, -118.1819, 500, 12, 136, S76, , , , , S76
1660404983, , 33.7279, -118.1814, 500, 12, 132, S76, , , , , S76
1660404983, , 33.7279, -118.1814, 500, 12, 132, S76, , , , , S76
1660404989, , 33.7311, -118.1806, 500, 10, 123, S76, , , , , S76
1660404989, , 33.7311, -118.1806, 500, 10, 123, S76, , , , , S76
1660404992, , 33.7329, -118.1802, 500, 10, 123, S76, , , , , S76
1660404995, , 33.7344, -118.1799, 400, 7, 110, S76, , , , , S76
1660404995, , 33.7344, -118.1799, 400, 7, 110, S76, , , , , S76
1660405000, , 33.737, -118.1797, 400, 1, 102, S76, , , , , S76
1660405000, , 33.737, -118.1797, 400, 1, 102, S76, , , , , S76
1660405004, , 33.7386, -118.1798, 400, 357, 98, S76, , , , , S76
1660405004, , 33.7386, -118.1798, 400, 357, 98, S76, , , , , S76
1660405008, , 33.7401, -118.1802, 400, 345, 89, S76, , , , , S76
1660405014, , 33.7424, -118.1813, 400, 329, 83, S76, , , , , S76
1660405014, , 33.7424, -118.1813, 400, 329, 83, S76, , , , , S76
1660405017, , 33.7433, -118.1821, 400, 322, 81, S76, , , , , S76
1660405017, , 33.7433, -118.1821, 400, 322, 81, S76, , , , , S76
1660405020, , 33.7442, -118.183, 300, 317, 76, S76, , , , , S76
1660405020, , 33.7442, -118.183, 300, 317, 76, S76, , , , , S76
1660405026, , 33.7455, -118.1846, 200, 309, 67, S76, , , , , S76
1660405029, , 33.7461, -118.1856, 200, 307, 62, S76, , , , , S76
1660405029, , 33.7461, -118.1856, 200, 307, 62, S76, , , , , S76
1660405032, , 33.7466, -118.1864, 200, 306, 58, S76, , , , , S76
1660405032, , 33.7466, -118.1864, 200, 306, 58, S76, , , , , S76
1660405038, , 33.7475, -118.1878, 200, 305, 49, S76, , , , , S76
1660405038, , 33.7475, -118.1878, 200, 305, 49, S76, , , , , S76
1660405041, , 33.7478, -118.1883, 200, 305, 41, S76, , , , , S76
1660405041, , 33.7478, -118.1883, 200, 305, 41, S76, , , , , S76
1660405044, , 33.7481, -118.1888, 100, 306, 33, S76, , , , , S76
1660405050, , 33.7485, -118.1895, 100, 308, 19, S76, , , , , S76
1660405050, , 33.7485, -118.1895, 100, 308, 19, S76, , , , , S76
1660405053, , 33.7487, -118.1897, 100, 308, 12, S76, , , , , S76
1660405053, , 33.7487, -118.1897, 100, 308, 12, S76, , , , , S76
1660405056, , 33.7488, -118.1898, 100, 305, 8, S76, , , , , S76
1660405056, , 33.7488, -118.1898, 100, 305, 8, S76, , , , , S76
1660405056, , 33.7488, -118.1898, 100, 305, 8, S76, , , , , S76
1660405056, , 33.7488, -118.1898, 100, 305, 8, S76, , , , , S76
1660405056, , 33.7488, -118.1898, 100, 305, 8, S76, , , , , S76
1660405056, , 33.7488, -118.1898, 100, 305, 8, S76, , , , , S76
1660405056, , 33.7488, -118.1898, 100, 305, 8, S76, , , , , S76
1660405056, , 33.7488, -118.1898, 100, 305, 8, S76, , , , , S76
1660405056, , 33.7488, -118.1898, 100, 305, 8, S76, , , , , S76
1660405056, , 33.7488, -118.1898, 100, 305, 8, S76, , , , , S76
1660405056, , 33.7488, -118.1898, 100, 305, 8, S76, , , , , S76
1660405056, , 33.7488, -118.1898, 100, 305, 8, S76, , , , , S76
1660405056, , 33.7488, -118.1898, 100, 305, 8, S76, , , , , S76
1660405056, , 33.7488, -118.1898, 100, 305, 8, S76, , , , , S76
1660405056, , 33.7488, -118.1898, 100, 305, 8, S76, , , , , S76
1660405056, , 33.7488, -118.1898, 100, 305, 8, S76, , , , , S76
1660405056, , 33.7488, -118.1898, 100, 305, 8, S76, , , , , S76
1660405056, , 33.7488, -118.1898, 100, 305, 8, S76, , , , , S76
1660405056, , 33.7488, -118.1898, 100, 305, 8, S76, , , , , S76
1660405056, , 33.7488, -118.1898, 100, 305, 8, S76, , , , , S76
1660405056, , 33.7488, -118.1898, 100, 305, 8, S76, , , , , S76
1660405056, , 33.7488, -118.1898, 100, 305, 8, S76, , , , , S76
1660405056, , 33.7488, -118.1898, 100, 305, 8, S76, , , , , S76
1660405056, , 33.7488, -118.1898, 100, 305, 8, S76, , , , , S76
1660405056, , 33.7488, -118.1898, 100, 305, 8, S76, , , , , S76
1660405056, , 33.7488, -118.1898, 100, 305, 8, S76, , , , , S76
1660405056, , 33.7488, -118.1898, 100, 305, 8, S76, , , , , S76
1660405056, , 33.7488, -118.1898, 100, 305, 8, S76, , , , , S76
1660405056, , 33.7488, -118.1898, 100, 305, 8, S76, , , , , S76
1660405056, , 33.7488, -118.1898, 100, 305, 8, S76, , , , , S76
1660405056, , 33.7488, -118.1898, 100, 305, 8, S76, , , , , S76
1660405056, , 33.7488, -118.1898, 100, 305, 8, S76, , , , , S76
1660405056, , 33.7488, -118.1898, 100, 305, 8, S76, , , , , S76
1660405056, , 33.7488, -118.1898, 100, 305, 8, S76, , , , , S76
1660405056, , 33.7488, -118.1898, 100, 305, 8, S76, , , , , S76
1660405056, , 33.7488, -118.1898, 100, 305, 8, S76, , , , , S76
1660405056, , 33.7488, -118.1898, 100, 305, 8, S76, , , , , S76
1660405056, , 33.7488, -118.1898, 100, 305, 8, S76, , , , , S76
1660405762, , 33.745, -118.1879, 200, 156, 68, S76, , , , , S76
1660405762, , 33.745, -118.1879, 200, 156, 68, S76, , , , , S76
1660405765, , 33.7445, -118.1876, 200, 156, 72, S76, , , , , S76
1660405768, , 33.7433, -118.187, 400, 157, 74, S76, , , , , S76
1660405768, , 33.7433, -118.187, 400, 157, 74, S76, , , , , S76
1660405774, , 33.741, -118.1859, 400, 159, 87, S76, , , , , S76
1660405774, , 33.741, -118.1859, 400, 159, 87, S76, , , , , S76
1660405777, , 33.7398, -118.1855, 400, 161, 90, S76, , , , , S76
1660405777, , 33.7398, -118.1855, 400, 161, 90, S76, , , , , S76
1660405780, , 33.7385, -118.185, 400, 165, 95, S76, , , , , S76
1660405785, , 33.7365, -118.1846, 500, 171, 101, S76, , , , , S76
1660405785, , 33.7365, -118.1846, 500, 171, 101, S76, , , , , S76
1660405788, , 33.7348, -118.1844, 500, 176, 103, S76, , , , , S76
1660405788, , 33.7348, -118.1844, 500, 176, 103, S76, , , , , S76
1660405791, , 33.7334, -118.1844, 600, 180, 105, S76, , , , , S76
