//Timestamp, ICAO, Latitude_deg, Longitude_deg, Altitude_ft, Heading_deg, GroundSpeed_kts, AircraftType, RegistrationNum, Departure, Arrival, FlightNumber1, FlightNumber2
1660405807, , 33.7534, -118.3827, 4100, 209, 82, SLG4, , , , , SLG4
1660405807, , 33.7534, -118.3827, 4100, 209, 82, SLG4, , , , , SLG4
1660405813, , 33.7514, -118.384, 4125, 205, 84, SLG4, , , , , SLG4
1660405816, , 33.7504, -118.3846, 4150, 205, 85, SLG4, , , , , SLG4
1660405819, , 33.7492, -118.3852, 4150, 203, 86, SLG4, , , , , SLG4
1660405819, , 33.7492, -118.3852, 4150, 203, 86, SLG4, , , , , SLG4
1660405825, , 33.747, -118.3863, 4175, 201, 87, SLG4, , , , , SLG4
1660405825, , 33.747, -118.3863, 4175, 201, 87, SLG4, , , , , SLG4
1660405828, , 33.7459, -118.3868, 4200, 200, 87, SLG4, , , , , SLG4
1660405828, , 33.7459, -118.3868, 4200, 200, 87, SLG4, , , , , SLG4
1660405831, , 33.7448, -118.3873, 4200, 200, 88, SLG4, , , , , SLG4
1660405837, , 33.7425, -118.3883, 4250, 200, 90, SLG4, , , , , SLG4
1660405837, , 33.7425, -118.3883, 4250, 200, 90, SLG4, , , , , SLG4
1660405840, , 33.7414, -118.3888, 4250, 199, 90, SLG4, , , , , SLG4
1660405840, , 33.7414, -118.3888, 4250, 199, 90, SLG4, , , , , SLG4
1660405844, , 33.7399, -118.3894, 4275, 199, 90, SLG4, , , , , SLG4
1660405844, , 33.7399, -118.3894, 4275, 199, 90, SLG4, , , , , SLG4
1660405849, , 33.7377, -118.3903, 4300, 199, 88, SLG4, , , , , SLG4
1660405853, , 33.7364, -118.3908, 4325, 198, 87, SLG4, , , , , SLG4
1660405853, , 33.7364, -118.3908, 4325, 198, 87, SLG4, , , , , SLG4
1660405856, , 33.7352, -118.3913, 4350, 198, 87, SLG4, , , , , SLG4
1660405856, , 33.7352, -118.3913, 4350, 198, 87, SLG4, , , , , SLG4
1660405861, , 33.7332, -118.3921, 4400, 198, 87, SLG4, , , , , SLG4
1660405861, , 33.7332, -118.3921, 4400, 198, 87, SLG4, , , , , SLG4
1660405864, , 33.7319, -118.3926, 4400, 198, 87, SLG4, , , , , SLG4
1660405864, , 33.7319, -118.3926, 4400, 198, 87, SLG4, , , , , SLG4
1660405868, , 33.7306, -118.3932, 4425, 198, 87, SLG4, , , , , SLG4
1660405872, , 33.729, -118.3938, 4450, 198, 87, SLG4, , , , , SLG4
1660405872, , 33.729, -118.3938, 4450, 198, 87, SLG4, , , , , SLG4
1660405876, , 33.7272, -118.3946, 4450, 199, 89, SLG4, , , , , SLG4
1660405876, , 33.7272, -118.3946, 4450, 199, 89, SLG4, , , , , SLG4
1660405879, , 33.7261, -118.3951, 4475, 200, 89, SLG4, , , , , SLG4
1660405879, , 33.7261, -118.3951, 4475, 200, 89, SLG4, , , , , SLG4
1660405885, , 33.7238, -118.3961, 4525, 199, 88, SLG4, , , , , SLG4
1660405889, , 33.7228, -118.3965, 4550, 199, 87, SLG4, , , , , SLG4
1660405889, , 33.7228, -118.3965, 4550, 199, 87, SLG4, , , , , SLG4
1660405892, , 33.7213, -118.3971, 4550, 199, 89, SLG4, , , , , SLG4
1660405892, , 33.7213, -118.3971, 4550, 199, 89, SLG4, , , , , SLG4
1660405898, , 33.719, -118.3982, 4550, 201, 90, SLG4, , , , , SLG4
1660405898, , 33.719, -118.3982, 4550, 201, 90, SLG4, , , , , SLG4
1660405901, , 33.7178, -118.3988, 4550, 201, 91, SLG4, , , , , SLG4
1660405903, , 33.7167, -118.3993, 4550, 201, 91, SLG4, , , , , SLG4
1660405903, , 33.7167, -118.3993, 4550, 201, 91, SLG4, , , , , SLG4
1660405910, , 33.7144, -118.4003, 4550, 202, 92, SLG4, , , , , SLG4
1660405910, , 33.7144, -118.4003, 4550, 202, 92, SLG4, , , , , SLG4
1660405913, , 33.7129, -118.4011, 4575, 202, 95, SLG4, , , , , SLG4
1660405913, , 33.7129, -118.4011, 4575, 202, 95, SLG4, , , , , SLG4
1660405915, , 33.7119, -118.4017, 4575, 203, 96, SLG4, , , , , SLG4
1660405922, , 33.7096, -118.4029, 4575, 204, 100, SLG4, , , , , SLG4
1660405922, , 33.7096, -118.4029, 4575, 204, 100, SLG4, , , , , SLG4
1660405924, , 33.7085, -118.4034, 4575, 204, 101, SLG4, , , , , SLG4
1660405924, , 33.7085, -118.4034, 4575, 204, 101, SLG4, , , , , SLG4
1660405930, , 33.7059, -118.4049, 4600, 205, 102, SLG4, , , , , SLG4
1660405930, , 33.7059, -118.4049, 4600, 205, 102, SLG4, , , , , SLG4
1660405933, , 33.7047, -118.4056, 4600, 205, 104, SLG4, , , , , SLG4
1660405936, , 33.7034, -118.4064, 4600, 205, 105, SLG4, , , , , SLG4
1660405936, , 33.7034, -118.4064, 4600, 205, 105, SLG4, , , , , SLG4
1660405942, , 33.7006, -118.408, 4625, 205, 108, SLG4, , , , , SLG4
1660405942, , 33.7006, -118.408, 4625, 205, 108, SLG4, , , , , SLG4
1660405945, , 33.699, -118.4088, 4625, 206, 109, SLG4, , , , , SLG4
1660405945, , 33.699, -118.4088, 4625, 206, 109, SLG4, , , , , SLG4
1660405948, , 33.6981, -118.4094, 4625, 206, 110, SLG4, , , , , SLG4
1660405951, , 33.6962, -118.4105, 4625, 206, 110, SLG4, , , , , SLG4
1660405951, , 33.6962, -118.4105, 4625, 206, 110, SLG4, , , , , SLG4
1660405958, , 33.6931, -118.4124, 4650, 206, 112, SLG4, , , , , SLG4
1660405958, , 33.6931, -118.4124, 4650, 206, 112, SLG4, , , , , SLG4
1660405961, , 33.6916, -118.4133, 4650, 206, 113, SLG4, , , , , SLG4
1660405961, , 33.6916, -118.4133, 4650, 206, 113, SLG4, , , , , SLG4
1660405963, , 33.6904, -118.414, 4650, 207, 114, SLG4, , , , , SLG4
1660405963, , 33.6904, -118.414, 4650, 207, 114, SLG4, , , , , SLG4
1660405969, , 33.6878, -118.4157, 4675, 208, 114, SLG4, , , , , SLG4
1660405973, , 33.6865, -118.4166, 4700, 208, 114, SLG4, , , , , SLG4
1660405973, , 33.6865, -118.4166, 4700, 208, 114, SLG4, , , , , SLG4
1660405976, , 33.6849, -118.4176, 4700, 208, 114, SLG4, , , , , SLG4
1660405976, , 33.6849, -118.4176, 4700, 208, 114, SLG4, , , , , SLG4
1660405982, , 33.682, -118.4194, 4700, 207, 116, SLG4, , , , , SLG4
1660405982, , 33.682, -118.4194, 4700, 207, 116, SLG4, , , , , SLG4
1660405985, , 33.681, -118.42, 4700, 206, 118, SLG4, , , , , SLG4
1660405988, , 33.679, -118.4212, 4700, 206, 119, SLG4, , , , , SLG4
1660405988, , 33.679, -118.4212, 4700, 206, 119, SLG4, , , , , SLG4
1660405994, , 33.676, -118.423, 4700, 205, 121, SLG4, , , , , SLG4
1660405994, , 33.676, -118.423, 4700, 205, 121, SLG4, , , , , SLG4
1660405997, , 33.6747, -118.4237, 4675, 206, 122, SLG4, , , , , SLG4
1660406000, , 33.6728, -118.4248, 4675, 206, 123, SLG4, , , , , SLG4
1660406000, , 33.6728, -118.4248, 4675, 206, 123, SLG4, , , , , SLG4
1660406006, , 33.6698, -118.4266, 4650, 206, 126, SLG4, , , , , SLG4
1660406006, , 33.6698, -118.4266, 4650, 206, 126, SLG4, , , , , SLG4
1660406009, , 33.6682, -118.4276, 4650, 206, 127, SLG4, , , , , SLG4
1660406009, , 33.6682, -118.4276, 4650, 206, 127, SLG4, , , , , SLG4
1660406012, , 33.6666, -118.4286, 4625, 206, 127, SLG4, , , , , SLG4
1660406018, , 33.6635, -118.4305, 4625, 207, 127, SLG4, , , , , SLG4
1660406018, , 33.6635, -118.4305, 4625, 207, 127, SLG4, , , , , SLG4
1660406020, , 33.6619, -118.4315, 4625, 208, 127, SLG4, , , , , SLG4
1660406020, , 33.6619, -118.4315, 4625, 208, 127, SLG4, , , , , SLG4
1660406024, , 33.6604, -118.4326, 4650, 207, 125, SLG4, , , , , SLG4
1660406024, , 33.6604, -118.4326, 4650, 207, 125, SLG4, , , , , SLG4
1660406030, , 33.6571, -118.4346, 4625, 207, 126, SLG4, , , , , SLG4
1660406033, , 33.6557, -118.4355, 4625, 207, 127, SLG4, , , , , SLG4
1660406033, , 33.6557, -118.4355, 4625, 207, 127, SLG4, , , , , SLG4
1660406036, , 33.654, -118.4366, 4625, 207, 127, SLG4, , , , , SLG4
1660406036, , 33.654, -118.4366, 4625, 207, 127, SLG4, , , , , SLG4
1660406042, , 33.6509, -118.4386, 4625, 208, 128, SLG4, , , , , SLG4
1660406042, , 33.6509, -118.4386, 4625, 208, 128, SLG4, , , , , SLG4
1660406045, , 33.6493, -118.4396, 4600, 208, 128, SLG4, , , , , SLG4
1660406048, , 33.6477, -118.4407, 4600, 208, 128, SLG4, , , , , SLG4
1660406048, , 33.6477, -118.4407, 4600, 208, 128, SLG4, , , , , SLG4
1660406054, , 33.6446, -118.4427, 4600, 208, 128, SLG4, , , , , SLG4
1660406054, , 33.6446, -118.4427, 4600, 208, 128, SLG4, , , , , SLG4
1660406057, , 33.6429, -118.4438, 4600, 209, 129, SLG4, , , , , SLG4
1660406057, , 33.6429, -118.4438, 4600, 209, 129, SLG4, , , , , SLG4
1660406060, , 33.6415, -118.4448, 4575, 210, 129, SLG4, , , , , SLG4
1660406066, , 33.6384, -118.447, 4575, 210, 130, SLG4, , , , , SLG4
1660406066, , 33.6384, -118.447, 4575, 210, 130, SLG4, , , , , SLG4
1660406070, , 33.6363, -118.4485, 4575, 210, 130, SLG4, , , , , SLG4
1660406070, , 33.6363, -118.4485, 4575, 210, 130, SLG4, , , , , SLG4
1660406073, , 33.6347, -118.4496, 4550, 210, 129, SLG4, , , , , SLG4
1660406076, , 33.6332, -118.4507, 4550, 211, 129, SLG4, , , , , SLG4
1660406076, , 33.6332, -118.4507, 4550, 211, 129, SLG4, , , , , SLG4
1660406082, , 33.6301, -118.4529, 4550, 211, 128, SLG4, , , , , SLG4
1660406082, , 33.6301, -118.4529, 4550, 211, 128, SLG4, , , , , SLG4
1660406085, , 33.6289, -118.4538, 4550, 210, 129, SLG4, , , , , SLG4
1660406085, , 33.6289, -118.4538, 4550, 210, 129, SLG4, , , , , SLG4
1660406087, , 33.6273, -118.4549, 4550, 210, 129, SLG4, , , , , SLG4
1660406093, , 33.6244, -118.4568, 4525, 208, 130, SLG4, , , , , SLG4
1660406093, , 33.6244, -118.4568, 4525, 208, 130, SLG4, , , , , SLG4
1660406097, , 33.6222, -118.4582, 4500, 207, 130, SLG4, , , , , SLG4
1660406097, , 33.6222, -118.4582, 4500, 207, 130, SLG4, , , , , SLG4
1660406099, , 33.6217, -118.4585, 4500, 207, 131, SLG4, , , , , SLG4
1660406099, , 33.6217, -118.4585, 4500, 207, 131, SLG4, , , , , SLG4
1660406106, , 33.6172, -118.4612, 4500, 206, 131, SLG4, , , , , SLG4
1660406109, , 33.6158, -118.462, 4475, 204, 131, SLG4, , , , , SLG4
1660406109, , 33.6158, -118.462, 4475, 204, 131, SLG4, , , , , SLG4
1660406112, , 33.614, -118.463, 4475, 204, 132, SLG4, , , , , SLG4
1660406112, , 33.614, -118.463, 4475, 204, 132, SLG4, , , , , SLG4
1660406118, , 33.6106, -118.465, 4450, 205, 131, SLG4, , , , , SLG4
1660406118, , 33.6106, -118.465, 4450, 205, 131, SLG4, , , , , SLG4
1660406119, , 33.6098, -118.4654, 4450, 206, 131, SLG4, , , , , SLG4
1660406124, , 33.6072, -118.4669, 4450, 206, 131, SLG4, , , , , SLG4
1660406124, , 33.6072, -118.4669, 4450, 206, 131, SLG4, , , , , SLG4
1660406130, , 33.6042, -118.4688, 4425, 207, 131, SLG4, , , , , SLG4
1660406130, , 33.6042, -118.4688, 4425, 207, 131, SLG4, , , , , SLG4
1660406133, , 33.6029, -118.4696, 4425, 208, 130, SLG4, , , , , SLG4
1660406133, , 33.6029, -118.4696, 4425, 208, 130, SLG4, , , , , SLG4
1660406136, , 33.601, -118.4709, 4425, 208, 130, SLG4, , , , , SLG4
1660406139, , 33.5999, -118.4716, 4425, 209, 129, SLG4, , , , , SLG4
1660406139, , 33.5999, -118.4716, 4425, 209, 129, SLG4, , , , , SLG4
1660406143, , 33.5973, -118.4734, 4425, 210, 128, SLG4, , , , , SLG4
1660406143, , 33.5973, -118.4734, 4425, 210, 128, SLG4, , , , , SLG4
1660406147, , 33.5955, -118.4747, 4425, 210, 127, SLG4, , , , , SLG4
1660406147, , 33.5955, -118.4747, 4425, 210, 127, SLG4, , , , , SLG4
1660406153, , 33.5927, -118.4767, 4400, 210, 125, SLG4, , , , , SLG4
1660406157, , 33.5901, -118.4786, 4375, 210, 123, SLG4, , , , , SLG4
1660406157, , 33.5901, -118.4786, 4375, 210, 123, SLG4, , , , , SLG4
1660406161, , 33.5885, -118.4797, 4350, 210, 121, SLG4, , , , , SLG4
1660406161, , 33.5885, -118.4797, 4350, 210, 121, SLG4, , , , , SLG4
1660406165, , 33.5873, -118.4806, 4325, 212, 118, SLG4, , , , , SLG4
1660406165, , 33.5873, -118.4806, 4325, 212, 118, SLG4, , , , , SLG4
1660406169, , 33.5848, -118.4825, 4275, 212, 117, SLG4, , , , , SLG4
1660406171, , 33.5837, -118.4833, 4250, 212, 115, SLG4, , , , , SLG4
1660406171, , 33.5837, -118.4833, 4250, 212, 115, SLG4, , , , , SLG4
1660406175, , 33.5817, -118.4848, 4200, 210, 113, SLG4, , , , , SLG4
1660406175, , 33.5817, -118.4848, 4200, 210, 113, SLG4, , , , , SLG4
1660406181, , 33.579, -118.4864, 4125, 204, 113, SLG4, , , , , SLG4
1660406181, , 33.579, -118.4864, 4125, 204, 113, SLG4, , , , , SLG4
1660406184, , 33.5776, -118.4872, 4100, 201, 112, SLG4, , , , , SLG4
1660406187, , 33.5761, -118.4878, 4075, 198, 111, SLG4, , , , , SLG4
1660406187, , 33.5761, -118.4878, 4075, 198, 111, SLG4, , , , , SLG4
1660406193, , 33.5731, -118.4888, 4025, 192, 110, SLG4, , , , , SLG4
1660406193, , 33.5731, -118.4888, 4025, 192, 110, SLG4, , , , , SLG4
1660406196, , 33.5719, -118.4891, 4000, 190, 111, SLG4, , , , , SLG4
1660406199, , 33.57, -118.4894, 3950, 188, 111, SLG4, , , , , SLG4
1660406199, , 33.57, -118.4894, 3950, 188, 111, SLG4, , , , , SLG4
1660406205, , 33.5671, -118.4899, 3875, 186, 111, SLG4, , , , , SLG4
1660406205, , 33.5671, -118.4899, 3875, 186, 111, SLG4, , , , , SLG4
1660406208, , 33.5655, -118.4901, 3850, 186, 111, SLG4, , , , , SLG4
1660406208, , 33.5655, -118.4901, 3850, 186, 111, SLG4, , , , , SLG4
1660406211, , 33.5638, -118.4903, 3825, 185, 111, SLG4, , , , , SLG4
1660406217, , 33.5608, -118.4905, 3750, 182, 111, SLG4, , , , , SLG4
1660406217, , 33.5608, -118.4905, 3750, 182, 111, SLG4, , , , , SLG4
1660406220, , 33.5592, -118.4906, 3725, 182, 111, SLG4, , , , , SLG4
1660406220, , 33.5592, -118.4906, 3725, 182, 111, SLG4, , , , , SLG4
1660406223, , 33.5575, -118.4906, 3700, 180, 110, SLG4, , , , , SLG4
1660406223, , 33.5575, -118.4906, 3700, 180, 110, SLG4, , , , , SLG4
1660406230, , 33.5548, -118.4906, 3650, 179, 110, SLG4, , , , , SLG4
1660406232, , 33.5529, -118.4906, 3625, 178, 110, SLG4, , , , , SLG4
1660406232, , 33.5529, -118.4906, 3625, 178, 110, SLG4, , , , , SLG4
1660406235, , 33.5522, -118.4905, 3600, 178, 110, SLG4, , , , , SLG4
1660406235, , 33.5522, -118.4905, 3600, 178, 110, SLG4, , , , , SLG4
1660406242, , 33.549, -118.4904, 3525, 177, 111, SLG4, , , , , SLG4
1660406242, , 33.549, -118.4904, 3525, 177, 111, SLG4, , , , , SLG4
1660406244, , 33.5471, -118.4903, 3500, 175, 111, SLG4, , , , , SLG4
1660406244, , 33.5471, -118.4903, 3500, 175, 111, SLG4, , , , , SLG4
1660406247, , 33.5455, -118.4901, 3475, 175, 111, SLG4, , , , , SLG4
1660406254, , 33.5432, -118.4898, 3450, 173, 112, SLG4, , , , , SLG4
1660406254, , 33.5432, -118.4898, 3450, 173, 112, SLG4, , , , , SLG4
1660406257, , 33.5406, -118.4894, 3425, 171, 114, SLG4, , , , , SLG4
1660406257, , 33.5406, -118.4894, 3425, 171, 114, SLG4, , , , , SLG4
1660406258, , 33.5396, -118.4892, 3425, 171, 114, SLG4, , , , , SLG4
1660406258, , 33.5396, -118.4892, 3425, 171, 114, SLG4, , , , , SLG4
1660406266, , 33.5363, -118.4886, 3375, 169, 116, SLG4, , , , , SLG4
1660406268, , 33.5349, -118.4882, 3375, 168, 117, SLG4, , , , , SLG4
1660406268, , 33.5349, -118.4882, 3375, 168, 117, SLG4, , , , , SLG4
1660406271, , 33.5326, -118.4877, 3350, 168, 118, SLG4, , , , , SLG4
1660406271, , 33.5326, -118.4877, 3350, 168, 118, SLG4, , , , , SLG4
1660406277, , 33.5294, -118.4868, 3325, 167, 120, SLG4, , , , , SLG4
1660406277, , 33.5294, -118.4868, 3325, 167, 120, SLG4, , , , , SLG4
1660406279, , 33.5284, -118.4865, 3325, 167, 120, SLG4, , , , , SLG4
1660406286, , 33.5246, -118.4854, 3300, 165, 119, SLG4, , , , , SLG4
1660406286, , 33.5246, -118.4854, 3300, 165, 119, SLG4, , , , , SLG4
1660406287, , 33.5244, -118.4854, 3300, 165, 120, SLG4, , , , , SLG4
1660406287, , 33.5244, -118.4854, 3300, 165, 120, SLG4, , , , , SLG4
1660406292, , 33.5217, -118.4844, 3275, 163, 119, SLG4, , , , , SLG4
1660406292, , 33.5217, -118.4844, 3275, 163, 119, SLG4, , , , , SLG4
1660406296, , 33.5196, -118.4837, 3250, 162, 120, SLG4, , , , , SLG4
1660406299, , 33.5185, -118.4832, 3250, 162, 119, SLG4, , , , , SLG4
1660406299, , 33.5185, -118.4832, 3250, 162, 119, SLG4, , , , , SLG4
1660406306, , 33.5144, -118.4815, 3225, 160, 120, SLG4, , , , , SLG4
1660406306, , 33.5144, -118.4815, 3225, 160, 120, SLG4, , , , , SLG4
1660406308, , 33.5133, -118.481, 3225, 160, 120, SLG4, , , , , SLG4
1660406308, , 33.5133, -118.481, 3225, 160, 120, SLG4, , , , , SLG4
1660406312, , 33.511, -118.48, 3200, 159, 120, SLG4, , , , , SLG4
1660406315, , 33.5097, -118.4794, 3200, 157, 121, SLG4, , , , , SLG4
1660406315, , 33.5097, -118.4794, 3200, 157, 121, SLG4, , , , , SLG4
1660406321, , 33.5063, -118.4777, 3175, 158, 119, SLG4, , , , , SLG4
1660406321, , 33.5063, -118.4777, 3175, 158, 119, SLG4, , , , , SLG4
1660406324, , 33.5046, -118.4769, 3175, 158, 119, SLG4, , , , , SLG4
1660406327, , 33.503, -118.4763, 3175, 160, 118, SLG4, , , , , SLG4
1660406327, , 33.503, -118.4763, 3175, 160, 118, SLG4, , , , , SLG4
1660406333, , 33.5002, -118.4751, 3150, 162, 118, SLG4, , , , , SLG4
1660406333, , 33.5002, -118.4751, 3150, 162, 118, SLG4, , , , , SLG4
1660406336, , 33.4991, -118.4748, 3150, 162, 118, SLG4, , , , , SLG4
1660406336, , 33.4991, -118.4748, 3150, 162, 118, SLG4, , , , , SLG4
1660406341, , 33.4959, -118.4736, 3150, 163, 117, SLG4, , , , , SLG4
1660406344, , 33.4943, -118.4731, 3150, 164, 116, SLG4, , , , , SLG4
1660406344, , 33.4943, -118.4731, 3150, 164, 116, SLG4, , , , , SLG4
1660406348, , 33.4923, -118.4724, 3150, 164, 116, SLG4, , , , , SLG4
1660406348, , 33.4923, -118.4724, 3150, 164, 116, SLG4, , , , , SLG4
1660406351, , 33.4907, -118.4719, 3150, 165, 115, SLG4, , , , , SLG4
1660406357, , 33.4878, -118.471, 3125, 164, 115, SLG4, , , , , SLG4
1660406357, , 33.4878, -118.471, 3125, 164, 115, SLG4, , , , , SLG4
1660406360, , 33.486, -118.4703, 3125, 163, 114, SLG4, , , , , SLG4
1660406360, , 33.486, -118.4703, 3125, 163, 114, SLG4, , , , , SLG4
1660406364, , 33.4842, -118.4696, 3125, 162, 114, SLG4, , , , , SLG4
1660406364, , 33.4842, -118.4696, 3125, 162, 114, SLG4, , , , , SLG4
1660406369, , 33.4818, -118.4687, 3125, 162, 115, SLG4, , , , , SLG4
1660406373, , 33.4798, -118.468, 3100, 163, 113, SLG4, , , , , SLG4
1660406373, , 33.4798, -118.468, 3100, 163, 113, SLG4, , , , , SLG4
1660406374, , 33.4787, -118.4676, 3100, 163, 113, SLG4, , , , , SLG4
1660406374, , 33.4787, -118.4676, 3100, 163, 113, SLG4, , , , , SLG4
1660406381, , 33.4754, -118.4664, 3075, 163, 113, SLG4, , , , , SLG4
1660406381, , 33.4754, -118.4664, 3075, 163, 113, SLG4, , , , , SLG4
1660406385, , 33.4734, -118.4657, 3050, 164, 112, SLG4, , , , , SLG4
1660406389, , 33.4717, -118.4652, 3050, 164, 111, SLG4, , , , , SLG4
1660406389, , 33.4717, -118.4652, 3050, 164, 111, SLG4, , , , , SLG4
1660406393, , 33.4697, -118.4645, 3025, 164, 111, SLG4, , , , , SLG4
1660406393, , 33.4697, -118.4645, 3025, 164, 111, SLG4, , , , , SLG4
1660406397, , 33.4678, -118.4639, 3000, 164, 110, SLG4, , , , , SLG4
1660406397, , 33.4678, -118.4639, 3000, 164, 110, SLG4, , , , , SLG4
1660406400, , 33.4663, -118.4634, 3000, 164, 110, SLG4, , , , , SLG4
1660406400, , 33.4663, -118.4634, 3000, 164, 110, SLG4, , , , , SLG4
1660406405, , 33.4636, -118.4624, 2975, 163, 108, SLG4, , , , , SLG4
1660406409, , 33.4631, -118.4623, 2975, 163, 104, SLG4, , , , , SLG4
1660406409, , 33.4631, -118.4623, 2975, 163, 104, SLG4, , , , , SLG4
1660406413, , 33.4601, -118.4612, 2950, 164, 101, SLG4, , , , , SLG4
1660406413, , 33.4601, -118.4612, 2950, 164, 101, SLG4, , , , , SLG4
1660406417, , 33.4581, -118.4606, 2900, 163, 102, SLG4, , , , , SLG4
1660406421, , 33.4565, -118.46, 2875, 164, 101, SLG4, , , , , SLG4
1660406421, , 33.4565, -118.46, 2875, 164, 101, SLG4, , , , , SLG4
1660406424, , 33.455, -118.4595, 2850, 164, 100, SLG4, , , , , SLG4
1660406430, , 33.4527, -118.4588, 2825, 164, 100, SLG4, , , , , SLG4
1660406430, , 33.4527, -118.4588, 2825, 164, 100, SLG4, , , , , SLG4
1660406432, , 33.4512, -118.4583, 2800, 164, 99, SLG4, , , , , SLG4
1660406432, , 33.4512, -118.4583, 2800, 164, 99, SLG4, , , , , SLG4
1660406436, , 33.4497, -118.4578, 2800, 164, 98, SLG4, , , , , SLG4
1660406436, , 33.4497, -118.4578, 2800, 164, 98, SLG4, , , , , SLG4
1660406442, , 33.4471, -118.457, 2750, 165, 97, SLG4, , , , , SLG4
1660406444, , 33.4459, -118.4566, 2750, 164, 96, SLG4, , , , , SLG4
1660406444, , 33.4459, -118.4566, 2750, 164, 96, SLG4, , , , , SLG4
1660406447, , 33.4447, -118.4562, 2725, 163, 95, SLG4, , , , , SLG4
1660406447, , 33.4447, -118.4562, 2725, 163, 95, SLG4, , , , , SLG4
1660406454, , 33.4419, -118.4551, 2675, 162, 96, SLG4, , , , , SLG4
1660406454, , 33.4419, -118.4551, 2675, 162, 96, SLG4, , , , , SLG4
1660406457, , 33.4407, -118.4546, 2650, 163, 96, SLG4, , , , , SLG4
1660406459, , 33.4396, -118.4543, 2625, 163, 95, SLG4, , , , , SLG4
1660406459, , 33.4396, -118.4543, 2625, 163, 95, SLG4, , , , , SLG4
1660406466, , 33.4368, -118.4533, 2600, 164, 95, SLG4, , , , , SLG4
1660406466, , 33.4368, -118.4533, 2600, 164, 95, SLG4, , , , , SLG4
1660406469, , 33.4362, -118.4532, 2575, 165, 95, SLG4, , , , , SLG4
1660406469, , 33.4362, -118.4532, 2575, 165, 95, SLG4, , , , , SLG4
1660406472, , 33.4346, -118.4526, 2550, 165, 94, SLG4, , , , , SLG4
1660406472, , 33.4346, -118.4526, 2550, 165, 94, SLG4, , , , , SLG4
1660406477, , 33.4319, -118.4518, 2525, 166, 95, SLG4, , , , , SLG4
1660406481, , 33.4307, -118.4515, 2500, 164, 95, SLG4, , , , , SLG4
1660406481, , 33.4307, -118.4515, 2500, 164, 95, SLG4, , , , , SLG4
1660406484, , 33.4297, -118.4511, 2475, 161, 94, SLG4, , , , , SLG4
1660406484, , 33.4297, -118.4511, 2475, 161, 94, SLG4, , , , , SLG4
1660406489, , 33.4271, -118.4499, 2450, 158, 94, SLG4, , , , , SLG4
1660406489, , 33.4271, -118.4499, 2450, 158, 94, SLG4, , , , , SLG4
1660406492, , 33.4259, -118.449, 2425, 147, 93, SLG4, , , , , SLG4
1660406496, , 33.4252, -118.4484, 2425, 138, 92, SLG4, , , , , SLG4
1660406496, , 33.4252, -118.4484, 2425, 138, 92, SLG4, , , , , SLG4
1660406502, , 33.4231, -118.4454, 2400, 121, 90, SLG4, , , , , SLG4
1660406502, , 33.4231, -118.4454, 2400, 121, 90, SLG4, , , , , SLG4
1660406505, , 33.4226, -118.4439, 2375, 108, 89, SLG4, , , , , SLG4
1660406505, , 33.4226, -118.4439, 2375, 108, 89, SLG4, , , , , SLG4
1660406508, , 33.4223, -118.4426, 2350, 96, 90, SLG4, , , , , SLG4
1660406513, , 33.4227, -118.4398, 2325, 72, 92, SLG4, , , , , SLG4
1660406513, , 33.4227, -118.4398, 2325, 72, 92, SLG4, , , , , SLG4
1660406517, , 33.4233, -118.4382, 2300, 60, 90, SLG4, , , , , SLG4
1660406517, , 33.4233, -118.4382, 2300, 60, 90, SLG4, , , , , SLG4
1660406520, , 33.4239, -118.4371, 2300, 55, 90, SLG4, , , , , SLG4
1660406520, , 33.4239, -118.4371, 2300, 55, 90, SLG4, , , , , SLG4
1660406526, , 33.4255, -118.4346, 2275, 50, 89, SLG4, , , , , SLG4
1660406529, , 33.4262, -118.4337, 2275, 49, 87, SLG4, , , , , SLG4
1660406529, , 33.4262, -118.4337, 2275, 49, 87, SLG4, , , , , SLG4
1660406532, , 33.427, -118.4326, 2275, 49, 87, SLG4, , , , , SLG4
1660406532, , 33.427, -118.4326, 2275, 49, 87, SLG4, , , , , SLG4
1660406535, , 33.4278, -118.4315, 2250, 48, 86, SLG4, , , , , SLG4
1660406535, , 33.4278, -118.4315, 2250, 48, 86, SLG4, , , , , SLG4
1660406541, , 33.4293, -118.4295, 2250, 48, 87, SLG4, , , , , SLG4
1660406544, , 33.4301, -118.4285, 2225, 48, 87, SLG4, , , , , SLG4
1660406544, , 33.4301, -118.4285, 2225, 48, 87, SLG4, , , , , SLG4
1660406550, , 33.4319, -118.4261, 2200, 48, 87, SLG4, , , , , SLG4
1660406550, , 33.4319, -118.4261, 2200, 48, 87, SLG4, , , , , SLG4
1660406554, , 33.433, -118.4245, 2200, 48, 86, SLG4, , , , , SLG4
1660406554, , 33.433, -118.4245, 2200, 48, 86, SLG4, , , , , SLG4
1660406557, , 33.4337, -118.4236, 2175, 48, 87, SLG4, , , , , SLG4
1660406560, , 33.4347, -118.4223, 2175, 48, 87, SLG4, , , , , SLG4
1660406560, , 33.4347, -118.4223, 2175, 48, 87, SLG4, , , , , SLG4
1660406564, , 33.4357, -118.4209, 2175, 48, 85, SLG4, , , , , SLG4
1660406564, , 33.4357, -118.4209, 2175, 48, 85, SLG4, , , , , SLG4
1660406568, , 33.4367, -118.4197, 2175, 48, 85, SLG4, , , , , SLG4
1660406568, , 33.4367, -118.4197, 2175, 48, 85, SLG4, , , , , SLG4
1660406573, , 33.438, -118.4179, 2150, 48, 87, SLG4, , , , , SLG4
1660406575, , 33.4387, -118.4169, 2150, 47, 87, SLG4, , , , , SLG4
1660406575, , 33.4387, -118.4169, 2150, 47, 87, SLG4, , , , , SLG4
1660406582, , 33.4404, -118.4147, 2150, 47, 86, SLG4, , , , , SLG4
1660406582, , 33.4404, -118.4147, 2150, 47, 86, SLG4, , , , , SLG4
1660406585, , 33.4413, -118.4135, 2150, 48, 85, SLG4, , , , , SLG4
1660406589, , 33.4423, -118.4121, 2150, 47, 68, SLG4, , , , , SLG4
1660406589, , 33.4423, -118.4121, 2150, 47, 68, SLG4, , , , , SLG4
1660406593, , 33.4432, -118.4109, 2150, 49, 84, SLG4, , , , , SLG4
1660406593, , 33.4432, -118.4109, 2150, 49, 84, SLG4, , , , , SLG4
1660406596, , 33.4442, -118.4096, 2150, 48, 84, SLG4, , , , , SLG4
1660406599, , 33.445, -118.4085, 2150, 47, 83, SLG4, , , , , SLG4
1660406599, , 33.445, -118.4085, 2150, 47, 83, SLG4, , , , , SLG4
1660406605, , 33.4459, -118.4073, 2150, 47, 82, SLG4, , , , , SLG4
1660406605, , 33.4459, -118.4073, 2150, 47, 82, SLG4, , , , , SLG4
1660406608, , 33.4474, -118.4054, 2150, 46, 82, SLG4, , , , , SLG4
1660406608, , 33.4474, -118.4054, 2150, 46, 82, SLG4, , , , , SLG4
1660406611, , 33.4482, -118.4044, 2150, 46, 82, SLG4, , , , , SLG4
1660406611, , 33.4482, -118.4044, 2150, 46, 82, SLG4, , , , , SLG4
1660406617, , 33.4496, -118.4026, 2150, 46, 82, SLG4, , , , , SLG4
1660406620, , 33.4505, -118.4015, 2150, 46, 82, SLG4, , , , , SLG4
1660406620, , 33.4505, -118.4015, 2150, 46, 82, SLG4, , , , , SLG4
1660406623, , 33.4512, -118.4005, 2150, 47, 82, SLG4, , , , , SLG4
1660406623, , 33.4512, -118.4005, 2150, 47, 82, SLG4, , , , , SLG4
1660406626, , 33.452, -118.3994, 2150, 49, 81, SLG4, , , , , SLG4
1660406626, , 33.452, -118.3994, 2150, 49, 81, SLG4, , , , , SLG4
1660406634, , 33.4535, -118.3966, 2175, 67, 74, SLG4, , , , , SLG4
1660406638, , 33.4538, -118.395, 2175, 54, 78, SLG4, , , , , SLG4
1660406638, , 33.4538, -118.395, 2175, 54, 78, SLG4, , , , , SLG4
1660406642, , 33.4538, -118.3933, 2175, 89, 74, SLG4, , , , , SLG4
1660406642, , 33.4538, -118.3933, 2175, 89, 74, SLG4, , , , , SLG4
1660406642, , 33.4538, -118.3933, 2175, 89, 74, SLG4, , , , , SLG4
1660406642, , 33.4538, -118.3933, 2175, 89, 74, SLG4, , , , , SLG4
1660406647, , 33.4533, -118.3914, 2175, 112, 72, SLG4, , , , , SLG4
1660406654, , 33.4524, -118.3897, 2175, 133, 72, SLG4, , , , , SLG4
1660406654, , 33.4524, -118.3897, 2175, 133, 72, SLG4, , , , , SLG4
1660406658, , 33.4512, -118.3883, 2175, 138, 74, SLG4, , , , , SLG4
1660406658, , 33.4512, -118.3883, 2175, 138, 74, SLG4, , , , , SLG4
1660406661, , 33.4503, -118.3875, 2175, 139, 75, SLG4, , , , , SLG4
1660406661, , 33.4503, -118.3875, 2175, 139, 75, SLG4, , , , , SLG4
1660406664, , 33.4495, -118.3866, 2175, 140, 75, SLG4, , , , , SLG4
1660406670, , 33.4478, -118.385, 2175, 140, 76, SLG4, , , , , SLG4
1660406670, , 33.4478, -118.385, 2175, 140, 76, SLG4, , , , , SLG4
1660406672, , 33.447, -118.3842, 2175, 140, 76, SLG4, , , , , SLG4
1660406672, , 33.447, -118.3842, 2175, 140, 76, SLG4, , , , , SLG4
1660406675, , 33.4462, -118.3834, 2175, 140, 77, SLG4, , , , , SLG4
1660406675, , 33.4462, -118.3834, 2175, 140, 77, SLG4, , , , , SLG4
1660406681, , 33.4445, -118.3818, 2175, 141, 78, SLG4, , , , , SLG4
1660406684, , 33.4436, -118.381, 2175, 141, 79, SLG4, , , , , SLG4
1660406684, , 33.4436, -118.381, 2175, 141, 79, SLG4, , , , , SLG4
1660406687, , 33.4428, -118.3801, 2175, 142, 79, SLG4, , , , , SLG4
1660406687, , 33.4428, -118.3801, 2175, 142, 79, SLG4, , , , , SLG4
1660406694, , 33.4409, -118.3785, 2150, 144, 81, SLG4, , , , , SLG4
1660406694, , 33.4409, -118.3785, 2150, 144, 81, SLG4, , , , , SLG4
1660406697, , 33.44, -118.3778, 2175, 146, 79, SLG4, , , , , SLG4
1660406699, , 33.4393, -118.3773, 2175, 150, 77, SLG4, , , , , SLG4
1660406699, , 33.4393, -118.3773, 2175, 150, 77, SLG4, , , , , SLG4
1660406706, , 33.4374, -118.3767, 2200, 176, 72, SLG4, , , , , SLG4
1660406706, , 33.4374, -118.3767, 2200, 176, 72, SLG4, , , , , SLG4
1660406708, , 33.4362, -118.3767, 2200, 183, 73, SLG4, , , , , SLG4
1660406708, , 33.4362, -118.3767, 2200, 183, 73, SLG4, , , , , SLG4
1660406712, , 33.435, -118.377, 2200, 191, 74, SLG4, , , , , SLG4
1660406716, , 33.4337, -118.3774, 2200, 198, 74, SLG4, , , , , SLG4
1660406716, , 33.4337, -118.3774, 2200, 198, 74, SLG4, , , , , SLG4
1660406720, , 33.4323, -118.3781, 2200, 201, 75, SLG4, , , , , SLG4
1660406720, , 33.4323, -118.3781, 2200, 201, 75, SLG4, , , , , SLG4
1660406724, , 33.4312, -118.3787, 2200, 203, 76, SLG4, , , , , SLG4
1660406724, , 33.4312, -118.3787, 2200, 203, 76, SLG4, , , , , SLG4
1660406730, , 33.4292, -118.3798, 2200, 206, 76, SLG4, , , , , SLG4
1660406732, , 33.4284, -118.3803, 2175, 207, 77, SLG4, , , , , SLG4
1660406732, , 33.4284, -118.3803, 2175, 207, 77, SLG4, , , , , SLG4
1660406736, , 33.4272, -118.3811, 2175, 208, 78, SLG4, , , , , SLG4
1660406736, , 33.4272, -118.3811, 2175, 208, 78, SLG4, , , , , SLG4
1660406742, , 33.4255, -118.3824, 2175, 218, 76, SLG4, , , , , SLG4
1660406742, , 33.4255, -118.3824, 2175, 218, 76, SLG4, , , , , SLG4
1660406744, , 33.4249, -118.3831, 2175, 222, 75, SLG4, , , , , SLG4
1660406748, , 33.4239, -118.3842, 2150, 226, 76, SLG4, , , , , SLG4
1660406748, , 33.4239, -118.3842, 2150, 226, 76, SLG4, , , , , SLG4
1660406753, , 33.4227, -118.3859, 2125, 230, 76, SLG4, , , , , SLG4
1660406753, , 33.4227, -118.3859, 2125, 230, 76, SLG4, , , , , SLG4
1660406756, , 33.422, -118.387, 2100, 231, 76, SLG4, , , , , SLG4
1660406756, , 33.422, -118.387, 2100, 231, 76, SLG4, , , , , SLG4
1660406760, , 33.4212, -118.3882, 2075, 231, 77, SLG4, , , , , SLG4
1660406760, , 33.4212, -118.3882, 2075, 231, 77, SLG4, , , , , SLG4
1660406766, , 33.42, -118.3902, 2050, 235, 77, SLG4, , , , , SLG4
1660406769, , 33.4194, -118.3913, 2050, 235, 77, SLG4, , , , , SLG4
1660406769, , 33.4194, -118.3913, 2050, 235, 77, SLG4, , , , , SLG4
1660406770, , 33.4191, -118.3917, 2025, 235, 76, SLG4, , , , , SLG4
1660406770, , 33.4191, -118.3917, 2025, 235, 76, SLG4, , , , , SLG4
1660406778, , 33.4175, -118.3944, 1975, 234, 76, SLG4, , , , , SLG4
1660406778, , 33.4175, -118.3944, 1975, 234, 76, SLG4, , , , , SLG4
1660406780, , 33.4171, -118.3951, 1975, 234, 76, SLG4, , , , , SLG4
1660406784, , 33.4164, -118.3963, 1950, 234, 76, SLG4, , , , , SLG4
1660406784, , 33.4164, -118.3963, 1950, 234, 76, SLG4, , , , , SLG4
1660406790, , 33.4151, -118.3985, 1900, 234, 74, SLG4, , , , , SLG4
1660406790, , 33.4151, -118.3985, 1900, 234, 74, SLG4, , , , , SLG4
1660406793, , 33.4147, -118.3993, 1875, 234, 75, SLG4, , , , , SLG4
1660406793, , 33.4147, -118.3993, 1875, 234, 75, SLG4, , , , , SLG4
1660406796, , 33.4139, -118.4005, 1850, 233, 74, SLG4, , , , , SLG4
1660406802, , 33.4129, -118.4022, 1825, 235, 74, SLG4, , , , , SLG4
1660406802, , 33.4129, -118.4022, 1825, 235, 74, SLG4, , , , , SLG4
1660406805, , 33.4121, -118.4036, 1800, 236, 75, SLG4, , , , , SLG4
1660406805, , 33.4121, -118.4036, 1800, 236, 75, SLG4, , , , , SLG4
1660406808, , 33.4115, -118.4047, 1775, 235, 75, SLG4, , , , , SLG4
1660406808, , 33.4115, -118.4047, 1775, 235, 75, SLG4, , , , , SLG4
1660406811, , 33.4109, -118.4057, 1750, 234, 75, SLG4, , , , , SLG4
1660406815, , 33.4101, -118.4071, 1700, 235, 75, SLG4, , , , , SLG4
1660406815, , 33.4101, -118.4071, 1700, 235, 75, SLG4, , , , , SLG4
1660406821, , 33.4088, -118.4093, 1675, 235, 71, SLG4, , , , , SLG4
1660406821, , 33.4088, -118.4093, 1675, 235, 71, SLG4, , , , , SLG4
1660406825, , 33.4083, -118.4101, 1625, 234, 69, SLG4, , , , , SLG4
1660406825, , 33.4083, -118.4101, 1625, 234, 69, SLG4, , , , , SLG4
1660406830, , 33.4073, -118.4118, 1575, 235, 67, SLG4, , , , , SLG4
1660406830, , 33.4073, -118.4118, 1575, 235, 67, SLG4, , , , , SLG4
1660406830, , 33.4073, -118.4118, 1575, 235, 67, SLG4, , , , , SLG4
1660406835, , 33.4066, -118.4131, 1525, 235, 64, SLG4, , , , , SLG4
1660406835, , 33.4066, -118.4131, 1525, 235, 64, SLG4, , , , , SLG4
1660406839, , 33.4058, -118.4144, 1550, 234, 51, SLG4, , , , , SLG4
1660406839, , 33.4058, -118.4144, 1550, 234, 51, SLG4, , , , , SLG4
1660406843, , 33.405, -118.4159, 1500, 237, 66, SLG4, , , , , SLG4
1660406847, , 33.4049, -118.4159, 1550, 235, 36, SLG4, , , , , SLG4
1660406847, , 33.4049, -118.4159, 1550, 235, 36, SLG4, , , , , SLG4
1660406851, , 33.4046, -118.4164, 1550, 234, 29, SLG4, , , , , SLG4
1660406851, , 33.4046, -118.4164, 1550, 234, 29, SLG4, , , , , SLG4
1660406857, , 33.4043, -118.417, 0, 233, 18, SLG4, , , , , SLG4
1660406857, , 33.4043, -118.417, 0, 233, 18, SLG4, , , , , SLG4
1660406857, , 33.4043, -118.417, 0, 233, 18, SLG4, , , , , SLG4
1660406864, , 33.404, -118.4172, 0, 151, 7, SLG4, , , , , SLG4
1660406864, , 33.404, -118.4172, 0, 151, 7, SLG4, , , , , SLG4
1660406870, , 33.4039, -118.4171, 0, 135, 3, SLG4, , , , , SLG4
1660406870, , 33.4039, -118.4171, 0, 135, 3, SLG4, , , , , SLG4
1660406872, , 33.4039, -118.4171, 0, 132, 2, SLG4, , , , , SLG4
1660406872, , 33.4039, -118.4171, 0, 132, 2, SLG4, , , , , SLG4
1660406878, , 33.4039, -118.417, 0, 123, 3, SLG4, , , , , SLG4
1660406878, , 33.4039, -118.417, 0, 123, 3, SLG4, , , , , SLG4
1660406882, , 33.4038, -118.417, 0, 123, 5, SLG4, , , , , SLG4
1660406886, , 33.4037, -118.4168, 0, 120, 7, SLG4, , , , , SLG4
1660406886, , 33.4037, -118.4168, 0, 120, 7, SLG4, , , , , SLG4
1660406889, , 33.4037, -118.4167, 0, 120, 8, SLG4, , , , , SLG4
1660406889, , 33.4037, -118.4167, 0, 120, 8, SLG4, , , , , SLG4
1660406893, , 33.4036, -118.4166, 0, 118, 8, SLG4, , , , , SLG4
1660406893, , 33.4036, -118.4166, 0, 118, 8, SLG4, , , , , SLG4
1660406893, , 33.4036, -118.4166, 0, 118, 8, SLG4, , , , , SLG4
1660406901, , 33.4035, -118.4162, 0, 112, 8, SLG4, , , , , SLG4
1660406901, , 33.4035, -118.4162, 0, 112, 8, SLG4, , , , , SLG4
1660406901, , 33.4035, -118.4162, 0, 112, 8, SLG4, , , , , SLG4
1660406901, , 33.4035, -118.4162, 0, 112, 8, SLG4, , , , , SLG4
1660406909, , 33.4035, -118.4159, 0, 67, 7, SLG4, , , , , SLG4
1660406909, , 33.4035, -118.4159, 0, 67, 7, SLG4, , , , , SLG4
1660406909, , 33.4035, -118.4159, 0, 67, 7, SLG4, , , , , SLG4
1660406909, , 33.4035, -118.4159, 0, 67, 7, SLG4, , , , , SLG4
1660406909, , 33.4035, -118.4159, 0, 67, 7, SLG4, , , , , SLG4
1660406919, , 33.4037, -118.4157, 0, 56, 6, SLG4, , , , , SLG4
1660406919, , 33.4037, -118.4157, 0, 56, 6, SLG4, , , , , SLG4
1660406919, , 33.4037, -118.4157, 0, 56, 6, SLG4, , , , , SLG4
1660406929, , 33.4037, -118.4156, 0, 149, 1, SLG4, , , , , SLG4
1660406929, , 33.4037, -118.4156, 0, 149, 1, SLG4, , , , , SLG4
1660406929, , 33.4037, -118.4156, 0, 149, 1, SLG4, , , , , SLG4
1660406929, , 33.4037, -118.4156, 0, 149, 1, SLG4, , , , , SLG4
1660406929, , 33.4037, -118.4156, 0, 149, 1, SLG4, , , , , SLG4
1660406929, , 33.4037, -118.4156, 0, 149, 1, SLG4, , , , , SLG4
1660406941, , 33.4037, -118.4156, 0, 149, 1, SLG4, , , , , SLG4
1660406941, , 33.4037, -118.4156, 0, 149, 1, SLG4, , , , , SLG4
1660406941, , 33.4037, -118.4156, 0, 149, 1, SLG4, , , , , SLG4
1660406948, , 33.4037, -118.4156, 0, 149, 1, SLG4, , , , , SLG4
1660406948, , 33.4037, -118.4156, 0, 149, 1, SLG4, , , , , SLG4
1660406948, , 33.4037, -118.4156, 0, 149, 1, SLG4, , , , , SLG4
1660406948, , 33.4037, -118.4156, 0, 149, 1, SLG4, , , , , SLG4
1660406948, , 33.4037, -118.4156, 0, 149, 1, SLG4, , , , , SLG4
1660406948, , 33.4037, -118.4156, 0, 149, 1, SLG4, , , , , SLG4
1660406948, , 33.4037, -118.4156, 0, 149, 1, SLG4, , , , , SLG4
1660406965, , 33.4037, -118.4156, 0, 149, 0, SLG4, , , , , SLG4
1660406965, , 33.4037, -118.4156, 0, 149, 0, SLG4, , , , , SLG4
1660406965, , 33.4037, -118.4156, 0, 149, 0, SLG4, , , , , SLG4
1660406970, , 33.4037, -118.4156, 0, 149, 0, SLG4, , , , , SLG4
1660406970, , 33.4037, -118.4156, 0, 149, 0, SLG4, , , , , SLG4
1660406970, , 33.4037, -118.4156, 0, 149, 0, SLG4, , , , , SLG4
1660406970, , 33.4037, -118.4156, 0, 149, 0, SLG4, , , , , SLG4
1660406970, , 33.4037, -118.4156, 0, 149, 0, SLG4, , , , , SLG4
1660406970, , 33.4037, -118.4156, 0, 149, 0, SLG4, , , , , SLG4
1660406970, , 33.4037, -118.4156, 0, 149, 0, SLG4, , , , , SLG4
1660406970, , 33.4037, -118.4156, 0, 149, 0, SLG4, , , , , SLG4
1660406970, , 33.4037, -118.4156, 0, 149, 0, SLG4, , , , , SLG4
1660406970, , 33.4037, -118.4156, 0, 149, 0, SLG4, , , , , SLG4
1660406970, , 33.4037, -118.4156, 0, 149, 0, SLG4, , , , , SLG4
1660406970, , 33.4037, -118.4156, 0, 149, 0, SLG4, , , , , SLG4
1660406970, , 33.4037, -118.4156, 0, 149, 0, SLG4, , , , , SLG4
1660406970, , 33.4037, -118.4156, 0, 149, 0, SLG4, , , , , SLG4
1660406970, , 33.4037, -118.4156, 0, 149, 0, SLG4, , , , , SLG4
1660406970, , 33.4037, -118.4156, 0, 149, 0, SLG4, , , , , SLG4
1660406970, , 33.4037, -118.4156, 0, 149, 0, SLG4, , , , , SLG4
1660406970, , 33.4037, -118.4156, 0, 149, 0, SLG4, , , , , SLG4
1660406970, , 33.4037, -118.4156, 0, 149, 0, SLG4, , , , , SLG4
1660406970, , 33.4037, -118.4156, 0, 149, 0, SLG4, , , , , SLG4
1660406970, , 33.4037, -118.4156, 0, 149, 0, SLG4, , , , , SLG4
1660406970, , 33.4037, -118.4156, 0, 149, 0, SLG4, , , , , SLG4
1660406970, , 33.4037, -118.4156, 0, 149, 0, SLG4, , , , , SLG4
1660406970, , 33.4037, -118.4156, 0, 149, 0, SLG4, , , , , SLG4
1660406970, , 33.4037, -118.4156, 0, 149, 0, SLG4, , , , , SLG4
1660406970, , 33.4037, -118.4156, 0, 149, 0, SLG4, , , , , SLG4
1660406970, , 33.4037, -118.4156, 0, 149, 0, SLG4, , , , , SLG4
1660406970, , 33.4037, -118.4156, 0, 149, 0, SLG4, , , , , SLG4
1660406970, , 33.4037, -118.4156, 0, 149, 0, SLG4, , , , , SLG4
1660406970, , 33.4037, -118.4156, 0, 149, 0, SLG4, , , , , SLG4
1660406970, , 33.4037, -118.4156, 0, 149, 0, SLG4, , , , , SLG4
1660406970, , 33.4037, -118.4156, 0, 149, 0, SLG4, , , , , SLG4
1660406970, , 33.4037, -118.4156, 0, 149, 0, SLG4, , , , , SLG4
1660406970, , 33.4037, -118.4156, 0, 149, 0, SLG4, , , , , SLG4
1660406970, , 33.4037, -118.4156, 0, 149, 0, SLG4, , , , , SLG4
1660406970, , 33.4037, -118.4156, 0, 149, 0, SLG4, , , , , SLG4
1660406970, , 33.4037, -118.4156, 0, 149, 0, SLG4, , , , , SLG4
