//Timestamp, ICAO, Latitude_deg, Longitude_deg, Altitude_ft, Heading_deg, GroundSpeed_kts, AircraftType, RegistrationNum, Departure, Arrival, FlightNumber1, FlightNumber2
1660409086, , 33.7528, -118.3661, 2975, 199, 79, SLG2, , , , , SLG2
1660409086, , 33.7528, -118.3661, 2975, 199, 79, SLG2, , , , , SLG2
1660409089, , 33.7518, -118.3666, 2975, 198, 80, SLG2, , , , , SLG2
1660409089, , 33.7518, -118.3666, 2975, 198, 80, SLG2, , , , , SLG2
1660409092, , 33.7507, -118.367, 3000, 198, 80, SLG2, , , , , SLG2
1660409098, , 33.7486, -118.3678, 3050, 196, 78, SLG2, , , , , SLG2
1660409098, , 33.7486, -118.3678, 3050, 196, 78, SLG2, , , , , SLG2
1660409101, , 33.7474, -118.3682, 3075, 194, 77, SLG2, , , , , SLG2
1660409101, , 33.7474, -118.3682, 3075, 194, 77, SLG2, , , , , SLG2
1660409104, , 33.7464, -118.3685, 3075, 195, 77, SLG2, , , , , SLG2
1660409104, , 33.7464, -118.3685, 3075, 195, 77, SLG2, , , , , SLG2
1660409109, , 33.7446, -118.3689, 3100, 176, 79, SLG2, , , , , SLG2
1660409113, , 33.7431, -118.3687, 3125, 172, 79, SLG2, , , , , SLG2
1660409113, , 33.7431, -118.3687, 3125, 172, 79, SLG2, , , , , SLG2
1660409116, , 33.7419, -118.3686, 3150, 183, 79, SLG2, , , , , SLG2
1660409116, , 33.7419, -118.3686, 3150, 183, 79, SLG2, , , , , SLG2
1660409122, , 33.7398, -118.3694, 3175, 202, 78, SLG2, , , , , SLG2
1660409122, , 33.7398, -118.3694, 3175, 202, 78, SLG2, , , , , SLG2
1660409125, , 33.7388, -118.3699, 3200, 202, 79, SLG2, , , , , SLG2
1660409128, , 33.7381, -118.3702, 3225, 200, 79, SLG2, , , , , SLG2
1660409128, , 33.7381, -118.3702, 3225, 200, 79, SLG2, , , , , SLG2
1660409134, , 33.7358, -118.3712, 3275, 200, 78, SLG2, , , , , SLG2
1660409134, , 33.7358, -118.3712, 3275, 200, 78, SLG2, , , , , SLG2
1660409137, , 33.7347, -118.3717, 3300, 199, 78, SLG2, , , , , SLG2
1660409137, , 33.7347, -118.3717, 3300, 199, 78, SLG2, , , , , SLG2
1660409140, , 33.7337, -118.3721, 3325, 198, 77, SLG2, , , , , SLG2
1660409146, , 33.7317, -118.3729, 3375, 199, 75, SLG2, , , , , SLG2
1660409146, , 33.7317, -118.3729, 3375, 199, 75, SLG2, , , , , SLG2
1660409149, , 33.7307, -118.3734, 3400, 200, 74, SLG2, , , , , SLG2
1660409149, , 33.7307, -118.3734, 3400, 200, 74, SLG2, , , , , SLG2
1660409152, , 33.7298, -118.3737, 3400, 199, 75, SLG2, , , , , SLG2
1660409152, , 33.7298, -118.3737, 3400, 199, 75, SLG2, , , , , SLG2
1660409158, , 33.7277, -118.3747, 3450, 200, 76, SLG2, , , , , SLG2
1660409158, , 33.7277, -118.3747, 3450, 200, 76, SLG2, , , , , SLG2
1660409161, , 33.7269, -118.3751, 3450, 201, 77, SLG2, , , , , SLG2
1660409164, , 33.7257, -118.3756, 3475, 202, 76, SLG2, , , , , SLG2
1660409164, , 33.7257, -118.3756, 3475, 202, 76, SLG2, , , , , SLG2
1660409170, , 33.7237, -118.3765, 3525, 200, 75, SLG2, , , , , SLG2
1660409170, , 33.7237, -118.3765, 3525, 200, 75, SLG2, , , , , SLG2
1660409173, , 33.7229, -118.3769, 3550, 199, 76, SLG2, , , , , SLG2
1660409176, , 33.722, -118.3773, 3550, 200, 77, SLG2, , , , , SLG2
1660409176, , 33.722, -118.3773, 3550, 200, 77, SLG2, , , , , SLG2
1660409182, , 33.7197, -118.3783, 3575, 200, 78, SLG2, , , , , SLG2
1660409182, , 33.7197, -118.3783, 3575, 200, 78, SLG2, , , , , SLG2
1660409185, , 33.7188, -118.3787, 3600, 199, 79, SLG2, , , , , SLG2
1660409185, , 33.7188, -118.3787, 3600, 199, 79, SLG2, , , , , SLG2
1660409188, , 33.7176, -118.3792, 3625, 198, 79, SLG2, , , , , SLG2
1660409193, , 33.716, -118.3798, 3650, 197, 79, SLG2, , , , , SLG2
1660409193, , 33.716, -118.3798, 3650, 197, 79, SLG2, , , , , SLG2
1660409196, , 33.7149, -118.3802, 3650, 196, 79, SLG2, , , , , SLG2
1660409196, , 33.7149, -118.3802, 3650, 196, 79, SLG2, , , , , SLG2
1660409202, , 33.7129, -118.3809, 3700, 195, 78, SLG2, , , , , SLG2
1660409202, , 33.7129, -118.3809, 3700, 195, 78, SLG2, , , , , SLG2
1660409205, , 33.7117, -118.3813, 3725, 194, 78, SLG2, , , , , SLG2
1660409208, , 33.7107, -118.3816, 3750, 193, 78, SLG2, , , , , SLG2
1660409208, , 33.7107, -118.3816, 3750, 193, 78, SLG2, , , , , SLG2
1660409214, , 33.7087, -118.3821, 3800, 192, 76, SLG2, , , , , SLG2
1660409214, , 33.7087, -118.3821, 3800, 192, 76, SLG2, , , , , SLG2
1660409216, , 33.7077, -118.3824, 3800, 192, 76, SLG2, , , , , SLG2
1660409220, , 33.7065, -118.3827, 3825, 194, 77, SLG2, , , , , SLG2
1660409220, , 33.7065, -118.3827, 3825, 194, 77, SLG2, , , , , SLG2
1660409226, , 33.7045, -118.3836, 3875, 202, 78, SLG2, , , , , SLG2
1660409226, , 33.7045, -118.3836, 3875, 202, 78, SLG2, , , , , SLG2
1660409229, , 33.7035, -118.3841, 3875, 202, 78, SLG2, , , , , SLG2
1660409229, , 33.7035, -118.3841, 3875, 202, 78, SLG2, , , , , SLG2
1660409233, , 33.7537, -118.3907, 2975, 220, 92, SLG2, , , , , SLG2
1660409232, , 33.7027, -118.3845, 3900, 203, 78, SLG2, , , , , SLG2
1660409236, , 33.7527, -118.3916, 3000, 220, 91, SLG2, , , , , SLG2
1660409238, , 33.7005, -118.3856, 3900, 203, 83, SLG2, , , , , SLG2
1660409236, , 33.7527, -118.3916, 3000, 220, 91, SLG2, , , , , SLG2
1660409238, , 33.7005, -118.3856, 3900, 203, 83, SLG2, , , , , SLG2
1660409240, , 33.7514, -118.393, 3000, 218, 90, SLG2, , , , , SLG2
1660409242, , 33.699, -118.3864, 3900, 203, 86, SLG2, , , , , SLG2
1660409240, , 33.7514, -118.393, 3000, 218, 90, SLG2, , , , , SLG2
1660409242, , 33.699, -118.3864, 3900, 203, 86, SLG2, , , , , SLG2
1660409244, , 33.7498, -118.3943, 3000, 218, 90, SLG2, , , , , SLG2
1660409245, , 33.6976, -118.3871, 3900, 202, 86, SLG2, , , , , SLG2
1660409244, , 33.7498, -118.3943, 3000, 218, 90, SLG2, , , , , SLG2
1660409245, , 33.6976, -118.3871, 3900, 202, 86, SLG2, , , , , SLG2
1660409248, , 33.7484, -118.3955, 2975, 217, 92, SLG2, , , , , SLG2
1660409248, , 33.6967, -118.3875, 3925, 202, 85, SLG2, , , , , SLG2
1660409254, , 33.7464, -118.3975, 2975, 217, 91, SLG2, , , , , SLG2
1660409254, , 33.6943, -118.3887, 3975, 202, 82, SLG2, , , , , SLG2
1660409254, , 33.7464, -118.3975, 2975, 217, 91, SLG2, , , , , SLG2
1660409254, , 33.6943, -118.3887, 3975, 202, 82, SLG2, , , , , SLG2
1660409257, , 33.7456, -118.3982, 3000, 216, 90, SLG2, , , , , SLG2
1660409257, , 33.6933, -118.3892, 4000, 202, 80, SLG2, , , , , SLG2
1660409257, , 33.7456, -118.3982, 3000, 216, 90, SLG2, , , , , SLG2
1660409257, , 33.6933, -118.3892, 4000, 202, 80, SLG2, , , , , SLG2
1660409261, , 33.7448, -118.3989, 3000, 216, 90, SLG2, , , , , SLG2
1660409260, , 33.6923, -118.3897, 4025, 202, 80, SLG2, , , , , SLG2
1660409261, , 33.7448, -118.3989, 3000, 216, 90, SLG2, , , , , SLG2
1660409260, , 33.6923, -118.3897, 4025, 202, 80, SLG2, , , , , SLG2
1660409263, , 33.7434, -118.4, 3000, 214, 89, SLG2, , , , , SLG2
1660409263, , 33.6914, -118.3902, 4050, 202, 80, SLG2, , , , , SLG2
1660409267, , 33.7419, -118.4009, 3025, 214, 89, SLG2, , , , , SLG2
1660409268, , 33.6897, -118.391, 4075, 201, 80, SLG2, , , , , SLG2
1660409267, , 33.7419, -118.4009, 3025, 214, 89, SLG2, , , , , SLG2
1660409268, , 33.6897, -118.391, 4075, 201, 80, SLG2, , , , , SLG2
1660409272, , 33.7402, -118.4014, 3050, 189, 81, SLG2, , , , , SLG2
1660409272, , 33.6882, -118.3917, 4100, 199, 79, SLG2, , , , , SLG2
1660409272, , 33.7402, -118.4014, 3050, 189, 81, SLG2, , , , , SLG2
1660409272, , 33.6882, -118.3917, 4100, 199, 79, SLG2, , , , , SLG2
1660409277, , 33.7383, -118.4011, 3075, 166, 79, SLG2, , , , , SLG2
1660409275, , 33.6871, -118.3921, 4125, 198, 80, SLG2, , , , , SLG2
1660409277, , 33.7383, -118.4011, 3075, 166, 79, SLG2, , , , , SLG2
1660409275, , 33.6871, -118.3921, 4125, 198, 80, SLG2, , , , , SLG2
1660409281, , 33.737, -118.4005, 3075, 155, 79, SLG2, , , , , SLG2
1660409281, , 33.685, -118.3929, 4150, 196, 79, SLG2, , , , , SLG2
1660409284, , 33.7366, -118.4003, 3050, 145, 83, SLG2, , , , , SLG2
1660409284, , 33.6838, -118.3932, 4175, 195, 80, SLG2, , , , , SLG2
1660409284, , 33.7366, -118.4003, 3050, 145, 83, SLG2, , , , , SLG2
1660409284, , 33.6838, -118.3932, 4175, 195, 80, SLG2, , , , , SLG2
1660409289, , 33.7346, -118.3983, 3025, 136, 87, SLG2, , , , , SLG2
1660409287, , 33.6828, -118.3936, 4175, 194, 79, SLG2, , , , , SLG2
1660409289, , 33.7346, -118.3983, 3025, 136, 87, SLG2, , , , , SLG2
1660409287, , 33.6828, -118.3936, 4175, 194, 79, SLG2, , , , , SLG2
1660409293, , 33.7337, -118.3967, 3025, 123, 90, SLG2, , , , , SLG2
1660409293, , 33.6808, -118.3942, 4225, 195, 80, SLG2, , , , , SLG2
1660409293, , 33.7337, -118.3967, 3025, 123, 90, SLG2, , , , , SLG2
1660409293, , 33.6808, -118.3942, 4225, 195, 80, SLG2, , , , , SLG2
1660409297, , 33.7329, -118.395, 3025, 116, 90, SLG2, , , , , SLG2
1660409296, , 33.6799, -118.3946, 4250, 196, 80, SLG2, , , , , SLG2
1660409297, , 33.7329, -118.395, 3025, 116, 90, SLG2, , , , , SLG2
1660409296, , 33.6799, -118.3946, 4250, 196, 80, SLG2, , , , , SLG2
1660409300, , 33.6785, -118.395, 4250, 195, 80, SLG2, , , , , SLG2
1660409299, , 33.7323, -118.3938, 3025, 116, 90, SLG2, , , , , SLG2
1660409306, , 33.6762, -118.3957, 4300, 194, 81, SLG2, , , , , SLG2
1660409305, , 33.7307, -118.392, 3075, 141, 83, SLG2, , , , , SLG2
1660409306, , 33.6762, -118.3957, 4300, 194, 81, SLG2, , , , , SLG2
1660409305, , 33.7307, -118.392, 3075, 141, 83, SLG2, , , , , SLG2
1660409308, , 33.6752, -118.3961, 4300, 194, 81, SLG2, , , , , SLG2
1660409308, , 33.7295, -118.3914, 3075, 161, 83, SLG2, , , , , SLG2
1660409308, , 33.6752, -118.3961, 4300, 194, 81, SLG2, , , , , SLG2
1660409308, , 33.7295, -118.3914, 3075, 161, 83, SLG2, , , , , SLG2
1660409313, , 33.6736, -118.3966, 4325, 194, 81, SLG2, , , , , SLG2
1660409311, , 33.7284, -118.3913, 3075, 179, 83, SLG2, , , , , SLG2
1660409316, , 33.673, -118.3967, 4350, 194, 81, SLG2, , , , , SLG2
1660409317, , 33.7265, -118.3918, 3075, 202, 86, SLG2, , , , , SLG2
1660409316, , 33.673, -118.3967, 4350, 194, 81, SLG2, , , , , SLG2
1660409317, , 33.7265, -118.3918, 3075, 202, 86, SLG2, , , , , SLG2
1660409319, , 33.6717, -118.3972, 4350, 197, 81, SLG2, , , , , SLG2
1660409318, , 33.726, -118.3922, 3075, 205, 86, SLG2, , , , , SLG2
1660409319, , 33.6717, -118.3972, 4350, 197, 81, SLG2, , , , , SLG2
1660409318, , 33.726, -118.3922, 3075, 205, 86, SLG2, , , , , SLG2
1660409325, , 33.6691, -118.3982, 4400, 198, 81, SLG2, , , , , SLG2
1660409323, , 33.7246, -118.3938, 3050, 205, 86, SLG2, , , , , SLG2
1660409328, , 33.6688, -118.3984, 4400, 198, 81, SLG2, , , , , SLG2
1660409329, , 33.7238, -118.3967, 3050, 254, 91, SLG2, , , , , SLG2
1660409328, , 33.6688, -118.3984, 4400, 198, 81, SLG2, , , , , SLG2
1660409329, , 33.7238, -118.3967, 3050, 254, 91, SLG2, , , , , SLG2
1660409331, , 33.6674, -118.399, 4425, 199, 81, SLG2, , , , , SLG2
1660409332, , 33.724, -118.3983, 3050, 271, 93, SLG2, , , , , SLG2
1660409331, , 33.6674, -118.399, 4425, 199, 81, SLG2, , , , , SLG2
1660409332, , 33.724, -118.3983, 3050, 271, 93, SLG2, , , , , SLG2
1660409336, , 33.7247, -118.4003, 3025, 281, 93, SLG2, , , , , SLG2
1660409336, , 33.6655, -118.3998, 4450, 200, 80, SLG2, , , , , SLG2
1660409336, , 33.7247, -118.4003, 3025, 281, 93, SLG2, , , , , SLG2
1660409336, , 33.6655, -118.3998, 4450, 200, 80, SLG2, , , , , SLG2
1660409338, , 33.7253, -118.4016, 3025, 300, 96, SLG2, , , , , SLG2
1660409341, , 33.6637, -118.4006, 4500, 199, 79, SLG2, , , , , SLG2
1660409338, , 33.7253, -118.4016, 3025, 300, 96, SLG2, , , , , SLG2
1660409341, , 33.6637, -118.4006, 4500, 199, 79, SLG2, , , , , SLG2
1660409343, , 33.726, -118.4037, 3025, 288, 96, SLG2, , , , , SLG2
1660409345, , 33.6623, -118.4011, 4500, 198, 82, SLG2, , , , , SLG2
1660409347, , 33.7262, -118.4058, 3025, 266, 96, SLG2, , , , , SLG2
1660409347, , 33.6616, -118.4014, 4500, 198, 83, SLG2, , , , , SLG2
1660409347, , 33.7262, -118.4058, 3025, 266, 96, SLG2, , , , , SLG2
1660409347, , 33.6616, -118.4014, 4500, 198, 83, SLG2, , , , , SLG2
1660409353, , 33.7247, -118.4085, 2975, 234, 96, SLG2, , , , , SLG2
1660409353, , 33.6591, -118.4024, 4525, 199, 82, SLG2, , , , , SLG2
1660409353, , 33.7247, -118.4085, 2975, 234, 96, SLG2, , , , , SLG2
1660409353, , 33.6591, -118.4024, 4525, 199, 82, SLG2, , , , , SLG2
1660409356, , 33.7236, -118.4092, 2975, 203, 94, SLG2, , , , , SLG2
1660409357, , 33.6579, -118.4029, 4525, 199, 81, SLG2, , , , , SLG2
1660409359, , 33.7223, -118.4096, 2975, 194, 91, SLG2, , , , , SLG2
1660409359, , 33.657, -118.4033, 4525, 199, 81, SLG2, , , , , SLG2
1660409359, , 33.7223, -118.4096, 2975, 194, 91, SLG2, , , , , SLG2
1660409359, , 33.657, -118.4033, 4525, 199, 81, SLG2, , , , , SLG2
1660409366, , 33.7203, -118.4107, 3025, 210, 87, SLG2, , , , , SLG2
1660409366, , 33.6551, -118.4041, 4550, 199, 79, SLG2, , , , , SLG2
1660409366, , 33.7203, -118.4107, 3025, 210, 87, SLG2, , , , , SLG2
1660409366, , 33.6551, -118.4041, 4550, 199, 79, SLG2, , , , , SLG2
1660409368, , 33.7195, -118.4113, 3025, 211, 85, SLG2, , , , , SLG2
1660409369, , 33.6537, -118.4047, 4575, 199, 79, SLG2, , , , , SLG2
1660409368, , 33.7195, -118.4113, 3025, 211, 85, SLG2, , , , , SLG2
1660409369, , 33.6537, -118.4047, 4575, 199, 79, SLG2, , , , , SLG2
1660409371, , 33.7181, -118.4122, 3050, 211, 83, SLG2, , , , , SLG2
1660409371, , 33.6532, -118.4049, 4575, 199, 79, SLG2, , , , , SLG2
1660409371, , 33.7181, -118.4122, 3050, 211, 83, SLG2, , , , , SLG2
1660409371, , 33.6532, -118.4049, 4575, 199, 79, SLG2, , , , , SLG2
1660409378, , 33.7162, -118.4138, 3050, 213, 82, SLG2, , , , , SLG2
1660409378, , 33.6507, -118.4059, 4600, 197, 78, SLG2, , , , , SLG2
1660409380, , 33.7152, -118.4145, 3075, 211, 82, SLG2, , , , , SLG2
1660409381, , 33.6502, -118.4061, 4600, 198, 79, SLG2, , , , , SLG2
1660409380, , 33.7152, -118.4145, 3075, 211, 82, SLG2, , , , , SLG2
1660409381, , 33.6502, -118.4061, 4600, 198, 79, SLG2, , , , , SLG2
1660409383, , 33.7142, -118.4153, 3075, 211, 82, SLG2, , , , , SLG2
1660409385, , 33.648, -118.4069, 4600, 198, 80, SLG2, , , , , SLG2
1660409383, , 33.7142, -118.4153, 3075, 211, 82, SLG2, , , , , SLG2
1660409385, , 33.648, -118.4069, 4600, 198, 80, SLG2, , , , , SLG2
1660409389, , 33.7121, -118.4169, 3075, 211, 83, SLG2, , , , , SLG2
1660409388, , 33.647, -118.4073, 4625, 198, 80, SLG2, , , , , SLG2
1660409389, , 33.7121, -118.4169, 3075, 211, 83, SLG2, , , , , SLG2
1660409388, , 33.647, -118.4073, 4625, 198, 80, SLG2, , , , , SLG2
1660409392, , 33.7112, -118.4176, 3075, 210, 82, SLG2, , , , , SLG2
1660409391, , 33.6459, -118.4077, 4625, 196, 80, SLG2, , , , , SLG2
1660409396, , 33.7101, -118.4183, 3100, 210, 81, SLG2, , , , , SLG2
1660409395, , 33.6448, -118.4081, 4625, 195, 81, SLG2, , , , , SLG2
1660409396, , 33.7101, -118.4183, 3100, 210, 81, SLG2, , , , , SLG2
1660409395, , 33.6448, -118.4081, 4625, 195, 81, SLG2, , , , , SLG2
