//Timestamp, ICAO, Latitude_deg, Longitude_deg, Altitude_ft, Heading_deg, GroundSpeed_kts, AircraftType, RegistrationNum, Departure, Arrival, FlightNumber1, FlightNumber2
1660411463, , 33.753, -118.2603, 3475, 134, 133, SR22, , , , , SR22
1660411463, , 33.753, -118.2603, 3475, 134, 133, SR22, , , , , SR22
1660411467, , 33.7507, -118.2575, 3475, 134, 133, SR22, , , , , SR22
1660411471, , 33.7491, -118.2556, 3475, 134, 134, SR22, , , , , SR22
1660411471, , 33.7491, -118.2556, 3475, 134, 134, SR22, , , , , SR22
1660411475, , 33.7472, -118.2533, 3475, 134, 134, SR22, , , , , SR22
1660411475, , 33.7472, -118.2533, 3475, 134, 134, SR22, , , , , SR22
1660411479, , 33.7455, -118.2512, 3475, 134, 134, SR22, , , , , SR22
1660411479, , 33.7455, -118.2512, 3475, 134, 134, SR22, , , , , SR22
1660411483, , 33.7439, -118.2492, 3475, 134, 134, SR22, , , , , SR22
1660411487, , 33.742, -118.2469, 3475, 134, 134, SR22, , , , , SR22
1660411487, , 33.742, -118.2469, 3475, 134, 134, SR22, , , , , SR22
1660411491, , 33.7401, -118.2446, 3475, 134, 134, SR22, , , , , SR22
1660411491, , 33.7401, -118.2446, 3475, 134, 134, SR22, , , , , SR22
1660411495, , 33.7384, -118.2425, 3475, 134, 134, SR22, , , , , SR22
1660411495, , 33.7384, -118.2425, 3475, 134, 134, SR22, , , , , SR22
1660411499, , 33.738, -118.242, 3475, 134, 134, SR22, , , , , SR22
1660411503, , 33.7351, -118.2385, 3475, 134, 134, SR22, , , , , SR22
1660411503, , 33.7351, -118.2385, 3475, 134, 134, SR22, , , , , SR22
1660411507, , 33.7332, -118.2362, 3475, 134, 134, SR22, , , , , SR22
1660411507, , 33.7332, -118.2362, 3475, 134, 134, SR22, , , , , SR22
1660411511, , 33.7313, -118.2339, 3475, 134, 134, SR22, , , , , SR22
1660411515, , 33.7298, -118.232, 3475, 134, 134, SR22, , , , , SR22
1660411515, , 33.7298, -118.232, 3475, 134, 134, SR22, , , , , SR22
1660411519, , 33.7281, -118.2299, 3475, 134, 134, SR22, , , , , SR22
1660411519, , 33.7281, -118.2299, 3475, 134, 134, SR22, , , , , SR22
1660411523, , 33.7263, -118.2278, 3475, 134, 134, SR22, , , , , SR22
1660411527, , 33.7247, -118.2257, 3475, 133, 134, SR22, , , , , SR22
1660411527, , 33.7247, -118.2257, 3475, 133, 134, SR22, , , , , SR22
1660411531, , 33.7228, -118.2231, 3475, 130, 134, SR22, , , , , SR22
1660411531, , 33.7228, -118.2231, 3475, 130, 134, SR22, , , , , SR22
1660411536, , 33.7209, -118.2205, 3475, 130, 134, SR22, , , , , SR22
1660411536, , 33.7209, -118.2205, 3475, 130, 134, SR22, , , , , SR22
1660411541, , 33.7187, -118.2174, 3475, 128, 134, SR22, , , , , SR22
1660411545, , 33.7173, -118.2153, 3475, 127, 134, SR22, , , , , SR22
1660411545, , 33.7173, -118.2153, 3475, 127, 134, SR22, , , , , SR22
1660411548, , 33.7162, -118.2135, 3475, 127, 134, SR22, , , , , SR22
1660411548, , 33.7162, -118.2135, 3475, 127, 134, SR22, , , , , SR22
1660411554, , 33.714, -118.21, 3475, 127, 134, SR22, , , , , SR22
1660411554, , 33.714, -118.21, 3475, 127, 134, SR22, , , , , SR22
1660411557, , 33.7128, -118.2081, 3475, 127, 134, SR22, , , , , SR22
1660411559, , 33.7117, -118.2064, 3475, 127, 134, SR22, , , , , SR22
1660411559, , 33.7117, -118.2064, 3475, 127, 134, SR22, , , , , SR22
1660411566, , 33.7095, -118.203, 3475, 127, 134, SR22, , , , , SR22
1660411566, , 33.7095, -118.203, 3475, 127, 134, SR22, , , , , SR22
1660411568, , 33.7083, -118.2011, 3475, 127, 134, SR22, , , , , SR22
1660411568, , 33.7083, -118.2011, 3475, 127, 134, SR22, , , , , SR22
1660411572, , 33.7072, -118.1992, 3475, 127, 134, SR22, , , , , SR22
1660411578, , 33.7049, -118.1956, 3475, 127, 134, SR22, , , , , SR22
1660411578, , 33.7049, -118.1956, 3475, 127, 134, SR22, , , , , SR22
1660411581, , 33.7037, -118.1938, 3475, 127, 134, SR22, , , , , SR22
1660411581, , 33.7037, -118.1938, 3475, 127, 134, SR22, , , , , SR22
1660411583, , 33.7029, -118.1924, 3475, 126, 134, SR22, , , , , SR22
1660411583, , 33.7029, -118.1924, 3475, 126, 134, SR22, , , , , SR22
1660411590, , 33.7008, -118.1882, 3475, 117, 134, SR22, , , , , SR22
1660411593, , 33.6999, -118.1862, 3475, 116, 134, SR22, , , , , SR22
1660411593, , 33.6999, -118.1862, 3475, 116, 134, SR22, , , , , SR22
1660411596, , 33.699, -118.1841, 3475, 116, 134, SR22, , , , , SR22
1660411596, , 33.699, -118.1841, 3475, 116, 134, SR22, , , , , SR22
1660411602, , 33.6973, -118.1801, 3475, 116, 134, SR22, , , , , SR22
1660411602, , 33.6973, -118.1801, 3475, 116, 134, SR22, , , , , SR22
1660411605, , 33.6965, -118.1782, 3475, 116, 133, SR22, , , , , SR22
1660411605, , 33.6965, -118.1782, 3475, 116, 133, SR22, , , , , SR22
1660411608, , 33.6957, -118.1762, 3475, 116, 133, SR22, , , , , SR22
1660411614, , 33.6941, -118.1724, 3475, 116, 133, SR22, , , , , SR22
1660411614, , 33.6941, -118.1724, 3475, 116, 133, SR22, , , , , SR22
1660411617, , 33.6934, -118.1708, 3475, 116, 133, SR22, , , , , SR22
1660411617, , 33.6934, -118.1708, 3475, 116, 133, SR22, , , , , SR22
1660411619, , 33.6924, -118.1684, 3475, 116, 133, SR22, , , , , SR22
1660411625, , 33.6908, -118.1644, 3475, 114, 133, SR22, , , , , SR22
1660411625, , 33.6908, -118.1644, 3475, 114, 133, SR22, , , , , SR22
1660411629, , 33.69, -118.1623, 3475, 114, 134, SR22, , , , , SR22
1660411629, , 33.69, -118.1623, 3475, 114, 134, SR22, , , , , SR22
1660411632, , 33.6892, -118.1602, 3475, 114, 134, SR22, , , , , SR22
1660411632, , 33.6892, -118.1602, 3475, 114, 134, SR22, , , , , SR22
1660411638, , 33.6877, -118.1564, 3475, 114, 134, SR22, , , , , SR22
1660411641, , 33.6869, -118.1541, 3475, 114, 134, SR22, , , , , SR22
1660411641, , 33.6869, -118.1541, 3475, 114, 134, SR22, , , , , SR22
1660411644, , 33.6861, -118.1521, 3475, 114, 134, SR22, , , , , SR22
1660411644, , 33.6861, -118.1521, 3475, 114, 134, SR22, , , , , SR22
1660411650, , 33.6845, -118.148, 3475, 114, 134, SR22, , , , , SR22
1660411650, , 33.6845, -118.148, 3475, 114, 134, SR22, , , , , SR22
1660411652, , 33.6838, -118.1463, 3475, 114, 134, SR22, , , , , SR22
1660411656, , 33.683, -118.1442, 3475, 114, 134, SR22, , , , , SR22
1660411656, , 33.683, -118.1442, 3475, 114, 134, SR22, , , , , SR22
1660411662, , 33.6815, -118.14, 3475, 114, 134, SR22, , , , , SR22
1660411662, , 33.6815, -118.14, 3475, 114, 134, SR22, , , , , SR22
1660411665, , 33.6806, -118.1378, 3475, 114, 133, SR22, , , , , SR22
1660411665, , 33.6806, -118.1378, 3475, 114, 133, SR22, , , , , SR22
1660411668, , 33.6798, -118.1357, 3475, 114, 133, SR22, , , , , SR22
1660411674, , 33.6783, -118.1317, 3475, 114, 133, SR22, , , , , SR22
1660411674, , 33.6783, -118.1317, 3475, 114, 133, SR22, , , , , SR22
1660411677, , 33.6775, -118.1296, 3475, 114, 134, SR22, , , , , SR22
1660411677, , 33.6775, -118.1296, 3475, 114, 134, SR22, , , , , SR22
1660411680, , 33.6768, -118.1276, 3475, 114, 134, SR22, , , , , SR22
1660411680, , 33.6768, -118.1276, 3475, 114, 134, SR22, , , , , SR22
1660411686, , 33.6752, -118.1235, 3475, 114, 134, SR22, , , , , SR22
1660411689, , 33.6744, -118.1214, 3475, 114, 134, SR22, , , , , SR22
1660411689, , 33.6744, -118.1214, 3475, 114, 134, SR22, , , , , SR22
1660411692, , 33.6736, -118.1193, 3475, 114, 134, SR22, , , , , SR22
1660411692, , 33.6736, -118.1193, 3475, 114, 134, SR22, , , , , SR22
1660411697, , 33.6723, -118.1158, 3475, 114, 134, SR22, , , , , SR22
1660411697, , 33.6723, -118.1158, 3475, 114, 134, SR22, , , , , SR22
1660411701, , 33.6716, -118.1138, 3475, 114, 134, SR22, , , , , SR22
1660411704, , 33.6707, -118.1115, 3475, 114, 134, SR22, , , , , SR22
1660411704, , 33.6707, -118.1115, 3475, 114, 134, SR22, , , , , SR22
1660411710, , 33.6692, -118.1075, 3475, 114, 134, SR22, , , , , SR22
1660411710, , 33.6692, -118.1075, 3475, 114, 134, SR22, , , , , SR22
1660411712, , 33.6685, -118.1055, 3475, 114, 134, SR22, , , , , SR22
1660411716, , 33.6675, -118.1029, 3475, 114, 134, SR22, , , , , SR22
1660411716, , 33.6675, -118.1029, 3475, 114, 134, SR22, , , , , SR22
1660411720, , 33.6663, -118.0998, 3475, 114, 134, SR22, , , , , SR22
1660411720, , 33.6663, -118.0998, 3475, 114, 134, SR22, , , , , SR22
1660411725, , 33.6653, -118.0971, 3475, 114, 134, SR22, , , , , SR22
1660411725, , 33.6653, -118.0971, 3475, 114, 134, SR22, , , , , SR22
1660411729, , 33.6643, -118.0943, 3475, 114, 134, SR22, , , , , SR22
1660411733, , 33.6633, -118.0915, 3475, 114, 134, SR22, , , , , SR22
1660411733, , 33.6633, -118.0915, 3475, 114, 134, SR22, , , , , SR22
1660411737, , 33.6623, -118.0889, 3475, 114, 134, SR22, , , , , SR22
1660411737, , 33.6623, -118.0889, 3475, 114, 134, SR22, , , , , SR22
1660411741, , 33.6612, -118.0859, 3475, 113, 134, SR22, , , , , SR22
1660411741, , 33.6612, -118.0859, 3475, 113, 134, SR22, , , , , SR22
1660411744, , 33.6603, -118.0836, 3475, 114, 134, SR22, , , , , SR22
1660411750, , 33.6589, -118.0798, 3475, 114, 134, SR22, , , , , SR22
1660411750, , 33.6589, -118.0798, 3475, 114, 134, SR22, , , , , SR22
1660411753, , 33.6581, -118.0776, 3475, 114, 134, SR22, , , , , SR22
1660411753, , 33.6581, -118.0776, 3475, 114, 134, SR22, , , , , SR22
1660411756, , 33.6573, -118.0757, 3475, 115, 134, SR22, , , , , SR22
1660411756, , 33.6573, -118.0757, 3475, 115, 134, SR22, , , , , SR22
1660411762, , 33.6556, -118.0717, 3475, 118, 134, SR22, , , , , SR22
1660411765, , 33.6547, -118.0697, 3475, 119, 133, SR22, , , , , SR22
1660411765, , 33.6547, -118.0697, 3475, 119, 133, SR22, , , , , SR22
1660411768, , 33.6538, -118.0679, 3475, 120, 133, SR22, , , , , SR22
1660411768, , 33.6538, -118.0679, 3475, 120, 133, SR22, , , , , SR22
1660411774, , 33.6518, -118.0638, 3475, 121, 133, SR22, , , , , SR22
1660411774, , 33.6518, -118.0638, 3475, 121, 133, SR22, , , , , SR22
1660411777, , 33.6508, -118.0619, 3475, 121, 134, SR22, , , , , SR22
1660411780, , 33.6499, -118.0602, 3475, 121, 134, SR22, , , , , SR22
1660411780, , 33.6499, -118.0602, 3475, 121, 134, SR22, , , , , SR22
1660411786, , 33.6478, -118.0563, 3475, 122, 133, SR22, , , , , SR22
1660411786, , 33.6478, -118.0563, 3475, 122, 133, SR22, , , , , SR22
1660411789, , 33.6469, -118.0545, 3475, 123, 133, SR22, , , , , SR22
1660411789, , 33.6469, -118.0545, 3475, 123, 133, SR22, , , , , SR22
1660411792, , 33.6459, -118.0527, 3475, 123, 133, SR22, , , , , SR22
1660411798, , 33.6438, -118.0489, 3475, 123, 133, SR22, , , , , SR22
1660411798, , 33.6438, -118.0489, 3475, 123, 133, SR22, , , , , SR22
1660411801, , 33.6429, -118.0472, 3475, 123, 133, SR22, , , , , SR22
1660411801, , 33.6429, -118.0472, 3475, 123, 133, SR22, , , , , SR22
1660411804, , 33.6417, -118.0451, 3475, 123, 133, SR22, , , , , SR22
1660411804, , 33.6417, -118.0451, 3475, 123, 133, SR22, , , , , SR22
1660411810, , 33.6396, -118.0413, 3475, 123, 134, SR22, , , , , SR22
1660411813, , 33.6387, -118.0397, 3475, 123, 134, SR22, , , , , SR22
1660411813, , 33.6387, -118.0397, 3475, 123, 134, SR22, , , , , SR22
1660411816, , 33.6378, -118.0379, 3475, 123, 134, SR22, , , , , SR22
1660411816, , 33.6378, -118.0379, 3475, 123, 134, SR22, , , , , SR22
1660411822, , 33.6356, -118.034, 3475, 123, 133, SR22, , , , , SR22
1660411825, , 33.6347, -118.0323, 3475, 123, 133, SR22, , , , , SR22
1660411825, , 33.6347, -118.0323, 3475, 123, 133, SR22, , , , , SR22
1660411828, , 33.6337, -118.0304, 3475, 123, 133, SR22, , , , , SR22
1660411828, , 33.6337, -118.0304, 3475, 123, 133, SR22, , , , , SR22
1660411831, , 33.6325, -118.0283, 3475, 123, 133, SR22, , , , , SR22
1660411837, , 33.6306, -118.0248, 3475, 122, 133, SR22, , , , , SR22
1660411837, , 33.6306, -118.0248, 3475, 122, 133, SR22, , , , , SR22
1660411840, , 33.6296, -118.0229, 3475, 122, 133, SR22, , , , , SR22
1660411840, , 33.6296, -118.0229, 3475, 122, 133, SR22, , , , , SR22
1660411843, , 33.6286, -118.021, 3475, 122, 133, SR22, , , , , SR22
1660411849, , 33.6265, -118.0171, 3475, 122, 133, SR22, , , , , SR22
1660411849, , 33.6265, -118.0171, 3475, 122, 133, SR22, , , , , SR22
1660411852, , 33.6256, -118.0154, 3475, 122, 133, SR22, , , , , SR22
1660411852, , 33.6256, -118.0154, 3475, 122, 133, SR22, , , , , SR22
1660411855, , 33.6244, -118.0132, 3475, 122, 133, SR22, , , , , SR22
1660411855, , 33.6244, -118.0132, 3475, 122, 133, SR22, , , , , SR22
1660411861, , 33.6226, -118.0096, 3475, 122, 133, SR22, , , , , SR22
1660411864, , 33.6216, -118.0078, 3475, 122, 133, SR22, , , , , SR22
1660411864, , 33.6216, -118.0078, 3475, 122, 133, SR22, , , , , SR22
1660411867, , 33.6206, -118.006, 3475, 122, 133, SR22, , , , , SR22
1660411867, , 33.6206, -118.006, 3475, 122, 133, SR22, , , , , SR22
1660411873, , 33.6184, -118.002, 3475, 122, 133, SR22, , , , , SR22
1660411873, , 33.6184, -118.002, 3475, 122, 133, SR22, , , , , SR22
1660411877, , 33.6175, -118.0001, 3475, 122, 133, SR22, , , , , SR22
1660411879, , 33.6167, -117.9986, 3475, 122, 133, SR22, , , , , SR22
1660411879, , 33.6167, -117.9986, 3475, 122, 133, SR22, , , , , SR22
1660411885, , 33.6145, -117.9945, 3475, 122, 133, SR22, , , , , SR22
1660411885, , 33.6145, -117.9945, 3475, 122, 133, SR22, , , , , SR22
1660411889, , 33.6136, -117.9927, 3475, 122, 133, SR22, , , , , SR22
1660411889, , 33.6136, -117.9927, 3475, 122, 133, SR22, , , , , SR22
1660411891, , 33.6126, -117.991, 3475, 122, 133, SR22, , , , , SR22
1660411897, , 33.6106, -117.9872, 3475, 122, 133, SR22, , , , , SR22
1660411897, , 33.6106, -117.9872, 3475, 122, 133, SR22, , , , , SR22
1660411900, , 33.6096, -117.9852, 3475, 122, 133, SR22, , , , , SR22
1660411900, , 33.6096, -117.9852, 3475, 122, 133, SR22, , , , , SR22
1660411904, , 33.6086, -117.9833, 3475, 122, 133, SR22, , , , , SR22
1660411904, , 33.6086, -117.9833, 3475, 122, 133, SR22, , , , , SR22
1660411910, , 33.6068, -117.9798, 3475, 122, 133, SR22, , , , , SR22
1660411913, , 33.6055, -117.9776, 3475, 122, 133, SR22, , , , , SR22
1660411913, , 33.6055, -117.9776, 3475, 122, 133, SR22, , , , , SR22
1660411916, , 33.6046, -117.9758, 3475, 122, 133, SR22, , , , , SR22
1660411916, , 33.6046, -117.9758, 3475, 122, 133, SR22, , , , , SR22
1660411921, , 33.6026, -117.972, 3475, 122, 133, SR22, , , , , SR22
1660411921, , 33.6026, -117.972, 3475, 122, 133, SR22, , , , , SR22
1660411924, , 33.6016, -117.9702, 3475, 122, 133, SR22, , , , , SR22
1660411927, , 33.6006, -117.9682, 3475, 122, 133, SR22, , , , , SR22
1660411927, , 33.6006, -117.9682, 3475, 122, 133, SR22, , , , , SR22
1660411932, , 33.599, -117.9652, 3475, 122, 133, SR22, , , , , SR22
1660411932, , 33.599, -117.9652, 3475, 122, 133, SR22, , , , , SR22
1660411937, , 33.5977, -117.9627, 3475, 122, 133, SR22, , , , , SR22
1660411937, , 33.5977, -117.9627, 3475, 122, 133, SR22, , , , , SR22
1660411939, , 33.5966, -117.9608, 3475, 122, 133, SR22, , , , , SR22
1660411945, , 33.5947, -117.9571, 3475, 122, 133, SR22, , , , , SR22
1660411945, , 33.5947, -117.9571, 3475, 122, 133, SR22, , , , , SR22
1660411949, , 33.5936, -117.9551, 3475, 122, 133, SR22, , , , , SR22
1660411949, , 33.5936, -117.9551, 3475, 122, 133, SR22, , , , , SR22
1660411951, , 33.5928, -117.9535, 3475, 122, 133, SR22, , , , , SR22
1660411951, , 33.5928, -117.9535, 3475, 122, 133, SR22, , , , , SR22
1660411958, , 33.5907, -117.9496, 3475, 122, 133, SR22, , , , , SR22
1660411960, , 33.5897, -117.9476, 3475, 122, 133, SR22, , , , , SR22
1660411960, , 33.5897, -117.9476, 3475, 122, 133, SR22, , , , , SR22
1660411964, , 33.5885, -117.9456, 3475, 122, 133, SR22, , , , , SR22
1660411964, , 33.5885, -117.9456, 3475, 122, 133, SR22, , , , , SR22
1660411970, , 33.5866, -117.9418, 3475, 122, 132, SR22, , , , , SR22
1660411973, , 33.5856, -117.94, 3475, 122, 132, SR22, , , , , SR22
1660411973, , 33.5856, -117.94, 3475, 122, 132, SR22, , , , , SR22
1660411976, , 33.5846, -117.9381, 3475, 122, 132, SR22, , , , , SR22
1660411976, , 33.5846, -117.9381, 3475, 122, 132, SR22, , , , , SR22
1660411982, , 33.5826, -117.9344, 3475, 122, 133, SR22, , , , , SR22
1660411982, , 33.5826, -117.9344, 3475, 122, 133, SR22, , , , , SR22
1660411985, , 33.5818, -117.9328, 3475, 122, 132, SR22, , , , , SR22
1660411985, , 33.5818, -117.9328, 3475, 122, 132, SR22, , , , , SR22
1660411988, , 33.5806, -117.9306, 3475, 122, 132, SR22, , , , , SR22
1660411994, , 33.5787, -117.9269, 3475, 122, 132, SR22, , , , , SR22
1660411994, , 33.5787, -117.9269, 3475, 122, 132, SR22, , , , , SR22
1660411997, , 33.5777, -117.9251, 3475, 122, 132, SR22, , , , , SR22
1660411997, , 33.5777, -117.9251, 3475, 122, 132, SR22, , , , , SR22
1660412000, , 33.5768, -117.9235, 3475, 122, 132, SR22, , , , , SR22
1660412006, , 33.5748, -117.9196, 3475, 122, 132, SR22, , , , , SR22
1660412006, , 33.5748, -117.9196, 3475, 122, 132, SR22, , , , , SR22
1660412009, , 33.5738, -117.9177, 3475, 122, 132, SR22, , , , , SR22
1660412009, , 33.5738, -117.9177, 3475, 122, 132, SR22, , , , , SR22
1660412012, , 33.5727, -117.9157, 3475, 122, 132, SR22, , , , , SR22
1660412012, , 33.5727, -117.9157, 3475, 122, 132, SR22, , , , , SR22
1660412018, , 33.5708, -117.9122, 3475, 122, 132, SR22, , , , , SR22
1660412021, , 33.5697, -117.9102, 3475, 122, 132, SR22, , , , , SR22
1660412021, , 33.5697, -117.9102, 3475, 122, 132, SR22, , , , , SR22
1660412024, , 33.5688, -117.9084, 3475, 122, 131, SR22, , , , , SR22
1660412024, , 33.5688, -117.9084, 3475, 122, 131, SR22, , , , , SR22
1660412030, , 33.5668, -117.9047, 3475, 122, 132, SR22, , , , , SR22
1660412030, , 33.5668, -117.9047, 3475, 122, 132, SR22, , , , , SR22
1660412033, , 33.5657, -117.9027, 3475, 122, 132, SR22, , , , , SR22
1660412036, , 33.5648, -117.901, 3475, 122, 132, SR22, , , , , SR22
1660412036, , 33.5648, -117.901, 3475, 122, 132, SR22, , , , , SR22
1660412042, , 33.5628, -117.8971, 3475, 122, 133, SR22, , , , , SR22
1660412042, , 33.5628, -117.8971, 3475, 122, 133, SR22, , , , , SR22
1660412045, , 33.5619, -117.8955, 3475, 122, 133, SR22, , , , , SR22
1660412045, , 33.5619, -117.8955, 3475, 122, 133, SR22, , , , , SR22
1660412048, , 33.5608, -117.8934, 3475, 122, 133, SR22, , , , , SR22
1660412054, , 33.5589, -117.8898, 3475, 122, 132, SR22, , , , , SR22
1660412054, , 33.5589, -117.8898, 3475, 122, 132, SR22, , , , , SR22
1660412057, , 33.5579, -117.888, 3475, 122, 132, SR22, , , , , SR22
1660412057, , 33.5579, -117.888, 3475, 122, 132, SR22, , , , , SR22
1660412060, , 33.5574, -117.8871, 3475, 122, 132, SR22, , , , , SR22
1660412064, , 33.5555, -117.8836, 3475, 122, 132, SR22, , , , , SR22
1660412064, , 33.5555, -117.8836, 3475, 122, 132, SR22, , , , , SR22
1660412067, , 33.5542, -117.8812, 3475, 122, 132, SR22, , , , , SR22
1660412067, , 33.5542, -117.8812, 3475, 122, 132, SR22, , , , , SR22
1660412073, , 33.5525, -117.8779, 3475, 122, 132, SR22, , , , , SR22
1660412073, , 33.5525, -117.8779, 3475, 122, 132, SR22, , , , , SR22
1660412076, , 33.5514, -117.8759, 3475, 122, 132, SR22, , , , , SR22
1660412079, , 33.5505, -117.8741, 3475, 122, 132, SR22, , , , , SR22
1660412079, , 33.5505, -117.8741, 3475, 122, 132, SR22, , , , , SR22
1660412085, , 33.5484, -117.8702, 3475, 122, 132, SR22, , , , , SR22
1660412085, , 33.5484, -117.8702, 3475, 122, 132, SR22, , , , , SR22
1660412088, , 33.5476, -117.8688, 3475, 122, 132, SR22, , , , , SR22
1660412088, , 33.5476, -117.8688, 3475, 122, 132, SR22, , , , , SR22
1660412091, , 33.5464, -117.8665, 3475, 122, 132, SR22, , , , , SR22
1660412097, , 33.5444, -117.8627, 3475, 122, 133, SR22, , , , , SR22
1660412097, , 33.5444, -117.8627, 3475, 122, 133, SR22, , , , , SR22
1660412100, , 33.5435, -117.861, 3475, 122, 133, SR22, , , , , SR22
1660412100, , 33.5435, -117.861, 3475, 122, 133, SR22, , , , , SR22
1660412104, , 33.5428, -117.8596, 3475, 122, 133, SR22, , , , , SR22
1660412104, , 33.5428, -117.8596, 3475, 122, 133, SR22, , , , , SR22
1660412109, , 33.5404, -117.8551, 3475, 122, 133, SR22, , , , , SR22
1660412113, , 33.5393, -117.8531, 3475, 122, 133, SR22, , , , , SR22
1660412113, , 33.5393, -117.8531, 3475, 122, 133, SR22, , , , , SR22
1660412115, , 33.5384, -117.8515, 3475, 122, 132, SR22, , , , , SR22
1660412115, , 33.5384, -117.8515, 3475, 122, 132, SR22, , , , , SR22
1660412122, , 33.5365, -117.8478, 3475, 122, 132, SR22, , , , , SR22
1660412122, , 33.5365, -117.8478, 3475, 122, 132, SR22, , , , , SR22
1660412125, , 33.5355, -117.8459, 3475, 122, 132, SR22, , , , , SR22
1660412128, , 33.5346, -117.8444, 3475, 122, 133, SR22, , , , , SR22
1660412128, , 33.5346, -117.8444, 3475, 122, 133, SR22, , , , , SR22
1660412133, , 33.533, -117.8412, 3475, 122, 133, SR22, , , , , SR22
1660412133, , 33.533, -117.8412, 3475, 122, 133, SR22, , , , , SR22
1660412137, , 33.5314, -117.8382, 3475, 122, 133, SR22, , , , , SR22
1660412137, , 33.5314, -117.8382, 3475, 122, 133, SR22, , , , , SR22
1660412139, , 33.5307, -117.8369, 3475, 122, 133, SR22, , , , , SR22
1660412143, , 33.5294, -117.8345, 3475, 122, 133, SR22, , , , , SR22
1660412143, , 33.5294, -117.8345, 3475, 122, 133, SR22, , , , , SR22
1660412147, , 33.5279, -117.8317, 3475, 122, 133, SR22, , , , , SR22
1660412147, , 33.5279, -117.8317, 3475, 122, 133, SR22, , , , , SR22
1660412151, , 33.5264, -117.8289, 3475, 122, 133, SR22, , , , , SR22
1660412151, , 33.5264, -117.8289, 3475, 122, 133, SR22, , , , , SR22
1660412158, , 33.5243, -117.825, 3475, 122, 133, SR22, , , , , SR22
1660412161, , 33.5238, -117.8241, 3475, 124, 134, SR22, , , , , SR22
1660412161, , 33.5238, -117.8241, 3475, 124, 134, SR22, , , , , SR22
1660412163, , 33.5223, -117.8217, 3475, 127, 134, SR22, , , , , SR22
1660412163, , 33.5223, -117.8217, 3475, 127, 134, SR22, , , , , SR22
1660412168, , 33.5202, -117.819, 3475, 134, 132, SR22, , , , , SR22
1660412168, , 33.5202, -117.819, 3475, 134, 132, SR22, , , , , SR22
1660412172, , 33.5191, -117.8177, 3475, 135, 132, SR22, , , , , SR22
1660412176, , 33.5167, -117.8149, 3475, 135, 132, SR22, , , , , SR22
1660412176, , 33.5167, -117.8149, 3475, 135, 132, SR22, , , , , SR22
1660412180, , 33.5158, -117.8139, 3475, 135, 132, SR22, , , , , SR22
1660412180, , 33.5158, -117.8139, 3475, 135, 132, SR22, , , , , SR22
1660412184, , 33.5133, -117.8109, 3475, 135, 132, SR22, , , , , SR22
1660412184, , 33.5133, -117.8109, 3475, 135, 132, SR22, , , , , SR22
1660412188, , 33.5116, -117.809, 3475, 135, 132, SR22, , , , , SR22
1660412192, , 33.5099, -117.807, 3475, 135, 132, SR22, , , , , SR22
1660412192, , 33.5099, -117.807, 3475, 135, 132, SR22, , , , , SR22
1660412196, , 33.5082, -117.8049, 3475, 135, 132, SR22, , , , , SR22
1660412196, , 33.5082, -117.8049, 3475, 135, 132, SR22, , , , , SR22
1660412200, , 33.5064, -117.8029, 3475, 135, 133, SR22, , , , , SR22
1660412200, , 33.5064, -117.8029, 3475, 135, 133, SR22, , , , , SR22
1660412205, , 33.5042, -117.8002, 3475, 135, 132, SR22, , , , , SR22
1660412209, , 33.5023, -117.7981, 3475, 135, 132, SR22, , , , , SR22
1660412209, , 33.5023, -117.7981, 3475, 135, 132, SR22, , , , , SR22
1660412213, , 33.5007, -117.7961, 3475, 135, 132, SR22, , , , , SR22
1660412213, , 33.5007, -117.7961, 3475, 135, 132, SR22, , , , , SR22
1660412217, , 33.4988, -117.7938, 3475, 135, 132, SR22, , , , , SR22
1660412217, , 33.4988, -117.7938, 3475, 135, 132, SR22, , , , , SR22
1660412217, , 33.4988, -117.7938, 3475, 135, 132, SR22, , , , , SR22
1660412226, , 33.4957, -117.7902, 3475, 135, 132, SR22, , , , , SR22
1660412226, , 33.4957, -117.7902, 3475, 135, 132, SR22, , , , , SR22
1660412226, , 33.4957, -117.7902, 3475, 135, 132, SR22, , , , , SR22
1660412226, , 33.4957, -117.7902, 3475, 135, 132, SR22, , , , , SR22
1660412234, , 33.4913, -117.785, 3475, 135, 134, SR22, , , , , SR22
1660412234, , 33.4913, -117.785, 3475, 135, 134, SR22, , , , , SR22
1660412234, , 33.4913, -117.785, 3475, 135, 134, SR22, , , , , SR22
1660412242, , 33.4879, -117.7809, 3475, 135, 135, SR22, , , , , SR22
1660412242, , 33.4879, -117.7809, 3475, 135, 135, SR22, , , , , SR22
1660412242, , 33.4879, -117.7809, 3475, 135, 135, SR22, , , , , SR22
1660412242, , 33.4879, -117.7809, 3475, 135, 135, SR22, , , , , SR22
1660412250, , 33.4843, -117.7766, 3475, 135, 136, SR22, , , , , SR22
1660412250, , 33.4843, -117.7766, 3475, 135, 136, SR22, , , , , SR22
1660412250, , 33.4843, -117.7766, 3475, 135, 136, SR22, , , , , SR22
1660412254, , 33.4825, -117.7744, 3475, 135, 137, SR22, , , , , SR22
1660412254, , 33.4825, -117.7744, 3475, 135, 137, SR22, , , , , SR22
1660412261, , 33.4792, -117.7706, 3475, 135, 137, SR22, , , , , SR22
1660412261, , 33.4792, -117.7706, 3475, 135, 137, SR22, , , , , SR22
1660412264, , 33.4779, -117.769, 3475, 135, 137, SR22, , , , , SR22
1660412264, , 33.4779, -117.769, 3475, 135, 137, SR22, , , , , SR22
1660412268, , 33.4776, -117.7687, 3475, 135, 138, SR22, , , , , SR22
1660412272, , 33.4749, -117.7654, 3475, 135, 137, SR22, , , , , SR22
1660412272, , 33.4749, -117.7654, 3475, 135, 137, SR22, , , , , SR22
1660412278, , 33.4715, -117.7615, 3475, 135, 137, SR22, , , , , SR22
1660412278, , 33.4715, -117.7615, 3475, 135, 137, SR22, , , , , SR22
1660412280, , 33.4704, -117.7601, 3475, 135, 137, SR22, , , , , SR22
1660412280, , 33.4704, -117.7601, 3475, 135, 137, SR22, , , , , SR22
1660412284, , 33.4688, -117.7582, 3475, 135, 137, SR22, , , , , SR22
1660412288, , 33.467, -117.7561, 3475, 135, 137, SR22, , , , , SR22
1660412288, , 33.467, -117.7561, 3475, 135, 137, SR22, , , , , SR22
1660412292, , 33.4652, -117.7539, 3475, 135, 137, SR22, , , , , SR22
1660412292, , 33.4652, -117.7539, 3475, 135, 137, SR22, , , , , SR22
1660412296, , 33.465, -117.7537, 3475, 135, 137, SR22, , , , , SR22
1660412296, , 33.465, -117.7537, 3475, 135, 137, SR22, , , , , SR22
1660412300, , 33.4618, -117.75, 3475, 135, 136, SR22, , , , , SR22
1660412306, , 33.4591, -117.7467, 3475, 135, 135, SR22, , , , , SR22
1660412306, , 33.4591, -117.7467, 3475, 135, 135, SR22, , , , , SR22
1660412306, , 33.4591, -117.7467, 3475, 135, 135, SR22, , , , , SR22
1660412306, , 33.4591, -117.7467, 3475, 135, 135, SR22, , , , , SR22
1660412311, , 33.4567, -117.7439, 3475, 135, 135, SR22, , , , , SR22
1660412311, , 33.4567, -117.7439, 3475, 135, 135, SR22, , , , , SR22
1660412317, , 33.4541, -117.7408, 3475, 134, 135, SR22, , , , , SR22
1660412320, , 33.4528, -117.7392, 3475, 134, 135, SR22, , , , , SR22
1660412320, , 33.4528, -117.7392, 3475, 134, 135, SR22, , , , , SR22
1660412325, , 33.451, -117.737, 3475, 134, 135, SR22, , , , , SR22
1660412325, , 33.451, -117.737, 3475, 134, 135, SR22, , , , , SR22
1660412330, , 33.4485, -117.734, 3475, 135, 134, SR22, , , , , SR22
1660412331, , 33.4478, -117.7332, 3475, 134, 135, SR22, , , , , SR22
1660412331, , 33.4478, -117.7332, 3475, 134, 135, SR22, , , , , SR22
1660412335, , 33.446, -117.7311, 3475, 135, 134, SR22, , , , , SR22
1660412335, , 33.446, -117.7311, 3475, 135, 134, SR22, , , , , SR22
1660412339, , 33.4444, -117.729, 3475, 135, 134, SR22, , , , , SR22
1660412339, , 33.4444, -117.729, 3475, 135, 134, SR22, , , , , SR22
1660412344, , 33.443, -117.7275, 3475, 135, 134, SR22, , , , , SR22
1660412349, , 33.4406, -117.7247, 3475, 135, 134, SR22, , , , , SR22
1660412349, , 33.4406, -117.7247, 3475, 135, 134, SR22, , , , , SR22
1660412353, , 33.4384, -117.7219, 3475, 135, 134, SR22, , , , , SR22
1660412353, , 33.4384, -117.7219, 3475, 135, 134, SR22, , , , , SR22
1660412357, , 33.4366, -117.7198, 3475, 135, 134, SR22, , , , , SR22
1660412357, , 33.4366, -117.7198, 3475, 135, 134, SR22, , , , , SR22
1660412361, , 33.4351, -117.718, 3475, 135, 134, SR22, , , , , SR22
1660412365, , 33.4328, -117.7153, 3475, 135, 134, SR22, , , , , SR22
1660412365, , 33.4328, -117.7153, 3475, 135, 134, SR22, , , , , SR22
1660412369, , 33.4315, -117.7137, 3475, 135, 134, SR22, , , , , SR22
1660412369, , 33.4315, -117.7137, 3475, 135, 134, SR22, , , , , SR22
1660412374, , 33.429, -117.7107, 3475, 135, 133, SR22, , , , , SR22
1660412374, , 33.429, -117.7107, 3475, 135, 133, SR22, , , , , SR22
1660412378, , 33.4274, -117.7089, 3475, 135, 133, SR22, , , , , SR22
1660412382, , 33.4255, -117.7066, 3475, 135, 133, SR22, , , , , SR22
1660412382, , 33.4255, -117.7066, 3475, 135, 133, SR22, , , , , SR22
1660412386, , 33.4242, -117.705, 3475, 135, 133, SR22, , , , , SR22
1660412386, , 33.4242, -117.705, 3475, 135, 133, SR22, , , , , SR22
1660412386, , 33.4242, -117.705, 3475, 135, 133, SR22, , , , , SR22
1660412386, , 33.4242, -117.705, 3475, 135, 133, SR22, , , , , SR22
1660412391, , 33.4213, -117.7016, 3475, 135, 134, SR22, , , , , SR22
1660412395, , 33.4197, -117.6997, 3475, 135, 134, SR22, , , , , SR22
1660412395, , 33.4197, -117.6997, 3475, 135, 134, SR22, , , , , SR22
1660412401, , 33.4171, -117.6966, 3475, 135, 133, SR22, , , , , SR22
1660412401, , 33.4171, -117.6966, 3475, 135, 133, SR22, , , , , SR22
1660412404, , 33.4157, -117.6951, 3475, 135, 133, SR22, , , , , SR22
1660412404, , 33.4157, -117.6951, 3475, 135, 133, SR22, , , , , SR22
1660412410, , 33.4131, -117.6919, 3475, 135, 133, SR22, , , , , SR22
1660412412, , 33.412, -117.6906, 3475, 135, 133, SR22, , , , , SR22
1660412412, , 33.412, -117.6906, 3475, 135, 133, SR22, , , , , SR22
1660412416, , 33.4105, -117.6888, 3475, 135, 132, SR22, , , , , SR22
1660412416, , 33.4105, -117.6888, 3475, 135, 132, SR22, , , , , SR22
1660412422, , 33.409, -117.687, 3475, 135, 132, SR22, , , , , SR22
1660412422, , 33.409, -117.687, 3475, 135, 132, SR22, , , , , SR22
1660412425, , 33.4066, -117.6841, 3475, 135, 132, SR22, , , , , SR22
1660412427, , 33.4056, -117.683, 3475, 134, 133, SR22, , , , , SR22
1660412427, , 33.4056, -117.683, 3475, 134, 133, SR22, , , , , SR22
1660412430, , 33.4049, -117.6821, 3475, 134, 133, SR22, , , , , SR22
1660412430, , 33.4049, -117.6821, 3475, 134, 133, SR22, , , , , SR22
1660412434, , 33.403, -117.6799, 3475, 135, 132, SR22, , , , , SR22
1660412439, , 33.4006, -117.677, 3475, 135, 132, SR22, , , , , SR22
1660412439, , 33.4006, -117.677, 3475, 135, 132, SR22, , , , , SR22
1660412443, , 33.3989, -117.6749, 3475, 135, 133, SR22, , , , , SR22
1660412447, , 33.3968, -117.6725, 3475, 135, 132, SR22, , , , , SR22
1660412447, , 33.3968, -117.6725, 3475, 135, 132, SR22, , , , , SR22
1660412451, , 33.3951, -117.6705, 3475, 135, 133, SR22, , , , , SR22
1660412451, , 33.3951, -117.6705, 3475, 135, 133, SR22, , , , , SR22
1660412455, , 33.3933, -117.6683, 3475, 135, 133, SR22, , , , , SR22
1660412455, , 33.3933, -117.6683, 3475, 135, 133, SR22, , , , , SR22
1660412461, , 33.391, -117.6656, 3475, 135, 133, SR22, , , , , SR22
1660412466, , 33.3888, -117.663, 3475, 135, 133, SR22, , , , , SR22
1660412466, , 33.3888, -117.663, 3475, 135, 133, SR22, , , , , SR22
1660412470, , 33.3869, -117.6608, 3475, 135, 133, SR22, , , , , SR22
1660412470, , 33.3869, -117.6608, 3475, 135, 133, SR22, , , , , SR22
1660412474, , 33.3859, -117.6596, 3475, 135, 133, SR22, , , , , SR22
1660412474, , 33.3859, -117.6596, 3475, 135, 133, SR22, , , , , SR22
1660412478, , 33.3834, -117.6565, 3475, 135, 133, SR22, , , , , SR22
1660412482, , 33.3818, -117.6547, 3475, 135, 133, SR22, , , , , SR22
1660412482, , 33.3818, -117.6547, 3475, 135, 133, SR22, , , , , SR22
1660412486, , 33.38, -117.6526, 3475, 135, 133, SR22, , , , , SR22
1660412486, , 33.38, -117.6526, 3475, 135, 133, SR22, , , , , SR22
1660412490, , 33.3781, -117.6504, 3475, 135, 133, SR22, , , , , SR22
1660412490, , 33.3781, -117.6504, 3475, 135, 133, SR22, , , , , SR22
1660412493, , 33.3775, -117.6497, 3475, 135, 133, SR22, , , , , SR22
1660412496, , 33.376, -117.6478, 3475, 135, 133, SR22, , , , , SR22
1660412496, , 33.376, -117.6478, 3475, 135, 133, SR22, , , , , SR22
1660412502, , 33.3729, -117.6441, 3475, 135, 133, SR22, , , , , SR22
1660412502, , 33.3729, -117.6441, 3475, 135, 133, SR22, , , , , SR22
1660412505, , 33.3715, -117.6424, 3475, 135, 133, SR22, , , , , SR22
1660412510, , 33.3692, -117.6398, 3475, 135, 133, SR22, , , , , SR22
1660412510, , 33.3692, -117.6398, 3475, 135, 133, SR22, , , , , SR22
1660412512, , 33.3683, -117.6387, 3475, 135, 133, SR22, , , , , SR22
1660412512, , 33.3683, -117.6387, 3475, 135, 133, SR22, , , , , SR22
1660412515, , 33.367, -117.6372, 3475, 135, 133, SR22, , , , , SR22
1660412521, , 33.3642, -117.6338, 3475, 135, 134, SR22, , , , , SR22
1660412521, , 33.3642, -117.6338, 3475, 135, 134, SR22, , , , , SR22
1660412526, , 33.3626, -117.632, 3475, 135, 133, SR22, , , , , SR22
1660412526, , 33.3626, -117.632, 3475, 135, 133, SR22, , , , , SR22
1660412529, , 33.3609, -117.6299, 3475, 135, 133, SR22, , , , , SR22
1660412529, , 33.3609, -117.6299, 3475, 135, 133, SR22, , , , , SR22
1660412531, , 33.3602, -117.629, 3475, 135, 133, SR22, , , , , SR22
1660412538, , 33.3571, -117.6253, 3475, 135, 132, SR22, , , , , SR22
1660412538, , 33.3571, -117.6253, 3475, 135, 132, SR22, , , , , SR22
1660412540, , 33.3562, -117.6244, 3475, 135, 132, SR22, , , , , SR22
1660412540, , 33.3562, -117.6244, 3475, 135, 132, SR22, , , , , SR22
1660412545, , 33.354, -117.6218, 3475, 135, 132, SR22, , , , , SR22
1660412545, , 33.354, -117.6218, 3475, 135, 132, SR22, , , , , SR22
1660412549, , 33.3526, -117.6201, 3475, 134, 132, SR22, , , , , SR22
1660412552, , 33.3509, -117.6179, 3475, 134, 132, SR22, , , , , SR22
1660412552, , 33.3509, -117.6179, 3475, 134, 132, SR22, , , , , SR22
1660412557, , 33.3488, -117.6154, 3475, 133, 132, SR22, , , , , SR22
1660412557, , 33.3488, -117.6154, 3475, 133, 132, SR22, , , , , SR22
1660412560, , 33.348, -117.6144, 3475, 133, 132, SR22, , , , , SR22
1660412560, , 33.348, -117.6144, 3475, 133, 132, SR22, , , , , SR22
1660412565, , 33.3453, -117.6111, 3475, 133, 133, SR22, , , , , SR22
1660412570, , 33.3441, -117.6094, 3475, 133, 133, SR22, , , , , SR22
1660412570, , 33.3441, -117.6094, 3475, 133, 133, SR22, , , , , SR22
1660412570, , 33.3441, -117.6094, 3475, 133, 133, SR22, , , , , SR22
1660412570, , 33.3441, -117.6094, 3475, 133, 133, SR22, , , , , SR22
1660412574, , 33.3414, -117.6061, 3475, 133, 133, SR22, , , , , SR22
1660412574, , 33.3414, -117.6061, 3475, 133, 133, SR22, , , , , SR22
1660412582, , 33.3383, -117.602, 3475, 133, 133, SR22, , , , , SR22
1660412582, , 33.3383, -117.602, 3475, 133, 133, SR22, , , , , SR22
1660412582, , 33.3383, -117.602, 3475, 133, 133, SR22, , , , , SR22
1660412587, , 33.3363, -117.5996, 3475, 133, 133, SR22, , , , , SR22
1660412587, , 33.3363, -117.5996, 3475, 133, 133, SR22, , , , , SR22
1660412591, , 33.3346, -117.5973, 3475, 133, 133, SR22, , , , , SR22
1660412591, , 33.3346, -117.5973, 3475, 133, 133, SR22, , , , , SR22
1660412596, , 33.3325, -117.5947, 3475, 132, 132, SR22, , , , , SR22
1660412600, , 33.3315, -117.5935, 3475, 133, 131, SR22, , , , , SR22
1660412600, , 33.3315, -117.5935, 3475, 133, 131, SR22, , , , , SR22
1660412605, , 33.3294, -117.5907, 3475, 133, 131, SR22, , , , , SR22
1660412605, , 33.3294, -117.5907, 3475, 133, 131, SR22, , , , , SR22
1660412607, , 33.3279, -117.5889, 3475, 133, 131, SR22, , , , , SR22
1660412607, , 33.3279, -117.5889, 3475, 133, 131, SR22, , , , , SR22
1660412612, , 33.3256, -117.586, 3475, 133, 132, SR22, , , , , SR22
1660412616, , 33.3237, -117.5838, 3475, 136, 131, SR22, , , , , SR22
1660412616, , 33.3237, -117.5838, 3475, 136, 131, SR22, , , , , SR22
1660412620, , 33.3232, -117.5832, 3475, 140, 131, SR22, , , , , SR22
1660412620, , 33.3232, -117.5832, 3475, 140, 131, SR22, , , , , SR22
1660412624, , 33.3201, -117.5806, 3475, 148, 131, SR22, , , , , SR22
1660412624, , 33.3201, -117.5806, 3475, 148, 131, SR22, , , , , SR22
1660412630, , 33.3179, -117.5791, 3475, 148, 131, SR22, , , , , SR22
1660412633, , 33.3153, -117.5774, 3475, 148, 131, SR22, , , , , SR22
1660412633, , 33.3153, -117.5774, 3475, 148, 131, SR22, , , , , SR22
1660412638, , 33.3127, -117.5758, 3475, 151, 130, SR22, , , , , SR22
1660412638, , 33.3127, -117.5758, 3475, 151, 130, SR22, , , , , SR22
1660412640, , 33.3112, -117.5748, 3475, 151, 130, SR22, , , , , SR22
1660412640, , 33.3112, -117.5748, 3475, 151, 130, SR22, , , , , SR22
1660412644, , 33.3095, -117.5737, 3475, 151, 129, SR22, , , , , SR22
1660412650, , 33.3064, -117.5717, 3475, 151, 129, SR22, , , , , SR22
1660412650, , 33.3064, -117.5717, 3475, 151, 129, SR22, , , , , SR22
1660412653, , 33.3047, -117.5706, 3475, 151, 129, SR22, , , , , SR22
1660412653, , 33.3047, -117.5706, 3475, 151, 129, SR22, , , , , SR22
1660412656, , 33.3031, -117.5696, 3475, 151, 129, SR22, , , , , SR22
1660412656, , 33.3031, -117.5696, 3475, 151, 129, SR22, , , , , SR22
1660412661, , 33.3, -117.5676, 3475, 151, 129, SR22, , , , , SR22
1660412665, , 33.2986, -117.5666, 3475, 151, 129, SR22, , , , , SR22
1660412665, , 33.2986, -117.5666, 3475, 151, 129, SR22, , , , , SR22
1660412668, , 33.2967, -117.5654, 3475, 151, 130, SR22, , , , , SR22
1660412668, , 33.2967, -117.5654, 3475, 151, 130, SR22, , , , , SR22
1660412674, , 33.2943, -117.5637, 3475, 151, 130, SR22, , , , , SR22
1660412674, , 33.2943, -117.5637, 3475, 151, 130, SR22, , , , , SR22
1660412677, , 33.292, -117.5623, 3475, 151, 130, SR22, , , , , SR22
1660412680, , 33.2904, -117.5613, 3475, 151, 130, SR22, , , , , SR22
1660412680, , 33.2904, -117.5613, 3475, 151, 130, SR22, , , , , SR22
1660412686, , 33.2873, -117.5592, 3475, 151, 130, SR22, , , , , SR22
1660412686, , 33.2873, -117.5592, 3475, 151, 130, SR22, , , , , SR22
1660412688, , 33.2858, -117.5582, 3475, 151, 130, SR22, , , , , SR22
1660412688, , 33.2858, -117.5582, 3475, 151, 130, SR22, , , , , SR22
1660412692, , 33.2841, -117.5571, 3475, 151, 130, SR22, , , , , SR22
1660412698, , 33.2809, -117.5549, 3475, 151, 130, SR22, , , , , SR22
1660412698, , 33.2809, -117.5549, 3475, 151, 130, SR22, , , , , SR22
1660412701, , 33.2793, -117.5539, 3475, 151, 130, SR22, , , , , SR22
1660412701, , 33.2793, -117.5539, 3475, 151, 130, SR22, , , , , SR22
1660412704, , 33.2777, -117.5528, 3475, 151, 130, SR22, , , , , SR22
1660412710, , 33.2744, -117.5507, 3475, 150, 130, SR22, , , , , SR22
1660412710, , 33.2744, -117.5507, 3475, 150, 130, SR22, , , , , SR22
1660412713, , 33.2729, -117.5497, 3475, 150, 130, SR22, , , , , SR22
1660412713, , 33.2729, -117.5497, 3475, 150, 130, SR22, , , , , SR22
1660412716, , 33.2713, -117.5485, 3475, 150, 130, SR22, , , , , SR22
1660412716, , 33.2713, -117.5485, 3475, 150, 130, SR22, , , , , SR22
1660412722, , 33.2683, -117.5466, 3475, 151, 130, SR22, , , , , SR22
1660412725, , 33.2666, -117.5455, 3475, 151, 130, SR22, , , , , SR22
1660412725, , 33.2666, -117.5455, 3475, 151, 130, SR22, , , , , SR22
1660412728, , 33.265, -117.5444, 3475, 151, 130, SR22, , , , , SR22
1660412728, , 33.265, -117.5444, 3475, 151, 130, SR22, , , , , SR22
1660412734, , 33.262, -117.5424, 3475, 151, 130, SR22, , , , , SR22
1660412734, , 33.262, -117.5424, 3475, 151, 130, SR22, , , , , SR22
1660412737, , 33.2604, -117.5414, 3475, 150, 129, SR22, , , , , SR22
1660412739, , 33.2591, -117.5405, 3475, 150, 129, SR22, , , , , SR22
1660412739, , 33.2591, -117.5405, 3475, 150, 129, SR22, , , , , SR22
1660412746, , 33.2556, -117.5382, 3475, 150, 129, SR22, , , , , SR22
1660412746, , 33.2556, -117.5382, 3475, 150, 129, SR22, , , , , SR22
1660412749, , 33.2539, -117.537, 3475, 150, 129, SR22, , , , , SR22
1660412749, , 33.2539, -117.537, 3475, 150, 129, SR22, , , , , SR22
1660412752, , 33.2525, -117.5361, 3475, 150, 130, SR22, , , , , SR22
1660412758, , 33.2493, -117.534, 3475, 150, 129, SR22, , , , , SR22
1660412758, , 33.2493, -117.534, 3475, 150, 129, SR22, , , , , SR22
1660412761, , 33.2478, -117.5329, 3475, 150, 129, SR22, , , , , SR22
1660412761, , 33.2478, -117.5329, 3475, 150, 129, SR22, , , , , SR22
1660412764, , 33.2467, -117.5322, 3475, 150, 129, SR22, , , , , SR22
1660412764, , 33.2467, -117.5322, 3475, 150, 129, SR22, , , , , SR22
1660412770, , 33.2428, -117.5296, 3475, 150, 129, SR22, , , , , SR22
1660412773, , 33.2412, -117.5286, 3475, 150, 129, SR22, , , , , SR22
1660412773, , 33.2412, -117.5286, 3475, 150, 129, SR22, , , , , SR22
1660412775, , 33.2399, -117.5277, 3475, 150, 129, SR22, , , , , SR22
1660412775, , 33.2399, -117.5277, 3475, 150, 129, SR22, , , , , SR22
1660412782, , 33.2366, -117.5255, 3475, 150, 130, SR22, , , , , SR22
1660412782, , 33.2366, -117.5255, 3475, 150, 130, SR22, , , , , SR22
1660412784, , 33.2353, -117.5246, 3475, 150, 130, SR22, , , , , SR22
1660412788, , 33.2335, -117.5234, 3475, 150, 130, SR22, , , , , SR22
1660412788, , 33.2335, -117.5234, 3475, 150, 130, SR22, , , , , SR22
1660412794, , 33.2303, -117.5213, 3475, 151, 130, SR22, , , , , SR22
1660412794, , 33.2303, -117.5213, 3475, 151, 130, SR22, , , , , SR22
1660412797, , 33.2287, -117.5202, 3475, 151, 130, SR22, , , , , SR22
1660412797, , 33.2287, -117.5202, 3475, 151, 130, SR22, , , , , SR22
1660412800, , 33.227, -117.5191, 3475, 151, 130, SR22, , , , , SR22
1660412806, , 33.2238, -117.517, 3475, 150, 129, SR22, , , , , SR22
1660412806, , 33.2238, -117.517, 3475, 150, 129, SR22, , , , , SR22
1660412809, , 33.2222, -117.5159, 3475, 150, 129, SR22, , , , , SR22
1660412809, , 33.2222, -117.5159, 3475, 150, 129, SR22, , , , , SR22
1660412812, , 33.2208, -117.515, 3475, 150, 129, SR22, , , , , SR22
1660412812, , 33.2208, -117.515, 3475, 150, 129, SR22, , , , , SR22
1660412818, , 33.2176, -117.5129, 3475, 150, 129, SR22, , , , , SR22
1660412820, , 33.2166, -117.5122, 3475, 150, 129, SR22, , , , , SR22
1660412820, , 33.2166, -117.5122, 3475, 150, 129, SR22, , , , , SR22
1660412824, , 33.2145, -117.5108, 3475, 150, 129, SR22, , , , , SR22
1660412824, , 33.2145, -117.5108, 3475, 150, 129, SR22, , , , , SR22
1660412830, , 33.2114, -117.5088, 3475, 150, 129, SR22, , , , , SR22
1660412830, , 33.2114, -117.5088, 3475, 150, 129, SR22, , , , , SR22
1660412833, , 33.2101, -117.5079, 3475, 150, 129, SR22, , , , , SR22
1660412836, , 33.2081, -117.5065, 3475, 150, 129, SR22, , , , , SR22
1660412836, , 33.2081, -117.5065, 3475, 150, 129, SR22, , , , , SR22
1660412842, , 33.205, -117.5045, 3475, 150, 129, SR22, , , , , SR22
1660412842, , 33.205, -117.5045, 3475, 150, 129, SR22, , , , , SR22
1660412845, , 33.2036, -117.5035, 3475, 150, 129, SR22, , , , , SR22
1660412845, , 33.2036, -117.5035, 3475, 150, 129, SR22, , , , , SR22
1660412848, , 33.2018, -117.5023, 3475, 150, 129, SR22, , , , , SR22
1660412854, , 33.1991, -117.5005, 3475, 150, 129, SR22, , , , , SR22
1660412854, , 33.1991, -117.5005, 3475, 150, 129, SR22, , , , , SR22
1660412857, , 33.1972, -117.4993, 3475, 150, 129, SR22, , , , , SR22
1660412857, , 33.1972, -117.4993, 3475, 150, 129, SR22, , , , , SR22
1660412860, , 33.1956, -117.4982, 3475, 150, 129, SR22, , , , , SR22
1660412860, , 33.1956, -117.4982, 3475, 150, 129, SR22, , , , , SR22
1660412866, , 33.1925, -117.4962, 3475, 151, 128, SR22, , , , , SR22
1660412869, , 33.1912, -117.4953, 3500, 151, 127, SR22, , , , , SR22
1660412869, , 33.1912, -117.4953, 3500, 151, 127, SR22, , , , , SR22
1660412872, , 33.1892, -117.4941, 3500, 152, 127, SR22, , , , , SR22
1660412872, , 33.1892, -117.4941, 3500, 152, 127, SR22, , , , , SR22
1660412878, , 33.1862, -117.4919, 3500, 144, 127, SR22, , , , , SR22
1660412881, , 33.1853, -117.4911, 3500, 139, 127, SR22, , , , , SR22
1660412881, , 33.1853, -117.4911, 3500, 139, 127, SR22, , , , , SR22
1660412884, , 33.1836, -117.4891, 3500, 134, 127, SR22, , , , , SR22
1660412884, , 33.1836, -117.4891, 3500, 134, 127, SR22, , , , , SR22
1660412890, , 33.1808, -117.4862, 3475, 140, 128, SR22, , , , , SR22
1660412890, , 33.1808, -117.4862, 3475, 140, 128, SR22, , , , , SR22
1660412892, , 33.1798, -117.4854, 3475, 145, 129, SR22, , , , , SR22
1660412896, , 33.1778, -117.4839, 3475, 149, 129, SR22, , , , , SR22
1660412896, , 33.1778, -117.4839, 3475, 149, 129, SR22, , , , , SR22
1660412902, , 33.1746, -117.4819, 3475, 153, 129, SR22, , , , , SR22
1660412902, , 33.1746, -117.4819, 3475, 153, 129, SR22, , , , , SR22
1660412905, , 33.1741, -117.4816, 3475, 154, 130, SR22, , , , , SR22
1660412905, , 33.1741, -117.4816, 3475, 154, 130, SR22, , , , , SR22
1660412908, , 33.1714, -117.48, 3475, 155, 130, SR22, , , , , SR22
1660412914, , 33.1681, -117.4783, 3475, 155, 130, SR22, , , , , SR22
1660412914, , 33.1681, -117.4783, 3475, 155, 130, SR22, , , , , SR22
1660412917, , 33.1665, -117.4774, 3475, 155, 130, SR22, , , , , SR22
1660412917, , 33.1665, -117.4774, 3475, 155, 130, SR22, , , , , SR22
1660412920, , 33.1647, -117.4764, 3475, 155, 130, SR22, , , , , SR22
1660412920, , 33.1647, -117.4764, 3475, 155, 130, SR22, , , , , SR22
1660412926, , 33.1614, -117.4746, 3475, 154, 130, SR22, , , , , SR22
1660412929, , 33.1599, -117.4737, 3475, 154, 131, SR22, , , , , SR22
1660412929, , 33.1599, -117.4737, 3475, 154, 131, SR22, , , , , SR22
1660412932, , 33.1583, -117.4728, 3475, 153, 131, SR22, , , , , SR22
1660412932, , 33.1583, -117.4728, 3475, 153, 131, SR22, , , , , SR22
1660412937, , 33.1553, -117.471, 3475, 153, 131, SR22, , , , , SR22
1660412937, , 33.1553, -117.471, 3475, 153, 131, SR22, , , , , SR22
1660412941, , 33.1534, -117.4699, 3475, 152, 131, SR22, , , , , SR22
1660412944, , 33.1517, -117.4688, 3475, 152, 131, SR22, , , , , SR22
1660412944, , 33.1517, -117.4688, 3475, 152, 131, SR22, , , , , SR22
1660412947, , 33.15, -117.4678, 3475, 152, 131, SR22, , , , , SR22
1660412947, , 33.15, -117.4678, 3475, 152, 131, SR22, , , , , SR22
1660412953, , 33.1472, -117.466, 3475, 151, 131, SR22, , , , , SR22
1660412953, , 33.1472, -117.466, 3475, 151, 131, SR22, , , , , SR22
1660412956, , 33.1451, -117.4647, 3475, 151, 132, SR22, , , , , SR22
1660412959, , 33.1437, -117.4637, 3475, 151, 132, SR22, , , , , SR22
1660412959, , 33.1437, -117.4637, 3475, 151, 132, SR22, , , , , SR22
1660412965, , 33.1404, -117.4616, 3475, 151, 132, SR22, , , , , SR22
1660412965, , 33.1404, -117.4616, 3475, 151, 132, SR22, , , , , SR22
1660412968, , 33.1388, -117.4605, 3475, 151, 131, SR22, , , , , SR22
1660412971, , 33.1374, -117.4596, 3475, 151, 131, SR22, , , , , SR22
1660412971, , 33.1374, -117.4596, 3475, 151, 131, SR22, , , , , SR22
1660412977, , 33.1346, -117.4578, 3475, 151, 131, SR22, , , , , SR22
1660412977, , 33.1346, -117.4578, 3475, 151, 131, SR22, , , , , SR22
1660412982, , 33.1316, -117.4558, 3475, 150, 131, SR22, , , , , SR22
1660412982, , 33.1316, -117.4558, 3475, 150, 131, SR22, , , , , SR22
1660412984, , 33.1305, -117.4551, 3475, 150, 131, SR22, , , , , SR22
1660412989, , 33.1275, -117.4531, 3475, 150, 131, SR22, , , , , SR22
1660412989, , 33.1275, -117.4531, 3475, 150, 131, SR22, , , , , SR22
1660412994, , 33.1255, -117.4518, 3475, 150, 131, SR22, , , , , SR22
1660412994, , 33.1255, -117.4518, 3475, 150, 131, SR22, , , , , SR22
1660419327, , 33.1261, -117.38, 4475, 342, 148, SR22, , , , , SR22
1660419333, , 33.13, -117.3815, 4475, 342, 148, SR22, , , , , SR22
1660419333, , 33.13, -117.3815, 4475, 342, 148, SR22, , , , , SR22
1660419336, , 33.132, -117.3822, 4475, 342, 148, SR22, , , , , SR22
1660419336, , 33.132, -117.3822, 4475, 342, 148, SR22, , , , , SR22
1660419339, , 33.1338, -117.3829, 4475, 342, 148, SR22, , , , , SR22
1660419339, , 33.1338, -117.3829, 4475, 342, 148, SR22, , , , , SR22
1660419345, , 33.1378, -117.3844, 4475, 342, 148, SR22, , , , , SR22
1660419348, , 33.1398, -117.3852, 4475, 342, 148, SR22, , , , , SR22
1660419348, , 33.1398, -117.3852, 4475, 342, 148, SR22, , , , , SR22
1660419351, , 33.1418, -117.3859, 4475, 342, 148, SR22, , , , , SR22
1660419351, , 33.1418, -117.3859, 4475, 342, 148, SR22, , , , , SR22
1660419357, , 33.1458, -117.3874, 4475, 342, 148, SR22, , , , , SR22
1660419357, , 33.1458, -117.3874, 4475, 342, 148, SR22, , , , , SR22
1660419360, , 33.1478, -117.3882, 4475, 342, 148, SR22, , , , , SR22
1660419363, , 33.1497, -117.3889, 4475, 342, 148, SR22, , , , , SR22
1660419363, , 33.1497, -117.3889, 4475, 342, 148, SR22, , , , , SR22
1660419369, , 33.1537, -117.3904, 4475, 342, 148, SR22, , , , , SR22
1660419369, , 33.1537, -117.3904, 4475, 342, 148, SR22, , , , , SR22
1660419372, , 33.1546, -117.3908, 4475, 340, 148, SR22, , , , , SR22
1660419372, , 33.1546, -117.3908, 4475, 340, 148, SR22, , , , , SR22
1660419375, , 33.1576, -117.3921, 4475, 337, 148, SR22, , , , , SR22
1660419381, , 33.161, -117.3941, 4475, 331, 148, SR22, , , , , SR22
1660419381, , 33.161, -117.3941, 4475, 331, 148, SR22, , , , , SR22
1660419384, , 33.1627, -117.3952, 4475, 328, 149, SR22, , , , , SR22
1660419384, , 33.1627, -117.3952, 4475, 328, 149, SR22, , , , , SR22
1660419388, , 33.1648, -117.3969, 4475, 325, 148, SR22, , , , , SR22
1660419388, , 33.1648, -117.3969, 4475, 325, 148, SR22, , , , , SR22
1660419394, , 33.1682, -117.3999, 4475, 322, 148, SR22, , , , , SR22
1660419396, , 33.1696, -117.4012, 4475, 321, 148, SR22, , , , , SR22
1660419396, , 33.1696, -117.4012, 4475, 321, 148, SR22, , , , , SR22
1660419399, , 33.1709, -117.4024, 4475, 320, 148, SR22, , , , , SR22
1660419399, , 33.1709, -117.4024, 4475, 320, 148, SR22, , , , , SR22
1660419405, , 33.1744, -117.4059, 4475, 318, 148, SR22, , , , , SR22
1660419405, , 33.1744, -117.4059, 4475, 318, 148, SR22, , , , , SR22
1660419409, , 33.1761, -117.4078, 4475, 318, 147, SR22, , , , , SR22
1660419412, , 33.1777, -117.4094, 4475, 317, 148, SR22, , , , , SR22
1660419412, , 33.1777, -117.4094, 4475, 317, 148, SR22, , , , , SR22
1660419417, , 33.1802, -117.4122, 4475, 316, 147, SR22, , , , , SR22
1660419417, , 33.1802, -117.4122, 4475, 316, 147, SR22, , , , , SR22
1660419421, , 33.1822, -117.4145, 4475, 316, 147, SR22, , , , , SR22
1660419421, , 33.1822, -117.4145, 4475, 316, 147, SR22, , , , , SR22
1660419422, , 33.1829, -117.4153, 4475, 316, 147, SR22, , , , , SR22
1660419429, , 33.1865, -117.4193, 4475, 316, 148, SR22, , , , , SR22
1660419429, , 33.1865, -117.4193, 4475, 316, 148, SR22, , , , , SR22
1660419433, , 33.1881, -117.4211, 4475, 316, 147, SR22, , , , , SR22
1660419433, , 33.1881, -117.4211, 4475, 316, 147, SR22, , , , , SR22
1660419435, , 33.1896, -117.4228, 4475, 316, 147, SR22, , , , , SR22
1660419442, , 33.1924, -117.4259, 4475, 316, 147, SR22, , , , , SR22
1660419442, , 33.1924, -117.4259, 4475, 316, 147, SR22, , , , , SR22
1660419445, , 33.1939, -117.4277, 4475, 316, 147, SR22, , , , , SR22
1660419445, , 33.1939, -117.4277, 4475, 316, 147, SR22, , , , , SR22
1660419449, , 33.1963, -117.4303, 4475, 316, 147, SR22, , , , , SR22
1660419449, , 33.1963, -117.4303, 4475, 316, 147, SR22, , , , , SR22
1660419449, , 33.1963, -117.4303, 4475, 316, 147, SR22, , , , , SR22
1660419449, , 33.1963, -117.4303, 4475, 316, 147, SR22, , , , , SR22
1660419457, , 33.2001, -117.4347, 4475, 316, 147, SR22, , , , , SR22
1660419460, , 33.2016, -117.4364, 4475, 316, 147, SR22, , , , , SR22
1660419460, , 33.2016, -117.4364, 4475, 316, 147, SR22, , , , , SR22
1660419466, , 33.2046, -117.4398, 4475, 316, 147, SR22, , , , , SR22
1660419466, , 33.2046, -117.4398, 4475, 316, 147, SR22, , , , , SR22
1660419468, , 33.2051, -117.4404, 4475, 316, 147, SR22, , , , , SR22
1660419471, , 33.2073, -117.4429, 4475, 316, 147, SR22, , , , , SR22
1660419471, , 33.2073, -117.4429, 4475, 316, 147, SR22, , , , , SR22
1660419477, , 33.2095, -117.4453, 4475, 316, 147, SR22, , , , , SR22
1660419477, , 33.2095, -117.4453, 4475, 316, 147, SR22, , , , , SR22
1660419481, , 33.212, -117.4482, 4475, 316, 147, SR22, , , , , SR22
1660419481, , 33.212, -117.4482, 4475, 316, 147, SR22, , , , , SR22
1660419484, , 33.2135, -117.4498, 4475, 316, 147, SR22, , , , , SR22
1660419489, , 33.216, -117.4526, 4475, 316, 147, SR22, , , , , SR22
1660419489, , 33.216, -117.4526, 4475, 316, 147, SR22, , , , , SR22
1660419493, , 33.2176, -117.4544, 4475, 316, 147, SR22, , , , , SR22
1660419493, , 33.2176, -117.4544, 4475, 316, 147, SR22, , , , , SR22
1660419496, , 33.2195, -117.4566, 4475, 316, 148, SR22, , , , , SR22
1660419496, , 33.2195, -117.4566, 4475, 316, 148, SR22, , , , , SR22
1660419502, , 33.2225, -117.4599, 4475, 316, 148, SR22, , , , , SR22
1660419505, , 33.224, -117.4617, 4475, 316, 148, SR22, , , , , SR22
1660419505, , 33.224, -117.4617, 4475, 316, 148, SR22, , , , , SR22
1660419508, , 33.2254, -117.4632, 4475, 316, 148, SR22, , , , , SR22
1660419508, , 33.2254, -117.4632, 4475, 316, 148, SR22, , , , , SR22
1660419514, , 33.2285, -117.4668, 4475, 316, 148, SR22, , , , , SR22
1660419514, , 33.2285, -117.4668, 4475, 316, 148, SR22, , , , , SR22
1660419517, , 33.23, -117.4685, 4475, 316, 148, SR22, , , , , SR22
1660419520, , 33.2315, -117.4702, 4475, 316, 147, SR22, , , , , SR22
1660419520, , 33.2315, -117.4702, 4475, 316, 147, SR22, , , , , SR22
1660419526, , 33.2344, -117.4734, 4475, 316, 147, SR22, , , , , SR22
1660419526, , 33.2344, -117.4734, 4475, 316, 147, SR22, , , , , SR22
1660419529, , 33.2359, -117.4751, 4475, 316, 147, SR22, , , , , SR22
1660419529, , 33.2359, -117.4751, 4475, 316, 147, SR22, , , , , SR22
1660419532, , 33.2375, -117.4769, 4475, 316, 147, SR22, , , , , SR22
1660419538, , 33.2404, -117.4802, 4475, 316, 147, SR22, , , , , SR22
1660419538, , 33.2404, -117.4802, 4475, 316, 147, SR22, , , , , SR22
1660419541, , 33.2419, -117.4819, 4475, 316, 147, SR22, , , , , SR22
1660419541, , 33.2419, -117.4819, 4475, 316, 147, SR22, , , , , SR22
1660419544, , 33.2434, -117.4837, 4475, 316, 147, SR22, , , , , SR22
1660419544, , 33.2434, -117.4837, 4475, 316, 147, SR22, , , , , SR22
1660419550, , 33.2463, -117.4869, 4475, 316, 147, SR22, , , , , SR22
1660419553, , 33.2479, -117.4886, 4475, 316, 147, SR22, , , , , SR22
1660419553, , 33.2479, -117.4886, 4475, 316, 147, SR22, , , , , SR22
1660419556, , 33.2494, -117.4904, 4475, 316, 147, SR22, , , , , SR22
1660419556, , 33.2494, -117.4904, 4475, 316, 147, SR22, , , , , SR22
1660419562, , 33.2524, -117.4937, 4475, 316, 147, SR22, , , , , SR22
1660419562, , 33.2524, -117.4937, 4475, 316, 147, SR22, , , , , SR22
1660419565, , 33.2531, -117.4946, 4475, 316, 147, SR22, , , , , SR22
1660419568, , 33.2554, -117.4971, 4475, 316, 147, SR22, , , , , SR22
1660419568, , 33.2554, -117.4971, 4475, 316, 147, SR22, , , , , SR22
1660419574, , 33.2584, -117.5005, 4475, 316, 147, SR22, , , , , SR22
1660419574, , 33.2584, -117.5005, 4475, 316, 147, SR22, , , , , SR22
1660419577, , 33.2598, -117.5022, 4475, 316, 147, SR22, , , , , SR22
1660419577, , 33.2598, -117.5022, 4475, 316, 147, SR22, , , , , SR22
1660419580, , 33.2614, -117.5039, 4475, 316, 147, SR22, , , , , SR22
1660419586, , 33.2644, -117.5073, 4475, 316, 147, SR22, , , , , SR22
1660419586, , 33.2644, -117.5073, 4475, 316, 147, SR22, , , , , SR22
1660419589, , 33.2658, -117.5089, 4475, 316, 147, SR22, , , , , SR22
1660419589, , 33.2658, -117.5089, 4475, 316, 147, SR22, , , , , SR22
1660419592, , 33.2673, -117.5106, 4475, 316, 147, SR22, , , , , SR22
1660419592, , 33.2673, -117.5106, 4475, 316, 147, SR22, , , , , SR22
1660419598, , 33.2702, -117.5139, 4475, 316, 147, SR22, , , , , SR22
1660419601, , 33.2716, -117.5155, 4475, 316, 147, SR22, , , , , SR22
1660419601, , 33.2716, -117.5155, 4475, 316, 147, SR22, , , , , SR22
1660419604, , 33.2731, -117.5172, 4475, 316, 147, SR22, , , , , SR22
1660419604, , 33.2731, -117.5172, 4475, 316, 147, SR22, , , , , SR22
1660419607, , 33.2746, -117.5189, 4475, 316, 147, SR22, , , , , SR22
1660419607, , 33.2746, -117.5189, 4475, 316, 147, SR22, , , , , SR22
1660419613, , 33.2776, -117.5222, 4475, 316, 147, SR22, , , , , SR22
1660419616, , 33.2791, -117.5239, 4475, 316, 147, SR22, , , , , SR22
1660419616, , 33.2791, -117.5239, 4475, 316, 147, SR22, , , , , SR22
1660419622, , 33.2818, -117.527, 4475, 316, 147, SR22, , , , , SR22
1660419622, , 33.2818, -117.527, 4475, 316, 147, SR22, , , , , SR22
1660419625, , 33.2837, -117.529, 4475, 316, 147, SR22, , , , , SR22
1660419625, , 33.2837, -117.529, 4475, 316, 147, SR22, , , , , SR22
1660419628, , 33.2853, -117.5309, 4475, 316, 147, SR22, , , , , SR22
1660419631, , 33.2866, -117.5324, 4475, 316, 147, SR22, , , , , SR22
1660419631, , 33.2866, -117.5324, 4475, 316, 147, SR22, , , , , SR22
1660419637, , 33.2897, -117.5359, 4475, 316, 147, SR22, , , , , SR22
1660419637, , 33.2897, -117.5359, 4475, 316, 147, SR22, , , , , SR22
1660419640, , 33.291, -117.5374, 4475, 316, 147, SR22, , , , , SR22
1660419640, , 33.291, -117.5374, 4475, 316, 147, SR22, , , , , SR22
1660419643, , 33.2926, -117.5392, 4475, 316, 147, SR22, , , , , SR22
1660419649, , 33.2952, -117.5422, 4475, 316, 147, SR22, , , , , SR22
1660419649, , 33.2952, -117.5422, 4475, 316, 147, SR22, , , , , SR22
1660419652, , 33.297, -117.5442, 4475, 316, 147, SR22, , , , , SR22
1660419652, , 33.297, -117.5442, 4475, 316, 147, SR22, , , , , SR22
1660419658, , 33.3002, -117.5477, 4475, 316, 147, SR22, , , , , SR22
1660419661, , 33.3017, -117.5495, 4475, 316, 147, SR22, , , , , SR22
1660419664, , 33.303, -117.5509, 4475, 316, 147, SR22, , , , , SR22
1660419664, , 33.303, -117.5509, 4475, 316, 147, SR22, , , , , SR22
1660419670, , 33.306, -117.5543, 4475, 316, 147, SR22, , , , , SR22
1660419670, , 33.306, -117.5543, 4475, 316, 147, SR22, , , , , SR22
1660419673, , 33.3076, -117.5562, 4475, 316, 147, SR22, , , , , SR22
1660419673, , 33.3076, -117.5562, 4475, 316, 147, SR22, , , , , SR22
1660419676, , 33.3091, -117.5579, 4475, 316, 147, SR22, , , , , SR22
1660419682, , 33.312, -117.5611, 4475, 316, 147, SR22, , , , , SR22
1660419682, , 33.312, -117.5611, 4475, 316, 147, SR22, , , , , SR22
1660419685, , 33.3136, -117.5629, 4475, 316, 147, SR22, , , , , SR22
1660419685, , 33.3136, -117.5629, 4475, 316, 147, SR22, , , , , SR22
1660419688, , 33.3149, -117.5644, 4475, 316, 147, SR22, , , , , SR22
1660419688, , 33.3149, -117.5644, 4475, 316, 147, SR22, , , , , SR22
1660419691, , 33.3165, -117.5662, 4475, 316, 147, SR22, , , , , SR22
1660419697, , 33.3193, -117.5694, 4475, 316, 147, SR22, , , , , SR22
1660419697, , 33.3193, -117.5694, 4475, 316, 147, SR22, , , , , SR22
1660419700, , 33.321, -117.5713, 4475, 316, 147, SR22, , , , , SR22
1660419700, , 33.321, -117.5713, 4475, 316, 147, SR22, , , , , SR22
1660419703, , 33.3224, -117.5729, 4475, 316, 147, SR22, , , , , SR22
1660419703, , 33.3224, -117.5729, 4475, 316, 147, SR22, , , , , SR22
1660419709, , 33.3253, -117.5761, 4475, 316, 146, SR22, , , , , SR22
1660419712, , 33.3268, -117.5778, 4475, 316, 147, SR22, , , , , SR22
1660419712, , 33.3268, -117.5778, 4475, 316, 147, SR22, , , , , SR22
1660419715, , 33.3284, -117.5796, 4475, 316, 146, SR22, , , , , SR22
1660419715, , 33.3284, -117.5796, 4475, 316, 146, SR22, , , , , SR22
1660419721, , 33.3311, -117.5827, 4475, 316, 146, SR22, , , , , SR22
1660419721, , 33.3311, -117.5827, 4475, 316, 146, SR22, , , , , SR22
1660419724, , 33.3328, -117.5846, 4475, 316, 146, SR22, , , , , SR22
1660419730, , 33.3358, -117.588, 4475, 316, 146, SR22, , , , , SR22
1660419730, , 33.3358, -117.588, 4475, 316, 146, SR22, , , , , SR22
1660419733, , 33.3373, -117.5897, 4475, 316, 146, SR22, , , , , SR22
1660419733, , 33.3373, -117.5897, 4475, 316, 146, SR22, , , , , SR22
1660419736, , 33.3387, -117.5913, 4475, 316, 146, SR22, , , , , SR22
1660419736, , 33.3387, -117.5913, 4475, 316, 146, SR22, , , , , SR22
1660419739, , 33.3399, -117.5927, 4475, 316, 145, SR22, , , , , SR22
1660419744, , 33.3422, -117.5954, 4475, 316, 146, SR22, , , , , SR22
1660419744, , 33.3422, -117.5954, 4475, 316, 146, SR22, , , , , SR22
1660419749, , 33.3447, -117.5982, 4475, 316, 146, SR22, , , , , SR22
1660419749, , 33.3447, -117.5982, 4475, 316, 146, SR22, , , , , SR22
1660419754, , 33.3475, -117.6013, 4475, 316, 146, SR22, , , , , SR22
1660419757, , 33.349, -117.6031, 4475, 316, 146, SR22, , , , , SR22
1660419757, , 33.349, -117.6031, 4475, 316, 146, SR22, , , , , SR22
1660419760, , 33.3503, -117.6044, 4475, 316, 146, SR22, , , , , SR22
1660419760, , 33.3503, -117.6044, 4475, 316, 146, SR22, , , , , SR22
1660419764, , 33.3517, -117.6061, 4475, 316, 146, SR22, , , , , SR22
1660419764, , 33.3517, -117.6061, 4475, 316, 146, SR22, , , , , SR22
1660419770, , 33.355, -117.6098, 4475, 316, 145, SR22, , , , , SR22
1660419773, , 33.3565, -117.6114, 4475, 316, 146, SR22, , , , , SR22
1660419773, , 33.3565, -117.6114, 4475, 316, 146, SR22, , , , , SR22
1660419776, , 33.358, -117.6132, 4475, 316, 146, SR22, , , , , SR22
1660419776, , 33.358, -117.6132, 4475, 316, 146, SR22, , , , , SR22
1660419782, , 33.3609, -117.6165, 4475, 316, 146, SR22, , , , , SR22
1660419782, , 33.3609, -117.6165, 4475, 316, 146, SR22, , , , , SR22
1660419785, , 33.3624, -117.6181, 4475, 316, 146, SR22, , , , , SR22
1660419788, , 33.3638, -117.6198, 4475, 316, 146, SR22, , , , , SR22
1660419788, , 33.3638, -117.6198, 4475, 316, 146, SR22, , , , , SR22
1660419794, , 33.3668, -117.6232, 4475, 316, 145, SR22, , , , , SR22
1660419794, , 33.3668, -117.6232, 4475, 316, 145, SR22, , , , , SR22
1660419797, , 33.3682, -117.6248, 4475, 316, 145, SR22, , , , , SR22
1660419798, , 33.3692, -117.6258, 4475, 316, 145, SR22, , , , , SR22
1660419798, , 33.3692, -117.6258, 4475, 316, 145, SR22, , , , , SR22
1660419806, , 33.3726, -117.6298, 4475, 316, 145, SR22, , , , , SR22
1660419806, , 33.3726, -117.6298, 4475, 316, 145, SR22, , , , , SR22
1660419809, , 33.3746, -117.632, 4475, 315, 145, SR22, , , , , SR22
1660419809, , 33.3746, -117.632, 4475, 315, 145, SR22, , , , , SR22
1660419812, , 33.3748, -117.6324, 4475, 315, 145, SR22, , , , , SR22
1660419817, , 33.3783, -117.6364, 4475, 314, 145, SR22, , , , , SR22
1660419817, , 33.3783, -117.6364, 4475, 314, 145, SR22, , , , , SR22
1660419820, , 33.3797, -117.6382, 4475, 313, 145, SR22, , , , , SR22
1660419820, , 33.3797, -117.6382, 4475, 313, 145, SR22, , , , , SR22
1660419826, , 33.3824, -117.6415, 4475, 313, 145, SR22, , , , , SR22
1660419826, , 33.3824, -117.6415, 4475, 313, 145, SR22, , , , , SR22
1660419828, , 33.3834, -117.6429, 4475, 313, 145, SR22, , , , , SR22
1660419831, , 33.385, -117.6449, 4475, 313, 145, SR22, , , , , SR22
1660419831, , 33.385, -117.6449, 4475, 313, 145, SR22, , , , , SR22
1660419838, , 33.3878, -117.6484, 4475, 313, 145, SR22, , , , , SR22
1660419838, , 33.3878, -117.6484, 4475, 313, 145, SR22, , , , , SR22
1660419842, , 33.3896, -117.6506, 4475, 313, 145, SR22, , , , , SR22
1660419845, , 33.391, -117.6524, 4475, 313, 145, SR22, , , , , SR22
1660419845, , 33.391, -117.6524, 4475, 313, 145, SR22, , , , , SR22
1660419848, , 33.3924, -117.6542, 4475, 313, 145, SR22, , , , , SR22
1660419848, , 33.3924, -117.6542, 4475, 313, 145, SR22, , , , , SR22
1660419854, , 33.3952, -117.6578, 4475, 313, 145, SR22, , , , , SR22
1660419854, , 33.3952, -117.6578, 4475, 313, 145, SR22, , , , , SR22
1660419857, , 33.3966, -117.6594, 4475, 313, 145, SR22, , , , , SR22
1660419860, , 33.398, -117.6613, 4475, 313, 145, SR22, , , , , SR22
1660419860, , 33.398, -117.6613, 4475, 313, 145, SR22, , , , , SR22
1660419866, , 33.4009, -117.6648, 4475, 313, 146, SR22, , , , , SR22
1660419866, , 33.4009, -117.6648, 4475, 313, 146, SR22, , , , , SR22
1660419869, , 33.4022, -117.6665, 4475, 313, 146, SR22, , , , , SR22
1660419869, , 33.4022, -117.6665, 4475, 313, 146, SR22, , , , , SR22
1660419872, , 33.4032, -117.6678, 4475, 313, 146, SR22, , , , , SR22
1660419877, , 33.4063, -117.6716, 4475, 313, 145, SR22, , , , , SR22
1660419877, , 33.4063, -117.6716, 4475, 313, 145, SR22, , , , , SR22
1660419880, , 33.4077, -117.6735, 4475, 313, 146, SR22, , , , , SR22
1660419880, , 33.4077, -117.6735, 4475, 313, 146, SR22, , , , , SR22
1660419885, , 33.4096, -117.6757, 4475, 313, 146, SR22, , , , , SR22
1660419885, , 33.4096, -117.6757, 4475, 313, 146, SR22, , , , , SR22
1660419889, , 33.4114, -117.678, 4475, 313, 146, SR22, , , , , SR22
1660419893, , 33.4134, -117.6805, 4475, 313, 146, SR22, , , , , SR22
1660419893, , 33.4134, -117.6805, 4475, 313, 146, SR22, , , , , SR22
1660419896, , 33.4148, -117.6823, 4475, 313, 146, SR22, , , , , SR22
1660419896, , 33.4148, -117.6823, 4475, 313, 146, SR22, , , , , SR22
1660419902, , 33.4177, -117.6858, 4475, 313, 146, SR22, , , , , SR22
1660419905, , 33.4191, -117.6875, 4475, 313, 146, SR22, , , , , SR22
1660419905, , 33.4191, -117.6875, 4475, 313, 146, SR22, , , , , SR22
1660419910, , 33.4215, -117.6906, 4475, 313, 146, SR22, , , , , SR22
1660419910, , 33.4215, -117.6906, 4475, 313, 146, SR22, , , , , SR22
1660419910, , 33.4215, -117.6906, 4475, 313, 146, SR22, , , , , SR22
1660419910, , 33.4215, -117.6906, 4475, 313, 146, SR22, , , , , SR22
1660419918, , 33.4255, -117.6955, 4475, 313, 147, SR22, , , , , SR22
1660419922, , 33.4272, -117.6976, 4475, 313, 147, SR22, , , , , SR22
1660419922, , 33.4272, -117.6976, 4475, 313, 147, SR22, , , , , SR22
1660419926, , 33.4291, -117.7, 4475, 313, 147, SR22, , , , , SR22
1660419926, , 33.4291, -117.7, 4475, 313, 147, SR22, , , , , SR22
1660419929, , 33.4305, -117.7017, 4475, 313, 147, SR22, , , , , SR22
1660419929, , 33.4305, -117.7017, 4475, 313, 147, SR22, , , , , SR22
1660419932, , 33.4312, -117.7025, 4475, 313, 147, SR22, , , , , SR22
1660419932, , 33.4312, -117.7025, 4475, 313, 147, SR22, , , , , SR22
1660419936, , 33.4337, -117.7057, 4475, 313, 147, SR22, , , , , SR22
1660419940, , 33.4357, -117.7082, 4475, 313, 147, SR22, , , , , SR22
1660419940, , 33.4357, -117.7082, 4475, 313, 147, SR22, , , , , SR22
1660419944, , 33.4373, -117.7102, 4475, 313, 147, SR22, , , , , SR22
1660419944, , 33.4373, -117.7102, 4475, 313, 147, SR22, , , , , SR22
1660419949, , 33.4402, -117.7137, 4475, 313, 147, SR22, , , , , SR22
1660419949, , 33.4402, -117.7137, 4475, 313, 147, SR22, , , , , SR22
1660419953, , 33.4419, -117.7159, 4475, 313, 147, SR22, , , , , SR22
1660419956, , 33.4433, -117.7176, 4475, 313, 147, SR22, , , , , SR22
1660419956, , 33.4433, -117.7176, 4475, 313, 147, SR22, , , , , SR22
1660419961, , 33.4458, -117.7207, 4475, 313, 147, SR22, , , , , SR22
1660419961, , 33.4458, -117.7207, 4475, 313, 147, SR22, , , , , SR22
1660419965, , 33.4476, -117.7229, 4475, 313, 148, SR22, , , , , SR22
1660419965, , 33.4476, -117.7229, 4475, 313, 148, SR22, , , , , SR22
1660419969, , 33.4492, -117.725, 4475, 314, 147, SR22, , , , , SR22
1660419973, , 33.4506, -117.7266, 4475, 313, 147, SR22, , , , , SR22
1660419973, , 33.4506, -117.7266, 4475, 313, 147, SR22, , , , , SR22
1660419978, , 33.4529, -117.7294, 4475, 313, 147, SR22, , , , , SR22
1660419978, , 33.4529, -117.7294, 4475, 313, 147, SR22, , , , , SR22
1660419981, , 33.4551, -117.7322, 4475, 313, 147, SR22, , , , , SR22
1660419981, , 33.4551, -117.7322, 4475, 313, 147, SR22, , , , , SR22
1660419983, , 33.4556, -117.7329, 4475, 313, 147, SR22, , , , , SR22
1660419989, , 33.4576, -117.7353, 4475, 313, 148, SR22, , , , , SR22
1660419989, , 33.4576, -117.7353, 4475, 313, 148, SR22, , , , , SR22
1660419993, , 33.4607, -117.7392, 4475, 313, 148, SR22, , , , , SR22
1660419993, , 33.4607, -117.7392, 4475, 313, 148, SR22, , , , , SR22
1660419997, , 33.4629, -117.7419, 4475, 313, 148, SR22, , , , , SR22
1660420001, , 33.4646, -117.744, 4475, 313, 148, SR22, , , , , SR22
1660420001, , 33.4646, -117.744, 4475, 313, 148, SR22, , , , , SR22
1660420005, , 33.4657, -117.7453, 4475, 314, 147, SR22, , , , , SR22
1660420005, , 33.4657, -117.7453, 4475, 314, 147, SR22, , , , , SR22
1660420009, , 33.4688, -117.7492, 4475, 313, 147, SR22, , , , , SR22
1660420009, , 33.4688, -117.7492, 4475, 313, 147, SR22, , , , , SR22
1660420013, , 33.4702, -117.7509, 4475, 313, 147, SR22, , , , , SR22
1660420016, , 33.4718, -117.753, 4475, 313, 147, SR22, , , , , SR22
1660420016, , 33.4718, -117.753, 4475, 313, 147, SR22, , , , , SR22
1660420019, , 33.4733, -117.7548, 4475, 313, 147, SR22, , , , , SR22
1660420019, , 33.4733, -117.7548, 4475, 313, 147, SR22, , , , , SR22
1660420025, , 33.4761, -117.7583, 4475, 313, 147, SR22, , , , , SR22
1660420025, , 33.4761, -117.7583, 4475, 313, 147, SR22, , , , , SR22
1660420028, , 33.4776, -117.7602, 4475, 313, 147, SR22, , , , , SR22
1660420031, , 33.4784, -117.761, 4475, 313, 147, SR22, , , , , SR22
1660420031, , 33.4784, -117.761, 4475, 313, 147, SR22, , , , , SR22
1660420035, , 33.4808, -117.7641, 4475, 313, 147, SR22, , , , , SR22
1660420035, , 33.4808, -117.7641, 4475, 313, 147, SR22, , , , , SR22
1660420040, , 33.4835, -117.7674, 4475, 313, 147, SR22, , , , , SR22
1660420040, , 33.4835, -117.7674, 4475, 313, 147, SR22, , , , , SR22
1660420045, , 33.4855, -117.7699, 4475, 313, 147, SR22, , , , , SR22
1660420047, , 33.4865, -117.7711, 4475, 313, 147, SR22, , , , , SR22
1660420047, , 33.4865, -117.7711, 4475, 313, 147, SR22, , , , , SR22
1660420051, , 33.4885, -117.7737, 4475, 313, 147, SR22, , , , , SR22
1660420051, , 33.4885, -117.7737, 4475, 313, 147, SR22, , , , , SR22
1660420055, , 33.4902, -117.7757, 4475, 313, 147, SR22, , , , , SR22
1660420055, , 33.4902, -117.7757, 4475, 313, 147, SR22, , , , , SR22
1660420059, , 33.4921, -117.7781, 4475, 313, 147, SR22, , , , , SR22
1660420066, , 33.4955, -117.7823, 4475, 313, 147, SR22, , , , , SR22
1660420066, , 33.4955, -117.7823, 4475, 313, 147, SR22, , , , , SR22
1660420069, , 33.4969, -117.7841, 4475, 313, 147, SR22, , , , , SR22
1660420069, , 33.4969, -117.7841, 4475, 313, 147, SR22, , , , , SR22
1660420071, , 33.498, -117.7855, 4475, 313, 147, SR22, , , , , SR22
1660420078, , 33.5011, -117.7894, 4475, 313, 147, SR22, , , , , SR22
1660420078, , 33.5011, -117.7894, 4475, 313, 147, SR22, , , , , SR22
1660420079, , 33.5018, -117.7903, 4475, 313, 147, SR22, , , , , SR22
1660420079, , 33.5018, -117.7903, 4475, 313, 147, SR22, , , , , SR22
1660420083, , 33.5029, -117.7917, 4475, 313, 147, SR22, , , , , SR22
1660420083, , 33.5029, -117.7917, 4475, 313, 147, SR22, , , , , SR22
1660420087, , 33.5054, -117.7947, 4475, 313, 147, SR22, , , , , SR22
1660420091, , 33.5071, -117.7968, 4475, 313, 147, SR22, , , , , SR22
1660420091, , 33.5071, -117.7968, 4475, 313, 147, SR22, , , , , SR22
1660420095, , 33.5091, -117.7994, 4475, 313, 147, SR22, , , , , SR22
1660420095, , 33.5091, -117.7994, 4475, 313, 147, SR22, , , , , SR22
1660420099, , 33.5109, -117.8016, 4475, 313, 147, SR22, , , , , SR22
1660420099, , 33.5109, -117.8016, 4475, 313, 147, SR22, , , , , SR22
1660420103, , 33.5127, -117.8038, 4475, 313, 147, SR22, , , , , SR22
1660420107, , 33.5146, -117.8062, 4475, 313, 147, SR22, , , , , SR22
1660420107, , 33.5146, -117.8062, 4475, 313, 147, SR22, , , , , SR22
1660420111, , 33.5166, -117.8087, 4475, 313, 147, SR22, , , , , SR22
1660420111, , 33.5166, -117.8087, 4475, 313, 147, SR22, , , , , SR22
1660420115, , 33.5176, -117.8099, 4475, 313, 147, SR22, , , , , SR22
1660420115, , 33.5176, -117.8099, 4475, 313, 147, SR22, , , , , SR22
1660420119, , 33.5208, -117.8138, 4475, 313, 147, SR22, , , , , SR22
1660420123, , 33.5226, -117.8161, 4475, 313, 147, SR22, , , , , SR22
1660420123, , 33.5226, -117.8161, 4475, 313, 147, SR22, , , , , SR22
1660420127, , 33.5244, -117.8184, 4475, 313, 147, SR22, , , , , SR22
1660420127, , 33.5244, -117.8184, 4475, 313, 147, SR22, , , , , SR22
1660420131, , 33.5265, -117.821, 4475, 313, 147, SR22, , , , , SR22
1660420131, , 33.5265, -117.821, 4475, 313, 147, SR22, , , , , SR22
1660420135, , 33.5275, -117.8221, 4475, 313, 147, SR22, , , , , SR22
1660420139, , 33.5298, -117.8251, 4475, 313, 146, SR22, , , , , SR22
1660420139, , 33.5298, -117.8251, 4475, 313, 146, SR22, , , , , SR22
1660420143, , 33.5314, -117.827, 4475, 313, 145, SR22, , , , , SR22
1660420143, , 33.5314, -117.827, 4475, 313, 145, SR22, , , , , SR22
1660420147, , 33.5336, -117.8297, 4475, 313, 145, SR22, , , , , SR22
1660420147, , 33.5336, -117.8297, 4475, 313, 145, SR22, , , , , SR22
1660420151, , 33.5358, -117.8325, 4475, 313, 145, SR22, , , , , SR22
1660420155, , 33.5375, -117.8346, 4475, 313, 145, SR22, , , , , SR22
1660420155, , 33.5375, -117.8346, 4475, 313, 145, SR22, , , , , SR22
1660420160, , 33.5397, -117.8373, 4475, 313, 145, SR22, , , , , SR22
1660420160, , 33.5397, -117.8373, 4475, 313, 145, SR22, , , , , SR22
1660420165, , 33.5418, -117.8399, 4475, 313, 145, SR22, , , , , SR22
1660420165, , 33.5418, -117.8399, 4475, 313, 145, SR22, , , , , SR22
1660420169, , 33.5438, -117.8424, 4475, 313, 145, SR22, , , , , SR22
1660420169, , 33.5438, -117.8424, 4475, 313, 145, SR22, , , , , SR22
1660420173, , 33.546, -117.8452, 4475, 313, 145, SR22, , , , , SR22
1660420176, , 33.5475, -117.847, 4475, 313, 145, SR22, , , , , SR22
1660420176, , 33.5475, -117.847, 4475, 313, 145, SR22, , , , , SR22
1660420182, , 33.5496, -117.8497, 4475, 313, 145, SR22, , , , , SR22
1660420182, , 33.5496, -117.8497, 4475, 313, 145, SR22, , , , , SR22
1660420185, , 33.5517, -117.8522, 4475, 313, 145, SR22, , , , , SR22
1660420185, , 33.5517, -117.8522, 4475, 313, 145, SR22, , , , , SR22
1660420188, , 33.553, -117.854, 4475, 313, 145, SR22, , , , , SR22
1660420194, , 33.5555, -117.8571, 4475, 313, 145, SR22, , , , , SR22
1660420194, , 33.5555, -117.8571, 4475, 313, 145, SR22, , , , , SR22
1660420197, , 33.5569, -117.8587, 4475, 313, 145, SR22, , , , , SR22
1660420197, , 33.5569, -117.8587, 4475, 313, 145, SR22, , , , , SR22
1660420200, , 33.5587, -117.8611, 4475, 313, 145, SR22, , , , , SR22
1660420200, , 33.5587, -117.8611, 4475, 313, 145, SR22, , , , , SR22
1660420206, , 33.5613, -117.8643, 4475, 313, 146, SR22, , , , , SR22
1660420209, , 33.5628, -117.8661, 4475, 313, 146, SR22, , , , , SR22
1660420209, , 33.5628, -117.8661, 4475, 313, 146, SR22, , , , , SR22
1660420209, , 33.5628, -117.8661, 4475, 313, 146, SR22, , , , , SR22
1660420209, , 33.5628, -117.8661, 4475, 313, 146, SR22, , , , , SR22
1660420218, , 33.5666, -117.8709, 4475, 313, 146, SR22, , , , , SR22
1660420218, , 33.5666, -117.8709, 4475, 313, 146, SR22, , , , , SR22
