//Timestamp, ICAO, Latitude_deg, Longitude_deg, Altitude_ft, Heading_deg, GroundSpeed_kts, AircraftType, RegistrationNum, Departure, Arrival, FlightNumber1, FlightNumber2
1660421465, , 33.7533, -118.4241, 2575, 154, 107, T206, , , , , T206
1660421468, , 33.7516, -118.4231, 2575, 153, 108, T206, , , , , T206
1660421468, , 33.7516, -118.4231, 2575, 153, 108, T206, , , , , T206
1660421474, , 33.7493, -118.4217, 2575, 150, 108, T206, , , , , T206
1660421477, , 33.7478, -118.4205, 2600, 146, 107, T206, , , , , T206
1660421477, , 33.7478, -118.4205, 2600, 146, 107, T206, , , , , T206
1660421480, , 33.7466, -118.4194, 2600, 140, 105, T206, , , , , T206
1660421480, , 33.7466, -118.4194, 2600, 140, 105, T206, , , , , T206
1660421486, , 33.7445, -118.4168, 2600, 130, 105, T206, , , , , T206
1660421486, , 33.7445, -118.4168, 2600, 130, 105, T206, , , , , T206
1660421489, , 33.7437, -118.4155, 2600, 125, 106, T206, , , , , T206
1660421492, , 33.7431, -118.4144, 2600, 122, 105, T206, , , , , T206
1660421492, , 33.7431, -118.4144, 2600, 122, 105, T206, , , , , T206
1660421498, , 33.7413, -118.4109, 2550, 121, 109, T206, , , , , T206
1660421498, , 33.7413, -118.4109, 2550, 121, 109, T206, , , , , T206
1660421500, , 33.7406, -118.4095, 2525, 117, 111, T206, , , , , T206
1660421500, , 33.7406, -118.4095, 2525, 117, 111, T206, , , , , T206
1660421504, , 33.7401, -118.4077, 2500, 107, 114, T206, , , , , T206
1660421510, , 33.7393, -118.4036, 2475, 101, 115, T206, , , , , T206
1660421510, , 33.7393, -118.4036, 2475, 101, 115, T206, , , , , T206
1660421513, , 33.739, -118.402, 2475, 101, 115, T206, , , , , T206
1660421513, , 33.739, -118.402, 2475, 101, 115, T206, , , , , T206
1660421516, , 33.7387, -118.4002, 2450, 101, 115, T206, , , , , T206
1660421522, , 33.738, -118.3965, 2450, 103, 114, T206, , , , , T206
1660421522, , 33.738, -118.3965, 2450, 103, 114, T206, , , , , T206
1660421525, , 33.7377, -118.395, 2450, 102, 113, T206, , , , , T206
1660421525, , 33.7377, -118.395, 2450, 102, 113, T206, , , , , T206
1660421527, , 33.7374, -118.3928, 2450, 101, 113, T206, , , , , T206
1660421527, , 33.7374, -118.3928, 2450, 101, 113, T206, , , , , T206
1660421534, , 33.7366, -118.3887, 2450, 101, 111, T206, , , , , T206
1660421537, , 33.7363, -118.3868, 2450, 102, 110, T206, , , , , T206
1660421537, , 33.7363, -118.3868, 2450, 102, 110, T206, , , , , T206
1660421540, , 33.736, -118.3853, 2450, 104, 109, T206, , , , , T206
1660421540, , 33.736, -118.3853, 2450, 104, 109, T206, , , , , T206
1660421546, , 33.735, -118.3818, 2450, 110, 109, T206, , , , , T206
1660421546, , 33.735, -118.3818, 2450, 110, 109, T206, , , , , T206
1660421549, , 33.7344, -118.38, 2450, 113, 109, T206, , , , , T206
1660421552, , 33.7338, -118.3785, 2475, 111, 106, T206, , , , , T206
1660421552, , 33.7338, -118.3785, 2475, 111, 106, T206, , , , , T206
1660421558, , 33.733, -118.3749, 2525, 102, 99, T206, , , , , T206
1660421558, , 33.733, -118.3749, 2525, 102, 99, T206, , , , , T206
1660421561, , 33.7328, -118.3734, 2550, 99, 97, T206, , , , , T206
1660421561, , 33.7328, -118.3734, 2550, 99, 97, T206, , , , , T206
1660421564, , 33.7326, -118.3719, 2575, 98, 98, T206, , , , , T206
1660421567, , 33.7325, -118.3704, 2550, 95, 100, T206, , , , , T206
1660421567, , 33.7325, -118.3704, 2550, 95, 100, T206, , , , , T206
1660421573, , 33.7324, -118.3667, 2525, 91, 106, T206, , , , , T206
1660421573, , 33.7324, -118.3667, 2525, 91, 106, T206, , , , , T206
1660421576, , 33.7323, -118.3659, 2525, 94, 105, T206, , , , , T206
1660421576, , 33.7323, -118.3659, 2525, 94, 105, T206, , , , , T206
1660421579, , 33.7321, -118.3636, 2550, 97, 102, T206, , , , , T206
1660421585, , 33.7318, -118.3602, 2575, 94, 100, T206, , , , , T206
1660421585, , 33.7318, -118.3602, 2575, 94, 100, T206, , , , , T206
1660421588, , 33.7319, -118.3582, 2600, 84, 101, T206, , , , , T206
1660421588, , 33.7319, -118.3582, 2600, 84, 101, T206, , , , , T206
1660421591, , 33.7321, -118.3567, 2600, 75, 103, T206, , , , , T206
1660421591, , 33.7321, -118.3567, 2600, 75, 103, T206, , , , , T206
1660421597, , 33.7333, -118.3536, 2575, 58, 107, T206, , , , , T206
1660421600, , 33.7344, -118.3518, 2600, 48, 106, T206, , , , , T206
1660421600, , 33.7344, -118.3518, 2600, 48, 106, T206, , , , , T206
1660421603, , 33.7353, -118.3508, 2625, 43, 104, T206, , , , , T206
1660421603, , 33.7353, -118.3508, 2625, 43, 104, T206, , , , , T206
1660421609, , 33.7378, -118.3486, 2650, 29, 104, T206, , , , , T206
1660421609, , 33.7378, -118.3486, 2650, 29, 104, T206, , , , , T206
1660421612, , 33.7391, -118.3479, 2650, 20, 104, T206, , , , , T206
1660421616, , 33.7406, -118.3474, 2675, 14, 105, T206, , , , , T206
1660421616, , 33.7406, -118.3474, 2675, 14, 105, T206, , , , , T206
1660421621, , 33.7433, -118.3467, 2700, 11, 103, T206, , , , , T206
1660421621, , 33.7433, -118.3467, 2700, 11, 103, T206, , , , , T206
1660421624, , 33.7446, -118.3465, 2750, 5, 98, T206, , , , , T206
1660421624, , 33.7446, -118.3465, 2750, 5, 98, T206, , , , , T206
1660421628, , 33.7457, -118.3464, 2800, 2, 94, T206, , , , , T206
1660421633, , 33.7485, -118.3467, 2850, 348, 95, T206, , , , , T206
1660421633, , 33.7485, -118.3467, 2850, 348, 95, T206, , , , , T206
1660421636, , 33.75, -118.3471, 2850, 345, 97, T206, , , , , T206
1660421636, , 33.75, -118.3471, 2850, 345, 97, T206, , , , , T206
1660421639, , 33.7514, -118.3476, 2850, 343, 100, T206, , , , , T206
1660421639, , 33.7514, -118.3476, 2850, 343, 100, T206, , , , , T206
1660421645, , 33.7536, -118.3493, 2875, 316, 100, T206, , , , , T206
1660421672, , 33.7538, -118.3627, 2875, 214, 98, T206, , , , , T206
1660421672, , 33.7538, -118.3627, 2875, 214, 98, T206, , , , , T206
1660421675, , 33.7527, -118.3633, 2875, 203, 96, T206, , , , , T206
1660421681, , 33.7499, -118.3636, 2850, 173, 100, T206, , , , , T206
1660421681, , 33.7499, -118.3636, 2850, 173, 100, T206, , , , , T206
1660421684, , 33.7485, -118.3632, 2825, 167, 103, T206, , , , , T206
1660421684, , 33.7485, -118.3632, 2825, 167, 103, T206, , , , , T206
1660421687, , 33.747, -118.3627, 2800, 162, 105, T206, , , , , T206
1660421687, , 33.747, -118.3627, 2800, 162, 105, T206, , , , , T206
1660421693, , 33.7443, -118.3614, 2800, 155, 105, T206, , , , , T206
1660421697, , 33.743, -118.3605, 2825, 148, 103, T206, , , , , T206
1660421697, , 33.743, -118.3605, 2825, 148, 103, T206, , , , , T206
1660421700, , 33.7419, -118.3595, 2850, 140, 100, T206, , , , , T206
1660421700, , 33.7419, -118.3595, 2850, 140, 100, T206, , , , , T206
1660421705, , 33.7399, -118.3571, 2850, 129, 102, T206, , , , , T206
1660421705, , 33.7399, -118.3571, 2850, 129, 102, T206, , , , , T206
1660421709, , 33.7388, -118.3557, 2825, 133, 104, T206, , , , , T206
1660421711, , 33.738, -118.3546, 2825, 134, 103, T206, , , , , T206
1660421711, , 33.738, -118.3546, 2825, 134, 103, T206, , , , , T206
1660421718, , 33.7358, -118.352, 2775, 134, 108, T206, , , , , T206
1660421718, , 33.7358, -118.352, 2775, 134, 108, T206, , , , , T206
1660421721, , 33.7348, -118.3506, 2750, 133, 111, T206, , , , , T206
1660421721, , 33.7348, -118.3506, 2750, 133, 111, T206, , , , , T206
1660421724, , 33.7337, -118.3493, 2725, 133, 112, T206, , , , , T206
1660421730, , 33.7315, -118.3466, 2700, 134, 114, T206, , , , , T206
1660421730, , 33.7315, -118.3466, 2700, 134, 114, T206, , , , , T206
1660421733, , 33.7304, -118.3451, 2675, 133, 115, T206, , , , , T206
1660421733, , 33.7304, -118.3451, 2675, 133, 115, T206, , , , , T206
1660421736, , 33.7292, -118.3436, 2675, 131, 116, T206, , , , , T206
1660421736, , 33.7292, -118.3436, 2675, 131, 116, T206, , , , , T206
1660421742, , 33.7274, -118.3407, 2650, 124, 115, T206, , , , , T206
1660421745, , 33.7265, -118.3391, 2650, 123, 114, T206, , , , , T206
1660421745, , 33.7265, -118.3391, 2650, 123, 114, T206, , , , , T206
1660421748, , 33.7256, -118.3374, 2625, 120, 115, T206, , , , , T206
1660421748, , 33.7256, -118.3374, 2625, 120, 115, T206, , , , , T206
1660421754, , 33.7241, -118.3342, 2625, 119, 114, T206, , , , , T206
1660421754, , 33.7241, -118.3342, 2625, 119, 114, T206, , , , , T206
1660421757, , 33.7233, -118.3323, 2625, 114, 113, T206, , , , , T206
1660421760, , 33.7228, -118.3305, 2650, 105, 111, T206, , , , , T206
1660421760, , 33.7228, -118.3305, 2650, 105, 111, T206, , , , , T206
1660421766, , 33.7223, -118.3268, 2650, 95, 109, T206, , , , , T206
1660421766, , 33.7223, -118.3268, 2650, 95, 109, T206, , , , , T206
1660421769, , 33.7222, -118.3251, 2650, 94, 109, T206, , , , , T206
1660421769, , 33.7222, -118.3251, 2650, 94, 109, T206, , , , , T206
1660421772, , 33.7221, -118.3233, 2675, 92, 109, T206, , , , , T206
1660421778, , 33.7221, -118.3198, 2700, 88, 107, T206, , , , , T206
1660421778, , 33.7221, -118.3198, 2700, 88, 107, T206, , , , , T206
1660421781, , 33.7222, -118.3179, 2700, 87, 106, T206, , , , , T206
1660421781, , 33.7222, -118.3179, 2700, 87, 106, T206, , , , , T206
1660421784, , 33.7222, -118.3162, 2700, 86, 106, T206, , , , , T206
1660421784, , 33.7222, -118.3162, 2700, 86, 106, T206, , , , , T206
1660421790, , 33.7223, -118.3125, 2675, 88, 110, T206, , , , , T206
1660421793, , 33.7224, -118.3107, 2650, 88, 113, T206, , , , , T206
1660421793, , 33.7224, -118.3107, 2650, 88, 113, T206, , , , , T206
1660421796, , 33.7224, -118.3088, 2625, 87, 115, T206, , , , , T206
1660421796, , 33.7224, -118.3088, 2625, 87, 115, T206, , , , , T206
1660421802, , 33.7225, -118.3051, 2650, 91, 112, T206, , , , , T206
1660421802, , 33.7225, -118.3051, 2650, 91, 112, T206, , , , , T206
1660421805, , 33.7224, -118.3032, 2650, 93, 110, T206, , , , , T206
1660421808, , 33.7223, -118.302, 2675, 95, 109, T206, , , , , T206
1660421808, , 33.7223, -118.302, 2675, 95, 109, T206, , , , , T206
1660421814, , 33.7218, -118.2979, 2700, 97, 109, T206, , , , , T206
1660421814, , 33.7218, -118.2979, 2700, 97, 109, T206, , , , , T206
1660421817, , 33.7216, -118.2961, 2675, 96, 111, T206, , , , , T206
1660421817, , 33.7216, -118.2961, 2675, 96, 111, T206, , , , , T206
1660421820, , 33.7215, -118.2941, 2650, 94, 115, T206, , , , , T206
1660421826, , 33.7214, -118.2906, 2625, 89, 117, T206, , , , , T206
1660421826, , 33.7214, -118.2906, 2625, 89, 117, T206, , , , , T206
1660421829, , 33.7214, -118.2887, 2625, 88, 116, T206, , , , , T206
1660421829, , 33.7214, -118.2887, 2625, 88, 116, T206, , , , , T206
1660421832, , 33.7215, -118.2861, 2625, 86, 115, T206, , , , , T206
1660421832, , 33.7215, -118.2861, 2625, 86, 115, T206, , , , , T206
1660421838, , 33.7218, -118.2826, 2625, 84, 114, T206, , , , , T206
1660421841, , 33.7219, -118.2805, 2650, 84, 113, T206, , , , , T206
1660421841, , 33.7219, -118.2805, 2650, 84, 113, T206, , , , , T206
1660421844, , 33.722, -118.279, 2650, 83, 112, T206, , , , , T206
1660421844, , 33.722, -118.279, 2650, 83, 112, T206, , , , , T206
1660421850, , 33.7225, -118.2749, 2650, 79, 113, T206, , , , , T206
1660421850, , 33.7225, -118.2749, 2650, 79, 113, T206, , , , , T206
1660421853, , 33.7229, -118.2729, 2625, 78, 116, T206, , , , , T206
1660421856, , 33.7232, -118.2711, 2600, 78, 118, T206, , , , , T206
1660421856, , 33.7232, -118.2711, 2600, 78, 118, T206, , , , , T206
1660421862, , 33.7237, -118.2673, 2600, 81, 117, T206, , , , , T206
1660421862, , 33.7237, -118.2673, 2600, 81, 117, T206, , , , , T206
1660421865, , 33.724, -118.2654, 2625, 82, 113, T206, , , , , T206
1660421865, , 33.724, -118.2654, 2625, 82, 113, T206, , , , , T206
1660421868, , 33.7242, -118.2635, 2625, 82, 113, T206, , , , , T206
1660421874, , 33.7245, -118.2595, 2600, 85, 115, T206, , , , , T206
1660421874, , 33.7245, -118.2595, 2600, 85, 115, T206, , , , , T206
1660421877, , 33.7245, -118.2578, 2600, 87, 116, T206, , , , , T206
1660421877, , 33.7245, -118.2578, 2600, 87, 116, T206, , , , , T206
1660421880, , 33.7246, -118.2558, 2600, 87, 116, T206, , , , , T206
1660421880, , 33.7246, -118.2558, 2600, 87, 116, T206, , , , , T206
1660421886, , 33.7249, -118.2518, 2550, 87, 118, T206, , , , , T206
1660421889, , 33.7248, -118.25, 2550, 92, 119, T206, , , , , T206
1660421889, , 33.7248, -118.25, 2550, 92, 119, T206, , , , , T206
1660421892, , 33.7246, -118.2478, 2550, 96, 118, T206, , , , , T206
1660421892, , 33.7246, -118.2478, 2550, 96, 118, T206, , , , , T206
1660421898, , 33.7241, -118.2443, 2550, 99, 117, T206, , , , , T206
1660421898, , 33.7241, -118.2443, 2550, 99, 117, T206, , , , , T206
1660421901, , 33.7238, -118.2421, 2525, 99, 116, T206, , , , , T206
1660421904, , 33.7235, -118.2402, 2525, 99, 116, T206, , , , , T206
1660421904, , 33.7235, -118.2402, 2525, 99, 116, T206, , , , , T206
1660421910, , 33.7229, -118.2364, 2525, 101, 115, T206, , , , , T206
1660421910, , 33.7229, -118.2364, 2525, 101, 115, T206, , , , , T206
1660421913, , 33.7226, -118.2345, 2525, 102, 115, T206, , , , , T206
1660421913, , 33.7226, -118.2345, 2525, 102, 115, T206, , , , , T206
1660421916, , 33.7222, -118.2327, 2500, 103, 115, T206, , , , , T206
1660421922, , 33.7215, -118.2289, 2500, 102, 114, T206, , , , , T206
1660421922, , 33.7215, -118.2289, 2500, 102, 114, T206, , , , , T206
1660421925, , 33.7212, -118.227, 2500, 101, 114, T206, , , , , T206
1660421925, , 33.7212, -118.227, 2500, 101, 114, T206, , , , , T206
1660421927, , 33.7211, -118.2261, 2525, 100, 112, T206, , , , , T206
1660421927, , 33.7211, -118.2261, 2525, 100, 112, T206, , , , , T206
1660421934, , 33.7204, -118.2216, 2525, 99, 111, T206, , , , , T206
1660421937, , 33.7201, -118.2196, 2525, 100, 111, T206, , , , , T206
1660421937, , 33.7201, -118.2196, 2525, 100, 111, T206, , , , , T206
1660421940, , 33.7198, -118.2182, 2500, 101, 112, T206, , , , , T206
1660421940, , 33.7198, -118.2182, 2500, 101, 112, T206, , , , , T206
1660421946, , 33.7191, -118.2144, 2550, 103, 109, T206, , , , , T206
1660421946, , 33.7191, -118.2144, 2550, 103, 109, T206, , , , , T206
1660421949, , 33.7189, -118.2131, 2550, 103, 109, T206, , , , , T206
1660421952, , 33.7184, -118.2106, 2550, 103, 110, T206, , , , , T206
1660421952, , 33.7184, -118.2106, 2550, 103, 110, T206, , , , , T206
1660421958, , 33.7177, -118.2072, 2550, 102, 109, T206, , , , , T206
1660421958, , 33.7177, -118.2072, 2550, 102, 109, T206, , , , , T206
1660421961, , 33.7175, -118.2058, 2550, 103, 109, T206, , , , , T206
1660421961, , 33.7175, -118.2058, 2550, 103, 109, T206, , , , , T206
1660421964, , 33.717, -118.2036, 2550, 104, 109, T206, , , , , T206
1660421970, , 33.7162, -118.1999, 2550, 104, 109, T206, , , , , T206
1660421970, , 33.7162, -118.1999, 2550, 104, 109, T206, , , , , T206
1660421973, , 33.7159, -118.1981, 2550, 102, 108, T206, , , , , T206
1660421973, , 33.7159, -118.1981, 2550, 102, 108, T206, , , , , T206
1660421976, , 33.7156, -118.1967, 2550, 100, 108, T206, , , , , T206
1660421976, , 33.7156, -118.1967, 2550, 100, 108, T206, , , , , T206
1660421979, , 33.7154, -118.1948, 2550, 100, 108, T206, , , , , T206
1660421979, , 33.7154, -118.1948, 2550, 100, 108, T206, , , , , T206
1660421985, , 33.7148, -118.191, 2550, 100, 108, T206, , , , , T206
1660421988, , 33.7145, -118.1892, 2550, 100, 109, T206, , , , , T206
1660421988, , 33.7145, -118.1892, 2550, 100, 109, T206, , , , , T206
1660421991, , 33.7142, -118.1874, 2550, 98, 110, T206, , , , , T206
1660421991, , 33.7142, -118.1874, 2550, 98, 110, T206, , , , , T206
1660421997, , 33.7139, -118.1842, 2550, 95, 111, T206, , , , , T206
1660422000, , 33.7137, -118.1819, 2550, 94, 110, T206, , , , , T206
1660422000, , 33.7137, -118.1819, 2550, 94, 110, T206, , , , , T206
1660422003, , 33.7137, -118.18, 2550, 92, 111, T206, , , , , T206
1660422003, , 33.7137, -118.18, 2550, 92, 111, T206, , , , , T206
1660422008, , 33.7136, -118.1768, 2550, 92, 112, T206, , , , , T206
1660422008, , 33.7136, -118.1768, 2550, 92, 112, T206, , , , , T206
1660422012, , 33.7135, -118.1748, 2550, 94, 113, T206, , , , , T206
1660422018, , 33.7132, -118.171, 2550, 95, 112, T206, , , , , T206
1660422018, , 33.7132, -118.171, 2550, 95, 112, T206, , , , , T206
1660422021, , 33.7131, -118.1694, 2550, 94, 112, T206, , , , , T206
1660422021, , 33.7131, -118.1694, 2550, 94, 112, T206, , , , , T206
1660422024, , 33.713, -118.1673, 2550, 93, 112, T206, , , , , T206
1660422024, , 33.713, -118.1673, 2550, 93, 112, T206, , , , , T206
1660422030, , 33.7128, -118.1636, 2525, 96, 113, T206, , , , , T206
1660422033, , 33.7125, -118.1618, 2525, 100, 113, T206, , , , , T206
1660422033, , 33.7125, -118.1618, 2525, 100, 113, T206, , , , , T206
1660422036, , 33.7121, -118.1599, 2525, 105, 114, T206, , , , , T206
1660422036, , 33.7121, -118.1599, 2525, 105, 114, T206, , , , , T206
1660422042, , 33.7112, -118.1562, 2550, 107, 111, T206, , , , , T206
1660422042, , 33.7112, -118.1562, 2550, 107, 111, T206, , , , , T206
1660422045, , 33.7107, -118.1543, 2525, 106, 112, T206, , , , , T206
1660422048, , 33.7103, -118.1525, 2525, 107, 113, T206, , , , , T206
1660422048, , 33.7103, -118.1525, 2525, 107, 113, T206, , , , , T206
1660422054, , 33.7092, -118.1489, 2500, 109, 115, T206, , , , , T206
1660422054, , 33.7092, -118.1489, 2500, 109, 115, T206, , , , , T206
1660422057, , 33.7087, -118.1471, 2475, 110, 115, T206, , , , , T206
1660422057, , 33.7087, -118.1471, 2475, 110, 115, T206, , , , , T206
1660422060, , 33.7081, -118.1454, 2500, 113, 115, T206, , , , , T206
1660422066, , 33.707, -118.1426, 2525, 117, 111, T206, , , , , T206
1660422069, , 33.706, -118.1403, 2500, 116, 111, T206, , , , , T206
1660422069, , 33.706, -118.1403, 2500, 116, 111, T206, , , , , T206
1660422072, , 33.7054, -118.1388, 2500, 115, 112, T206, , , , , T206
1660422072, , 33.7054, -118.1388, 2500, 115, 112, T206, , , , , T206
1660422078, , 33.7041, -118.1352, 2500, 114, 112, T206, , , , , T206
1660422078, , 33.7041, -118.1352, 2500, 114, 112, T206, , , , , T206
1660422081, , 33.7034, -118.1335, 2500, 114, 112, T206, , , , , T206
1660422084, , 33.7026, -118.1317, 2500, 115, 112, T206, , , , , T206
1660422084, , 33.7026, -118.1317, 2500, 115, 112, T206, , , , , T206
1660422090, , 33.7017, -118.1289, 2500, 107, 111, T206, , , , , T206
1660422090, , 33.7017, -118.1289, 2500, 107, 111, T206, , , , , T206
1660422093, , 33.7015, -118.1276, 2500, 98, 111, T206, , , , , T206
1660422093, , 33.7015, -118.1276, 2500, 98, 111, T206, , , , , T206
1660422096, , 33.7012, -118.1255, 2475, 93, 114, T206, , , , , T206
1660422099, , 33.7011, -118.123, 2450, 94, 115, T206, , , , , T206
1660422099, , 33.7011, -118.123, 2450, 94, 115, T206, , , , , T206
1660422106, , 33.7006, -118.1189, 2475, 100, 113, T206, , , , , T206
1660422106, , 33.7006, -118.1189, 2475, 100, 113, T206, , , , , T206
1660422109, , 33.7002, -118.1168, 2500, 100, 111, T206, , , , , T206
1660422109, , 33.7002, -118.1168, 2500, 100, 111, T206, , , , , T206
1660422111, , 33.7001, -118.1158, 2500, 101, 110, T206, , , , , T206
1660422118, , 33.6993, -118.1112, 2475, 102, 112, T206, , , , , T206
1660422118, , 33.6993, -118.1112, 2475, 102, 112, T206, , , , , T206
1660422120, , 33.699, -118.1098, 2450, 102, 112, T206, , , , , T206
1660422120, , 33.699, -118.1098, 2450, 102, 112, T206, , , , , T206
1660422123, , 33.6988, -118.1085, 2475, 104, 112, T206, , , , , T206
1660422129, , 33.6978, -118.1042, 2475, 105, 111, T206, , , , , T206
1660422129, , 33.6978, -118.1042, 2475, 105, 111, T206, , , , , T206
1660422132, , 33.6976, -118.1033, 2475, 105, 110, T206, , , , , T206
1660422132, , 33.6976, -118.1033, 2475, 105, 110, T206, , , , , T206
1660422135, , 33.697, -118.1011, 2475, 106, 110, T206, , , , , T206
1660422135, , 33.697, -118.1011, 2475, 106, 110, T206, , , , , T206
1660422141, , 33.6963, -118.0981, 2500, 106, 109, T206, , , , , T206
1660422144, , 33.6957, -118.0954, 2500, 106, 109, T206, , , , , T206
1660422144, , 33.6957, -118.0954, 2500, 106, 109, T206, , , , , T206
1660422148, , 33.6953, -118.0934, 2500, 102, 110, T206, , , , , T206
1660422148, , 33.6953, -118.0934, 2500, 102, 110, T206, , , , , T206
1660422154, , 33.6947, -118.0898, 2500, 101, 111, T206, , , , , T206
1660422154, , 33.6947, -118.0898, 2500, 101, 111, T206, , , , , T206
1660422157, , 33.6943, -118.0879, 2500, 103, 112, T206, , , , , T206
1660422160, , 33.694, -118.0859, 2500, 103, 112, T206, , , , , T206
1660422160, , 33.694, -118.0859, 2500, 103, 112, T206, , , , , T206
1660422164, , 33.6934, -118.0835, 2500, 105, 111, T206, , , , , T206
1660422164, , 33.6934, -118.0835, 2500, 105, 111, T206, , , , , T206
1660422170, , 33.6926, -118.0802, 2500, 105, 110, T206, , , , , T206
1660422170, , 33.6926, -118.0802, 2500, 105, 110, T206, , , , , T206
1660422173, , 33.6921, -118.0783, 2500, 106, 110, T206, , , , , T206
1660422176, , 33.6918, -118.0769, 2500, 107, 111, T206, , , , , T206
1660422176, , 33.6918, -118.0769, 2500, 107, 111, T206, , , , , T206
1660422182, , 33.6908, -118.073, 2500, 107, 112, T206, , , , , T206
1660422182, , 33.6908, -118.073, 2500, 107, 112, T206, , , , , T206
1660422185, , 33.6903, -118.0711, 2500, 108, 112, T206, , , , , T206
1660422185, , 33.6903, -118.0711, 2500, 108, 112, T206, , , , , T206
1660422188, , 33.6898, -118.0695, 2500, 108, 112, T206, , , , , T206
1660422194, , 33.6889, -118.0657, 2525, 105, 109, T206, , , , , T206
1660422194, , 33.6889, -118.0657, 2525, 105, 109, T206, , , , , T206
1660422197, , 33.6885, -118.064, 2550, 107, 106, T206, , , , , T206
1660422197, , 33.6885, -118.064, 2550, 107, 106, T206, , , , , T206
1660422200, , 33.688, -118.0626, 2575, 109, 105, T206, , , , , T206
1660422206, , 33.687, -118.0592, 2600, 110, 104, T206, , , , , T206
1660422206, , 33.687, -118.0592, 2600, 110, 104, T206, , , , , T206
1660422209, , 33.6865, -118.0576, 2600, 109, 106, T206, , , , , T206
1660422209, , 33.6865, -118.0576, 2600, 109, 106, T206, , , , , T206
1660422212, , 33.6861, -118.0563, 2575, 106, 109, T206, , , , , T206
1660422212, , 33.6861, -118.0563, 2575, 106, 109, T206, , , , , T206
1660422218, , 33.6854, -118.0527, 2550, 99, 112, T206, , , , , T206
1660422218, , 33.6854, -118.0527, 2550, 99, 112, T206, , , , , T206
1660422221, , 33.6852, -118.0506, 2550, 97, 113, T206, , , , , T206
1660422224, , 33.685, -118.0484, 2525, 97, 114, T206, , , , , T206
1660422224, , 33.685, -118.0484, 2525, 97, 114, T206, , , , , T206
1660422230, , 33.6845, -118.0447, 2525, 99, 115, T206, , , , , T206
1660422230, , 33.6845, -118.0447, 2525, 99, 115, T206, , , , , T206
1660422233, , 33.6842, -118.0427, 2525, 101, 115, T206, , , , , T206
1660422233, , 33.6842, -118.0427, 2525, 101, 115, T206, , , , , T206
1660422236, , 33.6838, -118.0409, 2525, 105, 114, T206, , , , , T206
1660422242, , 33.6829, -118.0373, 2525, 107, 113, T206, , , , , T206
1660422242, , 33.6829, -118.0373, 2525, 107, 113, T206, , , , , T206
1660422245, , 33.6824, -118.0354, 2525, 106, 113, T206, , , , , T206
1660422245, , 33.6824, -118.0354, 2525, 106, 113, T206, , , , , T206
1660422248, , 33.682, -118.0337, 2525, 104, 114, T206, , , , , T206
1660422248, , 33.682, -118.0337, 2525, 104, 114, T206, , , , , T206
1660422254, , 33.6814, -118.0297, 2500, 100, 115, T206, , , , , T206
1660422257, , 33.6811, -118.028, 2500, 100, 115, T206, , , , , T206
1660422257, , 33.6811, -118.028, 2500, 100, 115, T206, , , , , T206
1660422260, , 33.6808, -118.0259, 2500, 102, 114, T206, , , , , T206
1660422260, , 33.6808, -118.0259, 2500, 102, 114, T206, , , , , T206
1660422264, , 33.6804, -118.024, 2500, 105, 114, T206, , , , , T206
1660422264, , 33.6804, -118.024, 2500, 105, 114, T206, , , , , T206
1660422270, , 33.6793, -118.0202, 2500, 110, 114, T206, , , , , T206
1660422273, , 33.6787, -118.0186, 2500, 112, 114, T206, , , , , T206
1660422273, , 33.6787, -118.0186, 2500, 112, 114, T206, , , , , T206
1660422276, , 33.678, -118.0166, 2500, 115, 114, T206, , , , , T206
1660422276, , 33.678, -118.0166, 2500, 115, 114, T206, , , , , T206
1660422282, , 33.6765, -118.0135, 2500, 123, 112, T206, , , , , T206
1660422282, , 33.6765, -118.0135, 2500, 123, 112, T206, , , , , T206
1660422285, , 33.6755, -118.0119, 2500, 125, 111, T206, , , , , T206
1660422287, , 33.6748, -118.0108, 2500, 126, 111, T206, , , , , T206
1660422287, , 33.6748, -118.0108, 2500, 126, 111, T206, , , , , T206
1660422294, , 33.673, -118.0074, 2500, 120, 113, T206, , , , , T206
1660422294, , 33.673, -118.0074, 2500, 120, 113, T206, , , , , T206
1660422297, , 33.6723, -118.0054, 2475, 111, 116, T206, , , , , T206
1660422297, , 33.6723, -118.0054, 2475, 111, 116, T206, , , , , T206
1660422300, , 33.6719, -118.0038, 2450, 104, 118, T206, , , , , T206
1660422306, , 33.6714, -117.9995, 2425, 93, 121, T206, , , , , T206
1660422306, , 33.6714, -117.9995, 2425, 93, 121, T206, , , , , T206
1660422309, , 33.6714, -117.9974, 2425, 90, 121, T206, , , , , T206
1660422309, , 33.6714, -117.9974, 2425, 90, 121, T206, , , , , T206
1660422312, , 33.6714, -117.9961, 2425, 84, 120, T206, , , , , T206
1660422312, , 33.6714, -117.9961, 2425, 84, 120, T206, , , , , T206
1660422318, , 33.672, -117.9919, 2425, 78, 119, T206, , , , , T206
1660422321, , 33.6722, -117.9905, 2425, 81, 118, T206, , , , , T206
1660422321, , 33.6722, -117.9905, 2425, 81, 118, T206, , , , , T206
1660422324, , 33.6725, -117.9876, 2425, 82, 117, T206, , , , , T206
1660422324, , 33.6725, -117.9876, 2425, 82, 117, T206, , , , , T206
1660422330, , 33.673, -117.9836, 2400, 83, 118, T206, , , , , T206
1660422330, , 33.673, -117.9836, 2400, 83, 118, T206, , , , , T206
1660422333, , 33.6731, -117.9817, 2400, 83, 119, T206, , , , , T206
1660422336, , 33.6733, -117.9799, 2400, 84, 120, T206, , , , , T206
1660422336, , 33.6733, -117.9799, 2400, 84, 120, T206, , , , , T206
1660422342, , 33.6736, -117.9758, 2325, 85, 125, T206, , , , , T206
1660422342, , 33.6736, -117.9758, 2325, 85, 125, T206, , , , , T206
1660422345, , 33.6737, -117.9735, 2300, 86, 126, T206, , , , , T206
1660422345, , 33.6737, -117.9735, 2300, 86, 126, T206, , , , , T206
1660422348, , 33.6738, -117.9713, 2300, 86, 125, T206, , , , , T206
1660422354, , 33.674, -117.9677, 2275, 86, 125, T206, , , , , T206
1660422354, , 33.674, -117.9677, 2275, 86, 125, T206, , , , , T206
1660422357, , 33.6741, -117.9653, 2250, 88, 124, T206, , , , , T206
1660422357, , 33.6741, -117.9653, 2250, 88, 124, T206, , , , , T206
1660422360, , 33.6741, -117.9631, 2250, 88, 123, T206, , , , , T206
1660422363, , 33.6742, -117.9611, 2225, 88, 122, T206, , , , , T206
1660422363, , 33.6742, -117.9611, 2225, 88, 122, T206, , , , , T206
1660422369, , 33.6744, -117.9569, 2200, 86, 116, T206, , , , , T206
1660422369, , 33.6744, -117.9569, 2200, 86, 116, T206, , , , , T206
1660422372, , 33.6744, -117.9563, 2200, 85, 115, T206, , , , , T206
1660422372, , 33.6744, -117.9563, 2200, 85, 115, T206, , , , , T206
1660422375, , 33.6746, -117.9541, 2150, 86, 115, T206, , , , , T206
1660422381, , 33.6748, -117.9493, 2100, 85, 115, T206, , , , , T206
1660422381, , 33.6748, -117.9493, 2100, 85, 115, T206, , , , , T206
1660422384, , 33.6749, -117.9485, 2075, 84, 114, T206, , , , , T206
1660422384, , 33.6749, -117.9485, 2075, 84, 114, T206, , , , , T206
1660422387, , 33.6752, -117.9456, 2050, 82, 112, T206, , , , , T206
1660422387, , 33.6752, -117.9456, 2050, 82, 112, T206, , , , , T206
1660422393, , 33.6757, -117.9424, 2000, 79, 111, T206, , , , , T206
1660422396, , 33.676, -117.94, 1950, 78, 112, T206, , , , , T206
1660422396, , 33.676, -117.94, 1950, 78, 112, T206, , , , , T206
1660422399, , 33.6763, -117.9385, 1925, 76, 112, T206, , , , , T206
1660422399, , 33.6763, -117.9385, 1925, 76, 112, T206, , , , , T206
1660422405, , 33.6769, -117.9358, 1850, 77, 111, T206, , , , , T206
1660422405, , 33.6769, -117.9358, 1850, 77, 111, T206, , , , , T206
1660422408, , 33.6773, -117.9331, 1850, 79, 110, T206, , , , , T206
1660422412, , 33.6776, -117.9314, 1800, 82, 110, T206, , , , , T206
1660422412, , 33.6776, -117.9314, 1800, 82, 110, T206, , , , , T206
1660422417, , 33.6779, -117.9273, 1775, 86, 110, T206, , , , , T206
1660422417, , 33.6779, -117.9273, 1775, 86, 110, T206, , , , , T206
1660422420, , 33.6779, -117.9258, 1750, 86, 110, T206, , , , , T206
1660422420, , 33.6779, -117.9258, 1750, 86, 110, T206, , , , , T206
1660422424, , 33.6781, -117.9237, 1750, 86, 111, T206, , , , , T206
1660422430, , 33.6782, -117.9198, 1700, 86, 113, T206, , , , , T206
1660422430, , 33.6782, -117.9198, 1700, 86, 113, T206, , , , , T206
1660422432, , 33.6783, -117.9188, 1700, 87, 112, T206, , , , , T206
1660422432, , 33.6783, -117.9188, 1700, 87, 112, T206, , , , , T206
1660422436, , 33.6784, -117.9161, 1675, 87, 110, T206, , , , , T206
1660422436, , 33.6784, -117.9161, 1675, 87, 110, T206, , , , , T206
1660422442, , 33.6784, -117.9124, 1675, 89, 109, T206, , , , , T206
1660422445, , 33.6784, -117.9107, 1650, 91, 108, T206, , , , , T206
1660422445, , 33.6784, -117.9107, 1650, 91, 108, T206, , , , , T206
1660422448, , 33.6784, -117.9088, 1650, 92, 108, T206, , , , , T206
1660422448, , 33.6784, -117.9088, 1650, 92, 108, T206, , , , , T206
1660422454, , 33.6782, -117.9053, 1625, 91, 109, T206, , , , , T206
1660422454, , 33.6782, -117.9053, 1625, 91, 109, T206, , , , , T206
1660422457, , 33.6782, -117.9038, 1625, 91, 108, T206, , , , , T206
1660422460, , 33.6781, -117.9018, 1625, 91, 107, T206, , , , , T206
1660422460, , 33.6781, -117.9018, 1625, 91, 107, T206, , , , , T206
1660422466, , 33.678, -117.8981, 1625, 92, 105, T206, , , , , T206
1660422466, , 33.678, -117.8981, 1625, 92, 105, T206, , , , , T206
1660422469, , 33.6779, -117.8963, 1625, 92, 105, T206, , , , , T206
1660422469, , 33.6779, -117.8963, 1625, 92, 105, T206, , , , , T206
1660422472, , 33.6779, -117.8946, 1600, 93, 105, T206, , , , , T206
1660422478, , 33.6777, -117.8913, 1575, 96, 105, T206, , , , , T206
1660422478, , 33.6777, -117.8913, 1575, 96, 105, T206, , , , , T206
1660422481, , 33.6775, -117.8899, 1575, 95, 105, T206, , , , , T206
1660422481, , 33.6775, -117.8899, 1575, 95, 105, T206, , , , , T206
1660422483, , 33.6774, -117.8881, 1575, 97, 105, T206, , , , , T206
1660422483, , 33.6774, -117.8881, 1575, 97, 105, T206, , , , , T206
1660422488, , 33.677, -117.8852, 1550, 98, 105, T206, , , , , T206
1660422488, , 33.677, -117.8852, 1550, 98, 105, T206, , , , , T206
1660422492, , 33.6767, -117.883, 1550, 101, 105, T206, , , , , T206
1660422498, , 33.676, -117.8797, 1550, 104, 103, T206, , , , , T206
1660422498, , 33.676, -117.8797, 1550, 104, 103, T206, , , , , T206
1660422501, , 33.6757, -117.878, 1550, 106, 103, T206, , , , , T206
1660422501, , 33.6757, -117.878, 1550, 106, 103, T206, , , , , T206
1660422504, , 33.6752, -117.8766, 1525, 107, 104, T206, , , , , T206
1660422504, , 33.6752, -117.8766, 1525, 107, 104, T206, , , , , T206
1660422510, , 33.6741, -117.873, 1500, 112, 103, T206, , , , , T206
1660422513, , 33.6736, -117.8714, 1500, 109, 103, T206, , , , , T206
1660422513, , 33.6736, -117.8714, 1500, 109, 103, T206, , , , , T206
1660422516, , 33.6732, -117.8699, 1500, 108, 102, T206, , , , , T206
1660422516, , 33.6732, -117.8699, 1500, 108, 102, T206, , , , , T206
1660422522, , 33.6724, -117.8667, 1500, 106, 103, T206, , , , , T206
1660422522, , 33.6724, -117.8667, 1500, 106, 103, T206, , , , , T206
1660422525, , 33.672, -117.865, 1450, 103, 106, T206, , , , , T206
1660422529, , 33.6719, -117.8647, 1425, 94, 108, T206, , , , , T206
1660422529, , 33.6719, -117.8647, 1425, 94, 108, T206, , , , , T206
1660422533, , 33.6716, -117.8607, 1450, 87, 106, T206, , , , , T206
1660422533, , 33.6716, -117.8607, 1450, 87, 106, T206, , , , , T206
1660422536, , 33.6717, -117.8584, 1450, 85, 105, T206, , , , , T206
1660422541, , 33.6724, -117.8556, 1450, 67, 100, T206, , , , , T206
1660422541, , 33.6724, -117.8556, 1450, 67, 100, T206, , , , , T206
1660422545, , 33.6733, -117.8537, 1450, 56, 101, T206, , , , , T206
1660422545, , 33.6733, -117.8537, 1450, 56, 101, T206, , , , , T206
1660422548, , 33.6741, -117.8524, 1425, 52, 104, T206, , , , , T206
1660422548, , 33.6741, -117.8524, 1425, 52, 104, T206, , , , , T206
1660422554, , 33.6761, -117.8499, 1400, 41, 104, T206, , , , , T206
1660422557, , 33.6772, -117.8488, 1400, 38, 102, T206, , , , , T206
1660422557, , 33.6772, -117.8488, 1400, 38, 102, T206, , , , , T206
1660422560, , 33.6784, -117.8478, 1450, 36, 96, T206, , , , , T206
1660422560, , 33.6784, -117.8478, 1450, 36, 96, T206, , , , , T206
1660422566, , 33.6804, -117.8463, 1475, 29, 88, T206, , , , , T206
1660422566, , 33.6804, -117.8463, 1475, 29, 88, T206, , , , , T206
1660422569, , 33.6815, -117.8456, 1450, 25, 87, T206, , , , , T206
1660422571, , 33.6826, -117.8452, 1450, 11, 86, T206, , , , , T206
1660422571, , 33.6826, -117.8452, 1450, 11, 86, T206, , , , , T206
1660422578, , 33.6851, -117.8451, 1400, 354, 86, T206, , , , , T206
1660422578, , 33.6851, -117.8451, 1400, 354, 86, T206, , , , , T206
1660422580, , 33.6862, -117.8454, 1350, 352, 86, T206, , , , , T206
1660422580, , 33.6862, -117.8454, 1350, 352, 86, T206, , , , , T206
1660422584, , 33.6874, -117.8457, 1300, 344, 82, T206, , , , , T206
1660422590, , 33.6893, -117.8468, 1225, 320, 76, T206, , , , , T206
1660422590, , 33.6893, -117.8468, 1225, 320, 76, T206, , , , , T206
1660422593, , 33.6901, -117.8479, 1150, 309, 75, T206, , , , , T206
1660422593, , 33.6901, -117.8479, 1150, 309, 75, T206, , , , , T206
1660422596, , 33.6906, -117.8491, 1100, 297, 74, T206, , , , , T206
1660422596, , 33.6906, -117.8491, 1100, 297, 74, T206, , , , , T206
1660422602, , 33.6909, -117.8512, 1000, 274, 73, T206, , , , , T206
1660422605, , 33.6909, -117.8525, 925, 264, 74, T206, , , , , T206
1660422605, , 33.6909, -117.8525, 925, 264, 74, T206, , , , , T206
1660422608, , 33.6906, -117.8536, 850, 254, 71, T206, , , , , T206
1660422608, , 33.6906, -117.8536, 850, 254, 71, T206, , , , , T206
1660422613, , 33.6899, -117.8558, 675, 243, 72, T206, , , , , T206
1660422613, , 33.6899, -117.8558, 675, 243, 72, T206, , , , , T206
1660422616, , 33.6894, -117.8567, 625, 238, 71, T206, , , , , T206
1660422620, , 33.6886, -117.8579, 550, 230, 71, T206, , , , , T206
1660422620, , 33.6886, -117.8579, 550, 230, 71, T206, , , , , T206
1660422626, , 33.6872, -117.8594, 400, 219, 69, T206, , , , , T206
1660422626, , 33.6872, -117.8594, 400, 219, 69, T206, , , , , T206
1660422629, , 33.6865, -117.86, 350, 219, 69, T206, , , , , T206
1660422629, , 33.6865, -117.86, 350, 219, 69, T206, , , , , T206
1660422631, , 33.6859, -117.8605, 300, 210, 66, T206, , , , , T206
1660422636, , 33.6846, -117.8613, 250, 208, 64, T206, , , , , T206
1660422636, , 33.6846, -117.8613, 250, 208, 64, T206, , , , , T206
1660422640, , 33.6834, -117.8622, 175, 209, 65, T206, , , , , T206
1660422640, , 33.6834, -117.8622, 175, 209, 65, T206, , , , , T206
1660422644, , 33.6823, -117.8628, 125, 206, 64, T206, , , , , T206
1660422644, , 33.6823, -117.8628, 125, 206, 64, T206, , , , , T206
1660422649, , 33.6811, -117.8636, 75, 207, 64, T206, , , , , T206
1660422649, , 33.6811, -117.8636, 75, 207, 64, T206, , , , , T206
1660422649, , 33.6811, -117.8636, 75, 207, 64, T206, , , , , T206
1660422655, , 33.6798, -117.8645, 50, 208, 55, T206, , , , , T206
1660422655, , 33.6798, -117.8645, 50, 208, 55, T206, , , , , T206
1660422660, , 33.6789, -117.865, 50, 207, 45, T206, , , , , T206
1660422660, , 33.6789, -117.865, 50, 207, 45, T206, , , , , T206
1660422664, , 33.6782, -117.8654, 50, 208, 34, T206, , , , , T206
1660422669, , 33.6776, -117.8658, 0, 205, 18, T206, , , , , T206
1660422673, , 33.6773, -117.8659, 0, 188, 15, T206, , , , , T206
1660422673, , 33.6773, -117.8659, 0, 188, 15, T206, , , , , T206
1660422678, , 33.677, -117.8658, 0, 151, 10, T206, , , , , T206
1660422678, , 33.677, -117.8658, 0, 151, 10, T206, , , , , T206
1660422681, , 33.677, -117.8658, 0, 135, 7, T206, , , , , T206
1660422681, , 33.677, -117.8658, 0, 135, 7, T206, , , , , T206
1660422685, , 33.6769, -117.8657, 0, 135, 4, T206, , , , , T206
1660422687, , 33.6769, -117.8656, 0, 135, 3, T206, , , , , T206
1660422687, , 33.6769, -117.8656, 0, 135, 3, T206, , , , , T206
1660422693, , 33.6769, -117.8656, 0, 135, 1, T206, , , , , T206
1660422693, , 33.6769, -117.8656, 0, 135, 1, T206, , , , , T206
1660422693, , 33.6769, -117.8656, 0, 135, 1, T206, , , , , T206
1660422693, , 33.6769, -117.8656, 0, 135, 1, T206, , , , , T206
1660422701, , 33.6768, -117.8655, 0, 135, 1, T206, , , , , T206
1660422701, , 33.6768, -117.8655, 0, 135, 1, T206, , , , , T206
1660422702, , 33.6768, -117.8655, 0, 135, 1, T206, , , , , T206
1660422709, , 33.6768, -117.8655, 0, 135, 1, T206, , , , , T206
1660422709, , 33.6768, -117.8655, 0, 135, 1, T206, , , , , T206
1660422709, , 33.6768, -117.8655, 0, 135, 1, T206, , , , , T206
1660422709, , 33.6768, -117.8655, 0, 135, 1, T206, , , , , T206
1660422709, , 33.6768, -117.8655, 0, 135, 1, T206, , , , , T206
1660422709, , 33.6768, -117.8655, 0, 135, 1, T206, , , , , T206
1660422709, , 33.6768, -117.8655, 0, 135, 1, T206, , , , , T206
1660422709, , 33.6768, -117.8655, 0, 135, 1, T206, , , , , T206
1660422709, , 33.6768, -117.8655, 0, 135, 1, T206, , , , , T206
1660422730, , 33.6767, -117.8653, 0, 135, 6, T206, , , , , T206
1660422730, , 33.6767, -117.8653, 0, 135, 6, T206, , , , , T206
1660422733, , 33.6767, -117.8652, 0, 135, 7, T206, , , , , T206
1660422733, , 33.6767, -117.8652, 0, 135, 7, T206, , , , , T206
1660422737, , 33.6766, -117.8651, 0, 154, 7, T206, , , , , T206
1660422741, , 33.6764, -117.8651, 0, 157, 6, T206, , , , , T206
1660422741, , 33.6764, -117.8651, 0, 157, 6, T206, , , , , T206
1660422742, , 33.6764, -117.8651, 0, 157, 6, T206, , , , , T206
1660422742, , 33.6764, -117.8651, 0, 157, 6, T206, , , , , T206
1660422746, , 33.6763, -117.8651, 0, 202, 8, T206, , , , , T206
1660422746, , 33.6763, -117.8651, 0, 202, 8, T206, , , , , T206
1660422752, , 33.6761, -117.8653, 0, 208, 10, T206, , , , , T206
1660422752, , 33.6761, -117.8653, 0, 208, 10, T206, , , , , T206
1660422752, , 33.6761, -117.8653, 0, 208, 10, T206, , , , , T206
1660422752, , 33.6761, -117.8653, 0, 208, 10, T206, , , , , T206
1660422752, , 33.6761, -117.8653, 0, 208, 10, T206, , , , , T206
1660422765, , 33.6754, -117.8657, 0, 208, 15, T206, , , , , T206
1660422765, , 33.6754, -117.8657, 0, 208, 15, T206, , , , , T206
1660422769, , 33.6752, -117.8658, 0, 208, 15, T206, , , , , T206
1660422772, , 33.675, -117.866, 0, 208, 15, T206, , , , , T206
1660422772, , 33.675, -117.866, 0, 208, 15, T206, , , , , T206
1660422776, , 33.6748, -117.8661, 0, 208, 13, T206, , , , , T206
1660422776, , 33.6748, -117.8661, 0, 208, 13, T206, , , , , T206
1660422776, , 33.6748, -117.8661, 0, 208, 13, T206, , , , , T206
1660422776, , 33.6748, -117.8661, 0, 208, 13, T206, , , , , T206
1660422785, , 33.6743, -117.8664, 0, 208, 11, T206, , , , , T206
1660422788, , 33.6742, -117.8665, 0, 208, 9, T206, , , , , T206
1660422788, , 33.6742, -117.8665, 0, 208, 9, T206, , , , , T206
1660422791, , 33.6741, -117.8665, 0, 208, 6, T206, , , , , T206
1660422791, , 33.6741, -117.8665, 0, 208, 6, T206, , , , , T206
1660422795, , 33.674, -117.8666, 0, 208, 1, T206, , , , , T206
1660422795, , 33.674, -117.8666, 0, 208, 1, T206, , , , , T206
1660422801, , 33.674, -117.8666, 0, 208, 1, T206, , , , , T206
1660422804, , 33.674, -117.8666, 0, 208, 1, T206, , , , , T206
1660422804, , 33.674, -117.8666, 0, 208, 1, T206, , , , , T206
1660422808, , 33.674, -117.8666, 0, 208, 1, T206, , , , , T206
1660422808, , 33.674, -117.8666, 0, 208, 1, T206, , , , , T206
1660422812, , 33.674, -117.8666, 0, 208, 1, T206, , , , , T206
1660422812, , 33.674, -117.8666, 0, 208, 1, T206, , , , , T206
1660422817, , 33.674, -117.8666, 0, 208, 0, T206, , , , , T206
1660422820, , 33.674, -117.8666, 0, 208, 0, T206, , , , , T206
1660422820, , 33.674, -117.8666, 0, 208, 0, T206, , , , , T206
1660422820, , 33.674, -117.8666, 0, 208, 0, T206, , , , , T206
1660422820, , 33.674, -117.8666, 0, 208, 0, T206, , , , , T206
1660422820, , 33.674, -117.8666, 0, 208, 0, T206, , , , , T206
1660422820, , 33.674, -117.8666, 0, 208, 0, T206, , , , , T206
1660422831, , 33.674, -117.8666, 0, 208, 0, T206, , , , , T206
1660422831, , 33.674, -117.8666, 0, 208, 0, T206, , , , , T206
1660422831, , 33.674, -117.8666, 0, 208, 0, T206, , , , , T206
1660422831, , 33.674, -117.8666, 0, 208, 0, T206, , , , , T206
1660422831, , 33.674, -117.8666, 0, 208, 0, T206, , , , , T206
1660422831, , 33.674, -117.8666, 0, 208, 0, T206, , , , , T206
1660422831, , 33.674, -117.8666, 0, 208, 0, T206, , , , , T206
1660422831, , 33.674, -117.8666, 0, 208, 0, T206, , , , , T206
1660422831, , 33.674, -117.8666, 0, 208, 0, T206, , , , , T206
1660422831, , 33.674, -117.8666, 0, 208, 0, T206, , , , , T206
1660422831, , 33.674, -117.8666, 0, 208, 0, T206, , , , , T206
1660422831, , 33.674, -117.8666, 0, 208, 0, T206, , , , , T206
1660422861, , 33.674, -117.8666, 0, 208, 0, T206, , , , , T206
1660422861, , 33.674, -117.8666, 0, 208, 0, T206, , , , , T206
1660422861, , 33.674, -117.8666, 0, 208, 0, T206, , , , , T206
1660422861, , 33.674, -117.8666, 0, 208, 0, T206, , , , , T206
1660422866, , 33.674, -117.8666, 0, 208, 0, T206, , , , , T206
1660422871, , 33.674, -117.8666, 0, 208, 0, T206, , , , , T206
1660422871, , 33.674, -117.8666, 0, 208, 0, T206, , , , , T206
1660422877, , 33.6739, -117.8666, 0, 208, 4, T206, , , , , T206
1660422877, , 33.6739, -117.8666, 0, 208, 4, T206, , , , , T206
1660422881, , 33.6739, -117.8667, 0, 208, 6, T206, , , , , T206
1660422881, , 33.6739, -117.8667, 0, 208, 6, T206, , , , , T206
1660422886, , 33.6737, -117.8668, 0, 210, 11, T206, , , , , T206
1660422888, , 33.6735, -117.8669, 0, 208, 14, T206, , , , , T206
1660422888, , 33.6735, -117.8669, 0, 208, 14, T206, , , , , T206
1660422893, , 33.6733, -117.8671, 0, 216, 13, T206, , , , , T206
1660422893, , 33.6733, -117.8671, 0, 216, 13, T206, , , , , T206
1660422897, , 33.6731, -117.8672, 0, 210, 11, T206, , , , , T206
1660422897, , 33.6731, -117.8672, 0, 210, 11, T206, , , , , T206
1660422897, , 33.6731, -117.8672, 0, 210, 11, T206, , , , , T206
1660422906, , 33.6728, -117.8672, 0, 149, 8, T206, , , , , T206
1660422906, , 33.6728, -117.8672, 0, 149, 8, T206, , , , , T206
1660422909, , 33.6727, -117.8671, 0, 140, 7, T206, , , , , T206
1660422909, , 33.6727, -117.8671, 0, 140, 7, T206, , , , , T206
1660422913, , 33.6726, -117.8671, 0, 140, 6, T206, , , , , T206
1660422913, , 33.6726, -117.8671, 0, 140, 6, T206, , , , , T206
1660422913, , 33.6726, -117.8671, 0, 140, 6, T206, , , , , T206
1660422920, , 33.6724, -117.8671, 0, 190, 6, T206, , , , , T206
1660422920, , 33.6724, -117.8671, 0, 190, 6, T206, , , , , T206
1660422920, , 33.6724, -117.8671, 0, 190, 6, T206, , , , , T206
1660422920, , 33.6724, -117.8671, 0, 190, 6, T206, , , , , T206
1660422929, , 33.6722, -117.8672, 0, 140, 5, T206, , , , , T206
1660422929, , 33.6722, -117.8672, 0, 140, 5, T206, , , , , T206
1660422931, , 33.6721, -117.8672, 0, 140, 5, T206, , , , , T206
1660422931, , 33.6721, -117.8672, 0, 140, 5, T206, , , , , T206
1660422931, , 33.6721, -117.8672, 0, 140, 5, T206, , , , , T206
1660422940, , 33.672, -117.8673, 0, 140, 5, T206, , , , , T206
1660422940, , 33.672, -117.8673, 0, 140, 5, T206, , , , , T206
1660422946, , 33.6718, -117.8674, 0, 217, 5, T206, , , , , T206
1660422946, , 33.6718, -117.8674, 0, 217, 5, T206, , , , , T206
1660422950, , 33.6718, -117.8675, 0, 229, 5, T206, , , , , T206
1660422950, , 33.6718, -117.8675, 0, 229, 5, T206, , , , , T206
1660422950, , 33.6718, -117.8675, 0, 229, 5, T206, , , , , T206
1660422957, , 33.6717, -117.8676, 0, 216, 4, T206, , , , , T206
1660422957, , 33.6717, -117.8676, 0, 216, 4, T206, , , , , T206
1660422961, , 33.6716, -117.8676, 0, 180, 2, T206, , , , , T206
1660422961, , 33.6716, -117.8676, 0, 180, 2, T206, , , , , T206
1660422964, , 33.6716, -117.8676, 0, 180, 1, T206, , , , , T206
1660422964, , 33.6716, -117.8676, 0, 180, 1, T206, , , , , T206
1660422964, , 33.6716, -117.8676, 0, 180, 1, T206, , , , , T206
1660422964, , 33.6716, -117.8676, 0, 180, 1, T206, , , , , T206
1660422964, , 33.6716, -117.8676, 0, 180, 1, T206, , , , , T206
1660422964, , 33.6716, -117.8676, 0, 180, 1, T206, , , , , T206
1660422964, , 33.6716, -117.8676, 0, 180, 1, T206, , , , , T206
1660422964, , 33.6716, -117.8676, 0, 180, 1, T206, , , , , T206
1660422964, , 33.6716, -117.8676, 0, 180, 1, T206, , , , , T206
1660422964, , 33.6716, -117.8676, 0, 180, 1, T206, , , , , T206
1660422964, , 33.6716, -117.8676, 0, 180, 1, T206, , , , , T206
1660422964, , 33.6716, -117.8676, 0, 180, 1, T206, , , , , T206
1660422964, , 33.6716, -117.8676, 0, 180, 1, T206, , , , , T206
1660422964, , 33.6716, -117.8676, 0, 180, 1, T206, , , , , T206
1660422964, , 33.6716, -117.8676, 0, 180, 1, T206, , , , , T206
1660422964, , 33.6716, -117.8676, 0, 180, 1, T206, , , , , T206
1660422964, , 33.6716, -117.8676, 0, 180, 1, T206, , , , , T206
1660422964, , 33.6716, -117.8676, 0, 180, 1, T206, , , , , T206
1660422964, , 33.6716, -117.8676, 0, 180, 1, T206, , , , , T206
1660422964, , 33.6716, -117.8676, 0, 180, 1, T206, , , , , T206
1660422964, , 33.6716, -117.8676, 0, 180, 1, T206, , , , , T206
1660422964, , 33.6716, -117.8676, 0, 180, 1, T206, , , , , T206
1660422964, , 33.6716, -117.8676, 0, 180, 1, T206, , , , , T206
1660422964, , 33.6716, -117.8676, 0, 180, 1, T206, , , , , T206
1660422964, , 33.6716, -117.8676, 0, 180, 1, T206, , , , , T206
1660422964, , 33.6716, -117.8676, 0, 180, 1, T206, , , , , T206
1660422964, , 33.6716, -117.8676, 0, 180, 1, T206, , , , , T206
1660422964, , 33.6716, -117.8676, 0, 180, 1, T206, , , , , T206
1660422964, , 33.6716, -117.8676, 0, 180, 1, T206, , , , , T206
1660422964, , 33.6716, -117.8676, 0, 180, 1, T206, , , , , T206
1660422964, , 33.6716, -117.8676, 0, 180, 1, T206, , , , , T206
1660422964, , 33.6716, -117.8676, 0, 180, 1, T206, , , , , T206
1660422964, , 33.6716, -117.8676, 0, 180, 1, T206, , , , , T206
1660422964, , 33.6716, -117.8676, 0, 180, 1, T206, , , , , T206
1660422964, , 33.6716, -117.8676, 0, 180, 1, T206, , , , , T206
1660422964, , 33.6716, -117.8676, 0, 180, 1, T206, , , , , T206
1660422964, , 33.6716, -117.8676, 0, 180, 1, T206, , , , , T206
1660422964, , 33.6716, -117.8676, 0, 180, 1, T206, , , , , T206
