//Timestamp, ICAO, Latitude_deg, Longitude_deg, Altitude_ft, Heading_deg, GroundSpeed_kts, AircraftType, RegistrationNum, Departure, Arrival, FlightNumber1, FlightNumber2
1660419926, AE5DD2, 33.1262, -117.7731, 525, 17, 128, , , , , , UGLY42
1660419926, AE5DD2, 33.1262, -117.7731, 525, 17, 128, , , , , , UGLY42
1660419934, AE5DD2, 33.1308, -117.7709, 650, 22, 130, , , , , , UGLY42
1660419934, AE5DD2, 33.1308, -117.7709, 650, 22, 130, , , , , , UGLY42
1660419937, AE5DD2, 33.1325, -117.77, 675, 22, 131, , , , , , UGLY42
1660419940, AE5DD2, 33.1341, -117.7692, 700, 23, 132, , , , , , UGLY42
1660419940, AE5DD2, 33.1341, -117.7692, 700, 23, 132, , , , , , UGLY42
1660419942, AE5DD2, 33.135, -117.7687, 725, 22, 133, , , , , , UGLY42
1660419942, AE5DD2, 33.135, -117.7687, 725, 22, 133, , , , , , UGLY42
1660419947, AE5DD2, 33.138, -117.7673, 800, 20, 134, , , , , , UGLY42
1660419947, AE5DD2, 33.138, -117.7673, 800, 20, 134, , , , , , UGLY42
1660419951, AE5DD2, 33.1404, -117.7662, 850, 19, 133, , , , , , UGLY42
1660419955, AE5DD2, 33.1429, -117.7653, 850, 18, 130, , , , , , UGLY42
1660419955, AE5DD2, 33.1429, -117.7653, 850, 18, 130, , , , , , UGLY42
1660419959, AE5DD2, 33.1451, -117.7644, 850, 17, 130, , , , , , UGLY42
1660419959, AE5DD2, 33.1451, -117.7644, 850, 17, 130, , , , , , UGLY42
1660419963, AE5DD2, 33.1474, -117.7635, 850, 16, 130, , , , , , UGLY42
1660419963, AE5DD2, 33.1474, -117.7635, 850, 16, 130, , , , , , UGLY42
1660419967, AE5DD2, 33.1501, -117.7626, 850, 16, 133, , , , , , UGLY42
1660419974, AE5DD2, 33.1539, -117.7614, 325, 15, 145, , , , , , UGLY42
1660419974, AE5DD2, 33.1539, -117.7614, 325, 15, 145, , , , , , UGLY42
1660419977, AE5DD2, 33.1559, -117.7607, 850, 279, 76, , , , , , UGLY42
1660419977, AE5DD2, 33.1559, -117.7607, 850, 279, 76, , , , , , UGLY42
1660419981, AE5DD2, 33.1589, -117.7597, 850, 16, 163, , , , , , UGLY42
1660419981, AE5DD2, 33.1589, -117.7597, 850, 16, 163, , , , , , UGLY42
1660419985, AE5DD2, 33.1621, -117.7584, 425, 17, 171, , , , , , UGLY42
1660419989, AE5DD2, 33.1651, -117.7573, 825, 17, 177, , , , , , UGLY42
1660419989, AE5DD2, 33.1651, -117.7573, 825, 17, 177, , , , , , UGLY42
1660419993, AE5DD2, 33.1684, -117.7561, 850, 17, 178, , , , , , UGLY42
1660419993, AE5DD2, 33.1684, -117.7561, 850, 17, 178, , , , , , UGLY42
1660419997, AE5DD2, 33.1713, -117.7549, 825, 22, 129, , , , , , UGLY42
1660420002, AE5DD2, 33.1752, -117.7534, 825, 18, 178, , , , , , UGLY42
1660420002, AE5DD2, 33.1752, -117.7534, 825, 18, 178, , , , , , UGLY42
1660420006, AE5DD2, 33.178, -117.7523, 825, 18, 181, , , , , , UGLY42
1660420006, AE5DD2, 33.178, -117.7523, 825, 18, 181, , , , , , UGLY42
1660420010, AE5DD2, 33.1805, -117.7513, 550, 18, 179, , , , , , UGLY42
1660420010, AE5DD2, 33.1805, -117.7513, 550, 18, 179, , , , , , UGLY42
1660420010, AE5DD2, 33.1805, -117.7513, 550, 18, 179, , , , , , UGLY42
1660420014, AE5DD2, 33.185, -117.7495, 800, 19, 175, , , , , , UGLY42
1660420014, AE5DD2, 33.185, -117.7495, 800, 19, 175, , , , , , UGLY42
1660420022, AE5DD2, 33.1906, -117.7468, 775, 22, 175, , , , , , UGLY42
1660420022, AE5DD2, 33.1906, -117.7468, 775, 22, 175, , , , , , UGLY42
1660420022, AE5DD2, 33.1906, -117.7468, 775, 22, 175, , , , , , UGLY42
1660420022, AE5DD2, 33.1906, -117.7468, 775, 22, 175, , , , , , UGLY42
1660420029, AE5DD2, 33.1946, -117.7449, 575, 22, 174, , , , , , UGLY42
1660420033, AE5DD2, 33.199, -117.7427, 775, 22, 174, , , , , , UGLY42
1660420033, AE5DD2, 33.199, -117.7427, 775, 22, 174, , , , , , UGLY42
1660420037, AE5DD2, 33.2019, -117.7413, 800, 20, 239, , , , , , UGLY42
1660420037, AE5DD2, 33.2019, -117.7413, 800, 20, 239, , , , , , UGLY42
1660420041, AE5DD2, 33.2052, -117.7397, 800, 22, 174, , , , , , UGLY42
1660420041, AE5DD2, 33.2052, -117.7397, 800, 22, 174, , , , , , UGLY42
1660420045, AE5DD2, 33.2082, -117.7382, 775, 22, 175, , , , , , UGLY42
1660420048, AE5DD2, 33.2105, -117.7371, 775, 22, 175, , , , , , UGLY42
1660420048, AE5DD2, 33.2105, -117.7371, 775, 22, 175, , , , , , UGLY42
1660420054, AE5DD2, 33.2148, -117.7349, 775, 22, 175, , , , , , UGLY42
1660420054, AE5DD2, 33.2148, -117.7349, 775, 22, 175, , , , , , UGLY42
1660420054, AE5DD2, 33.2148, -117.7349, 775, 22, 175, , , , , , UGLY42
1660420054, AE5DD2, 33.2148, -117.7349, 775, 22, 175, , , , , , UGLY42
1660420058, AE5DD2, 33.2174, -117.7337, 775, 22, 175, , , , , , UGLY42
1660420066, AE5DD2, 33.2236, -117.7306, 775, 22, 175, , , , , , UGLY42
1660420066, AE5DD2, 33.2236, -117.7306, 775, 22, 175, , , , , , UGLY42
1660420070, AE5DD2, 33.2267, -117.7291, 750, 22, 175, , , , , , UGLY42
1660420070, AE5DD2, 33.2267, -117.7291, 750, 22, 175, , , , , , UGLY42
1660420070, AE5DD2, 33.2267, -117.7291, 750, 22, 175, , , , , , UGLY42
1660420074, AE5DD2, 33.23, -117.7277, 750, 16, 175, , , , , , UGLY42
1660420074, AE5DD2, 33.23, -117.7277, 750, 16, 175, , , , , , UGLY42
1660420079, AE5DD2, 33.2336, -117.7265, 750, 15, 175, , , , , , UGLY42
1660420079, AE5DD2, 33.2336, -117.7265, 750, 15, 175, , , , , , UGLY42
1660420085, AE5DD2, 33.2387, -117.725, 750, 28, 259, , , , , , UGLY42
1660420085, AE5DD2, 33.2387, -117.725, 750, 28, 259, , , , , , UGLY42
1660420085, AE5DD2, 33.2387, -117.725, 750, 28, 259, , , , , , UGLY42
1660420093, AE5DD2, 33.2438, -117.7235, 900, 28, 259, , , , , , UGLY42
1660420093, AE5DD2, 33.2438, -117.7235, 900, 28, 259, , , , , , UGLY42
1660420097, AE5DD2, 33.2475, -117.7224, 750, 14, 173, , , , , , UGLY42
1660420097, AE5DD2, 33.2475, -117.7224, 750, 14, 173, , , , , , UGLY42
1660420101, AE5DD2, 33.2512, -117.7213, 925, 27, 257, , , , , , UGLY42
1660420101, AE5DD2, 33.2512, -117.7213, 925, 27, 257, , , , , , UGLY42
1660420105, AE5DD2, 33.2542, -117.7204, 750, 25, 254, , , , , , UGLY42
1660420109, AE5DD2, 33.2565, -117.7197, 775, 13, 172, , , , , , UGLY42
1660420109, AE5DD2, 33.2565, -117.7197, 775, 13, 172, , , , , , UGLY42
1660420113, AE5DD2, 33.2595, -117.7188, 775, 13, 171, , , , , , UGLY42
1660420113, AE5DD2, 33.2595, -117.7188, 775, 13, 171, , , , , , UGLY42
1660420117, AE5DD2, 33.2625, -117.718, 775, 13, 171, , , , , , UGLY42
1660420117, AE5DD2, 33.2625, -117.718, 775, 13, 171, , , , , , UGLY42
1660420121, AE5DD2, 33.2658, -117.7171, 775, 13, 171, , , , , , UGLY42
1660420126, AE5DD2, 33.269, -117.7162, 950, 17, 261, , , , , , UGLY42
1660420126, AE5DD2, 33.269, -117.7162, 950, 17, 261, , , , , , UGLY42
1660420130, AE5DD2, 33.2734, -117.7149, 775, 14, 262, , , , , , UGLY42
1660420130, AE5DD2, 33.2734, -117.7149, 775, 14, 262, , , , , , UGLY42
1660420130, AE5DD2, 33.2734, -117.7149, 775, 14, 262, , , , , , UGLY42
1660420130, AE5DD2, 33.2734, -117.7149, 775, 14, 262, , , , , , UGLY42
1660420138, AE5DD2, 33.2783, -117.7135, 975, 10, 262, , , , , , UGLY42
1660420142, AE5DD2, 33.2825, -117.7122, 975, 14, 173, , , , , , UGLY42
1660420142, AE5DD2, 33.2825, -117.7122, 975, 14, 173, , , , , , UGLY42
1660420145, AE5DD2, 33.2796, -117.7023, 975, 7, 260, , , , , , UGLY42
1660420145, AE5DD2, 33.2796, -117.7023, 975, 7, 260, , , , , , UGLY42
1660420148, AE5DD2, 33.2832, -117.7018, 800, 6, 259, , , , , , UGLY42
1660420148, AE5DD2, 33.2832, -117.7018, 800, 6, 259, , , , , , UGLY42
1660420154, AE5DD2, 33.2922, -117.7094, 775, 4, 257, , , , , , UGLY42
1660420157, AE5DD2, 33.2945, -117.7087, 975, 3, 256, , , , , , UGLY42
1660420157, AE5DD2, 33.2945, -117.7087, 975, 3, 256, , , , , , UGLY42
1660420160, AE5DD2, 33.2969, -117.7081, 975, 12, 177, , , , , , UGLY42
1660420160, AE5DD2, 33.2969, -117.7081, 975, 12, 177, , , , , , UGLY42
1660420164, AE5DD2, 33.3025, -117.7, 950, 15, 185, , , , , , UGLY42
1660420164, AE5DD2, 33.3025, -117.7, 950, 15, 185, , , , , , UGLY42
1660420168, AE5DD2, 33.3033, -117.7059, 825, 3, 250, , , , , , UGLY42
1660420168, AE5DD2, 33.3033, -117.7059, 825, 3, 250, , , , , , UGLY42
1660420174, AE5DD2, 33.3084, -117.7042, 925, 2, 240, , , , , , UGLY42
1660420176, AE5DD2, 33.3114, -117.7033, 825, 1, 237, , , , , , UGLY42
1660420176, AE5DD2, 33.3114, -117.7033, 825, 1, 237, , , , , , UGLY42
1660420180, AE5DD2, 33.3184, -117.6992, 900, 9, 217, , , , , , UGLY42
1660420180, AE5DD2, 33.3184, -117.6992, 900, 9, 217, , , , , , UGLY42
1660420185, AE5DD2, 33.3256, -117.699, 825, 1, 223, , , , , , UGLY42
1660420185, AE5DD2, 33.3256, -117.699, 825, 1, 223, , , , , , UGLY42
1660420189, AE5DD2, 33.327, -117.6989, 850, 3, 208, , , , , , UGLY42
1660420192, AE5DD2, 33.3323, -117.6985, 850, 5, 220, , , , , , UGLY42
1660420192, AE5DD2, 33.3323, -117.6985, 850, 5, 220, , , , , , UGLY42
1660420197, AE5DD2, 33.3375, -117.6972, 750, 14, 219, , , , , , UGLY42
1660420197, AE5DD2, 33.3375, -117.6972, 750, 14, 219, , , , , , UGLY42
1660420200, AE5DD2, 33.3396, -117.6964, 750, 14, 219, , , , , , UGLY42
1660420200, AE5DD2, 33.3396, -117.6964, 750, 14, 219, , , , , , UGLY42
1660420204, AE5DD2, 33.3442, -117.6938, 850, 28, 221, , , , , , UGLY42
1660420208, AE5DD2, 33.3477, -117.6909, 850, 38, 222, , , , , , UGLY42
1660420208, AE5DD2, 33.3477, -117.6909, 850, 38, 222, , , , , , UGLY42
1660420211, AE5DD2, 33.3499, -117.6886, 825, 44, 224, , , , , , UGLY42
1660420211, AE5DD2, 33.3499, -117.6886, 825, 44, 224, , , , , , UGLY42
1660420218, AE5DD2, 33.3545, -117.682, 725, 53, 229, , , , , , UGLY42
1660420218, AE5DD2, 33.3545, -117.682, 725, 53, 229, , , , , , UGLY42
1660420221, AE5DD2, 33.3565, -117.6788, 675, 51, 218, , , , , , UGLY42
1660420224, AE5DD2, 33.3581, -117.6756, 650, 56, 217, , , , , , UGLY42
1660420224, AE5DD2, 33.3581, -117.6756, 650, 56, 217, , , , , , UGLY42
1660420230, AE5DD2, 33.3613, -117.6689, 625, 62, 230, , , , , , UGLY42
1660420230, AE5DD2, 33.3613, -117.6689, 625, 62, 230, , , , , , UGLY42
1660420233, AE5DD2, 33.3629, -117.6653, 600, 63, 216, , , , , , UGLY42
1660420233, AE5DD2, 33.3629, -117.6653, 600, 63, 216, , , , , , UGLY42
1660420238, AE5DD2, 33.3648, -117.6604, 600, 64, 226, , , , , , UGLY42
1660420242, AE5DD2, 33.3668, -117.6553, 600, 64, 229, , , , , , UGLY42
1660420242, AE5DD2, 33.3668, -117.6553, 600, 64, 229, , , , , , UGLY42
1660420245, AE5DD2, 33.368, -117.6517, 575, 65, 229, , , , , , UGLY42
1660420245, AE5DD2, 33.368, -117.6517, 575, 65, 229, , , , , , UGLY42
1660420250, AE5DD2, 33.3698, -117.6464, 575, 69, 219, , , , , , UGLY42
1660420250, AE5DD2, 33.3698, -117.6464, 575, 69, 219, , , , , , UGLY42
1660420254, AE5DD2, 33.371, -117.6423, 550, 69, 219, , , , , , UGLY42
1660420254, AE5DD2, 33.371, -117.6423, 550, 69, 219, , , , , , UGLY42
1660420258, AE5DD2, 33.3724, -117.6377, 525, 70, 213, , , , , , UGLY42
1660420262, AE5DD2, 33.3694, -117.6375, 500, 70, 220, , , , , , UGLY42
1660420266, AE5DD2, 33.3749, -117.6282, 500, 74, 206, , , , , , UGLY42
1660420266, AE5DD2, 33.3749, -117.6282, 500, 74, 206, , , , , , UGLY42
1660420270, AE5DD2, 33.3718, -117.629, 500, 76, 205, , , , , , UGLY42
1660420270, AE5DD2, 33.3718, -117.629, 500, 76, 205, , , , , , UGLY42
1660420270, AE5DD2, 33.3718, -117.629, 500, 76, 205, , , , , , UGLY42
1660420270, AE5DD2, 33.3718, -117.629, 500, 76, 205, , , , , , UGLY42
1660420277, AE5DD2, 33.3769, -117.6161, 550, 78, 203, , , , , , UGLY42
1660420280, AE5DD2, 33.3742, -117.6174, 550, 87, 196, , , , , , UGLY42
1660420280, AE5DD2, 33.3742, -117.6174, 550, 87, 196, , , , , , UGLY42
1660420283, AE5DD2, 33.3771, -117.6095, 575, 83, 203, , , , , , UGLY42
1660420283, AE5DD2, 33.3771, -117.6095, 575, 83, 203, , , , , , UGLY42
1660420289, AE5DD2, 33.3771, -117.6029, 475, 91, 186, , , , , , UGLY42
1660420289, AE5DD2, 33.3771, -117.6029, 475, 91, 186, , , , , , UGLY42
1660420292, AE5DD2, 33.377, -117.5998, 600, 92, 177, , , , , , UGLY42
1660420292, AE5DD2, 33.377, -117.5998, 600, 92, 177, , , , , , UGLY42
1660420295, AE5DD2, 33.375, -117.6004, 600, 93, 171, , , , , , UGLY42
1660420301, AE5DD2, 33.3766, -117.5917, 600, 94, 154, , , , , , UGLY42
1660420301, AE5DD2, 33.3766, -117.5917, 600, 94, 154, , , , , , UGLY42
1660420304, AE5DD2, 33.3764, -117.5892, 600, 94, 146, , , , , , UGLY42
1660420304, AE5DD2, 33.3764, -117.5892, 600, 94, 146, , , , , , UGLY42
1660420307, AE5DD2, 33.3762, -117.5868, 575, 93, 131, , , , , , UGLY42
1660420311, AE5DD2, 33.376, -117.5847, 575, 95, 137, , , , , , UGLY42
1660420311, AE5DD2, 33.376, -117.5847, 575, 95, 137, , , , , , UGLY42
1660420315, AE5DD2, 33.3757, -117.5813, 550, 96, 131, , , , , , UGLY42
1660420315, AE5DD2, 33.3757, -117.5813, 550, 96, 131, , , , , , UGLY42
1660420320, AE5DD2, 33.3754, -117.578, 550, 96, 127, , , , , , UGLY42
1660420320, AE5DD2, 33.3754, -117.578, 550, 96, 127, , , , , , UGLY42
1660420324, AE5DD2, 33.3751, -117.575, 525, 85, 126, , , , , , UGLY42
1660420324, AE5DD2, 33.3751, -117.575, 525, 85, 126, , , , , , UGLY42
1660420328, AE5DD2, 33.3749, -117.5722, 500, 86, 124, , , , , , UGLY42
1660420332, AE5DD2, 33.3753, -117.5735, 500, 97, 124, , , , , , UGLY42
1660420332, AE5DD2, 33.3753, -117.5735, 500, 97, 124, , , , , , UGLY42
1660420336, AE5DD2, 33.3754, -117.5709, 500, 88, 120, , , , , , UGLY42
1660420336, AE5DD2, 33.3754, -117.5709, 500, 88, 120, , , , , , UGLY42
1660420338, AE5DD2, 33.3754, -117.5697, 475, 89, 120, , , , , , UGLY42
1660420345, AE5DD2, 33.3733, -117.5603, 450, 94, 122, , , , , , UGLY42
1660420345, AE5DD2, 33.3733, -117.5603, 450, 94, 122, , , , , , UGLY42
1660420348, AE5DD2, 33.3729, -117.5588, 475, 97, 121, , , , , , UGLY42
1660420348, AE5DD2, 33.3729, -117.5588, 475, 97, 121, , , , , , UGLY42
1660420352, AE5DD2, 33.3748, -117.5604, 475, 109, 120, , , , , , UGLY42
1660420352, AE5DD2, 33.3748, -117.5604, 475, 109, 120, , , , , , UGLY42
1660420356, AE5DD2, 33.3717, -117.5548, 425, 111, 120, , , , , , UGLY42
1660420360, AE5DD2, 33.3701, -117.5511, 425, 120, 117, , , , , , UGLY42
1660420360, AE5DD2, 33.3701, -117.5511, 425, 120, 117, , , , , , UGLY42
1660420360, AE5DD2, 33.3701, -117.5511, 425, 120, 117, , , , , , UGLY42
1660420360, AE5DD2, 33.3701, -117.5511, 425, 120, 117, , , , , , UGLY42
1660420366, AE5DD2, 33.3683, -117.5479, 425, 121, 118, , , , , , UGLY42
1660420366, AE5DD2, 33.3683, -117.5479, 425, 121, 118, , , , , , UGLY42
1660420371, AE5DD2, 33.3669, -117.5456, 425, 128, 123, , , , , , UGLY42
1660420371, AE5DD2, 33.3669, -117.5456, 425, 128, 123, , , , , , UGLY42
1660420377, AE5DD2, 33.3647, -117.5424, 425, 128, 125, , , , , , UGLY42
1660420382, AE5DD2, 33.3628, -117.5395, 425, 128, 127, , , , , , UGLY42
1660420382, AE5DD2, 33.3628, -117.5395, 425, 128, 127, , , , , , UGLY42
1660420385, AE5DD2, 33.3616, -117.5378, 500, 127, 124, , , , , , UGLY42
1660420385, AE5DD2, 33.3616, -117.5378, 500, 127, 124, , , , , , UGLY42
1660420385, AE5DD2, 33.3616, -117.5378, 500, 127, 124, , , , , , UGLY42
1660420392, AE5DD2, 33.3589, -117.5337, 400, 127, 127, , , , , , UGLY42
1660420392, AE5DD2, 33.3589, -117.5337, 400, 127, 127, , , , , , UGLY42
1660420396, AE5DD2, 33.3578, -117.5319, 400, 126, 126, , , , , , UGLY42
1660420396, AE5DD2, 33.3578, -117.5319, 400, 126, 126, , , , , , UGLY42
1660420400, AE5DD2, 33.3563, -117.5296, 400, 127, 126, , , , , , UGLY42
1660420400, AE5DD2, 33.3563, -117.5296, 400, 127, 126, , , , , , UGLY42
1660420405, AE5DD2, 33.3554, -117.5282, 400, 129, 125, , , , , , UGLY42
1660420405, AE5DD2, 33.3554, -117.5282, 400, 129, 125, , , , , , UGLY42
1660420410, AE5DD2, 33.3528, -117.5245, 450, 127, 117, , , , , , UGLY42
1660420413, AE5DD2, 33.3521, -117.5234, 450, 129, 127, , , , , , UGLY42
1660420413, AE5DD2, 33.3521, -117.5234, 450, 129, 127, , , , , , UGLY42
1660420418, AE5DD2, 33.3496, -117.5199, 425, 129, 127, , , , , , UGLY42
1660420418, AE5DD2, 33.3496, -117.5199, 425, 129, 127, , , , , , UGLY42
1660420418, AE5DD2, 33.3496, -117.5199, 425, 129, 127, , , , , , UGLY42
1660420425, AE5DD2, 33.347, -117.516, 425, 128, 127, , , , , , UGLY42
1660420425, AE5DD2, 33.347, -117.516, 425, 128, 127, , , , , , UGLY42
1660420429, AE5DD2, 33.3455, -117.5137, 425, 128, 128, , , , , , UGLY42
1660420429, AE5DD2, 33.3455, -117.5137, 425, 128, 128, , , , , , UGLY42
1660420429, AE5DD2, 33.3455, -117.5137, 425, 128, 128, , , , , , UGLY42
1660420429, AE5DD2, 33.3455, -117.5137, 425, 128, 128, , , , , , UGLY42
1660420436, AE5DD2, 33.3479, -117.5149, 475, 128, 120, , , , , , UGLY42
1660420441, AE5DD2, 33.3461, -117.5124, 475, 129, 119, , , , , , UGLY42
1660420441, AE5DD2, 33.3461, -117.5124, 475, 129, 119, , , , , , UGLY42
1660420445, AE5DD2, 33.3446, -117.5102, 475, 129, 120, , , , , , UGLY42
1660420445, AE5DD2, 33.3446, -117.5102, 475, 129, 120, , , , , , UGLY42
1660420445, AE5DD2, 33.3446, -117.5102, 475, 129, 120, , , , , , UGLY42
1660420445, AE5DD2, 33.3446, -117.5102, 475, 129, 120, , , , , , UGLY42
1660420451, AE5DD2, 33.338, -117.5025, 350, 129, 110, , , , , , UGLY42
1660420457, AE5DD2, 33.3369, -117.501, 325, 128, 95, , , , , , UGLY42
1660420457, AE5DD2, 33.3369, -117.501, 325, 128, 95, , , , , , UGLY42
1660420460, AE5DD2, 33.3359, -117.4996, 325, 130, 70, , , , , , UGLY42
1660420460, AE5DD2, 33.3359, -117.4996, 325, 130, 70, , , , , , UGLY42
1660420466, AE5DD2, 33.3349, -117.498, 300, 128, 54, , , , , , UGLY42
1660420466, AE5DD2, 33.3349, -117.498, 300, 128, 54, , , , , , UGLY42
1660420466, AE5DD2, 33.3349, -117.498, 300, 128, 54, , , , , , UGLY42
1660420472, AE5DD2, 33.334, -117.497, 250, 130, 59, , , , , , UGLY42
1660420472, AE5DD2, 33.334, -117.497, 250, 130, 59, , , , , , UGLY42
1660420472, AE5DD2, 33.334, -117.497, 250, 130, 59, , , , , , UGLY42
1660420472, AE5DD2, 33.334, -117.497, 250, 130, 59, , , , , , UGLY42
1660420480, AE5DD2, 33.3335, -117.4965, 275, 143, 45, , , , , , UGLY42
1660420480, AE5DD2, 33.3335, -117.4965, 275, 143, 45, , , , , , UGLY42
1660420484, AE5DD2, 33.3356, -117.4978, 300, 140, 34, , , , , , UGLY42
1660420489, AE5DD2, 33.335, -117.4972, 275, 135, 1, , , , , , UGLY42
1660420489, AE5DD2, 33.335, -117.4972, 275, 135, 1, , , , , , UGLY42
1660420489, AE5DD2, 33.335, -117.4972, 275, 135, 1, , , , , , UGLY42
1660420489, AE5DD2, 33.335, -117.4972, 275, 135, 1, , , , , , UGLY42
1660420494, AE5DD2, 33.3346, -117.4967, 275, 143, 40, , , , , , UGLY42
1660420500, AE5DD2, 33.3344, -117.4964, 250, 143, 20, , , , , , UGLY42
1660420500, AE5DD2, 33.3344, -117.4964, 250, 143, 20, , , , , , UGLY42
1660420502, AE5DD2, 33.3341, -117.4961, 200, 143, 20, , , , , , UGLY42
1660420502, AE5DD2, 33.3341, -117.4961, 200, 143, 20, , , , , , UGLY42
1660420507, AE5DD2, 33.3338, -117.4959, 0, 135, 15, , , , , , UGLY42
1660420507, AE5DD2, 33.3338, -117.4959, 0, 135, 15, , , , , , UGLY42
1660420507, AE5DD2, 33.3338, -117.4959, 0, 135, 15, , , , , , UGLY42
1660420507, AE5DD2, 33.3338, -117.4959, 0, 135, 15, , , , , , UGLY42
1660420507, AE5DD2, 33.3338, -117.4959, 0, 135, 15, , , , , , UGLY42
1660420507, AE5DD2, 33.3338, -117.4959, 0, 135, 15, , , , , , UGLY42
1660420507, AE5DD2, 33.3338, -117.4959, 0, 135, 15, , , , , , UGLY42
1660420507, AE5DD2, 33.3338, -117.4959, 0, 135, 15, , , , , , UGLY42
1660420507, AE5DD2, 33.3338, -117.4959, 0, 135, 15, , , , , , UGLY42
1660420507, AE5DD2, 33.3338, -117.4959, 0, 135, 15, , , , , , UGLY42
1660420507, AE5DD2, 33.3338, -117.4959, 0, 135, 15, , , , , , UGLY42
1660420507, AE5DD2, 33.3338, -117.4959, 0, 135, 15, , , , , , UGLY42
1660420507, AE5DD2, 33.3338, -117.4959, 0, 135, 15, , , , , , UGLY42
1660420507, AE5DD2, 33.3338, -117.4959, 0, 135, 15, , , , , , UGLY42
1660420507, AE5DD2, 33.3338, -117.4959, 0, 135, 15, , , , , , UGLY42
1660420507, AE5DD2, 33.3338, -117.4959, 0, 135, 15, , , , , , UGLY42
1660420507, AE5DD2, 33.3338, -117.4959, 0, 135, 15, , , , , , UGLY42
1660420507, AE5DD2, 33.3338, -117.4959, 0, 135, 15, , , , , , UGLY42
1660420507, AE5DD2, 33.3338, -117.4959, 0, 135, 15, , , , , , UGLY42
1660420507, AE5DD2, 33.3338, -117.4959, 0, 135, 15, , , , , , UGLY42
1660420507, AE5DD2, 33.3338, -117.4959, 0, 135, 15, , , , , , UGLY42
1660420507, AE5DD2, 33.3338, -117.4959, 0, 135, 15, , , , , , UGLY42
1660420507, AE5DD2, 33.3338, -117.4959, 0, 135, 15, , , , , , UGLY42
1660420507, AE5DD2, 33.3338, -117.4959, 0, 135, 15, , , , , , UGLY42
1660420507, AE5DD2, 33.3338, -117.4959, 0, 135, 15, , , , , , UGLY42
1660420507, AE5DD2, 33.3338, -117.4959, 0, 135, 15, , , , , , UGLY42
1660420507, AE5DD2, 33.3338, -117.4959, 0, 135, 15, , , , , , UGLY42
1660420507, AE5DD2, 33.3338, -117.4959, 0, 135, 15, , , , , , UGLY42
1660420507, AE5DD2, 33.3338, -117.4959, 0, 135, 15, , , , , , UGLY42
1660420507, AE5DD2, 33.3338, -117.4959, 0, 135, 15, , , , , , UGLY42
1660420507, AE5DD2, 33.3338, -117.4959, 0, 135, 15, , , , , , UGLY42
1660420507, AE5DD2, 33.3338, -117.4959, 0, 135, 15, , , , , , UGLY42
1660420507, AE5DD2, 33.3338, -117.4959, 0, 135, 15, , , , , , UGLY42
1660420507, AE5DD2, 33.3338, -117.4959, 0, 135, 15, , , , , , UGLY42
1660420507, AE5DD2, 33.3338, -117.4959, 0, 135, 15, , , , , , UGLY42
1660420507, AE5DD2, 33.3338, -117.4959, 0, 135, 15, , , , , , UGLY42
1660420507, AE5DD2, 33.3338, -117.4959, 0, 135, 15, , , , , , UGLY42
1660420889, AE5DD2, 33.3313, -117.4943, 325, 143, 65, , , , , , UGLY42
1660420889, AE5DD2, 33.3313, -117.4943, 325, 143, 65, , , , , , UGLY42
1660420894, AE5DD2, 33.3301, -117.4933, 375, 144, 74, , , , , , UGLY42
1660420894, AE5DD2, 33.3301, -117.4933, 375, 144, 74, , , , , , UGLY42
1660420894, AE5DD2, 33.3301, -117.4933, 375, 144, 74, , , , , , UGLY42
1660420894, AE5DD2, 33.3301, -117.4933, 375, 144, 74, , , , , , UGLY42
1660420900, AE5DD2, 33.3283, -117.4918, 425, 146, 82, , , , , , UGLY42
1660422544, AE5DD2, 33.142, -117.7192, 100, 293, 15, , , , , , UGLY42
1660422544, AE5DD2, 33.142, -117.7192, 100, 293, 15, , , , , , UGLY42
1660422547, AE5DD2, 33.142, -117.7195, 100, 289, 14, , , , , , UGLY42
1660422547, AE5DD2, 33.142, -117.7195, 100, 289, 14, , , , , , UGLY42
1660422552, AE5DD2, 33.1421, -117.7199, 75, 287, 13, , , , , , UGLY42
1660422557, AE5DD2, 33.1422, -117.7202, 100, 279, 12, , , , , , UGLY42
1660422557, AE5DD2, 33.1422, -117.7202, 100, 279, 12, , , , , , UGLY42
1660422560, AE5DD2, 33.1422, -117.7204, 150, 275, 11, , , , , , UGLY42
1660422560, AE5DD2, 33.1422, -117.7204, 150, 275, 11, , , , , , UGLY42
1660422564, AE5DD2, 33.1423, -117.7206, 125, 270, 10, , , , , , UGLY42
1660422564, AE5DD2, 33.1423, -117.7206, 125, 270, 10, , , , , , UGLY42
1660422568, AE5DD2, 33.1423, -117.7208, 0, 270, 10, , , , , , UGLY42
1660422568, AE5DD2, 33.1423, -117.7208, 0, 270, 10, , , , , , UGLY42
1660422568, AE5DD2, 33.1423, -117.7208, 0, 270, 10, , , , , , UGLY42
1660422568, AE5DD2, 33.1423, -117.7208, 0, 270, 10, , , , , , UGLY42
1660422568, AE5DD2, 33.1423, -117.7208, 0, 270, 10, , , , , , UGLY42
1660422568, AE5DD2, 33.1423, -117.7208, 0, 270, 10, , , , , , UGLY42
1660422568, AE5DD2, 33.1423, -117.7208, 0, 270, 10, , , , , , UGLY42
1660422568, AE5DD2, 33.1423, -117.7208, 0, 270, 10, , , , , , UGLY42
1660422568, AE5DD2, 33.1423, -117.7208, 0, 270, 10, , , , , , UGLY42
1660422568, AE5DD2, 33.1423, -117.7208, 0, 270, 10, , , , , , UGLY42
1660422568, AE5DD2, 33.1423, -117.7208, 0, 270, 10, , , , , , UGLY42
1660422568, AE5DD2, 33.1423, -117.7208, 0, 270, 10, , , , , , UGLY42
1660422568, AE5DD2, 33.1423, -117.7208, 0, 270, 10, , , , , , UGLY42
1660422568, AE5DD2, 33.1423, -117.7208, 0, 270, 10, , , , , , UGLY42
1660422568, AE5DD2, 33.1423, -117.7208, 0, 270, 10, , , , , , UGLY42
1660422568, AE5DD2, 33.1423, -117.7208, 0, 270, 10, , , , , , UGLY42
1660422568, AE5DD2, 33.1423, -117.7208, 0, 270, 10, , , , , , UGLY42
1660422568, AE5DD2, 33.1423, -117.7208, 0, 270, 10, , , , , , UGLY42
1660422568, AE5DD2, 33.1423, -117.7208, 0, 270, 10, , , , , , UGLY42
1660422568, AE5DD2, 33.1423, -117.7208, 0, 270, 10, , , , , , UGLY42
1660422568, AE5DD2, 33.1423, -117.7208, 0, 270, 10, , , , , , UGLY42
1660422568, AE5DD2, 33.1423, -117.7208, 0, 270, 10, , , , , , UGLY42
1660422568, AE5DD2, 33.1423, -117.7208, 0, 270, 10, , , , , , UGLY42
1660422568, AE5DD2, 33.1423, -117.7208, 0, 270, 10, , , , , , UGLY42
1660422568, AE5DD2, 33.1423, -117.7208, 0, 270, 10, , , , , , UGLY42
1660422568, AE5DD2, 33.1423, -117.7208, 0, 270, 10, , , , , , UGLY42
1660422568, AE5DD2, 33.1423, -117.7208, 0, 270, 10, , , , , , UGLY42
1660422568, AE5DD2, 33.1423, -117.7208, 0, 270, 10, , , , , , UGLY42
1660422568, AE5DD2, 33.1423, -117.7208, 0, 270, 10, , , , , , UGLY42
1660422568, AE5DD2, 33.1423, -117.7208, 0, 270, 10, , , , , , UGLY42
1660422568, AE5DD2, 33.1423, -117.7208, 0, 270, 10, , , , , , UGLY42
1660422568, AE5DD2, 33.1423, -117.7208, 0, 270, 10, , , , , , UGLY42
1660422568, AE5DD2, 33.1423, -117.7208, 0, 270, 10, , , , , , UGLY42
1660422568, AE5DD2, 33.1423, -117.7208, 0, 270, 10, , , , , , UGLY42
1660422568, AE5DD2, 33.1423, -117.7208, 0, 270, 10, , , , , , UGLY42
1660422568, AE5DD2, 33.1423, -117.7208, 0, 270, 10, , , , , , UGLY42
1660422568, AE5DD2, 33.1423, -117.7208, 0, 270, 10, , , , , , UGLY42
1660422568, AE5DD2, 33.1423, -117.7208, 0, 270, 10, , , , , , UGLY42
