//Timestamp, ICAO, Latitude_deg, Longitude_deg, Altitude_ft, Heading_deg, GroundSpeed_kts, AircraftType, RegistrationNum, Departure, Arrival, FlightNumber1, FlightNumber2
1660414610, AE5DD2, 33.1279, -117.7113, 750, 344, 123, , , , , , UGLY41
1660414610, AE5DD2, 33.1279, -117.7113, 750, 344, 123, , , , , , UGLY41
1660414613, AE5DD2, 33.1299, -117.7114, 750, 357, 133, , , , , , UGLY41
1660414613, AE5DD2, 33.1299, -117.7114, 750, 357, 133, , , , , , UGLY41
1660414613, AE5DD2, 33.1299, -117.7114, 750, 357, 133, , , , , , UGLY41
1660414618, AE5DD2, 33.1329, -117.7114, 750, 358, 133, , , , , , UGLY41
1660414618, AE5DD2, 33.1329, -117.7114, 750, 358, 133, , , , , , UGLY41
1660414623, AE5DD2, 33.1359, -117.7116, 725, 354, 126, , , , , , UGLY41
1660414623, AE5DD2, 33.1359, -117.7116, 725, 354, 126, , , , , , UGLY41
1660414627, AE5DD2, 33.1385, -117.7115, 725, 355, 126, , , , , , UGLY41
1660414634, AE5DD2, 33.143, -117.7116, 700, 360, 135, , , , , , UGLY41
1660414634, AE5DD2, 33.143, -117.7116, 700, 360, 135, , , , , , UGLY41
1660414637, AE5DD2, 33.1442, -117.7116, 700, 358, 135, , , , , , UGLY41
1660414637, AE5DD2, 33.1442, -117.7116, 700, 358, 135, , , , , , UGLY41
1660414642, AE5DD2, 33.1475, -117.7118, 725, 354, 132, , , , , , UGLY41
1660414642, AE5DD2, 33.1475, -117.7118, 725, 354, 132, , , , , , UGLY41
1660414646, AE5DD2, 33.1499, -117.7121, 750, 352, 132, , , , , , UGLY41
1660414650, AE5DD2, 33.1526, -117.7126, 750, 357, 125, , , , , , UGLY41
1660414650, AE5DD2, 33.1526, -117.7126, 750, 357, 125, , , , , , UGLY41
1660414650, AE5DD2, 33.1526, -117.7126, 750, 357, 125, , , , , , UGLY41
1660414650, AE5DD2, 33.1526, -117.7126, 750, 357, 125, , , , , , UGLY41
1660414655, AE5DD2, 33.1553, -117.7131, 625, 352, 132, , , , , , UGLY41
1660414655, AE5DD2, 33.1553, -117.7131, 625, 352, 132, , , , , , UGLY41
1660414660, AE5DD2, 33.1589, -117.7136, 775, 353, 132, , , , , , UGLY41
1660414664, AE5DD2, 33.1614, -117.714, 800, 356, 123, , , , , , UGLY41
1660414664, AE5DD2, 33.1614, -117.714, 800, 356, 123, , , , , , UGLY41
1660414669, AE5DD2, 33.1645, -117.7144, 825, 353, 135, , , , , , UGLY41
1660414669, AE5DD2, 33.1645, -117.7144, 825, 353, 135, , , , , , UGLY41
1660414674, AE5DD2, 33.167, -117.7147, 825, 354, 134, , , , , , UGLY41
1660414674, AE5DD2, 33.167, -117.7147, 825, 354, 134, , , , , , UGLY41
1660414677, AE5DD2, 33.1685, -117.7148, 800, 355, 134, , , , , , UGLY41
1660414680, AE5DD2, 33.1712, -117.715, 800, 355, 133, , , , , , UGLY41
1660414680, AE5DD2, 33.1712, -117.715, 800, 355, 133, , , , , , UGLY41
1660414682, AE5DD2, 33.1723, -117.7151, 600, 354, 126, , , , , , UGLY41
1660414682, AE5DD2, 33.1723, -117.7151, 600, 354, 126, , , , , , UGLY41
1660414690, AE5DD2, 33.1775, -117.7156, 800, 356, 131, , , , , , UGLY41
1660414690, AE5DD2, 33.1775, -117.7156, 800, 356, 131, , , , , , UGLY41
1660414693, AE5DD2, 33.1793, -117.7157, 800, 356, 128, , , , , , UGLY41
1660414697, AE5DD2, 33.1811, -117.7158, 775, 357, 123, , , , , , UGLY41
1660414697, AE5DD2, 33.1811, -117.7158, 775, 357, 123, , , , , , UGLY41
1660414701, AE5DD2, 33.1836, -117.7159, 750, 357, 118, , , , , , UGLY41
1660414701, AE5DD2, 33.1836, -117.7159, 750, 357, 118, , , , , , UGLY41
1660414705, AE5DD2, 33.186, -117.716, 750, 357, 113, , , , , , UGLY41
1660414705, AE5DD2, 33.186, -117.716, 750, 357, 113, , , , , , UGLY41
1660414708, AE5DD2, 33.1873, -117.7161, 750, 357, 111, , , , , , UGLY41
1660414711, AE5DD2, 33.1889, -117.7162, 750, 357, 109, , , , , , UGLY41
1660414711, AE5DD2, 33.1889, -117.7162, 750, 357, 109, , , , , , UGLY41
1660414718, AE5DD2, 33.1921, -117.7163, 750, 358, 103, , , , , , UGLY41
1660414718, AE5DD2, 33.1921, -117.7163, 750, 358, 103, , , , , , UGLY41
1660414720, AE5DD2, 33.1932, -117.7163, 750, 358, 101, , , , , , UGLY41
1660414720, AE5DD2, 33.1932, -117.7163, 750, 358, 101, , , , , , UGLY41
1660414723, AE5DD2, 33.1948, -117.7164, 775, 358, 100, , , , , , UGLY41
1660414729, AE5DD2, 33.1974, -117.7165, 775, 358, 98, , , , , , UGLY41
1660414729, AE5DD2, 33.1974, -117.7165, 775, 358, 98, , , , , , UGLY41
1660414733, AE5DD2, 33.1983, -117.7165, 775, 357, 97, , , , , , UGLY41
1660414733, AE5DD2, 33.1983, -117.7165, 775, 357, 97, , , , , , UGLY41
1660414735, AE5DD2, 33.1997, -117.7166, 775, 355, 96, , , , , , UGLY41
1660414735, AE5DD2, 33.1997, -117.7166, 775, 355, 96, , , , , , UGLY41
1660414742, AE5DD2, 33.2031, -117.717, 775, 353, 95, , , , , , UGLY41
1660414745, AE5DD2, 33.2044, -117.7172, 775, 352, 95, , , , , , UGLY41
1660414745, AE5DD2, 33.2044, -117.7172, 775, 352, 95, , , , , , UGLY41
1660414748, AE5DD2, 33.205, -117.7173, 775, 352, 95, , , , , , UGLY41
1660414748, AE5DD2, 33.205, -117.7173, 775, 352, 95, , , , , , UGLY41
1660414752, AE5DD2, 33.2078, -117.7177, 775, 354, 125, , , , , , UGLY41
1660414752, AE5DD2, 33.2078, -117.7177, 775, 354, 125, , , , , , UGLY41
1660414752, AE5DD2, 33.2078, -117.7177, 775, 354, 125, , , , , , UGLY41
1660414752, AE5DD2, 33.2078, -117.7177, 775, 354, 125, , , , , , UGLY41
1660414761, AE5DD2, 33.2115, -117.7183, 775, 353, 93, , , , , , UGLY41
1660414765, AE5DD2, 33.213, -117.7185, 750, 353, 93, , , , , , UGLY41
1660414765, AE5DD2, 33.213, -117.7185, 750, 353, 93, , , , , , UGLY41
1660414770, AE5DD2, 33.2141, -117.7186, 750, 353, 93, , , , , , UGLY41
1660414770, AE5DD2, 33.2141, -117.7186, 750, 353, 93, , , , , , UGLY41
1660414770, AE5DD2, 33.2141, -117.7186, 750, 353, 93, , , , , , UGLY41
1660414777, AE5DD2, 33.2187, -117.7192, 750, 353, 93, , , , , , UGLY41
1660414777, AE5DD2, 33.2187, -117.7192, 750, 353, 93, , , , , , UGLY41
1660414781, AE5DD2, 33.2201, -117.7193, 750, 357, 125, , , , , , UGLY41
1660414781, AE5DD2, 33.2201, -117.7193, 750, 357, 125, , , , , , UGLY41
1660414784, AE5DD2, 33.2213, -117.7195, 750, 353, 92, , , , , , UGLY41
1660414784, AE5DD2, 33.2213, -117.7195, 750, 353, 92, , , , , , UGLY41
1660414787, AE5DD2, 33.2227, -117.7196, 750, 353, 91, , , , , , UGLY41
1660414791, AE5DD2, 33.2244, -117.7198, 625, 353, 92, , , , , , UGLY41
1660414791, AE5DD2, 33.2244, -117.7198, 625, 353, 92, , , , , , UGLY41
1660414796, AE5DD2, 33.226, -117.7201, 750, 350, 93, , , , , , UGLY41
1660414796, AE5DD2, 33.226, -117.7201, 750, 350, 93, , , , , , UGLY41
1660414800, AE5DD2, 33.2274, -117.7204, 750, 356, 125, , , , , , UGLY41
1660414800, AE5DD2, 33.2274, -117.7204, 750, 356, 125, , , , , , UGLY41
1660414804, AE5DD2, 33.2295, -117.7214, 725, 333, 93, , , , , , UGLY41
1660414808, AE5DD2, 33.2311, -117.7225, 725, 325, 92, , , , , , UGLY41
1660414808, AE5DD2, 33.2311, -117.7225, 725, 325, 92, , , , , , UGLY41
1660414812, AE5DD2, 33.2326, -117.7239, 725, 319, 92, , , , , , UGLY41
1660414812, AE5DD2, 33.2326, -117.7239, 725, 319, 92, , , , , , UGLY41
1660414816, AE5DD2, 33.2337, -117.7252, 725, 314, 92, , , , , , UGLY41
1660414816, AE5DD2, 33.2337, -117.7252, 725, 314, 92, , , , , , UGLY41
1660414820, AE5DD2, 33.2349, -117.7268, 750, 308, 91, , , , , , UGLY41
1660414823, AE5DD2, 33.2357, -117.7281, 750, 344, 123, , , , , , UGLY41
1660414823, AE5DD2, 33.2357, -117.7281, 750, 344, 123, , , , , , UGLY41
1660414827, AE5DD2, 33.2366, -117.7298, 750, 339, 124, , , , , , UGLY41
1660414827, AE5DD2, 33.2366, -117.7298, 750, 339, 124, , , , , , UGLY41
1660414831, AE5DD2, 33.2372, -117.7315, 700, 334, 125, , , , , , UGLY41
1660414831, AE5DD2, 33.2372, -117.7315, 700, 334, 125, , , , , , UGLY41
1660414835, AE5DD2, 33.2377, -117.7333, 750, 328, 126, , , , , , UGLY41
1660414841, AE5DD2, 33.2379, -117.7363, 775, 270, 83, , , , , , UGLY41
1660414841, AE5DD2, 33.2379, -117.7363, 775, 270, 83, , , , , , UGLY41
1660414844, AE5DD2, 33.2379, -117.7375, 775, 310, 125, , , , , , UGLY41
1660414847, AE5DD2, 33.2376, -117.7389, 775, 257, 80, , , , , , UGLY41
1660414847, AE5DD2, 33.2376, -117.7389, 775, 257, 80, , , , , , UGLY41
1660414852, AE5DD2, 33.2372, -117.7406, 775, 247, 79, , , , , , UGLY41
1660414852, AE5DD2, 33.2372, -117.7406, 775, 247, 79, , , , , , UGLY41
1660414856, AE5DD2, 33.2366, -117.7421, 775, 242, 80, , , , , , UGLY41
1660414856, AE5DD2, 33.2366, -117.7421, 775, 242, 80, , , , , , UGLY41
1660414860, AE5DD2, 33.2356, -117.7436, 800, 268, 120, , , , , , UGLY41
1660414866, AE5DD2, 33.234, -117.7454, 775, 215, 77, , , , , , UGLY41
1660414866, AE5DD2, 33.234, -117.7454, 775, 215, 77, , , , , , UGLY41
1660414869, AE5DD2, 33.2331, -117.746, 775, 253, 115, , , , , , UGLY41
1660414869, AE5DD2, 33.2331, -117.746, 775, 253, 115, , , , , , UGLY41
1660414873, AE5DD2, 33.2319, -117.7466, 775, 197, 78, , , , , , UGLY41
1660414873, AE5DD2, 33.2319, -117.7466, 775, 197, 78, , , , , , UGLY41
1660414876, AE5DD2, 33.2306, -117.747, 775, 236, 111, , , , , , UGLY41
1660414881, AE5DD2, 33.2303, -117.747, 775, 179, 79, , , , , , UGLY41
1660414881, AE5DD2, 33.2303, -117.747, 775, 179, 79, , , , , , UGLY41
1660414885, AE5DD2, 33.2311, -117.7434, 775, 175, 80, , , , , , UGLY41
1660414885, AE5DD2, 33.2311, -117.7434, 775, 175, 80, , , , , , UGLY41
1660414889, AE5DD2, 33.23, -117.7438, 775, 190, 89, , , , , , UGLY41
1660414893, AE5DD2, 33.228, -117.744, 775, 180, 84, , , , , , UGLY41
1660414893, AE5DD2, 33.228, -117.744, 775, 180, 84, , , , , , UGLY41
1660414897, AE5DD2, 33.2265, -117.7439, 800, 174, 80, , , , , , UGLY41
1660414897, AE5DD2, 33.2265, -117.7439, 800, 174, 80, , , , , , UGLY41
1660414900, AE5DD2, 33.2254, -117.7437, 775, 165, 73, , , , , , UGLY41
1660414900, AE5DD2, 33.2254, -117.7437, 775, 165, 73, , , , , , UGLY41
1660414903, AE5DD2, 33.2244, -117.7433, 775, 132, 83, , , , , , UGLY41
1660414906, AE5DD2, 33.2236, -117.7428, 750, 116, 85, , , , , , UGLY41
1660414906, AE5DD2, 33.2236, -117.7428, 750, 116, 85, , , , , , UGLY41
1660414914, AE5DD2, 33.2201, -117.7389, 775, 84, 89, , , , , , UGLY41
1660414914, AE5DD2, 33.2201, -117.7389, 775, 84, 89, , , , , , UGLY41
1660414917, AE5DD2, 33.2203, -117.7375, 750, 119, 68, , , , , , UGLY41
1660414917, AE5DD2, 33.2203, -117.7375, 750, 119, 68, , , , , , UGLY41
1660414920, AE5DD2, 33.2211, -117.7387, 800, 64, 92, , , , , , UGLY41
1660414926, AE5DD2, 33.221, -117.7363, 750, 48, 94, , , , , , UGLY41
1660414926, AE5DD2, 33.221, -117.7363, 750, 48, 94, , , , , , UGLY41
1660414929, AE5DD2, 33.2213, -117.735, 750, 69, 91, , , , , , UGLY41
1660414929, AE5DD2, 33.2213, -117.735, 750, 69, 91, , , , , , UGLY41
1660414934, AE5DD2, 33.2225, -117.7325, 775, 50, 106, , , , , , UGLY41
1660414936, AE5DD2, 33.2235, -117.7313, 775, 41, 110, , , , , , UGLY41
1660414936, AE5DD2, 33.2235, -117.7313, 775, 41, 110, , , , , , UGLY41
1660414939, AE5DD2, 33.2239, -117.7309, 775, 31, 111, , , , , , UGLY41
1660414939, AE5DD2, 33.2239, -117.7309, 775, 31, 111, , , , , , UGLY41
1660414945, AE5DD2, 33.2276, -117.7289, 775, 14, 96, , , , , , UGLY41
1660414945, AE5DD2, 33.2276, -117.7289, 775, 14, 96, , , , , , UGLY41
1660414949, AE5DD2, 33.2313, -117.7291, 800, 13, 107, , , , , , UGLY41
1660414951, AE5DD2, 33.2305, -117.7281, 800, 11, 106, , , , , , UGLY41
1660414951, AE5DD2, 33.2305, -117.7281, 800, 11, 106, , , , , , UGLY41
1660414957, AE5DD2, 33.2348, -117.728, 775, 11, 106, , , , , , UGLY41
1660414957, AE5DD2, 33.2348, -117.728, 775, 11, 106, , , , , , UGLY41
1660414961, AE5DD2, 33.2367, -117.7275, 775, 13, 101, , , , , , UGLY41
1660414961, AE5DD2, 33.2367, -117.7275, 775, 13, 101, , , , , , UGLY41
1660414964, AE5DD2, 33.238, -117.7271, 800, 14, 93, , , , , , UGLY41
1660414970, AE5DD2, 33.2403, -117.7264, 775, 14, 93, , , , , , UGLY41
1660414970, AE5DD2, 33.2403, -117.7264, 775, 14, 93, , , , , , UGLY41
1660414973, AE5DD2, 33.2401, -117.7255, 800, 14, 92, , , , , , UGLY41
1660414973, AE5DD2, 33.2401, -117.7255, 800, 14, 92, , , , , , UGLY41
1660414975, AE5DD2, 33.2413, -117.7252, 800, 14, 92, , , , , , UGLY41
1660414982, AE5DD2, 33.2455, -117.7248, 775, 14, 93, , , , , , UGLY41
1660414982, AE5DD2, 33.2455, -117.7248, 775, 14, 93, , , , , , UGLY41
1660414985, AE5DD2, 33.2467, -117.7244, 800, 14, 93, , , , , , UGLY41
1660414985, AE5DD2, 33.2467, -117.7244, 800, 14, 93, , , , , , UGLY41
1660414988, AE5DD2, 33.248, -117.7241, 775, 14, 96, , , , , , UGLY41
1660414988, AE5DD2, 33.248, -117.7241, 775, 14, 96, , , , , , UGLY41
1660414991, AE5DD2, 33.2472, -117.7234, 775, 16, 90, , , , , , UGLY41
1660414998, AE5DD2, 33.2526, -117.7226, 775, 14, 96, , , , , , UGLY41
1660414998, AE5DD2, 33.2526, -117.7226, 775, 14, 96, , , , , , UGLY41
1660415001, AE5DD2, 33.2542, -117.7222, 750, 15, 101, , , , , , UGLY41
1660415001, AE5DD2, 33.2542, -117.7222, 750, 15, 101, , , , , , UGLY41
1660415004, AE5DD2, 33.2535, -117.7214, 750, 15, 106, , , , , , UGLY41
1660415004, AE5DD2, 33.2535, -117.7214, 750, 15, 106, , , , , , UGLY41
1660415010, AE5DD2, 33.2587, -117.7206, 750, 15, 118, , , , , , UGLY41
1660415013, AE5DD2, 33.2603, -117.7201, 750, 15, 117, , , , , , UGLY41
1660415013, AE5DD2, 33.2603, -117.7201, 750, 15, 117, , , , , , UGLY41
1660415016, AE5DD2, 33.2596, -117.7193, 750, 16, 118, , , , , , UGLY41
1660415016, AE5DD2, 33.2596, -117.7193, 750, 16, 118, , , , , , UGLY41
1660415022, AE5DD2, 33.263, -117.7181, 750, 16, 124, , , , , , UGLY41
1660415022, AE5DD2, 33.263, -117.7181, 750, 16, 124, , , , , , UGLY41
1660415025, AE5DD2, 33.2671, -117.718, 750, 17, 126, , , , , , UGLY41
1660415028, AE5DD2, 33.2687, -117.7175, 750, 15, 127, , , , , , UGLY41
1660415028, AE5DD2, 33.2687, -117.7175, 750, 15, 127, , , , , , UGLY41
1660415031, AE5DD2, 33.2679, -117.7164, 750, 14, 129, , , , , , UGLY41
1660415031, AE5DD2, 33.2679, -117.7164, 750, 14, 129, , , , , , UGLY41
1660415037, AE5DD2, 33.2737, -117.7159, 725, 13, 127, , , , , , UGLY41
1660415041, AE5DD2, 33.2754, -117.7154, 725, 13, 126, , , , , , UGLY41
1660415041, AE5DD2, 33.2754, -117.7154, 725, 13, 126, , , , , , UGLY41
1660415044, AE5DD2, 33.2749, -117.7144, 750, 13, 124, , , , , , UGLY41
1660415044, AE5DD2, 33.2749, -117.7144, 750, 13, 124, , , , , , UGLY41
1660415048, AE5DD2, 33.2775, -117.7137, 750, 12, 122, , , , , , UGLY41
1660415048, AE5DD2, 33.2775, -117.7137, 750, 12, 122, , , , , , UGLY41
1660415052, AE5DD2, 33.2817, -117.7134, 750, 14, 118, , , , , , UGLY41
1660415055, AE5DD2, 33.2833, -117.7129, 750, 14, 120, , , , , , UGLY41
1660415055, AE5DD2, 33.2833, -117.7129, 750, 14, 120, , , , , , UGLY41
1660415062, AE5DD2, 33.2867, -117.7119, 750, 15, 118, , , , , , UGLY41
1660415062, AE5DD2, 33.2867, -117.7119, 750, 15, 118, , , , , , UGLY41
1660415065, AE5DD2, 33.2864, -117.7109, 775, 13, 120, , , , , , UGLY41
1660415065, AE5DD2, 33.2864, -117.7109, 775, 13, 120, , , , , , UGLY41
1660415068, AE5DD2, 33.2879, -117.7104, 750, 13, 121, , , , , , UGLY41
1660415073, AE5DD2, 33.2926, -117.7101, 775, 14, 123, , , , , , UGLY41
1660415073, AE5DD2, 33.2926, -117.7101, 775, 14, 123, , , , , , UGLY41
1660415076, AE5DD2, 33.2926, -117.709, 750, 13, 124, , , , , , UGLY41
1660415076, AE5DD2, 33.2926, -117.709, 750, 13, 124, , , , , , UGLY41
1660415082, AE5DD2, 33.2959, -117.708, 750, 14, 123, , , , , , UGLY41
1660415082, AE5DD2, 33.2959, -117.708, 750, 14, 123, , , , , , UGLY41
1660415085, AE5DD2, 33.2976, -117.7075, 750, 14, 124, , , , , , UGLY41
1660415085, AE5DD2, 33.2976, -117.7075, 750, 14, 124, , , , , , UGLY41
1660415085, AE5DD2, 33.2976, -117.7075, 750, 14, 124, , , , , , UGLY41
1660415085, AE5DD2, 33.2976, -117.7075, 750, 14, 124, , , , , , UGLY41
1660415091, AE5DD2, 33.3011, -117.7064, 750, 13, 125, , , , , , UGLY41
1660415097, AE5DD2, 33.3046, -117.7054, 775, 13, 129, , , , , , UGLY41
1660415097, AE5DD2, 33.3046, -117.7054, 775, 13, 129, , , , , , UGLY41
1660415100, AE5DD2, 33.3082, -117.7057, 750, 13, 125, , , , , , UGLY41
1660415103, AE5DD2, 33.3078, -117.7045, 775, 13, 125, , , , , , UGLY41
1660415103, AE5DD2, 33.3078, -117.7045, 775, 13, 125, , , , , , UGLY41
1660415109, AE5DD2, 33.3133, -117.7042, 775, 13, 124, , , , , , UGLY41
1660415109, AE5DD2, 33.3133, -117.7042, 775, 13, 124, , , , , , UGLY41
1660415112, AE5DD2, 33.3151, -117.7037, 775, 11, 128, , , , , , UGLY41
1660415112, AE5DD2, 33.3151, -117.7037, 775, 11, 128, , , , , , UGLY41
1660415115, AE5DD2, 33.3151, -117.7026, 800, 12, 128, , , , , , UGLY41
1660415121, AE5DD2, 33.318, -117.7019, 800, 13, 124, , , , , , UGLY41
1660415121, AE5DD2, 33.318, -117.7019, 800, 13, 124, , , , , , UGLY41
1660415126, AE5DD2, 33.3209, -117.701, 800, 14, 124, , , , , , UGLY41
1660415126, AE5DD2, 33.3209, -117.701, 800, 14, 124, , , , , , UGLY41
1660415129, AE5DD2, 33.3241, -117.7011, 800, 13, 124, , , , , , UGLY41
1660415132, AE5DD2, 33.3242, -117.7, 800, 14, 124, , , , , , UGLY41
1660415132, AE5DD2, 33.3242, -117.7, 800, 14, 124, , , , , , UGLY41
1660415137, AE5DD2, 33.3274, -117.6989, 800, 25, 126, , , , , , UGLY41
1660415137, AE5DD2, 33.3274, -117.6989, 800, 25, 126, , , , , , UGLY41
1660415141, AE5DD2, 33.3308, -117.6981, 800, 25, 120, , , , , , UGLY41
1660415144, AE5DD2, 33.3322, -117.697, 800, 31, 119, , , , , , UGLY41
1660415144, AE5DD2, 33.3322, -117.697, 800, 31, 119, , , , , , UGLY41
1660415150, AE5DD2, 33.3348, -117.6944, 800, 42, 126, , , , , , UGLY41
1660415150, AE5DD2, 33.3348, -117.6944, 800, 42, 126, , , , , , UGLY41
1660415153, AE5DD2, 33.3344, -117.6935, 800, 43, 120, , , , , , UGLY41
1660415153, AE5DD2, 33.3344, -117.6935, 800, 43, 120, , , , , , UGLY41
1660415156, AE5DD2, 33.3356, -117.692, 800, 47, 121, , , , , , UGLY41
1660415162, AE5DD2, 33.3377, -117.6887, 800, 56, 121, , , , , , UGLY41
1660415162, AE5DD2, 33.3377, -117.6887, 800, 56, 121, , , , , , UGLY41
1660415165, AE5DD2, 33.3386, -117.687, 800, 65, 125, , , , , , UGLY41
1660415165, AE5DD2, 33.3386, -117.687, 800, 65, 125, , , , , , UGLY41
1660415168, AE5DD2, 33.3405, -117.6841, 825, 68, 120, , , , , , UGLY41
1660415174, AE5DD2, 33.3403, -117.6814, 825, 73, 119, , , , , , UGLY41
1660415174, AE5DD2, 33.3403, -117.6814, 825, 73, 119, , , , , , UGLY41
1660415176, AE5DD2, 33.3405, -117.6804, 825, 74, 119, , , , , , UGLY41
1660415176, AE5DD2, 33.3405, -117.6804, 825, 74, 119, , , , , , UGLY41
1660415180, AE5DD2, 33.3425, -117.6759, 800, 74, 124, , , , , , UGLY41
1660415180, AE5DD2, 33.3425, -117.6759, 800, 74, 124, , , , , , UGLY41
1660415184, AE5DD2, 33.3432, -117.6729, 800, 76, 118, , , , , , UGLY41
1660415188, AE5DD2, 33.3438, -117.6703, 775, 75, 123, , , , , , UGLY41
1660415188, AE5DD2, 33.3438, -117.6703, 775, 75, 123, , , , , , UGLY41
1660415194, AE5DD2, 33.343, -117.6684, 775, 75, 123, , , , , , UGLY41
1660415194, AE5DD2, 33.343, -117.6684, 775, 75, 123, , , , , , UGLY41
1660415197, AE5DD2, 33.3435, -117.6662, 800, 76, 125, , , , , , UGLY41
1660415197, AE5DD2, 33.3435, -117.6662, 800, 76, 125, , , , , , UGLY41
1660415200, AE5DD2, 33.3456, -117.6621, 775, 75, 123, , , , , , UGLY41
1660415203, AE5DD2, 33.3445, -117.6622, 800, 68, 127, , , , , , UGLY41
1660415203, AE5DD2, 33.3445, -117.6622, 800, 68, 127, , , , , , UGLY41
1660415209, AE5DD2, 33.346, -117.6584, 775, 63, 125, , , , , , UGLY41
1660415209, AE5DD2, 33.346, -117.6584, 775, 63, 125, , , , , , UGLY41
1660415212, AE5DD2, 33.3473, -117.6544, 775, 64, 123, , , , , , UGLY41
1660415212, AE5DD2, 33.3473, -117.6544, 775, 64, 123, , , , , , UGLY41
1660415216, AE5DD2, 33.3475, -117.6546, 775, 66, 122, , , , , , UGLY41
1660415220, AE5DD2, 33.3483, -117.652, 800, 70, 121, , , , , , UGLY41
1660415220, AE5DD2, 33.3483, -117.652, 800, 70, 121, , , , , , UGLY41
1660415225, AE5DD2, 33.3491, -117.6489, 775, 71, 121, , , , , , UGLY41
1660415225, AE5DD2, 33.3491, -117.6489, 775, 71, 121, , , , , , UGLY41
1660415229, AE5DD2, 33.3496, -117.6436, 775, 76, 122, , , , , , UGLY41
1660415229, AE5DD2, 33.3496, -117.6436, 775, 76, 122, , , , , , UGLY41
1660415233, AE5DD2, 33.3504, -117.6437, 775, 76, 122, , , , , , UGLY41
1660415237, AE5DD2, 33.3509, -117.6411, 775, 75, 121, , , , , , UGLY41
1660415237, AE5DD2, 33.3509, -117.6411, 775, 75, 121, , , , , , UGLY41
1660415240, AE5DD2, 33.351, -117.6368, 775, 76, 125, , , , , , UGLY41
1660415240, AE5DD2, 33.351, -117.6368, 775, 76, 125, , , , , , UGLY41
1660415245, AE5DD2, 33.3522, -117.6352, 775, 75, 121, , , , , , UGLY41
1660415249, AE5DD2, 33.3526, -117.6331, 775, 75, 121, , , , , , UGLY41
1660415249, AE5DD2, 33.3526, -117.6331, 775, 75, 121, , , , , , UGLY41
1660415252, AE5DD2, 33.3527, -117.629, 800, 75, 122, , , , , , UGLY41
1660415252, AE5DD2, 33.3527, -117.629, 800, 75, 122, , , , , , UGLY41
1660415258, AE5DD2, 33.3537, -117.625, 775, 74, 122, , , , , , UGLY41
1660415258, AE5DD2, 33.3537, -117.625, 775, 74, 122, , , , , , UGLY41
1660415261, AE5DD2, 33.3544, -117.625, 800, 74, 120, , , , , , UGLY41
1660415264, AE5DD2, 33.3549, -117.6231, 800, 73, 119, , , , , , UGLY41
1660415264, AE5DD2, 33.3549, -117.6231, 800, 73, 119, , , , , , UGLY41
1660415270, AE5DD2, 33.3558, -117.6193, 800, 74, 118, , , , , , UGLY41
1660415270, AE5DD2, 33.3558, -117.6193, 800, 74, 118, , , , , , UGLY41
1660415273, AE5DD2, 33.3562, -117.6175, 775, 75, 117, , , , , , UGLY41
1660415273, AE5DD2, 33.3562, -117.6175, 775, 75, 117, , , , , , UGLY41
1660415276, AE5DD2, 33.3563, -117.6133, 800, 75, 116, , , , , , UGLY41
1660415282, AE5DD2, 33.3571, -117.6093, 775, 75, 116, , , , , , UGLY41
1660415282, AE5DD2, 33.3571, -117.6093, 775, 75, 116, , , , , , UGLY41
1660415285, AE5DD2, 33.3579, -117.6098, 775, 75, 116, , , , , , UGLY41
1660415285, AE5DD2, 33.3579, -117.6098, 775, 75, 116, , , , , , UGLY41
1660415288, AE5DD2, 33.3583, -117.6079, 775, 75, 116, , , , , , UGLY41
1660415288, AE5DD2, 33.3583, -117.6079, 775, 75, 116, , , , , , UGLY41
1660415294, AE5DD2, 33.3587, -117.6015, 775, 75, 117, , , , , , UGLY41
1660415297, AE5DD2, 33.3591, -117.5997, 775, 75, 117, , , , , , UGLY41
1660415297, AE5DD2, 33.3591, -117.5997, 775, 75, 117, , , , , , UGLY41
1660415300, AE5DD2, 33.3594, -117.5977, 775, 76, 119, , , , , , UGLY41
1660415300, AE5DD2, 33.3594, -117.5977, 775, 76, 119, , , , , , UGLY41
1660415306, AE5DD2, 33.3602, -117.5938, 750, 75, 116, , , , , , UGLY41
1660415306, AE5DD2, 33.3602, -117.5938, 750, 75, 116, , , , , , UGLY41
1660415309, AE5DD2, 33.3606, -117.5919, 725, 77, 115, , , , , , UGLY41
1660415312, AE5DD2, 33.3609, -117.5902, 700, 76, 114, , , , , , UGLY41
1660415312, AE5DD2, 33.3609, -117.5902, 700, 76, 114, , , , , , UGLY41
1660415317, AE5DD2, 33.3616, -117.5903, 750, 77, 113, , , , , , UGLY41
1660415317, AE5DD2, 33.3616, -117.5903, 750, 77, 113, , , , , , UGLY41
1660415322, AE5DD2, 33.3615, -117.5868, 625, 120, 113, , , , , , UGLY41
1660415322, AE5DD2, 33.3615, -117.5868, 625, 120, 113, , , , , , UGLY41
1660415326, AE5DD2, 33.3625, -117.5835, 625, 76, 113, , , , , , UGLY41
1660415330, AE5DD2, 33.3637, -117.5822, 600, 76, 109, , , , , , UGLY41
1660415330, AE5DD2, 33.3637, -117.5822, 600, 76, 109, , , , , , UGLY41
1660415333, AE5DD2, 33.3633, -117.5776, 525, 77, 107, , , , , , UGLY41
1660415333, AE5DD2, 33.3633, -117.5776, 525, 77, 107, , , , , , UGLY41
1660415336, AE5DD2, 33.3636, -117.5759, 500, 76, 106, , , , , , UGLY41
1660415336, AE5DD2, 33.3636, -117.5759, 500, 76, 106, , , , , , UGLY41
1660415342, AE5DD2, 33.3651, -117.5752, 450, 76, 105, , , , , , UGLY41
1660415345, AE5DD2, 33.3654, -117.5736, 475, 76, 103, , , , , , UGLY41
1660415345, AE5DD2, 33.3654, -117.5736, 475, 76, 103, , , , , , UGLY41
1660415348, AE5DD2, 33.3653, -117.5688, 425, 64, 105, , , , , , UGLY41
1660415348, AE5DD2, 33.3653, -117.5688, 425, 64, 105, , , , , , UGLY41
1660415354, AE5DD2, 33.3665, -117.5691, 475, 68, 105, , , , , , UGLY41
1660415354, AE5DD2, 33.3665, -117.5691, 475, 68, 105, , , , , , UGLY41
1660415357, AE5DD2, 33.3682, -117.5649, 425, 53, 93, , , , , , UGLY41
1660415360, AE5DD2, 33.3694, -117.5641, 425, 21, 104, , , , , , UGLY41
1660415360, AE5DD2, 33.3694, -117.5641, 425, 21, 104, , , , , , UGLY41
1660415365, AE5DD2, 33.3701, -117.565, 475, 19, 90, , , , , , UGLY41
1660415365, AE5DD2, 33.3701, -117.565, 475, 19, 90, , , , , , UGLY41
1660415369, AE5DD2, 33.3714, -117.5647, 425, 339, 102, , , , , , UGLY41
1660415369, AE5DD2, 33.3714, -117.5647, 425, 339, 102, , , , , , UGLY41
1660415374, AE5DD2, 33.3734, -117.5651, 475, 313, 101, , , , , , UGLY41
1660415378, AE5DD2, 33.3749, -117.5663, 500, 298, 99, , , , , , UGLY41
1660415378, AE5DD2, 33.3749, -117.5663, 500, 298, 99, , , , , , UGLY41
1660415381, AE5DD2, 33.3756, -117.5676, 500, 277, 97, , , , , , UGLY41
1660415381, AE5DD2, 33.3756, -117.5676, 500, 277, 97, , , , , , UGLY41
1660415384, AE5DD2, 33.3768, -117.5707, 450, 277, 82, , , , , , UGLY41
1660415384, AE5DD2, 33.3768, -117.5707, 450, 277, 82, , , , , , UGLY41
1660415390, AE5DD2, 33.3759, -117.5736, 450, 257, 80, , , , , , UGLY41
1660415390, AE5DD2, 33.3759, -117.5736, 450, 257, 80, , , , , , UGLY41
1660415390, AE5DD2, 33.3759, -117.5736, 450, 257, 80, , , , , , UGLY41
1660415395, AE5DD2, 33.3745, -117.5753, 450, 216, 91, , , , , , UGLY41
1660415395, AE5DD2, 33.3745, -117.5753, 450, 216, 91, , , , , , UGLY41
1660415399, AE5DD2, 33.3739, -117.5744, 500, 215, 91, , , , , , UGLY41
1660415403, AE5DD2, 33.3725, -117.5752, 500, 198, 74, , , , , , UGLY41
1660415403, AE5DD2, 33.3725, -117.5752, 500, 198, 74, , , , , , UGLY41
1660415407, AE5DD2, 33.3719, -117.5755, 475, 196, 89, , , , , , UGLY41
1660415407, AE5DD2, 33.3719, -117.5755, 475, 196, 89, , , , , , UGLY41
1660415411, AE5DD2, 33.3696, -117.5765, 450, 149, 91, , , , , , UGLY41
1660415411, AE5DD2, 33.3696, -117.5765, 450, 149, 91, , , , , , UGLY41
1660415415, AE5DD2, 33.3671, -117.5747, 450, 131, 94, , , , , , UGLY41
1660415415, AE5DD2, 33.3671, -117.5747, 450, 131, 94, , , , , , UGLY41
1660415419, AE5DD2, 33.3677, -117.5736, 450, 115, 96, , , , , , UGLY41
1660415426, AE5DD2, 33.3668, -117.5711, 450, 90, 100, , , , , , UGLY41
1660415426, AE5DD2, 33.3668, -117.5711, 450, 90, 100, , , , , , UGLY41
1660415429, AE5DD2, 33.3656, -117.5672, 425, 83, 100, , , , , , UGLY41
1660415429, AE5DD2, 33.3656, -117.5672, 425, 83, 100, , , , , , UGLY41
1660415429, AE5DD2, 33.3656, -117.5672, 425, 83, 100, , , , , , UGLY41
1660415429, AE5DD2, 33.3656, -117.5672, 425, 83, 100, , , , , , UGLY41
1660415434, AE5DD2, 33.3657, -117.5658, 425, 80, 101, , , , , , UGLY41
1660415441, AE5DD2, 33.3665, -117.5603, 400, 77, 101, , , , , , UGLY41
1660415441, AE5DD2, 33.3665, -117.5603, 400, 77, 101, , , , , , UGLY41
1660415445, AE5DD2, 33.3666, -117.5593, 425, 78, 102, , , , , , UGLY41
1660415447, AE5DD2, 33.3678, -117.5598, 425, 78, 102, , , , , , UGLY41
1660415447, AE5DD2, 33.3678, -117.5598, 425, 78, 102, , , , , , UGLY41
1660415451, AE5DD2, 33.3683, -117.556, 425, 80, 100, , , , , , UGLY41
1660415451, AE5DD2, 33.3683, -117.556, 425, 80, 100, , , , , , UGLY41
1660415454, AE5DD2, 33.3691, -117.5549, 400, 49, 100, , , , , , UGLY41
1660415454, AE5DD2, 33.3691, -117.5549, 400, 49, 100, , , , , , UGLY41
1660415459, AE5DD2, 33.3673, -117.5507, 425, 85, 102, , , , , , UGLY41
1660415465, AE5DD2, 33.3685, -117.5497, 400, 98, 105, , , , , , UGLY41
1660415465, AE5DD2, 33.3685, -117.5497, 400, 98, 105, , , , , , UGLY41
1660415468, AE5DD2, 33.3665, -117.5457, 400, 111, 101, , , , , , UGLY41
1660415468, AE5DD2, 33.3665, -117.5457, 400, 111, 101, , , , , , UGLY41
1660415470, AE5DD2, 33.3661, -117.5447, 400, 111, 101, , , , , , UGLY41
1660415470, AE5DD2, 33.3661, -117.5447, 400, 111, 101, , , , , , UGLY41
1660415475, AE5DD2, 33.3671, -117.5444, 450, 114, 106, , , , , , UGLY41
1660415479, AE5DD2, 33.3661, -117.5424, 500, 123, 103, , , , , , UGLY41
1660415479, AE5DD2, 33.3661, -117.5424, 500, 123, 103, , , , , , UGLY41
1660415484, AE5DD2, 33.3624, -117.5388, 400, 130, 98, , , , , , UGLY41
1660415484, AE5DD2, 33.3624, -117.5388, 400, 130, 98, , , , , , UGLY41
1660415488, AE5DD2, 33.3638, -117.5387, 400, 130, 98, , , , , , UGLY41
1660415492, AE5DD2, 33.3623, -117.5366, 525, 132, 101, , , , , , UGLY41
1660415492, AE5DD2, 33.3623, -117.5366, 525, 132, 101, , , , , , UGLY41
1660415496, AE5DD2, 33.3588, -117.5335, 400, 132, 99, , , , , , UGLY41
1660415496, AE5DD2, 33.3588, -117.5335, 400, 132, 99, , , , , , UGLY41
1660415501, AE5DD2, 33.3594, -117.5328, 525, 131, 98, , , , , , UGLY41
1660415501, AE5DD2, 33.3594, -117.5328, 525, 131, 98, , , , , , UGLY41
1660415504, AE5DD2, 33.3586, -117.5316, 525, 127, 97, , , , , , UGLY41
1660415508, AE5DD2, 33.3579, -117.5304, 525, 123, 91, , , , , , UGLY41
1660415508, AE5DD2, 33.3579, -117.5304, 525, 123, 91, , , , , , UGLY41
1660415514, AE5DD2, 33.3562, -117.5276, 525, 124, 87, , , , , , UGLY41
1660415514, AE5DD2, 33.3562, -117.5276, 525, 124, 87, , , , , , UGLY41
1660415517, AE5DD2, 33.3555, -117.5263, 525, 126, 86, , , , , , UGLY41
1660415520, AE5DD2, 33.3552, -117.5259, 500, 126, 86, , , , , , UGLY41
1660415520, AE5DD2, 33.3552, -117.5259, 500, 126, 86, , , , , , UGLY41
1660415524, AE5DD2, 33.3512, -117.522, 375, 128, 96, , , , , , UGLY41
1660415524, AE5DD2, 33.3512, -117.522, 375, 128, 96, , , , , , UGLY41
1660415529, AE5DD2, 33.3502, -117.5205, 400, 128, 98, , , , , , UGLY41
1660415529, AE5DD2, 33.3502, -117.5205, 400, 128, 98, , , , , , UGLY41
1660415529, AE5DD2, 33.3502, -117.5205, 400, 128, 98, , , , , , UGLY41
1660415535, AE5DD2, 33.3483, -117.5177, 400, 126, 89, , , , , , UGLY41
1660415535, AE5DD2, 33.3483, -117.5177, 400, 126, 89, , , , , , UGLY41
1660415540, AE5DD2, 33.3469, -117.5155, 425, 127, 94, , , , , , UGLY41
1660415540, AE5DD2, 33.3469, -117.5155, 425, 127, 94, , , , , , UGLY41
1660415545, AE5DD2, 33.3484, -117.5153, 425, 130, 97, , , , , , UGLY41
1660415549, AE5DD2, 33.3444, -117.5119, 425, 129, 95, , , , , , UGLY41
1660415549, AE5DD2, 33.3444, -117.5119, 425, 129, 95, , , , , , UGLY41
1660415552, AE5DD2, 33.3435, -117.5106, 400, 129, 95, , , , , , UGLY41
1660415552, AE5DD2, 33.3435, -117.5106, 400, 129, 95, , , , , , UGLY41
1660415555, AE5DD2, 33.3432, -117.5103, 475, 129, 85, , , , , , UGLY41
1660415561, AE5DD2, 33.3412, -117.5073, 375, 129, 81, , , , , , UGLY41
1660415561, AE5DD2, 33.3412, -117.5073, 375, 129, 81, , , , , , UGLY41
1660415565, AE5DD2, 33.3404, -117.5062, 375, 128, 79, , , , , , UGLY41
1660415565, AE5DD2, 33.3404, -117.5062, 375, 128, 79, , , , , , UGLY41
1660415566, AE5DD2, 33.34, -117.5055, 350, 128, 88, , , , , , UGLY41
1660415566, AE5DD2, 33.34, -117.5055, 350, 128, 88, , , , , , UGLY41
1660415571, AE5DD2, 33.3408, -117.5047, 425, 129, 83, , , , , , UGLY41
1660415576, AE5DD2, 33.3402, -117.5038, 325, 129, 77, , , , , , UGLY41
1660415576, AE5DD2, 33.3402, -117.5038, 325, 129, 77, , , , , , UGLY41
1660415581, AE5DD2, 33.337, -117.5013, 325, 130, 66, , , , , , UGLY41
1660415581, AE5DD2, 33.337, -117.5013, 325, 130, 66, , , , , , UGLY41
1660415585, AE5DD2, 33.3362, -117.5001, 325, 130, 60, , , , , , UGLY41
1660415585, AE5DD2, 33.3362, -117.5001, 325, 130, 60, , , , , , UGLY41
1660415589, AE5DD2, 33.3371, -117.4994, 350, 130, 61, , , , , , UGLY41
1660415594, AE5DD2, 33.3347, -117.4981, 275, 129, 51, , , , , , UGLY41
1660415594, AE5DD2, 33.3347, -117.4981, 275, 129, 51, , , , , , UGLY41
1660415598, AE5DD2, 33.3358, -117.4975, 325, 132, 44, , , , , , UGLY41
1660415598, AE5DD2, 33.3358, -117.4975, 325, 132, 44, , , , , , UGLY41
1660415598, AE5DD2, 33.3358, -117.4975, 325, 132, 44, , , , , , UGLY41
1660415598, AE5DD2, 33.3358, -117.4975, 325, 132, 44, , , , , , UGLY41
1660415603, AE5DD2, 33.3351, -117.4967, 275, 136, 26, , , , , , UGLY41
1660415608, AE5DD2, 33.3334, -117.4965, 225, 135, 21, , , , , , UGLY41
1660415608, AE5DD2, 33.3334, -117.4965, 225, 135, 21, , , , , , UGLY41
1660415612, AE5DD2, 33.3342, -117.4959, 250, 146, 21, , , , , , UGLY41
1660415612, AE5DD2, 33.3342, -117.4959, 250, 146, 21, , , , , , UGLY41
1660415618, AE5DD2, 33.3338, -117.4956, 375, 180, 1, , , , , , UGLY41
1660415618, AE5DD2, 33.3338, -117.4956, 375, 180, 1, , , , , , UGLY41
1660415618, AE5DD2, 33.3338, -117.4956, 375, 180, 1, , , , , , UGLY41
1660415623, AE5DD2, 33.3338, -117.4956, 225, 90, 1, , , , , , UGLY41
1660415623, AE5DD2, 33.3338, -117.4956, 225, 90, 1, , , , , , UGLY41
1660415628, AE5DD2, 33.3331, -117.4962, 0, 135, 1, , , , , , UGLY41
1660415628, AE5DD2, 33.3331, -117.4962, 0, 135, 1, , , , , , UGLY41
1660415630, AE5DD2, 33.3336, -117.4955, 0, 135, 1, , , , , , UGLY41
1660415630, AE5DD2, 33.3336, -117.4955, 0, 135, 1, , , , , , UGLY41
1660415630, AE5DD2, 33.3336, -117.4955, 0, 135, 1, , , , , , UGLY41
1660415630, AE5DD2, 33.3336, -117.4955, 0, 135, 1, , , , , , UGLY41
1660415630, AE5DD2, 33.3336, -117.4955, 0, 135, 1, , , , , , UGLY41
1660415630, AE5DD2, 33.3336, -117.4955, 0, 135, 1, , , , , , UGLY41
1660415630, AE5DD2, 33.3336, -117.4955, 0, 135, 1, , , , , , UGLY41
1660415630, AE5DD2, 33.3336, -117.4955, 0, 135, 1, , , , , , UGLY41
1660415630, AE5DD2, 33.3336, -117.4955, 0, 135, 1, , , , , , UGLY41
1660415630, AE5DD2, 33.3336, -117.4955, 0, 135, 1, , , , , , UGLY41
1660415630, AE5DD2, 33.3336, -117.4955, 0, 135, 1, , , , , , UGLY41
1660415630, AE5DD2, 33.3336, -117.4955, 0, 135, 1, , , , , , UGLY41
1660415630, AE5DD2, 33.3336, -117.4955, 0, 135, 1, , , , , , UGLY41
1660415630, AE5DD2, 33.3336, -117.4955, 0, 135, 1, , , , , , UGLY41
1660415630, AE5DD2, 33.3336, -117.4955, 0, 135, 1, , , , , , UGLY41
1660415630, AE5DD2, 33.3336, -117.4955, 0, 135, 1, , , , , , UGLY41
1660415630, AE5DD2, 33.3336, -117.4955, 0, 135, 1, , , , , , UGLY41
1660415630, AE5DD2, 33.3336, -117.4955, 0, 135, 1, , , , , , UGLY41
1660415630, AE5DD2, 33.3336, -117.4955, 0, 135, 1, , , , , , UGLY41
1660415630, AE5DD2, 33.3336, -117.4955, 0, 135, 1, , , , , , UGLY41
1660415630, AE5DD2, 33.3336, -117.4955, 0, 135, 1, , , , , , UGLY41
1660415630, AE5DD2, 33.3336, -117.4955, 0, 135, 1, , , , , , UGLY41
1660415630, AE5DD2, 33.3336, -117.4955, 0, 135, 1, , , , , , UGLY41
1660415630, AE5DD2, 33.3336, -117.4955, 0, 135, 1, , , , , , UGLY41
1660415630, AE5DD2, 33.3336, -117.4955, 0, 135, 1, , , , , , UGLY41
1660415630, AE5DD2, 33.3336, -117.4955, 0, 135, 1, , , , , , UGLY41
1660415630, AE5DD2, 33.3336, -117.4955, 0, 135, 1, , , , , , UGLY41
1660415630, AE5DD2, 33.3336, -117.4955, 0, 135, 1, , , , , , UGLY41
1660415630, AE5DD2, 33.3336, -117.4955, 0, 135, 1, , , , , , UGLY41
1660415630, AE5DD2, 33.3336, -117.4955, 0, 135, 1, , , , , , UGLY41
1660415630, AE5DD2, 33.3336, -117.4955, 0, 135, 1, , , , , , UGLY41
1660415630, AE5DD2, 33.3336, -117.4955, 0, 135, 1, , , , , , UGLY41
1660415630, AE5DD2, 33.3336, -117.4955, 0, 135, 1, , , , , , UGLY41
1660415630, AE5DD2, 33.3336, -117.4955, 0, 135, 1, , , , , , UGLY41
1660415630, AE5DD2, 33.3336, -117.4955, 0, 135, 1, , , , , , UGLY41
1660415630, AE5DD2, 33.3336, -117.4955, 0, 135, 1, , , , , , UGLY41
1660415630, AE5DD2, 33.3336, -117.4955, 0, 135, 1, , , , , , UGLY41
1660416082, AE5DD2, 33.3307, -117.494, 325, 150, 65, , , , , , UGLY41
1660416082, AE5DD2, 33.3307, -117.494, 325, 150, 65, , , , , , UGLY41
1660416085, AE5DD2, 33.3299, -117.4935, 325, 149, 69, , , , , , UGLY41
1660416088, AE5DD2, 33.3318, -117.4933, 400, 147, 74, , , , , , UGLY41
1660416088, AE5DD2, 33.3318, -117.4933, 400, 147, 74, , , , , , UGLY41
1660416093, AE5DD2, 33.3275, -117.4916, 400, 141, 69, , , , , , UGLY41
1660416093, AE5DD2, 33.3275, -117.4916, 400, 141, 69, , , , , , UGLY41
1660416097, AE5DD2, 33.3261, -117.4903, 400, 143, 78, , , , , , UGLY41
1660416097, AE5DD2, 33.3261, -117.4903, 400, 143, 78, , , , , , UGLY41
1660416101, AE5DD2, 33.326, -117.4902, 425, 143, 78, , , , , , UGLY41
1660416106, AE5DD2, 33.3265, -117.4884, 450, 143, 96, , , , , , UGLY41
1660416106, AE5DD2, 33.3265, -117.4884, 450, 143, 96, , , , , , UGLY41
1660416106, AE5DD2, 33.3265, -117.4884, 450, 143, 96, , , , , , UGLY41
1660416106, AE5DD2, 33.3265, -117.4884, 450, 143, 96, , , , , , UGLY41
1660416110, AE5DD2, 33.3224, -117.4872, 475, 145, 84, , , , , , UGLY41
1660416110, AE5DD2, 33.3224, -117.4872, 475, 145, 84, , , , , , UGLY41
1660416118, AE5DD2, 33.322, -117.4847, 525, 146, 98, , , , , , UGLY41
1660416118, AE5DD2, 33.322, -117.4847, 525, 146, 98, , , , , , UGLY41
1660416118, AE5DD2, 33.322, -117.4847, 525, 146, 98, , , , , , UGLY41
1660416122, AE5DD2, 33.3203, -117.4834, 550, 147, 90, , , , , , UGLY41
1660416122, AE5DD2, 33.3203, -117.4834, 550, 147, 90, , , , , , UGLY41
1660416127, AE5DD2, 33.316, -117.4822, 575, 145, 92, , , , , , UGLY41
1660416127, AE5DD2, 33.316, -117.4822, 575, 145, 92, , , , , , UGLY41
1660416133, AE5DD2, 33.3166, -117.4805, 600, 140, 94, , , , , , UGLY41
1660416136, AE5DD2, 33.3129, -117.4792, 575, 139, 95, , , , , , UGLY41
1660416136, AE5DD2, 33.3129, -117.4792, 575, 139, 95, , , , , , UGLY41
1660416139, AE5DD2, 33.3145, -117.4786, 575, 141, 93, , , , , , UGLY41
1660416139, AE5DD2, 33.3145, -117.4786, 575, 141, 93, , , , , , UGLY41
1660416143, AE5DD2, 33.3133, -117.4774, 600, 139, 95, , , , , , UGLY41
1660416143, AE5DD2, 33.3133, -117.4774, 600, 139, 95, , , , , , UGLY41
1660416147, AE5DD2, 33.3116, -117.4757, 600, 140, 100, , , , , , UGLY41
1660416154, AE5DD2, 33.3093, -117.4732, 600, 140, 109, , , , , , UGLY41
1660416154, AE5DD2, 33.3093, -117.4732, 600, 140, 109, , , , , , UGLY41
1660416157, AE5DD2, 33.3082, -117.4721, 575, 139, 103, , , , , , UGLY41
1660416157, AE5DD2, 33.3082, -117.4721, 575, 139, 103, , , , , , UGLY41
1660416160, AE5DD2, 33.3074, -117.4713, 575, 139, 106, , , , , , UGLY41
1660416160, AE5DD2, 33.3074, -117.4713, 575, 139, 106, , , , , , UGLY41
1660416166, AE5DD2, 33.3052, -117.4691, 575, 139, 114, , , , , , UGLY41
1660416169, AE5DD2, 33.3035, -117.4674, 575, 139, 115, , , , , , UGLY41
1660416169, AE5DD2, 33.3035, -117.4674, 575, 139, 115, , , , , , UGLY41
1660416172, AE5DD2, 33.299, -117.4657, 550, 139, 115, , , , , , UGLY41
1660416172, AE5DD2, 33.299, -117.4657, 550, 139, 115, , , , , , UGLY41
1660416174, AE5DD2, 33.3021, -117.4659, 550, 141, 118, , , , , , UGLY41
1660416174, AE5DD2, 33.3021, -117.4659, 550, 141, 118, , , , , , UGLY41
1660416179, AE5DD2, 33.2963, -117.4631, 550, 139, 116, , , , , , UGLY41
1660416184, AE5DD2, 33.294, -117.461, 575, 142, 118, , , , , , UGLY41
1660416184, AE5DD2, 33.294, -117.461, 575, 142, 118, , , , , , UGLY41
1660416188, AE5DD2, 33.296, -117.4598, 575, 142, 117, , , , , , UGLY41
1660416188, AE5DD2, 33.296, -117.4598, 575, 142, 117, , , , , , UGLY41
1660416192, AE5DD2, 33.2942, -117.4581, 600, 141, 118, , , , , , UGLY41
1660416192, AE5DD2, 33.2942, -117.4581, 600, 141, 118, , , , , , UGLY41
1660416197, AE5DD2, 33.2918, -117.4559, 600, 142, 118, , , , , , UGLY41
1660416201, AE5DD2, 33.2866, -117.4543, 575, 142, 118, , , , , , UGLY41
1660416201, AE5DD2, 33.2866, -117.4543, 575, 142, 118, , , , , , UGLY41
1660416205, AE5DD2, 33.2883, -117.4526, 575, 141, 121, , , , , , UGLY41
1660416205, AE5DD2, 33.2883, -117.4526, 575, 141, 121, , , , , , UGLY41
1660416209, AE5DD2, 33.2833, -117.4513, 575, 142, 118, , , , , , UGLY41
1660416209, AE5DD2, 33.2833, -117.4513, 575, 142, 118, , , , , , UGLY41
1660416213, AE5DD2, 33.2849, -117.4496, 625, 142, 117, , , , , , UGLY41
1660416217, AE5DD2, 33.2811, -117.4492, 575, 141, 118, , , , , , UGLY41
1660416217, AE5DD2, 33.2811, -117.4492, 575, 141, 118, , , , , , UGLY41
1660416221, AE5DD2, 33.2785, -117.4469, 575, 142, 119, , , , , , UGLY41
1660416221, AE5DD2, 33.2785, -117.4469, 575, 142, 119, , , , , , UGLY41
1660416224, AE5DD2, 33.2794, -117.446, 650, 157, 117, , , , , , UGLY41
1660416224, AE5DD2, 33.2794, -117.446, 650, 157, 117, , , , , , UGLY41
1660416230, AE5DD2, 33.2764, -117.4447, 650, 159, 115, , , , , , UGLY41
1660416233, AE5DD2, 33.2728, -117.4423, 625, 159, 115, , , , , , UGLY41
1660416233, AE5DD2, 33.2728, -117.4423, 625, 159, 115, , , , , , UGLY41
1660416236, AE5DD2, 33.2705, -117.4415, 575, 168, 117, , , , , , UGLY41
1660416236, AE5DD2, 33.2705, -117.4415, 575, 168, 117, , , , , , UGLY41
1660416239, AE5DD2, 33.2691, -117.4412, 575, 166, 102, , , , , , UGLY41
1660416239, AE5DD2, 33.2691, -117.4412, 575, 166, 102, , , , , , UGLY41
1660416244, AE5DD2, 33.2667, -117.4413, 575, 183, 117, , , , , , UGLY41
1660416248, AE5DD2, 33.2694, -117.4425, 575, 195, 116, , , , , , UGLY41
1660416248, AE5DD2, 33.2694, -117.4425, 575, 195, 116, , , , , , UGLY41
1660416252, AE5DD2, 33.2659, -117.443, 600, 196, 100, , , , , , UGLY41
1660416252, AE5DD2, 33.2659, -117.443, 600, 196, 100, , , , , , UGLY41
1660416256, AE5DD2, 33.2643, -117.4437, 575, 216, 113, , , , , , UGLY41
1660416256, AE5DD2, 33.2643, -117.4437, 575, 216, 113, , , , , , UGLY41
1660416260, AE5DD2, 33.2589, -117.4458, 575, 223, 112, , , , , , UGLY41
1660416265, AE5DD2, 33.2574, -117.4479, 575, 232, 110, , , , , , UGLY41
1660416265, AE5DD2, 33.2574, -117.4479, 575, 232, 110, , , , , , UGLY41
1660416269, AE5DD2, 33.2596, -117.4479, 575, 225, 101, , , , , , UGLY41
1660416269, AE5DD2, 33.2596, -117.4479, 575, 225, 101, , , , , , UGLY41
1660416273, AE5DD2, 33.2551, -117.4514, 600, 233, 109, , , , , , UGLY41
1660416273, AE5DD2, 33.2551, -117.4514, 600, 233, 109, , , , , , UGLY41
1660416275, AE5DD2, 33.2574, -117.4509, 600, 233, 108, , , , , , UGLY41
1660416279, AE5DD2, 33.2564, -117.4524, 600, 232, 108, , , , , , UGLY41
1660416279, AE5DD2, 33.2564, -117.4524, 600, 232, 108, , , , , , UGLY41
1660416284, AE5DD2, 33.2517, -117.4569, 600, 231, 108, , , , , , UGLY41
1660416284, AE5DD2, 33.2517, -117.4569, 600, 231, 108, , , , , , UGLY41
1660416288, AE5DD2, 33.2504, -117.4588, 600, 223, 105, , , , , , UGLY41
1660416294, AE5DD2, 33.2513, -117.4587, 600, 233, 108, , , , , , UGLY41
1660416294, AE5DD2, 33.2513, -117.4587, 600, 233, 108, , , , , , UGLY41
1660416294, AE5DD2, 33.2513, -117.4587, 600, 233, 108, , , , , , UGLY41
1660416294, AE5DD2, 33.2513, -117.4587, 600, 233, 108, , , , , , UGLY41
1660416302, AE5DD2, 33.2464, -117.4657, 600, 223, 105, , , , , , UGLY41
1660416302, AE5DD2, 33.2464, -117.4657, 600, 223, 105, , , , , , UGLY41
1660416303, AE5DD2, 33.2478, -117.4622, 625, 223, 105, , , , , , UGLY41
1660416306, AE5DD2, 33.2468, -117.4635, 600, 241, 107, , , , , , UGLY41
1660416306, AE5DD2, 33.2468, -117.4635, 600, 241, 107, , , , , , UGLY41
1660416310, AE5DD2, 33.2456, -117.4652, 600, 242, 107, , , , , , UGLY41
1660416310, AE5DD2, 33.2456, -117.4652, 600, 242, 107, , , , , , UGLY41
1660416318, AE5DD2, 33.2433, -117.469, 600, 235, 112, , , , , , UGLY41
1660416318, AE5DD2, 33.2433, -117.469, 600, 235, 112, , , , , , UGLY41
1660416321, AE5DD2, 33.2424, -117.4705, 600, 235, 113, , , , , , UGLY41
1660416323, AE5DD2, 33.242, -117.4713, 600, 235, 112, , , , , , UGLY41
1660416323, AE5DD2, 33.242, -117.4713, 600, 235, 112, , , , , , UGLY41
1660416329, AE5DD2, 33.2399, -117.4748, 600, 234, 109, , , , , , UGLY41
1660416329, AE5DD2, 33.2399, -117.4748, 600, 234, 109, , , , , , UGLY41
1660416334, AE5DD2, 33.2384, -117.4773, 575, 233, 111, , , , , , UGLY41
1660416334, AE5DD2, 33.2384, -117.4773, 575, 233, 111, , , , , , UGLY41
1660416338, AE5DD2, 33.2368, -117.4838, 575, 234, 109, , , , , , UGLY41
1660416341, AE5DD2, 33.2353, -117.4868, 600, 239, 109, , , , , , UGLY41
1660416341, AE5DD2, 33.2353, -117.4868, 600, 239, 109, , , , , , UGLY41
1660416346, AE5DD2, 33.2332, -117.4875, 600, 186, 112, , , , , , UGLY41
1660416346, AE5DD2, 33.2332, -117.4875, 600, 186, 112, , , , , , UGLY41
1660416349, AE5DD2, 33.2329, -117.4895, 600, 261, 112, , , , , , UGLY41
1660416349, AE5DD2, 33.2329, -117.4895, 600, 261, 112, , , , , , UGLY41
1660416353, AE5DD2, 33.2324, -117.4911, 575, 232, 114, , , , , , UGLY41
1660416358, AE5DD2, 33.23, -117.494, 625, 218, 111, , , , , , UGLY41
1660416358, AE5DD2, 33.23, -117.494, 625, 218, 111, , , , , , UGLY41
1660416358, AE5DD2, 33.23, -117.494, 625, 218, 111, , , , , , UGLY41
1660416358, AE5DD2, 33.23, -117.494, 625, 218, 111, , , , , , UGLY41
1660416366, AE5DD2, 33.2285, -117.4977, 575, 234, 112, , , , , , UGLY41
1660416366, AE5DD2, 33.2285, -117.4977, 575, 234, 112, , , , , , UGLY41
1660416370, AE5DD2, 33.2274, -117.4947, 575, 234, 111, , , , , , UGLY41
1660416374, AE5DD2, 33.2261, -117.5016, 575, 234, 111, , , , , , UGLY41
1660416374, AE5DD2, 33.2261, -117.5016, 575, 234, 111, , , , , , UGLY41
1660416378, AE5DD2, 33.2248, -117.499, 600, 234, 111, , , , , , UGLY41
1660416378, AE5DD2, 33.2248, -117.499, 600, 234, 111, , , , , , UGLY41
1660416382, AE5DD2, 33.2238, -117.5054, 575, 234, 111, , , , , , UGLY41
1660416382, AE5DD2, 33.2238, -117.5054, 575, 234, 111, , , , , , UGLY41
1660416386, AE5DD2, 33.2228, -117.5071, 575, 233, 111, , , , , , UGLY41
1660416389, AE5DD2, 33.2216, -117.5092, 575, 233, 110, , , , , , UGLY41
1660416389, AE5DD2, 33.2216, -117.5092, 575, 233, 110, , , , , , UGLY41
1660416393, AE5DD2, 33.2202, -117.5066, 575, 232, 110, , , , , , UGLY41
1660416393, AE5DD2, 33.2202, -117.5066, 575, 232, 110, , , , , , UGLY41
1660416397, AE5DD2, 33.2192, -117.5081, 575, 233, 110, , , , , , UGLY41
1660416397, AE5DD2, 33.2192, -117.5081, 575, 233, 110, , , , , , UGLY41
1660416401, AE5DD2, 33.2181, -117.5149, 575, 234, 109, , , , , , UGLY41
1660416404, AE5DD2, 33.2169, -117.5116, 600, 234, 109, , , , , , UGLY41
1660416404, AE5DD2, 33.2169, -117.5116, 600, 234, 109, , , , , , UGLY41
1660416408, AE5DD2, 33.2155, -117.514, 575, 234, 109, , , , , , UGLY41
1660416408, AE5DD2, 33.2155, -117.514, 575, 234, 109, , , , , , UGLY41
1660416412, AE5DD2, 33.2146, -117.5156, 600, 234, 109, , , , , , UGLY41
1660416412, AE5DD2, 33.2146, -117.5156, 600, 234, 109, , , , , , UGLY41
1660416416, AE5DD2, 33.2133, -117.5178, 600, 234, 110, , , , , , UGLY41
1660416420, AE5DD2, 33.2125, -117.5242, 600, 235, 109, , , , , , UGLY41
1660416420, AE5DD2, 33.2125, -117.5242, 600, 235, 109, , , , , , UGLY41
1660416425, AE5DD2, 33.2105, -117.5223, 575, 234, 107, , , , , , UGLY41
1660416425, AE5DD2, 33.2105, -117.5223, 575, 234, 107, , , , , , UGLY41
1660416429, AE5DD2, 33.2097, -117.5237, 525, 234, 109, , , , , , UGLY41
1660416429, AE5DD2, 33.2097, -117.5237, 525, 234, 109, , , , , , UGLY41
1660416433, AE5DD2, 33.2084, -117.526, 500, 235, 108, , , , , , UGLY41
1660416437, AE5DD2, 33.2076, -117.5325, 450, 235, 106, , , , , , UGLY41
1660416437, AE5DD2, 33.2076, -117.5325, 450, 235, 106, , , , , , UGLY41
1660416440, AE5DD2, 33.2068, -117.5339, 450, 235, 105, , , , , , UGLY41
1660416440, AE5DD2, 33.2068, -117.5339, 450, 235, 105, , , , , , UGLY41
1660416444, AE5DD2, 33.2054, -117.5312, 425, 236, 105, , , , , , UGLY41
1660416444, AE5DD2, 33.2054, -117.5312, 425, 236, 105, , , , , , UGLY41
1660416447, AE5DD2, 33.2045, -117.5328, 400, 235, 107, , , , , , UGLY41
1660416452, AE5DD2, 33.2032, -117.5401, 375, 235, 106, , , , , , UGLY41
1660416452, AE5DD2, 33.2032, -117.5401, 375, 235, 106, , , , , , UGLY41
1660416455, AE5DD2, 33.2022, -117.5368, 350, 236, 107, , , , , , UGLY41
1660416455, AE5DD2, 33.2022, -117.5368, 350, 236, 107, , , , , , UGLY41
1660416459, AE5DD2, 33.201, -117.5389, 325, 236, 108, , , , , , UGLY41
1660416459, AE5DD2, 33.201, -117.5389, 325, 236, 108, , , , , , UGLY41
1660416464, AE5DD2, 33.2, -117.5459, 325, 235, 105, , , , , , UGLY41
1660416467, AE5DD2, 33.1991, -117.5472, 300, 234, 106, , , , , , UGLY41
1660416467, AE5DD2, 33.1991, -117.5472, 300, 234, 106, , , , , , UGLY41
1660416474, AE5DD2, 33.1969, -117.5461, 300, 235, 108, , , , , , UGLY41
1660416474, AE5DD2, 33.1969, -117.5461, 300, 235, 108, , , , , , UGLY41
1660416478, AE5DD2, 33.1962, -117.5522, 275, 236, 107, , , , , , UGLY41
1660416478, AE5DD2, 33.1962, -117.5522, 275, 236, 107, , , , , , UGLY41
1660416482, AE5DD2, 33.1949, -117.5545, 275, 236, 108, , , , , , UGLY41
1660416485, AE5DD2, 33.194, -117.5561, 250, 236, 108, , , , , , UGLY41
1660416485, AE5DD2, 33.194, -117.5561, 250, 236, 108, , , , , , UGLY41
1660416488, AE5DD2, 33.1932, -117.5577, 275, 236, 109, , , , , , UGLY41
1660416488, AE5DD2, 33.1932, -117.5577, 275, 236, 109, , , , , , UGLY41
1660416494, AE5DD2, 33.1913, -117.5561, 300, 236, 110, , , , , , UGLY41
1660416494, AE5DD2, 33.1913, -117.5561, 300, 236, 110, , , , , , UGLY41
1660416494, AE5DD2, 33.1913, -117.5561, 300, 236, 110, , , , , , UGLY41
1660416499, AE5DD2, 33.191, -117.5616, 325, 236, 110, , , , , , UGLY41
1660416499, AE5DD2, 33.191, -117.5616, 325, 236, 110, , , , , , UGLY41
1660416503, AE5DD2, 33.189, -117.5651, 300, 235, 110, , , , , , UGLY41
1660416503, AE5DD2, 33.189, -117.5651, 300, 235, 110, , , , , , UGLY41
1660416507, AE5DD2, 33.1875, -117.5626, 325, 235, 111, , , , , , UGLY41
1660416507, AE5DD2, 33.1875, -117.5626, 325, 235, 111, , , , , , UGLY41
1660416513, AE5DD2, 33.1857, -117.5656, 325, 235, 112, , , , , , UGLY41
1660416516, AE5DD2, 33.1855, -117.5711, 325, 235, 113, , , , , , UGLY41
1660416516, AE5DD2, 33.1855, -117.5711, 325, 235, 113, , , , , , UGLY41
1660416522, AE5DD2, 33.1836, -117.5743, 325, 234, 109, , , , , , UGLY41
1660416522, AE5DD2, 33.1836, -117.5743, 325, 234, 109, , , , , , UGLY41
1660416524, AE5DD2, 33.1828, -117.5757, 325, 236, 114, , , , , , UGLY41
1660416524, AE5DD2, 33.1828, -117.5757, 325, 236, 114, , , , , , UGLY41
1660416528, AE5DD2, 33.1813, -117.5734, 350, 236, 113, , , , , , UGLY41
1660416534, AE5DD2, 33.1799, -117.5806, 350, 237, 112, , , , , , UGLY41
1660416534, AE5DD2, 33.1799, -117.5806, 350, 237, 112, , , , , , UGLY41
1660416537, AE5DD2, 33.1791, -117.5821, 350, 237, 110, , , , , , UGLY41
1660416537, AE5DD2, 33.1791, -117.5821, 350, 237, 110, , , , , , UGLY41
1660416540, AE5DD2, 33.1783, -117.5835, 325, 236, 109, , , , , , UGLY41
1660416540, AE5DD2, 33.1783, -117.5835, 325, 236, 109, , , , , , UGLY41
1660416546, AE5DD2, 33.1761, -117.5828, 325, 235, 107, , , , , , UGLY41
1660416549, AE5DD2, 33.1757, -117.588, 300, 237, 107, , , , , , UGLY41
1660416549, AE5DD2, 33.1757, -117.588, 300, 237, 107, , , , , , UGLY41
1660416552, AE5DD2, 33.1747, -117.5855, 325, 237, 107, , , , , , UGLY41
1660416552, AE5DD2, 33.1747, -117.5855, 325, 237, 107, , , , , , UGLY41
1660416555, AE5DD2, 33.174, -117.5868, 325, 237, 107, , , , , , UGLY41
1660416555, AE5DD2, 33.174, -117.5868, 325, 237, 107, , , , , , UGLY41
1660416560, AE5DD2, 33.1727, -117.5933, 300, 237, 109, , , , , , UGLY41
1660416564, AE5DD2, 33.1716, -117.5952, 325, 235, 110, , , , , , UGLY41
1660416564, AE5DD2, 33.1716, -117.5952, 325, 235, 110, , , , , , UGLY41
1660416570, AE5DD2, 33.1697, -117.5984, 300, 236, 110, , , , , , UGLY41
1660416570, AE5DD2, 33.1697, -117.5984, 300, 236, 110, , , , , , UGLY41
1660416573, AE5DD2, 33.1688, -117.6, 300, 234, 111, , , , , , UGLY41
1660416573, AE5DD2, 33.1688, -117.6, 300, 234, 111, , , , , , UGLY41
1660416576, AE5DD2, 33.1678, -117.5978, 325, 234, 111, , , , , , UGLY41
1660416582, AE5DD2, 33.1661, -117.6044, 325, 232, 109, , , , , , UGLY41
1660416582, AE5DD2, 33.1661, -117.6044, 325, 232, 109, , , , , , UGLY41
1660416585, AE5DD2, 33.1651, -117.6022, 325, 231, 108, , , , , , UGLY41
1660416585, AE5DD2, 33.1651, -117.6022, 325, 231, 108, , , , , , UGLY41
1660416588, AE5DD2, 33.1643, -117.6072, 325, 231, 108, , , , , , UGLY41
1660416588, AE5DD2, 33.1643, -117.6072, 325, 231, 108, , , , , , UGLY41
1660416594, AE5DD2, 33.1625, -117.6103, 325, 234, 107, , , , , , UGLY41
1660416594, AE5DD2, 33.1625, -117.6103, 325, 234, 107, , , , , , UGLY41
1660416597, AE5DD2, 33.1616, -117.6118, 325, 234, 107, , , , , , UGLY41
1660416600, AE5DD2, 33.1607, -117.6132, 350, 231, 110, , , , , , UGLY41
1660416600, AE5DD2, 33.1607, -117.6132, 350, 231, 110, , , , , , UGLY41
1660416606, AE5DD2, 33.1589, -117.6161, 350, 232, 109, , , , , , UGLY41
1660416606, AE5DD2, 33.1589, -117.6161, 350, 232, 109, , , , , , UGLY41
1660416608, AE5DD2, 33.1584, -117.617, 325, 233, 110, , , , , , UGLY41
1660416608, AE5DD2, 33.1584, -117.617, 325, 233, 110, , , , , , UGLY41
1660416612, AE5DD2, 33.1573, -117.6139, 375, 231, 110, , , , , , UGLY41
1660416618, AE5DD2, 33.1556, -117.6218, 325, 235, 107, , , , , , UGLY41
1660416618, AE5DD2, 33.1556, -117.6218, 325, 235, 107, , , , , , UGLY41
1660416621, AE5DD2, 33.1551, -117.6225, 300, 235, 107, , , , , , UGLY41
1660416621, AE5DD2, 33.1551, -117.6225, 300, 235, 107, , , , , , UGLY41
1660416624, AE5DD2, 33.1539, -117.6248, 300, 235, 107, , , , , , UGLY41
1660416624, AE5DD2, 33.1539, -117.6248, 300, 235, 107, , , , , , UGLY41
1660416628, AE5DD2, 33.1524, -117.623, 325, 239, 109, , , , , , UGLY41
1660416634, AE5DD2, 33.1508, -117.6262, 300, 238, 109, , , , , , UGLY41
1660416634, AE5DD2, 33.1508, -117.6262, 300, 238, 109, , , , , , UGLY41
1660416637, AE5DD2, 33.15, -117.6276, 325, 233, 108, , , , , , UGLY41
1660416637, AE5DD2, 33.15, -117.6276, 325, 233, 108, , , , , , UGLY41
1660416640, AE5DD2, 33.1488, -117.6321, 300, 223, 108, , , , , , UGLY41
1660416640, AE5DD2, 33.1488, -117.6321, 300, 223, 108, , , , , , UGLY41
1660416644, AE5DD2, 33.1472, -117.6338, 300, 221, 107, , , , , , UGLY41
1660416648, AE5DD2, 33.146, -117.6351, 300, 223, 106, , , , , , UGLY41
1660416648, AE5DD2, 33.146, -117.6351, 300, 223, 106, , , , , , UGLY41
1660416654, AE5DD2, 33.1438, -117.6375, 325, 222, 107, , , , , , UGLY41
1660416656, AE5DD2, 33.1431, -117.6355, 300, 222, 107, , , , , , UGLY41
1660416656, AE5DD2, 33.1431, -117.6355, 300, 222, 107, , , , , , UGLY41
1660416659, AE5DD2, 33.142, -117.6366, 300, 222, 108, , , , , , UGLY41
1660416659, AE5DD2, 33.142, -117.6366, 300, 222, 108, , , , , , UGLY41
1660416666, AE5DD2, 33.1396, -117.6422, 275, 221, 109, , , , , , UGLY41
1660416669, AE5DD2, 33.1384, -117.6434, 275, 222, 109, , , , , , UGLY41
1660416669, AE5DD2, 33.1384, -117.6434, 275, 222, 109, , , , , , UGLY41
1660416671, AE5DD2, 33.1374, -117.6415, 325, 222, 110, , , , , , UGLY41
1660416671, AE5DD2, 33.1374, -117.6415, 325, 222, 110, , , , , , UGLY41
1660416675, AE5DD2, 33.1363, -117.6427, 275, 220, 109, , , , , , UGLY41
1660416675, AE5DD2, 33.1363, -117.6427, 275, 220, 109, , , , , , UGLY41
1660416682, AE5DD2, 33.1338, -117.6453, 300, 220, 109, , , , , , UGLY41
1660416685, AE5DD2, 33.1323, -117.6468, 300, 220, 110, , , , , , UGLY41
1660416685, AE5DD2, 33.1323, -117.6468, 300, 220, 110, , , , , , UGLY41
1660416688, AE5DD2, 33.1308, -117.6512, 325, 220, 110, , , , , , UGLY41
1660416688, AE5DD2, 33.1308, -117.6512, 325, 220, 110, , , , , , UGLY41
1660416694, AE5DD2, 33.1285, -117.6535, 300, 220, 109, , , , , , UGLY41
1660416694, AE5DD2, 33.1285, -117.6535, 300, 220, 109, , , , , , UGLY41
1660416697, AE5DD2, 33.1272, -117.6547, 300, 220, 109, , , , , , UGLY41
1660416700, AE5DD2, 33.126, -117.6559, 300, 219, 109, , , , , , UGLY41
1660416700, AE5DD2, 33.126, -117.6559, 300, 219, 109, , , , , , UGLY41
1660417618, AE5DD2, 33.1253, -117.782, 350, 279, 75, , , , , , UGLY41
1660417621, AE5DD2, 33.1255, -117.7831, 325, 279, 75, , , , , , UGLY41
1660417621, AE5DD2, 33.1255, -117.7831, 325, 279, 75, , , , , , UGLY41
1660417624, AE5DD2, 33.1256, -117.7841, 325, 279, 75, , , , , , UGLY41
1660417624, AE5DD2, 33.1256, -117.7841, 325, 279, 75, , , , , , UGLY41
1660417630, AE5DD2, 33.126, -117.7869, 325, 279, 75, , , , , , UGLY41
1660417630, AE5DD2, 33.126, -117.7869, 325, 279, 75, , , , , , UGLY41
1660417633, AE5DD2, 33.1262, -117.7882, 325, 278, 76, , , , , , UGLY41
1660417636, AE5DD2, 33.1263, -117.7895, 325, 278, 76, , , , , , UGLY41
1660417636, AE5DD2, 33.1263, -117.7895, 325, 278, 76, , , , , , UGLY41
1660417642, AE5DD2, 33.1264, -117.7914, 300, 257, 76, , , , , , UGLY41
1660417642, AE5DD2, 33.1264, -117.7914, 300, 257, 76, , , , , , UGLY41
1660417645, AE5DD2, 33.1259, -117.7931, 300, 248, 77, , , , , , UGLY41
1660417645, AE5DD2, 33.1259, -117.7931, 300, 248, 77, , , , , , UGLY41
1660417648, AE5DD2, 33.1253, -117.7941, 300, 223, 79, , , , , , UGLY41
