//Timestamp, ICAO, Latitude_deg, Longitude_deg, Altitude_ft, Heading_deg, GroundSpeed_kts, AircraftType, RegistrationNum, Departure, Arrival, FlightNumber1, FlightNumber2
1660406544, 424637, 33.3578, -118.3219, 175, 5, 62, , , , , , VPBHC
1660406544, 424637, 33.3578, -118.3219, 175, 5, 62, , , , , , VPBHC
1660406550, 424637, 33.3596, -118.3215, 250, 7, 68, , , , , , VPBHC
1660406550, 424637, 33.3596, -118.3215, 250, 7, 68, , , , , , VPBHC
1660406553, 424637, 33.3606, -118.3214, 225, 4, 74, , , , , , VPBHC
1660406553, 424637, 33.3606, -118.3214, 225, 4, 74, , , , , , VPBHC
1660406556, 424637, 33.3616, -118.3215, 225, 357, 79, , , , , , VPBHC
1660406562, 424637, 33.3638, -118.3219, 250, 349, 83, , , , , , VPBHC
1660406562, 424637, 33.3638, -118.3219, 250, 349, 83, , , , , , VPBHC
1660406565, 424637, 33.3652, -118.3222, 250, 351, 83, , , , , , VPBHC
1660406565, 424637, 33.3652, -118.3222, 250, 351, 83, , , , , , VPBHC
1660406566, 424637, 33.3653, -118.3222, 250, 351, 84, , , , , , VPBHC
1660406566, 424637, 33.3653, -118.3222, 250, 351, 84, , , , , , VPBHC
1660406574, 424637, 33.3686, -118.3226, 275, 355, 89, , , , , , VPBHC
1660406577, 424637, 33.3699, -118.3228, 275, 357, 90, , , , , , VPBHC
1660406577, 424637, 33.3699, -118.3228, 275, 357, 90, , , , , , VPBHC
1660406580, 424637, 33.3712, -118.3229, 275, 354, 91, , , , , , VPBHC
1660406580, 424637, 33.3712, -118.3229, 275, 354, 91, , , , , , VPBHC
1660406586, 424637, 33.3738, -118.3235, 275, 343, 94, , , , , , VPBHC
1660406589, 424637, 33.3752, -118.3239, 300, 345, 94, , , , , , VPBHC
1660406589, 424637, 33.3752, -118.3239, 300, 345, 94, , , , , , VPBHC
1660406592, 424637, 33.3765, -118.3243, 325, 347, 97, , , , , , VPBHC
1660406592, 424637, 33.3765, -118.3243, 325, 347, 97, , , , , , VPBHC
1660406597, 424637, 33.379, -118.3249, 350, 348, 102, , , , , , VPBHC
1660406600, 424637, 33.3802, -118.3252, 350, 348, 103, , , , , , VPBHC
1660406600, 424637, 33.3802, -118.3252, 350, 348, 103, , , , , , VPBHC
1660406604, 424637, 33.3821, -118.3256, 350, 348, 102, , , , , , VPBHC
1660406604, 424637, 33.3821, -118.3256, 350, 348, 102, , , , , , VPBHC
1660406608, 424637, 33.384, -118.3258, 350, 351, 108, , , , , , VPBHC
1660406608, 424637, 33.384, -118.3258, 350, 351, 108, , , , , , VPBHC
1660406612, 424637, 33.3859, -118.3263, 350, 348, 110, , , , , , VPBHC
1660406612, 424637, 33.3859, -118.3263, 350, 348, 110, , , , , , VPBHC
1660406616, 424637, 33.388, -118.3267, 350, 349, 110, , , , , , VPBHC
1660406619, 424637, 33.3893, -118.327, 350, 351, 112, , , , , , VPBHC
1660406619, 424637, 33.3893, -118.327, 350, 351, 112, , , , , , VPBHC
1660406624, 424637, 33.3923, -118.3275, 350, 351, 112, , , , , , VPBHC
1660406624, 424637, 33.3923, -118.3275, 350, 351, 112, , , , , , VPBHC
1660406628, 424637, 33.3943, -118.3279, 375, 352, 113, , , , , , VPBHC
1660406628, 424637, 33.3943, -118.3279, 375, 352, 113, , , , , , VPBHC
1660406631, 424637, 33.3954, -118.328, 375, 352, 113, , , , , , VPBHC
1660406637, 424637, 33.3991, -118.3286, 375, 352, 114, , , , , , VPBHC
1660406637, 424637, 33.3991, -118.3286, 375, 352, 114, , , , , , VPBHC
1660406640, 424637, 33.4008, -118.3289, 350, 352, 115, , , , , , VPBHC
1660406640, 424637, 33.4008, -118.3289, 350, 352, 115, , , , , , VPBHC
1660406643, 424637, 33.4023, -118.3291, 350, 351, 116, , , , , , VPBHC
1660406643, 424637, 33.4023, -118.3291, 350, 351, 116, , , , , , VPBHC
1660406649, 424637, 33.4056, -118.3297, 350, 351, 117, , , , , , VPBHC
1660406652, 424637, 33.4073, -118.33, 325, 351, 119, , , , , , VPBHC
1660406652, 424637, 33.4073, -118.33, 325, 351, 119, , , , , , VPBHC
1660406656, 424637, 33.4088, -118.3303, 325, 351, 119, , , , , , VPBHC
1660406656, 424637, 33.4088, -118.3303, 325, 351, 119, , , , , , VPBHC
1660406662, 424637, 33.4124, -118.3308, 325, 351, 119, , , , , , VPBHC
1660406662, 424637, 33.4124, -118.3308, 325, 351, 119, , , , , , VPBHC
1660406664, 424637, 33.4138, -118.3311, 300, 351, 119, , , , , , VPBHC
1660406667, 424637, 33.4155, -118.3314, 300, 350, 119, , , , , , VPBHC
1660406667, 424637, 33.4155, -118.3314, 300, 350, 119, , , , , , VPBHC
1660406674, 424637, 33.419, -118.3321, 300, 351, 119, , , , , , VPBHC
1660406674, 424637, 33.419, -118.3321, 300, 351, 119, , , , , , VPBHC
1660406678, 424637, 33.4213, -118.3325, 300, 351, 119, , , , , , VPBHC
1660406678, 424637, 33.4213, -118.3325, 300, 351, 119, , , , , , VPBHC
1660406680, 424637, 33.4223, -118.3327, 300, 350, 118, , , , , , VPBHC
1660406684, 424637, 33.4247, -118.3331, 275, 350, 119, , , , , , VPBHC
1660406684, 424637, 33.4247, -118.3331, 275, 350, 119, , , , , , VPBHC
1660406690, 424637, 33.4274, -118.3337, 275, 350, 119, , , , , , VPBHC
1660406690, 424637, 33.4274, -118.3337, 275, 350, 119, , , , , , VPBHC
1660406690, 424637, 33.4274, -118.3337, 275, 350, 119, , , , , , VPBHC
1660406690, 424637, 33.4274, -118.3337, 275, 350, 119, , , , , , VPBHC
1660406697, 424637, 33.4319, -118.3347, 250, 349, 119, , , , , , VPBHC
1660406701, 424637, 33.4336, -118.335, 250, 349, 119, , , , , , VPBHC
1660406701, 424637, 33.4336, -118.335, 250, 349, 119, , , , , , VPBHC
1660406704, 424637, 33.4355, -118.3354, 225, 348, 120, , , , , , VPBHC
1660406704, 424637, 33.4355, -118.3354, 225, 348, 120, , , , , , VPBHC
1660406710, 424637, 33.4388, -118.3364, 200, 346, 121, , , , , , VPBHC
1660406710, 424637, 33.4388, -118.3364, 200, 346, 121, , , , , , VPBHC
1660406713, 424637, 33.4401, -118.3367, 175, 346, 120, , , , , , VPBHC
1660406716, 424637, 33.442, -118.3373, 175, 346, 120, , , , , , VPBHC
1660406716, 424637, 33.442, -118.3373, 175, 346, 120, , , , , , VPBHC
1660406722, 424637, 33.4452, -118.3382, 200, 347, 115, , , , , , VPBHC
1660406722, 424637, 33.4452, -118.3382, 200, 347, 115, , , , , , VPBHC
1660406725, 424637, 33.4469, -118.3386, 200, 347, 115, , , , , , VPBHC
1660406725, 424637, 33.4469, -118.3386, 200, 347, 115, , , , , , VPBHC
1660406728, 424637, 33.4481, -118.339, 225, 347, 114, , , , , , VPBHC
1660406734, 424637, 33.4514, -118.3399, 225, 346, 115, , , , , , VPBHC
1660406734, 424637, 33.4514, -118.3399, 225, 346, 115, , , , , , VPBHC
1660406737, 424637, 33.4527, -118.3402, 225, 346, 114, , , , , , VPBHC
1660406737, 424637, 33.4527, -118.3402, 225, 346, 114, , , , , , VPBHC
1660406739, 424637, 33.4543, -118.3406, 250, 347, 114, , , , , , VPBHC
1660406739, 424637, 33.4543, -118.3406, 250, 347, 114, , , , , , VPBHC
1660406746, 424637, 33.4577, -118.3414, 225, 348, 116, , , , , , VPBHC
1660406749, 424637, 33.4595, -118.3419, 225, 348, 117, , , , , , VPBHC
1660406749, 424637, 33.4595, -118.3419, 225, 348, 117, , , , , , VPBHC
1660406752, 424637, 33.4605, -118.3421, 225, 348, 117, , , , , , VPBHC
1660406752, 424637, 33.4605, -118.3421, 225, 348, 117, , , , , , VPBHC
1660406754, 424637, 33.4618, -118.3424, 225, 349, 117, , , , , , VPBHC
1660406754, 424637, 33.4618, -118.3424, 225, 349, 117, , , , , , VPBHC
1660406761, 424637, 33.4653, -118.3432, 225, 349, 117, , , , , , VPBHC
1660406761, 424637, 33.4653, -118.3432, 225, 349, 117, , , , , , VPBHC
1660406764, 424637, 33.4666, -118.3434, 225, 349, 117, , , , , , VPBHC
1660406767, 424637, 33.4685, -118.3438, 225, 348, 118, , , , , , VPBHC
1660406767, 424637, 33.4685, -118.3438, 225, 348, 118, , , , , , VPBHC
1660406773, 424637, 33.4721, -118.3447, 200, 348, 119, , , , , , VPBHC
1660406773, 424637, 33.4721, -118.3447, 200, 348, 119, , , , , , VPBHC
1660406776, 424637, 33.4741, -118.3452, 200, 347, 120, , , , , , VPBHC
1660406776, 424637, 33.4741, -118.3452, 200, 347, 120, , , , , , VPBHC
1660406779, 424637, 33.4756, -118.3456, 200, 348, 120, , , , , , VPBHC
1660406785, 424637, 33.479, -118.3464, 200, 347, 119, , , , , , VPBHC
1660406785, 424637, 33.479, -118.3464, 200, 347, 119, , , , , , VPBHC
1660406788, 424637, 33.4807, -118.3468, 225, 348, 118, , , , , , VPBHC
1660406788, 424637, 33.4807, -118.3468, 225, 348, 118, , , , , , VPBHC
1660406791, 424637, 33.4821, -118.3472, 225, 348, 119, , , , , , VPBHC
1660406791, 424637, 33.4821, -118.3472, 225, 348, 119, , , , , , VPBHC
1660406798, 424637, 33.4854, -118.348, 225, 347, 119, , , , , , VPBHC
1660406801, 424637, 33.4873, -118.3486, 225, 346, 121, , , , , , VPBHC
1660406801, 424637, 33.4873, -118.3486, 225, 346, 121, , , , , , VPBHC
1660406804, 424637, 33.4889, -118.349, 225, 346, 121, , , , , , VPBHC
1660406804, 424637, 33.4889, -118.349, 225, 346, 121, , , , , , VPBHC
1660406810, 424637, 33.4922, -118.3501, 225, 344, 121, , , , , , VPBHC
1660406810, 424637, 33.4922, -118.3501, 225, 344, 121, , , , , , VPBHC
1660406813, 424637, 33.4936, -118.3505, 225, 343, 121, , , , , , VPBHC
1660406816, 424637, 33.4947, -118.351, 225, 344, 121, , , , , , VPBHC
1660406816, 424637, 33.4947, -118.351, 225, 344, 121, , , , , , VPBHC
1660406822, 424637, 33.4987, -118.3522, 200, 345, 121, , , , , , VPBHC
1660406822, 424637, 33.4987, -118.3522, 200, 345, 121, , , , , , VPBHC
1660406825, 424637, 33.4997, -118.3525, 225, 345, 121, , , , , , VPBHC
1660406825, 424637, 33.4997, -118.3525, 225, 345, 121, , , , , , VPBHC
1660406828, 424637, 33.5019, -118.3532, 225, 345, 119, , , , , , VPBHC
1660406834, 424637, 33.505, -118.3542, 225, 344, 120, , , , , , VPBHC
1660406834, 424637, 33.505, -118.3542, 225, 344, 120, , , , , , VPBHC
1660406836, 424637, 33.5066, -118.3547, 225, 344, 120, , , , , , VPBHC
1660406836, 424637, 33.5066, -118.3547, 225, 344, 120, , , , , , VPBHC
1660406839, 424637, 33.5082, -118.3553, 250, 342, 119, , , , , , VPBHC
1660406839, 424637, 33.5082, -118.3553, 250, 342, 119, , , , , , VPBHC
1660406845, 424637, 33.5108, -118.3564, 250, 341, 118, , , , , , VPBHC
1660406849, 424637, 33.513, -118.3572, 250, 342, 118, , , , , , VPBHC
1660406849, 424637, 33.513, -118.3572, 250, 342, 118, , , , , , VPBHC
1660406853, 424637, 33.5133, -118.3573, 275, 342, 118, , , , , , VPBHC
1660406853, 424637, 33.5133, -118.3573, 275, 342, 118, , , , , , VPBHC
1660406857, 424637, 33.5174, -118.359, 250, 341, 119, , , , , , VPBHC
1660406857, 424637, 33.5174, -118.359, 250, 341, 119, , , , , , VPBHC
1660406861, 424637, 33.5195, -118.3598, 250, 340, 118, , , , , , VPBHC
1660406865, 424637, 33.5218, -118.3609, 275, 340, 117, , , , , , VPBHC
1660406865, 424637, 33.5218, -118.3609, 275, 340, 117, , , , , , VPBHC
1660406869, 424637, 33.5236, -118.3616, 300, 340, 117, , , , , , VPBHC
1660406869, 424637, 33.5236, -118.3616, 300, 340, 117, , , , , , VPBHC
1660406872, 424637, 33.5246, -118.3619, 300, 342, 117, , , , , , VPBHC
1660406872, 424637, 33.5246, -118.3619, 300, 342, 117, , , , , , VPBHC
1660406878, 424637, 33.5276, -118.363, 300, 344, 118, , , , , , VPBHC
1660406878, 424637, 33.5276, -118.363, 300, 344, 118, , , , , , VPBHC
1660406881, 424637, 33.5295, -118.3636, 300, 345, 118, , , , , , VPBHC
1660406884, 424637, 33.5315, -118.3642, 275, 346, 119, , , , , , VPBHC
1660406884, 424637, 33.5315, -118.3642, 275, 346, 119, , , , , , VPBHC
1660406890, 424637, 33.5348, -118.3651, 250, 347, 121, , , , , , VPBHC
1660406890, 424637, 33.5348, -118.3651, 250, 347, 121, , , , , , VPBHC
1660406893, 424637, 33.5365, -118.3656, 275, 347, 121, , , , , , VPBHC
1660406893, 424637, 33.5365, -118.3656, 275, 347, 121, , , , , , VPBHC
1660406896, 424637, 33.5381, -118.366, 275, 346, 120, , , , , , VPBHC
1660406901, 424637, 33.5405, -118.3668, 275, 344, 119, , , , , , VPBHC
1660406901, 424637, 33.5405, -118.3668, 275, 344, 119, , , , , , VPBHC
1660406905, 424637, 33.5429, -118.3677, 275, 343, 119, , , , , , VPBHC
1660406905, 424637, 33.5429, -118.3677, 275, 343, 119, , , , , , VPBHC
1660406908, 424637, 33.5443, -118.3681, 275, 343, 119, , , , , , VPBHC
1660406914, 424637, 33.5478, -118.3693, 275, 345, 119, , , , , , VPBHC
1660406914, 424637, 33.5478, -118.3693, 275, 345, 119, , , , , , VPBHC
1660406916, 424637, 33.5488, -118.3696, 275, 346, 119, , , , , , VPBHC
1660406916, 424637, 33.5488, -118.3696, 275, 346, 119, , , , , , VPBHC
1660406919, 424637, 33.5499, -118.3699, 275, 346, 119, , , , , , VPBHC
1660406919, 424637, 33.5499, -118.3699, 275, 346, 119, , , , , , VPBHC
1660406926, 424637, 33.554, -118.3711, 250, 346, 120, , , , , , VPBHC
1660406929, 424637, 33.5559, -118.3716, 250, 347, 119, , , , , , VPBHC
1660406929, 424637, 33.5559, -118.3716, 250, 347, 119, , , , , , VPBHC
1660406932, 424637, 33.5575, -118.372, 250, 348, 120, , , , , , VPBHC
1660406932, 424637, 33.5575, -118.372, 250, 348, 120, , , , , , VPBHC
1660406937, 424637, 33.56, -118.3727, 250, 347, 118, , , , , , VPBHC
1660406937, 424637, 33.56, -118.3727, 250, 347, 118, , , , , , VPBHC
1660406941, 424637, 33.5625, -118.3733, 275, 347, 117, , , , , , VPBHC
1660406944, 424637, 33.5639, -118.3736, 300, 347, 116, , , , , , VPBHC
1660406944, 424637, 33.5639, -118.3736, 300, 347, 116, , , , , , VPBHC
1660406950, 424637, 33.5667, -118.3745, 325, 345, 115, , , , , , VPBHC
1660406950, 424637, 33.5667, -118.3745, 325, 345, 115, , , , , , VPBHC
1660406953, 424637, 33.5687, -118.3751, 325, 345, 115, , , , , , VPBHC
1660406953, 424637, 33.5687, -118.3751, 325, 345, 115, , , , , , VPBHC
1660406955, 424637, 33.5693, -118.3753, 325, 343, 115, , , , , , VPBHC
1660406962, 424637, 33.5731, -118.3766, 325, 343, 117, , , , , , VPBHC
1660406962, 424637, 33.5731, -118.3766, 325, 343, 117, , , , , , VPBHC
1660406965, 424637, 33.575, -118.3773, 325, 342, 118, , , , , , VPBHC
1660406965, 424637, 33.575, -118.3773, 325, 342, 118, , , , , , VPBHC
1660406968, 424637, 33.5765, -118.3779, 325, 340, 118, , , , , , VPBHC
1660406974, 424637, 33.5795, -118.3793, 325, 339, 118, , , , , , VPBHC
1660406974, 424637, 33.5795, -118.3793, 325, 339, 118, , , , , , VPBHC
1660406977, 424637, 33.5809, -118.3799, 300, 340, 118, , , , , , VPBHC
1660406977, 424637, 33.5809, -118.3799, 300, 340, 118, , , , , , VPBHC
1660406980, 424637, 33.5827, -118.3805, 300, 341, 118, , , , , , VPBHC
1660406980, 424637, 33.5827, -118.3805, 300, 341, 118, , , , , , VPBHC
1660406986, 424637, 33.5858, -118.3818, 325, 340, 118, , , , , , VPBHC
1660406989, 424637, 33.5872, -118.3824, 300, 340, 118, , , , , , VPBHC
1660406989, 424637, 33.5872, -118.3824, 300, 340, 118, , , , , , VPBHC
1660406992, 424637, 33.5891, -118.3832, 300, 340, 118, , , , , , VPBHC
1660406992, 424637, 33.5891, -118.3832, 300, 340, 118, , , , , , VPBHC
1660406998, 424637, 33.5922, -118.3844, 300, 343, 119, , , , , , VPBHC
1660406998, 424637, 33.5922, -118.3844, 300, 343, 119, , , , , , VPBHC
1660407001, 424637, 33.5937, -118.3848, 300, 346, 119, , , , , , VPBHC
1660407004, 424637, 33.5952, -118.3853, 300, 347, 119, , , , , , VPBHC
1660407004, 424637, 33.5952, -118.3853, 300, 347, 119, , , , , , VPBHC
1660407010, 424637, 33.5978, -118.3859, 300, 349, 119, , , , , , VPBHC
1660407010, 424637, 33.5978, -118.3859, 300, 349, 119, , , , , , VPBHC
1660407012, 424637, 33.5999, -118.3863, 300, 349, 118, , , , , , VPBHC
1660407012, 424637, 33.5999, -118.3863, 300, 349, 118, , , , , , VPBHC
1660407015, 424637, 33.6015, -118.3866, 300, 350, 118, , , , , , VPBHC
1660407022, 424637, 33.6049, -118.3873, 300, 350, 117, , , , , , VPBHC
1660407025, 424637, 33.6065, -118.3876, 300, 351, 116, , , , , , VPBHC
1660407025, 424637, 33.6065, -118.3876, 300, 351, 116, , , , , , VPBHC
1660407028, 424637, 33.6078, -118.3878, 300, 352, 115, , , , , , VPBHC
1660407028, 424637, 33.6078, -118.3878, 300, 352, 115, , , , , , VPBHC
1660407031, 424637, 33.6097, -118.3882, 300, 351, 114, , , , , , VPBHC
1660407037, 424637, 33.6129, -118.3888, 300, 350, 114, , , , , , VPBHC
1660407037, 424637, 33.6129, -118.3888, 300, 350, 114, , , , , , VPBHC
1660407040, 424637, 33.6146, -118.3891, 300, 350, 113, , , , , , VPBHC
1660407040, 424637, 33.6146, -118.3891, 300, 350, 113, , , , , , VPBHC
1660407043, 424637, 33.6163, -118.3894, 300, 350, 112, , , , , , VPBHC
1660407043, 424637, 33.6163, -118.3894, 300, 350, 112, , , , , , VPBHC
1660407047, 424637, 33.6181, -118.3897, 325, 352, 111, , , , , , VPBHC
1660407051, 424637, 33.6197, -118.3897, 300, 4, 111, , , , , , VPBHC
1660407051, 424637, 33.6197, -118.3897, 300, 4, 111, , , , , , VPBHC
1660407057, 424637, 33.6234, -118.3887, 250, 16, 113, , , , , , VPBHC
1660407057, 424637, 33.6234, -118.3887, 250, 16, 113, , , , , , VPBHC
1660407061, 424637, 33.6251, -118.3879, 250, 21, 113, , , , , , VPBHC
1660407061, 424637, 33.6251, -118.3879, 250, 21, 113, , , , , , VPBHC
1660407064, 424637, 33.6261, -118.3874, 250, 24, 110, , , , , , VPBHC
1660407070, 424637, 33.6291, -118.3858, 225, 23, 107, , , , , , VPBHC
1660407070, 424637, 33.6291, -118.3858, 225, 23, 107, , , , , , VPBHC
1660407073, 424637, 33.6306, -118.3852, 225, 19, 105, , , , , , VPBHC
1660407073, 424637, 33.6306, -118.3852, 225, 19, 105, , , , , , VPBHC
1660407076, 424637, 33.6319, -118.3848, 225, 12, 103, , , , , , VPBHC
1660407076, 424637, 33.6319, -118.3848, 225, 12, 103, , , , , , VPBHC
1660407082, 424637, 33.6349, -118.3845, 225, 2, 100, , , , , , VPBHC
1660407085, 424637, 33.6357, -118.3845, 225, 356, 99, , , , , , VPBHC
1660407085, 424637, 33.6357, -118.3845, 225, 356, 99, , , , , , VPBHC
1660407088, 424637, 33.6373, -118.3847, 200, 353, 98, , , , , , VPBHC
1660407088, 424637, 33.6373, -118.3847, 200, 353, 98, , , , , , VPBHC
1660407094, 424637, 33.6403, -118.3853, 200, 349, 96, , , , , , VPBHC
1660407094, 424637, 33.6403, -118.3853, 200, 349, 96, , , , , , VPBHC
1660407097, 424637, 33.6417, -118.3856, 200, 347, 95, , , , , , VPBHC
1660407100, 424637, 33.643, -118.386, 225, 345, 93, , , , , , VPBHC
1660407100, 424637, 33.643, -118.386, 225, 345, 93, , , , , , VPBHC
1660407103, 424637, 33.6442, -118.3864, 225, 344, 94, , , , , , VPBHC
1660407103, 424637, 33.6442, -118.3864, 225, 344, 94, , , , , , VPBHC
1660407108, 424637, 33.6465, -118.3873, 225, 342, 94, , , , , , VPBHC
1660407108, 424637, 33.6465, -118.3873, 225, 342, 94, , , , , , VPBHC
1660407112, 424637, 33.648, -118.3878, 225, 341, 94, , , , , , VPBHC
1660407115, 424637, 33.6494, -118.3885, 200, 340, 95, , , , , , VPBHC
1660407115, 424637, 33.6494, -118.3885, 200, 340, 95, , , , , , VPBHC
1660407121, 424637, 33.6513, -118.3893, 225, 340, 93, , , , , , VPBHC
1660407121, 424637, 33.6513, -118.3893, 225, 340, 93, , , , , , VPBHC
1660407124, 424637, 33.6527, -118.3898, 250, 340, 90, , , , , , VPBHC
1660407124, 424637, 33.6527, -118.3898, 250, 340, 90, , , , , , VPBHC
1660407127, 424637, 33.654, -118.3905, 275, 340, 89, , , , , , VPBHC
1660407134, 424637, 33.6566, -118.3915, 275, 342, 90, , , , , , VPBHC
1660407134, 424637, 33.6566, -118.3915, 275, 342, 90, , , , , , VPBHC
1660407136, 424637, 33.6577, -118.3919, 275, 343, 89, , , , , , VPBHC
1660407136, 424637, 33.6577, -118.3919, 275, 343, 89, , , , , , VPBHC
1660407140, 424637, 33.659, -118.3924, 300, 343, 90, , , , , , VPBHC
1660407140, 424637, 33.659, -118.3924, 300, 343, 90, , , , , , VPBHC
1660407145, 424637, 33.6614, -118.3932, 300, 345, 91, , , , , , VPBHC
1660407148, 424637, 33.6623, -118.3935, 300, 346, 92, , , , , , VPBHC
1660407148, 424637, 33.6623, -118.3935, 300, 346, 92, , , , , , VPBHC
1660407152, 424637, 33.664, -118.3939, 300, 345, 93, , , , , , VPBHC
1660407152, 424637, 33.664, -118.3939, 300, 345, 93, , , , , , VPBHC
1660407158, 424637, 33.6664, -118.3947, 300, 345, 93, , , , , , VPBHC
1660407158, 424637, 33.6664, -118.3947, 300, 345, 93, , , , , , VPBHC
1660407161, 424637, 33.6677, -118.3951, 300, 346, 94, , , , , , VPBHC
1660407163, 424637, 33.6689, -118.3953, 325, 347, 95, , , , , , VPBHC
1660407163, 424637, 33.6689, -118.3953, 325, 347, 95, , , , , , VPBHC
1660407169, 424637, 33.6715, -118.396, 325, 347, 93, , , , , , VPBHC
1660407169, 424637, 33.6715, -118.396, 325, 347, 93, , , , , , VPBHC
1660407173, 424637, 33.6728, -118.3964, 350, 347, 92, , , , , , VPBHC
1660407173, 424637, 33.6728, -118.3964, 350, 347, 92, , , , , , VPBHC
1660407175, 424637, 33.6739, -118.3967, 375, 347, 91, , , , , , VPBHC
1660407175, 424637, 33.6739, -118.3967, 375, 347, 91, , , , , , VPBHC
1660407182, 424637, 33.6766, -118.3974, 375, 348, 91, , , , , , VPBHC
1660407185, 424637, 33.6778, -118.3977, 375, 348, 92, , , , , , VPBHC
1660407185, 424637, 33.6778, -118.3977, 375, 348, 92, , , , , , VPBHC
1660407188, 424637, 33.6792, -118.3981, 375, 348, 93, , , , , , VPBHC
1660407188, 424637, 33.6792, -118.3981, 375, 348, 93, , , , , , VPBHC
1660407194, 424637, 33.6818, -118.3986, 375, 349, 94, , , , , , VPBHC
1660407194, 424637, 33.6818, -118.3986, 375, 349, 94, , , , , , VPBHC
1660407197, 424637, 33.6831, -118.3989, 400, 349, 94, , , , , , VPBHC
1660407199, 424637, 33.6841, -118.3991, 400, 349, 94, , , , , , VPBHC
1660407199, 424637, 33.6841, -118.3991, 400, 349, 94, , , , , , VPBHC
1660407205, 424637, 33.6866, -118.3997, 400, 350, 95, , , , , , VPBHC
1660407205, 424637, 33.6866, -118.3997, 400, 350, 95, , , , , , VPBHC
1660407208, 424637, 33.6882, -118.4, 400, 351, 96, , , , , , VPBHC
1660407208, 424637, 33.6882, -118.4, 400, 351, 96, , , , , , VPBHC
1660407211, 424637, 33.6895, -118.4002, 400, 351, 95, , , , , , VPBHC
1660407218, 424637, 33.6922, -118.4008, 425, 350, 92, , , , , , VPBHC
1660407218, 424637, 33.6922, -118.4008, 425, 350, 92, , , , , , VPBHC
1660407221, 424637, 33.6934, -118.401, 425, 350, 92, , , , , , VPBHC
1660407221, 424637, 33.6934, -118.401, 425, 350, 92, , , , , , VPBHC
1660407223, 424637, 33.6943, -118.4012, 425, 350, 92, , , , , , VPBHC
1660407223, 424637, 33.6943, -118.4012, 425, 350, 92, , , , , , VPBHC
1660407230, 424637, 33.6973, -118.4018, 425, 350, 94, , , , , , VPBHC
1660407233, 424637, 33.6979, -118.402, 425, 348, 94, , , , , , VPBHC
1660407233, 424637, 33.6979, -118.402, 425, 348, 94, , , , , , VPBHC
1660407236, 424637, 33.7, -118.4025, 400, 347, 96, , , , , , VPBHC
1660407236, 424637, 33.7, -118.4025, 400, 347, 96, , , , , , VPBHC
1660407242, 424637, 33.7026, -118.4031, 400, 348, 96, , , , , , VPBHC
1660407242, 424637, 33.7026, -118.4031, 400, 348, 96, , , , , , VPBHC
1660407244, 424637, 33.7035, -118.4033, 375, 348, 97, , , , , , VPBHC
1660407244, 424637, 33.7035, -118.4033, 375, 348, 97, , , , , , VPBHC
1660407248, 424637, 33.7051, -118.4037, 375, 348, 98, , , , , , VPBHC
1660407253, 424637, 33.7075, -118.4043, 325, 349, 99, , , , , , VPBHC
1660407253, 424637, 33.7075, -118.4043, 325, 349, 99, , , , , , VPBHC
1660407258, 424637, 33.7096, -118.4047, 325, 350, 100, , , , , , VPBHC
1660407258, 424637, 33.7096, -118.4047, 325, 350, 100, , , , , , VPBHC
1660407258, 424637, 33.7096, -118.4047, 325, 350, 100, , , , , , VPBHC
1660407258, 424637, 33.7096, -118.4047, 325, 350, 100, , , , , , VPBHC
1660407265, 424637, 33.7133, -118.4055, 300, 349, 100, , , , , , VPBHC
1660407269, 424637, 33.7149, -118.4058, 300, 349, 101, , , , , , VPBHC
1660407269, 424637, 33.7149, -118.4058, 300, 349, 101, , , , , , VPBHC
1660407273, 424637, 33.7166, -118.4062, 300, 350, 99, , , , , , VPBHC
1660407273, 424637, 33.7166, -118.4062, 300, 350, 99, , , , , , VPBHC
1660407276, 424637, 33.7182, -118.4065, 300, 349, 99, , , , , , VPBHC
1660407276, 424637, 33.7182, -118.4065, 300, 349, 99, , , , , , VPBHC
1660407282, 424637, 33.7209, -118.4071, 300, 348, 100, , , , , , VPBHC
1660407285, 424637, 33.7223, -118.4074, 300, 348, 100, , , , , , VPBHC
1660407285, 424637, 33.7223, -118.4074, 300, 348, 100, , , , , , VPBHC
1660407288, 424637, 33.7236, -118.4078, 300, 348, 101, , , , , , VPBHC
1660407288, 424637, 33.7236, -118.4078, 300, 348, 101, , , , , , VPBHC
1660407294, 424637, 33.7265, -118.4085, 300, 347, 100, , , , , , VPBHC
1660407294, 424637, 33.7265, -118.4085, 300, 347, 100, , , , , , VPBHC
1660407297, 424637, 33.7277, -118.4088, 325, 348, 97, , , , , , VPBHC
1660407300, 424637, 33.7282, -118.4089, 375, 346, 92, , , , , , VPBHC
1660407300, 424637, 33.7282, -118.4089, 375, 346, 92, , , , , , VPBHC
1660407303, 424637, 33.7303, -118.4095, 400, 346, 92, , , , , , VPBHC
1660407303, 424637, 33.7303, -118.4095, 400, 346, 92, , , , , , VPBHC
1660407309, 424637, 33.7329, -118.4102, 375, 346, 97, , , , , , VPBHC
1660407309, 424637, 33.7329, -118.4102, 375, 346, 97, , , , , , VPBHC
1660407312, 424637, 33.7341, -118.4105, 375, 347, 99, , , , , , VPBHC
1660407315, 424637, 33.7355, -118.4109, 375, 347, 100, , , , , , VPBHC
1660407315, 424637, 33.7355, -118.4109, 375, 347, 100, , , , , , VPBHC
1660407321, 424637, 33.7383, -118.4118, 375, 344, 100, , , , , , VPBHC
1660407321, 424637, 33.7383, -118.4118, 375, 344, 100, , , , , , VPBHC
1660407324, 424637, 33.7396, -118.4122, 375, 342, 101, , , , , , VPBHC
1660407324, 424637, 33.7396, -118.4122, 375, 342, 101, , , , , , VPBHC
1660407328, 424637, 33.7412, -118.4129, 375, 340, 102, , , , , , VPBHC
1660407334, 424637, 33.7439, -118.4141, 400, 338, 104, , , , , , VPBHC
1660407334, 424637, 33.7439, -118.4141, 400, 338, 104, , , , , , VPBHC
1660407337, 424637, 33.7453, -118.4148, 400, 337, 105, , , , , , VPBHC
1660407337, 424637, 33.7453, -118.4148, 400, 337, 105, , , , , , VPBHC
1660407339, 424637, 33.7464, -118.4154, 400, 338, 107, , , , , , VPBHC
1660407339, 424637, 33.7464, -118.4154, 400, 338, 107, , , , , , VPBHC
1660407346, 424637, 33.7494, -118.4169, 400, 335, 112, , , , , , VPBHC
1660407346, 424637, 33.7494, -118.4169, 400, 335, 112, , , , , , VPBHC
1660407349, 424637, 33.751, -118.4178, 400, 334, 114, , , , , , VPBHC
1660407351, 424637, 33.7523, -118.4186, 400, 333, 114, , , , , , VPBHC
1660407351, 424637, 33.7523, -118.4186, 400, 333, 114, , , , , , VPBHC
1660412445, 424637, 33.7518, -118.4179, 400, 159, 112, , , LAX, , , VPBHC
1660412448, 424637, 33.7512, -118.4176, 400, 159, 112, , , LAX, , , VPBHC
1660412448, 424637, 33.7512, -118.4176, 400, 159, 112, , , LAX, , , VPBHC
1660412451, 424637, 33.7491, -118.4167, 400, 158, 112, , , LAX, , , VPBHC
1660412451, 424637, 33.7491, -118.4167, 400, 158, 112, , , LAX, , , VPBHC
1660412457, 424637, 33.7459, -118.4152, 400, 157, 111, , , LAX, , , VPBHC
1660412457, 424637, 33.7459, -118.4152, 400, 157, 111, , , LAX, , , VPBHC
1660412457, 424637, 33.7459, -118.4152, 400, 157, 111, , , LAX, , , VPBHC
1660412463, 424637, 33.7434, -118.4138, 400, 158, 111, , , LAX, , , VPBHC
1660412463, 424637, 33.7434, -118.4138, 400, 158, 111, , , LAX, , , VPBHC
1660412470, 424637, 33.7398, -118.4126, 375, 166, 112, , , LAX, , , VPBHC
1660412470, 424637, 33.7398, -118.4126, 375, 166, 112, , , LAX, , , VPBHC
1660412470, 424637, 33.7398, -118.4126, 375, 166, 112, , , LAX, , , VPBHC
1660412470, 424637, 33.7398, -118.4126, 375, 166, 112, , , LAX, , , VPBHC
1660412474, 424637, 33.7376, -118.412, 375, 198, 112, , , LAX, , , VPBHC
1660412479, 424637, 33.7357, -118.4117, 375, 172, 112, , , LAX, , , VPBHC
1660412479, 424637, 33.7357, -118.4117, 375, 172, 112, , , LAX, , , VPBHC
1660412483, 424637, 33.7337, -118.4114, 350, 174, 112, , , LAX, , , VPBHC
1660412483, 424637, 33.7337, -118.4114, 350, 174, 112, , , LAX, , , VPBHC
1660412487, 424637, 33.7308, -118.4112, 375, 175, 112, , , LAX, , , VPBHC
1660412487, 424637, 33.7308, -118.4112, 375, 175, 112, , , LAX, , , VPBHC
1660412492, 424637, 33.7294, -118.411, 375, 175, 110, , , LAX, , , VPBHC
1660412492, 424637, 33.7294, -118.411, 375, 175, 110, , , LAX, , , VPBHC
1660412492, 424637, 33.7294, -118.411, 375, 175, 110, , , LAX, , , VPBHC
1660412499, 424637, 33.725, -118.4105, 400, 172, 109, , , LAX, , , VPBHC
1660412499, 424637, 33.725, -118.4105, 400, 172, 109, , , LAX, , , VPBHC
1660412504, 424637, 33.7222, -118.41, 425, 169, 108, , , LAX, , , VPBHC
1660412508, 424637, 33.7202, -118.4096, 425, 169, 108, , , LAX, , , VPBHC
1660412508, 424637, 33.7202, -118.4096, 425, 169, 108, , , LAX, , , VPBHC
1660412513, 424637, 33.72, -118.4095, 425, 167, 108, , , LAX, , , VPBHC
1660412513, 424637, 33.72, -118.4095, 425, 167, 108, , , LAX, , , VPBHC
1660412513, 424637, 33.72, -118.4095, 425, 167, 108, , , LAX, , , VPBHC
1660412518, 424637, 33.7155, -118.4082, 450, 163, 107, , , LAX, , , VPBHC
1660412518, 424637, 33.7155, -118.4082, 450, 163, 107, , , LAX, , , VPBHC
1660412525, 424637, 33.7123, -118.4071, 475, 163, 107, , , LAX, , , VPBHC
1660412525, 424637, 33.7123, -118.4071, 475, 163, 107, , , LAX, , , VPBHC
1660412529, 424637, 33.7102, -118.4063, 475, 164, 107, , , LAX, , , VPBHC
1660412529, 424637, 33.7102, -118.4063, 475, 164, 107, , , LAX, , , VPBHC
1660412531, 424637, 33.7091, -118.406, 500, 164, 107, , , LAX, , , VPBHC
1660412538, 424637, 33.7061, -118.4049, 500, 162, 109, , , LAX, , , VPBHC
1660412538, 424637, 33.7061, -118.4049, 500, 162, 109, , , LAX, , , VPBHC
1660412542, 424637, 33.7045, -118.4041, 475, 158, 110, , , LAX, , , VPBHC
1660412542, 424637, 33.7045, -118.4041, 475, 158, 110, , , LAX, , , VPBHC
1660412542, 424637, 33.7045, -118.4041, 475, 158, 110, , , LAX, , , VPBHC
1660412542, 424637, 33.7045, -118.4041, 475, 158, 110, , , LAX, , , VPBHC
1660412548, 424637, 33.7014, -118.4025, 500, 156, 111, , , LAX, , , VPBHC
1660412553, 424637, 33.6993, -118.4014, 500, 155, 110, , , LAX, , , VPBHC
1660412553, 424637, 33.6993, -118.4014, 500, 155, 110, , , LAX, , , VPBHC
1660412558, 424637, 33.6966, -118.3999, 525, 154, 107, , , LAX, , , VPBHC
1660412558, 424637, 33.6966, -118.3999, 525, 154, 107, , , LAX, , , VPBHC
1660412562, 424637, 33.695, -118.399, 550, 153, 106, , , LAX, , , VPBHC
1660412562, 424637, 33.695, -118.399, 550, 153, 106, , , LAX, , , VPBHC
1660412564, 424637, 33.6936, -118.3982, 550, 153, 107, , , LAX, , , VPBHC
1660412568, 424637, 33.6926, -118.3975, 550, 154, 107, , , LAX, , , VPBHC
1660412568, 424637, 33.6926, -118.3975, 550, 154, 107, , , LAX, , , VPBHC
1660412574, 424637, 33.6896, -118.3961, 575, 162, 108, , , LAX, , , VPBHC
1660412574, 424637, 33.6896, -118.3961, 575, 162, 108, , , LAX, , , VPBHC
1660412577, 424637, 33.6881, -118.3956, 575, 166, 109, , , LAX, , , VPBHC
1660412577, 424637, 33.6881, -118.3956, 575, 166, 109, , , LAX, , , VPBHC
1660412580, 424637, 33.6866, -118.3952, 575, 166, 107, , , LAX, , , VPBHC
1660412586, 424637, 33.6836, -118.3945, 625, 168, 106, , , LAX, , , VPBHC
1660412586, 424637, 33.6836, -118.3945, 625, 168, 106, , , LAX, , , VPBHC
1660412589, 424637, 33.682, -118.3941, 625, 169, 106, , , LAX, , , VPBHC
1660412589, 424637, 33.682, -118.3941, 625, 169, 106, , , LAX, , , VPBHC
1660412592, 424637, 33.6806, -118.3938, 625, 169, 108, , , LAX, , , VPBHC
1660412592, 424637, 33.6806, -118.3938, 625, 169, 108, , , LAX, , , VPBHC
1660412598, 424637, 33.6776, -118.3932, 625, 171, 112, , , LAX, , , VPBHC
1660412601, 424637, 33.6758, -118.3929, 600, 172, 113, , , LAX, , , VPBHC
1660412601, 424637, 33.6758, -118.3929, 600, 172, 113, , , LAX, , , VPBHC
1660412604, 424637, 33.6745, -118.3928, 600, 173, 114, , , LAX, , , VPBHC
1660412604, 424637, 33.6745, -118.3928, 600, 173, 114, , , LAX, , , VPBHC
1660412610, 424637, 33.6713, -118.3923, 600, 173, 114, , , LAX, , , VPBHC
1660412610, 424637, 33.6713, -118.3923, 600, 173, 114, , , LAX, , , VPBHC
1660412613, 424637, 33.6697, -118.3921, 575, 173, 114, , , LAX, , , VPBHC
1660412616, 424637, 33.6679, -118.3919, 575, 173, 114, , , LAX, , , VPBHC
1660412616, 424637, 33.6679, -118.3919, 575, 173, 114, , , LAX, , , VPBHC
1660412622, 424637, 33.6648, -118.3915, 575, 173, 113, , , LAX, , , VPBHC
1660412622, 424637, 33.6648, -118.3915, 575, 173, 113, , , LAX, , , VPBHC
1660412625, 424637, 33.6632, -118.3913, 575, 173, 113, , , LAX, , , VPBHC
1660412625, 424637, 33.6632, -118.3913, 575, 173, 113, , , LAX, , , VPBHC
1660412628, 424637, 33.6616, -118.3911, 575, 173, 113, , , LAX, , , VPBHC
1660412634, 424637, 33.6584, -118.3907, 575, 173, 113, , , LAX, , , VPBHC
1660412634, 424637, 33.6584, -118.3907, 575, 173, 113, , , LAX, , , VPBHC
1660412637, 424637, 33.6568, -118.3904, 550, 173, 113, , , LAX, , , VPBHC
1660412637, 424637, 33.6568, -118.3904, 550, 173, 113, , , LAX, , , VPBHC
1660412640, 424637, 33.6553, -118.3903, 550, 173, 113, , , LAX, , , VPBHC
1660412640, 424637, 33.6553, -118.3903, 550, 173, 113, , , LAX, , , VPBHC
1660412646, 424637, 33.6521, -118.3899, 525, 175, 115, , , LAX, , , VPBHC
1660412649, 424637, 33.6505, -118.3898, 500, 176, 115, , , LAX, , , VPBHC
1660412649, 424637, 33.6505, -118.3898, 500, 176, 115, , , LAX, , , VPBHC
1660412652, 424637, 33.6493, -118.3897, 500, 177, 115, , , LAX, , , VPBHC
1660412652, 424637, 33.6493, -118.3897, 500, 177, 115, , , LAX, , , VPBHC
1660412658, 424637, 33.6456, -118.3895, 500, 178, 113, , , LAX, , , VPBHC
1660412658, 424637, 33.6456, -118.3895, 500, 178, 113, , , LAX, , , VPBHC
1660412661, 424637, 33.6441, -118.3895, 500, 178, 112, , , LAX, , , VPBHC
1660412664, 424637, 33.6426, -118.3894, 500, 178, 112, , , LAX, , , VPBHC
1660412664, 424637, 33.6426, -118.3894, 500, 178, 112, , , LAX, , , VPBHC
1660412670, 424637, 33.6396, -118.3894, 500, 180, 113, , , LAX, , , VPBHC
1660412670, 424637, 33.6396, -118.3894, 500, 180, 113, , , LAX, , , VPBHC
1660412673, 424637, 33.6378, -118.3894, 475, 179, 113, , , LAX, , , VPBHC
1660412673, 424637, 33.6378, -118.3894, 475, 179, 113, , , LAX, , , VPBHC
1660412676, 424637, 33.6367, -118.3894, 475, 178, 113, , , LAX, , , VPBHC
1660412682, 424637, 33.6333, -118.3892, 450, 179, 114, , , LAX, , , VPBHC
1660412682, 424637, 33.6333, -118.3892, 450, 179, 114, , , LAX, , , VPBHC
1660412685, 424637, 33.6314, -118.3892, 450, 179, 115, , , LAX, , , VPBHC
1660412685, 424637, 33.6314, -118.3892, 450, 179, 115, , , LAX, , , VPBHC
1660412688, 424637, 33.63, -118.3892, 425, 178, 115, , , LAX, , , VPBHC
1660412688, 424637, 33.63, -118.3892, 425, 178, 115, , , LAX, , , VPBHC
1660412694, 424637, 33.6266, -118.389, 400, 175, 116, , , LAX, , , VPBHC
1660412697, 424637, 33.6253, -118.3888, 375, 174, 116, , , LAX, , , VPBHC
1660412697, 424637, 33.6253, -118.3888, 375, 174, 116, , , LAX, , , VPBHC
1660412700, 424637, 33.6236, -118.3886, 350, 175, 116, , , LAX, , , VPBHC
1660412700, 424637, 33.6236, -118.3886, 350, 175, 116, , , LAX, , , VPBHC
1660412706, 424637, 33.6204, -118.3884, 350, 177, 116, , , LAX, , , VPBHC
1660412709, 424637, 33.6188, -118.3883, 350, 176, 114, , , LAX, , , VPBHC
1660412709, 424637, 33.6188, -118.3883, 350, 176, 114, , , LAX, , , VPBHC
1660412712, 424637, 33.6172, -118.3881, 350, 174, 113, , , LAX, , , VPBHC
1660412712, 424637, 33.6172, -118.3881, 350, 174, 113, , , LAX, , , VPBHC
1660412718, 424637, 33.6142, -118.3878, 350, 174, 113, , , LAX, , , VPBHC
1660412718, 424637, 33.6142, -118.3878, 350, 174, 113, , , LAX, , , VPBHC
1660412721, 424637, 33.6122, -118.3876, 350, 177, 116, , , LAX, , , VPBHC
1660412724, 424637, 33.6107, -118.3875, 325, 179, 117, , , LAX, , , VPBHC
1660412724, 424637, 33.6107, -118.3875, 325, 179, 117, , , LAX, , , VPBHC
1660412730, 424637, 33.6078, -118.3874, 350, 177, 116, , , LAX, , , VPBHC
1660412730, 424637, 33.6078, -118.3874, 350, 177, 116, , , LAX, , , VPBHC
1660412733, 424637, 33.6064, -118.3873, 350, 175, 115, , , LAX, , , VPBHC
1660412733, 424637, 33.6064, -118.3873, 350, 175, 115, , , LAX, , , VPBHC
1660412736, 424637, 33.6042, -118.3871, 375, 174, 114, , , LAX, , , VPBHC
1660412741, 424637, 33.6017, -118.3867, 375, 171, 114, , , LAX, , , VPBHC
1660412741, 424637, 33.6017, -118.3867, 375, 171, 114, , , LAX, , , VPBHC
1660412745, 424637, 33.5995, -118.3863, 375, 171, 114, , , LAX, , , VPBHC
1660412745, 424637, 33.5995, -118.3863, 375, 171, 114, , , LAX, , , VPBHC
1660412748, 424637, 33.5981, -118.386, 375, 171, 114, , , LAX, , , VPBHC
1660412748, 424637, 33.5981, -118.386, 375, 171, 114, , , LAX, , , VPBHC
1660412754, 424637, 33.5952, -118.3855, 400, 169, 112, , , LAX, , , VPBHC
1660412756, 424637, 33.5939, -118.3851, 375, 169, 112, , , LAX, , , VPBHC
1660412756, 424637, 33.5939, -118.3851, 375, 169, 112, , , LAX, , , VPBHC
1660412760, 424637, 33.5928, -118.3848, 325, 164, 117, , , LAX, , , VPBHC
1660412760, 424637, 33.5928, -118.3848, 325, 164, 117, , , LAX, , , VPBHC
1660412766, 424637, 33.5893, -118.3837, 300, 166, 119, , , LAX, , , VPBHC
1660412766, 424637, 33.5893, -118.3837, 300, 166, 119, , , LAX, , , VPBHC
1660412768, 424637, 33.5873, -118.3831, 275, 166, 119, , , LAX, , , VPBHC
1660412772, 424637, 33.5852, -118.3824, 275, 166, 117, , , LAX, , , VPBHC
1660412772, 424637, 33.5852, -118.3824, 275, 166, 117, , , LAX, , , VPBHC
1660412775, 424637, 33.5841, -118.3821, 275, 165, 116, , , LAX, , , VPBHC
1660412775, 424637, 33.5841, -118.3821, 275, 165, 116, , , LAX, , , VPBHC
1660412781, 424637, 33.5808, -118.381, 300, 163, 114, , , LAX, , , VPBHC
1660412781, 424637, 33.5808, -118.381, 300, 163, 114, , , LAX, , , VPBHC
1660412784, 424637, 33.579, -118.3803, 300, 162, 114, , , LAX, , , VPBHC
1660412787, 424637, 33.5778, -118.3798, 300, 160, 113, , , LAX, , , VPBHC
1660412787, 424637, 33.5778, -118.3798, 300, 160, 113, , , LAX, , , VPBHC
1660412793, 424637, 33.5752, -118.3788, 300, 161, 113, , , LAX, , , VPBHC
1660412793, 424637, 33.5752, -118.3788, 300, 161, 113, , , LAX, , , VPBHC
1660412796, 424637, 33.5733, -118.378, 300, 160, 113, , , LAX, , , VPBHC
1660412796, 424637, 33.5733, -118.378, 300, 160, 113, , , LAX, , , VPBHC
1660412799, 424637, 33.5717, -118.3773, 300, 159, 114, , , LAX, , , VPBHC
1660412805, 424637, 33.5692, -118.3761, 300, 157, 114, , , LAX, , , VPBHC
1660412805, 424637, 33.5692, -118.3761, 300, 157, 114, , , LAX, , , VPBHC
1660412807, 424637, 33.568, -118.3755, 300, 157, 113, , , LAX, , , VPBHC
1660412807, 424637, 33.568, -118.3755, 300, 157, 113, , , LAX, , , VPBHC
1660412811, 424637, 33.5669, -118.375, 300, 156, 114, , , LAX, , , VPBHC
1660412811, 424637, 33.5669, -118.375, 300, 156, 114, , , LAX, , , VPBHC
1660412817, 424637, 33.5629, -118.3729, 300, 155, 114, , , LAX, , , VPBHC
1660412820, 424637, 33.5615, -118.3721, 300, 155, 114, , , LAX, , , VPBHC
1660412820, 424637, 33.5615, -118.3721, 300, 155, 114, , , LAX, , , VPBHC
1660412823, 424637, 33.5601, -118.3713, 300, 154, 114, , , LAX, , , VPBHC
1660412823, 424637, 33.5601, -118.3713, 300, 154, 114, , , LAX, , , VPBHC
1660412829, 424637, 33.5571, -118.3695, 325, 153, 111, , , LAX, , , VPBHC
1660412829, 424637, 33.5571, -118.3695, 325, 153, 111, , , LAX, , , VPBHC
1660412832, 424637, 33.556, -118.3689, 325, 153, 111, , , LAX, , , VPBHC
1660412835, 424637, 33.5546, -118.3681, 350, 153, 110, , , LAX, , , VPBHC
1660412835, 424637, 33.5546, -118.3681, 350, 153, 110, , , LAX, , , VPBHC
1660412841, 424637, 33.5516, -118.3662, 350, 152, 111, , , LAX, , , VPBHC
1660412841, 424637, 33.5516, -118.3662, 350, 152, 111, , , LAX, , , VPBHC
1660412845, 424637, 33.5502, -118.3653, 350, 151, 112, , , LAX, , , VPBHC
1660412845, 424637, 33.5502, -118.3653, 350, 151, 112, , , LAX, , , VPBHC
1660412847, 424637, 33.5489, -118.3645, 350, 151, 112, , , LAX, , , VPBHC
1660412853, 424637, 33.5462, -118.3628, 350, 153, 113, , , LAX, , , VPBHC
1660412853, 424637, 33.5462, -118.3628, 350, 153, 113, , , LAX, , , VPBHC
1660412856, 424637, 33.5447, -118.3619, 350, 154, 111, , , LAX, , , VPBHC
1660412856, 424637, 33.5447, -118.3619, 350, 154, 111, , , LAX, , , VPBHC
1660412860, 424637, 33.5434, -118.3611, 375, 155, 110, , , LAX, , , VPBHC
1660412860, 424637, 33.5434, -118.3611, 375, 155, 110, , , LAX, , , VPBHC
1660412866, 424637, 33.5404, -118.3596, 375, 157, 112, , , LAX, , , VPBHC
1660412868, 424637, 33.5389, -118.3588, 375, 157, 112, , , LAX, , , VPBHC
1660412868, 424637, 33.5389, -118.3588, 375, 157, 112, , , LAX, , , VPBHC
1660412870, 424637, 33.5382, -118.3585, 350, 157, 112, , , LAX, , , VPBHC
1660412870, 424637, 33.5382, -118.3585, 350, 157, 112, , , LAX, , , VPBHC
1660412877, 424637, 33.5347, -118.3568, 375, 158, 113, , , LAX, , , VPBHC
1660412880, 424637, 33.5331, -118.356, 375, 158, 113, , , LAX, , , VPBHC
1660412880, 424637, 33.5331, -118.356, 375, 158, 113, , , LAX, , , VPBHC
1660412883, 424637, 33.5319, -118.3555, 375, 158, 113, , , LAX, , , VPBHC
1660412883, 424637, 33.5319, -118.3555, 375, 158, 113, , , LAX, , , VPBHC
1660412890, 424637, 33.5287, -118.354, 325, 158, 115, , , LAX, , , VPBHC
1660412890, 424637, 33.5287, -118.354, 325, 158, 115, , , LAX, , , VPBHC
1660412892, 424637, 33.5272, -118.3533, 300, 159, 116, , , LAX, , , VPBHC
1660412895, 424637, 33.5259, -118.3527, 300, 161, 117, , , LAX, , , VPBHC
1660412895, 424637, 33.5259, -118.3527, 300, 161, 117, , , LAX, , , VPBHC
1660412901, 424637, 33.5224, -118.3515, 275, 163, 115, , , LAX, , , VPBHC
1660412901, 424637, 33.5224, -118.3515, 275, 163, 115, , , LAX, , , VPBHC
1660412904, 424637, 33.5211, -118.3511, 275, 164, 115, , , LAX, , , VPBHC
1660412904, 424637, 33.5211, -118.3511, 275, 164, 115, , , LAX, , , VPBHC
1660412907, 424637, 33.5194, -118.3505, 250, 164, 114, , , LAX, , , VPBHC
1660412914, 424637, 33.5162, -118.3496, 275, 167, 112, , , LAX, , , VPBHC
1660412914, 424637, 33.5162, -118.3496, 275, 167, 112, , , LAX, , , VPBHC
1660412917, 424637, 33.5147, -118.3492, 275, 167, 112, , , LAX, , , VPBHC
1660412917, 424637, 33.5147, -118.3492, 275, 167, 112, , , LAX, , , VPBHC
1660412919, 424637, 33.5138, -118.349, 275, 168, 112, , , LAX, , , VPBHC
1660412919, 424637, 33.5138, -118.349, 275, 168, 112, , , LAX, , , VPBHC
1660412926, 424637, 33.51, -118.3481, 275, 170, 112, , , LAX, , , VPBHC
1660412928, 424637, 33.5088, -118.3479, 275, 171, 112, , , LAX, , , VPBHC
1660412928, 424637, 33.5088, -118.3479, 275, 171, 112, , , LAX, , , VPBHC
1660412932, 424637, 33.507, -118.3476, 275, 172, 112, , , LAX, , , VPBHC
1660412932, 424637, 33.507, -118.3476, 275, 172, 112, , , LAX, , , VPBHC
1660412938, 424637, 33.5041, -118.3472, 250, 173, 113, , , LAX, , , VPBHC
1660412938, 424637, 33.5041, -118.3472, 250, 173, 113, , , LAX, , , VPBHC
1660412941, 424637, 33.5023, -118.347, 250, 173, 114, , , LAX, , , VPBHC
1660412944, 424637, 33.5006, -118.3468, 225, 175, 115, , , LAX, , , VPBHC
1660412944, 424637, 33.5006, -118.3468, 225, 175, 115, , , LAX, , , VPBHC
1660412950, 424637, 33.4975, -118.3465, 200, 175, 117, , , LAX, , , VPBHC
1660412950, 424637, 33.4975, -118.3465, 200, 175, 117, , , LAX, , , VPBHC
1660412952, 424637, 33.496, -118.3464, 200, 176, 117, , , LAX, , , VPBHC
1660412952, 424637, 33.496, -118.3464, 200, 176, 117, , , LAX, , , VPBHC
1660412954, 424637, 33.4951, -118.3464, 175, 177, 117, , , LAX, , , VPBHC
1660412962, 424637, 33.4909, -118.3461, 175, 177, 115, , , LAX, , , VPBHC
1660412962, 424637, 33.4909, -118.3461, 175, 177, 115, , , LAX, , , VPBHC
1660412964, 424637, 33.4898, -118.346, 200, 176, 114, , , LAX, , , VPBHC
1660412964, 424637, 33.4898, -118.346, 200, 176, 114, , , LAX, , , VPBHC
1660412967, 424637, 33.4879, -118.3458, 200, 175, 114, , , LAX, , , VPBHC
1660412972, 424637, 33.486, -118.3457, 175, 176, 114, , , LAX, , , VPBHC
1660412972, 424637, 33.486, -118.3457, 175, 176, 114, , , LAX, , , VPBHC
1660412976, 424637, 33.4836, -118.3456, 175, 179, 115, , , LAX, , , VPBHC
1660412976, 424637, 33.4836, -118.3456, 175, 179, 115, , , LAX, , , VPBHC
1660412978, 424637, 33.4822, -118.3456, 175, 179, 115, , , LAX, , , VPBHC
1660412978, 424637, 33.4822, -118.3456, 175, 179, 115, , , LAX, , , VPBHC
1660412983, 424637, 33.48, -118.3456, 175, 180, 114, , , LAX, , , VPBHC
1660412987, 424637, 33.4779, -118.3456, 200, 181, 114, , , LAX, , , VPBHC
1660412987, 424637, 33.4779, -118.3456, 200, 181, 114, , , LAX, , , VPBHC
1660412991, 424637, 33.4757, -118.3457, 200, 181, 112, , , LAX, , , VPBHC
1660412991, 424637, 33.4757, -118.3457, 200, 181, 112, , , LAX, , , VPBHC
1660412997, 424637, 33.4722, -118.3458, 200, 181, 113, , , LAX, , , VPBHC
1660412997, 424637, 33.4722, -118.3458, 200, 181, 113, , , LAX, , , VPBHC
1660413000, 424637, 33.4707, -118.3458, 200, 181, 113, , , LAX, , , VPBHC
1660413003, 424637, 33.4696, -118.3458, 200, 182, 113, , , LAX, , , VPBHC
1660413003, 424637, 33.4696, -118.3458, 200, 182, 113, , , LAX, , , VPBHC
1660413010, 424637, 33.4657, -118.3459, 225, 178, 111, , , LAX, , , VPBHC
1660413010, 424637, 33.4657, -118.3459, 225, 178, 111, , , LAX, , , VPBHC
1660413013, 424637, 33.4642, -118.3459, 225, 178, 111, , , LAX, , , VPBHC
1660413016, 424637, 33.4626, -118.3458, 225, 178, 111, , , LAX, , , VPBHC
1660413016, 424637, 33.4626, -118.3458, 225, 178, 111, , , LAX, , , VPBHC
1660413022, 424637, 33.4596, -118.3457, 250, 177, 110, , , LAX, , , VPBHC
1660413022, 424637, 33.4596, -118.3457, 250, 177, 110, , , LAX, , , VPBHC
1660413025, 424637, 33.4583, -118.3456, 250, 174, 110, , , LAX, , , VPBHC
1660413025, 424637, 33.4583, -118.3456, 250, 174, 110, , , LAX, , , VPBHC
1660413028, 424637, 33.4563, -118.3453, 250, 173, 111, , , LAX, , , VPBHC
1660413034, 424637, 33.4534, -118.3449, 225, 173, 112, , , LAX, , , VPBHC
1660413034, 424637, 33.4534, -118.3449, 225, 173, 112, , , LAX, , , VPBHC
1660413037, 424637, 33.4521, -118.3448, 225, 173, 112, , , LAX, , , VPBHC
1660413040, 424637, 33.4502, -118.3445, 225, 173, 112, , , LAX, , , VPBHC
1660413040, 424637, 33.4502, -118.3445, 225, 173, 112, , , LAX, , , VPBHC
1660413043, 424637, 33.4488, -118.3443, 225, 173, 112, , , LAX, , , VPBHC
1660413043, 424637, 33.4488, -118.3443, 225, 173, 112, , , LAX, , , VPBHC
1660413047, 424637, 33.447, -118.3441, 225, 173, 112, , , LAX, , , VPBHC
1660413051, 424637, 33.4444, -118.3437, 225, 173, 112, , , LAX, , , VPBHC
1660413051, 424637, 33.4444, -118.3437, 225, 173, 112, , , LAX, , , VPBHC
1660413057, 424637, 33.4417, -118.3433, 225, 172, 111, , , LAX, , , VPBHC
1660413057, 424637, 33.4417, -118.3433, 225, 172, 111, , , LAX, , , VPBHC
1660413061, 424637, 33.4394, -118.3429, 225, 171, 112, , , LAX, , , VPBHC
1660413061, 424637, 33.4394, -118.3429, 225, 171, 112, , , LAX, , , VPBHC
1660413061, 424637, 33.4394, -118.3429, 225, 171, 112, , , LAX, , , VPBHC
1660413069, 424637, 33.4354, -118.3422, 225, 171, 112, , , LAX, , , VPBHC
1660413069, 424637, 33.4354, -118.3422, 225, 171, 112, , , LAX, , , VPBHC
1660413072, 424637, 33.4335, -118.3419, 225, 170, 113, , , LAX, , , VPBHC
1660413072, 424637, 33.4335, -118.3419, 225, 170, 113, , , LAX, , , VPBHC
1660413074, 424637, 33.4325, -118.3417, 200, 170, 113, , , LAX, , , VPBHC
1660413081, 424637, 33.4287, -118.3407, 175, 168, 115, , , LAX, , , VPBHC
1660413081, 424637, 33.4287, -118.3407, 175, 168, 115, , , LAX, , , VPBHC
1660413084, 424637, 33.4278, -118.3405, 175, 167, 115, , , LAX, , , VPBHC
1660413084, 424637, 33.4278, -118.3405, 175, 167, 115, , , LAX, , , VPBHC
1660413087, 424637, 33.4255, -118.3399, 175, 167, 115, , , LAX, , , VPBHC
1660413087, 424637, 33.4255, -118.3399, 175, 167, 115, , , LAX, , , VPBHC
1660413093, 424637, 33.4226, -118.3391, 175, 165, 114, , , LAX, , , VPBHC
1660413096, 424637, 33.4213, -118.3387, 175, 164, 115, , , LAX, , , VPBHC
1660413096, 424637, 33.4213, -118.3387, 175, 164, 115, , , LAX, , , VPBHC
1660413099, 424637, 33.4194, -118.3381, 175, 164, 115, , , LAX, , , VPBHC
1660413099, 424637, 33.4194, -118.3381, 175, 164, 115, , , LAX, , , VPBHC
1660413105, 424637, 33.4162, -118.3369, 200, 163, 112, , , LAX, , , VPBHC
1660413105, 424637, 33.4162, -118.3369, 200, 163, 112, , , LAX, , , VPBHC
1660413108, 424637, 33.4153, -118.3365, 200, 162, 112, , , LAX, , , VPBHC
1660413111, 424637, 33.4134, -118.3358, 225, 161, 112, , , LAX, , , VPBHC
1660413111, 424637, 33.4134, -118.3358, 225, 161, 112, , , LAX, , , VPBHC
1660413117, 424637, 33.4114, -118.335, 225, 161, 112, , , LAX, , , VPBHC
1660413117, 424637, 33.4114, -118.335, 225, 161, 112, , , LAX, , , VPBHC
1660413122, 424637, 33.4081, -118.3338, 225, 163, 112, , , LAX, , , VPBHC
1660413122, 424637, 33.4081, -118.3338, 225, 163, 112, , , LAX, , , VPBHC
1660413122, 424637, 33.4081, -118.3338, 225, 163, 112, , , LAX, , , VPBHC
1660413130, 424637, 33.4042, -118.3324, 200, 163, 114, , , LAX, , , VPBHC
1660413130, 424637, 33.4042, -118.3324, 200, 163, 114, , , LAX, , , VPBHC
1660413130, 424637, 33.4042, -118.3324, 200, 163, 114, , , LAX, , , VPBHC
1660413130, 424637, 33.4042, -118.3324, 200, 163, 114, , , LAX, , , VPBHC
1660413135, 424637, 33.4016, -118.3316, 200, 165, 114, , , LAX, , , VPBHC
1660413135, 424637, 33.4016, -118.3316, 200, 165, 114, , , LAX, , , VPBHC
1660413140, 424637, 33.3988, -118.3308, 200, 166, 114, , , LAX, , , VPBHC
1660413145, 424637, 33.3964, -118.3302, 200, 168, 116, , , LAX, , , VPBHC
1660413145, 424637, 33.3964, -118.3302, 200, 168, 116, , , LAX, , , VPBHC
1660413147, 424637, 33.3953, -118.3299, 175, 169, 118, , , LAX, , , VPBHC
1660413147, 424637, 33.3953, -118.3299, 175, 169, 118, , , LAX, , , VPBHC
1660413153, 424637, 33.3918, -118.3292, 125, 170, 118, , , LAX, , , VPBHC
1660413156, 424637, 33.3905, -118.3289, 150, 169, 117, , , LAX, , , VPBHC
1660413156, 424637, 33.3905, -118.3289, 150, 169, 117, , , LAX, , , VPBHC
1660413159, 424637, 33.389, -118.3286, 150, 168, 117, , , LAX, , , VPBHC
1660413159, 424637, 33.389, -118.3286, 150, 168, 117, , , LAX, , , VPBHC
1660413164, 424637, 33.3858, -118.3278, 125, 167, 117, , , LAX, , , VPBHC
1660413164, 424637, 33.3858, -118.3278, 125, 167, 117, , , LAX, , , VPBHC
1660413168, 424637, 33.3847, -118.3275, 100, 169, 117, , , LAX, , , VPBHC
1660413173, 424637, 33.3819, -118.3267, 100, 166, 118, , , LAX, , , VPBHC
1660413173, 424637, 33.3819, -118.3267, 100, 166, 118, , , LAX, , , VPBHC
1660413177, 424637, 33.379, -118.3259, 125, 165, 114, , , LAX, , , VPBHC
1660413177, 424637, 33.379, -118.3259, 125, 165, 114, , , LAX, , , VPBHC
1660413180, 424637, 33.3776, -118.3254, 150, 164, 113, , , LAX, , , VPBHC
1660413180, 424637, 33.3776, -118.3254, 150, 164, 113, , , LAX, , , VPBHC
1660413183, 424637, 33.3761, -118.3249, 150, 163, 112, , , LAX, , , VPBHC
1660413190, 424637, 33.3733, -118.3239, 150, 162, 111, , , LAX, , , VPBHC
1660413190, 424637, 33.3733, -118.3239, 150, 162, 111, , , LAX, , , VPBHC
1660413190, 424637, 33.3733, -118.3239, 150, 162, 111, , , LAX, , , VPBHC
1660413190, 424637, 33.3733, -118.3239, 150, 162, 111, , , LAX, , , VPBHC
1660413195, 424637, 33.3702, -118.3227, 150, 161, 115, , , LAX, , , VPBHC
1660413195, 424637, 33.3702, -118.3227, 150, 161, 115, , , LAX, , , VPBHC
1660413202, 424637, 33.3671, -118.3214, 125, 162, 111, , , LAX, , , VPBHC
1660413205, 424637, 33.3653, -118.3207, 125, 159, 115, , , LAX, , , VPBHC
1660413205, 424637, 33.3653, -118.3207, 125, 159, 115, , , LAX, , , VPBHC
1660413207, 424637, 33.3638, -118.32, 100, 159, 113, , , LAX, , , VPBHC
1660413207, 424637, 33.3638, -118.32, 100, 159, 113, , , LAX, , , VPBHC
1660413212, 424637, 33.362, -118.3192, 125, 158, 108, , , LAX, , , VPBHC
1660413216, 424637, 33.36, -118.3183, 100, 158, 101, , , LAX, , , VPBHC
1660413216, 424637, 33.36, -118.3183, 100, 158, 101, , , LAX, , , VPBHC
1660413219, 424637, 33.359, -118.3178, 100, 158, 99, , , LAX, , , VPBHC
1660413219, 424637, 33.359, -118.3178, 100, 158, 99, , , LAX, , , VPBHC
1660413219, 424637, 33.359, -118.3178, 100, 158, 99, , , LAX, , , VPBHC
1660413219, 424637, 33.359, -118.3178, 100, 158, 99, , , LAX, , , VPBHC
1660413219, 424637, 33.359, -118.3178, 100, 158, 99, , , LAX, , , VPBHC
1660413219, 424637, 33.359, -118.3178, 100, 158, 99, , , LAX, , , VPBHC
1660413219, 424637, 33.359, -118.3178, 100, 158, 99, , , LAX, , , VPBHC
1660413219, 424637, 33.359, -118.3178, 100, 158, 99, , , LAX, , , VPBHC
1660413219, 424637, 33.359, -118.3178, 100, 158, 99, , , LAX, , , VPBHC
1660413219, 424637, 33.359, -118.3178, 100, 158, 99, , , LAX, , , VPBHC
1660413219, 424637, 33.359, -118.3178, 100, 158, 99, , , LAX, , , VPBHC
1660413219, 424637, 33.359, -118.3178, 100, 158, 99, , , LAX, , , VPBHC
1660413219, 424637, 33.359, -118.3178, 100, 158, 99, , , LAX, , , VPBHC
1660413219, 424637, 33.359, -118.3178, 100, 158, 99, , , LAX, , , VPBHC
1660413252, 424637, 33.3483, -118.3165, 75, 244, 53, , , LAX, , , VPBHC
1660413252, 424637, 33.3483, -118.3165, 75, 244, 53, , , LAX, , , VPBHC
1660413256, 424637, 33.3484, -118.3176, 75, 295, 42, , , LAX, , , VPBHC
1660413256, 424637, 33.3484, -118.3176, 75, 295, 42, , , LAX, , , VPBHC
1660413258, 424637, 33.3487, -118.318, 75, 313, 38, , , LAX, , , VPBHC
1660413265, 424637, 33.3494, -118.3186, 50, 324, 35, , , LAX, , , VPBHC
1660413265, 424637, 33.3494, -118.3186, 50, 324, 35, , , LAX, , , VPBHC
1660413268, 424637, 33.3501, -118.3191, 25, 325, 33, , , LAX, , , VPBHC
1660413268, 424637, 33.3501, -118.3191, 25, 325, 33, , , LAX, , , VPBHC
1660413268, 424637, 33.3501, -118.3191, 25, 325, 33, , , LAX, , , VPBHC
1660413268, 424637, 33.3501, -118.3191, 25, 325, 33, , , LAX, , , VPBHC
1660413277, 424637, 33.351, -118.3199, 0, 325, 30, , , LAX, , , VPBHC
1660413277, 424637, 33.351, -118.3199, 0, 325, 30, , , LAX, , , VPBHC
1660413277, 424637, 33.351, -118.3199, 0, 325, 30, , , LAX, , , VPBHC
1660413282, 424637, 33.3515, -118.3203, 0, 324, 22, , , LAX, , , VPBHC
1660413282, 424637, 33.3515, -118.3203, 0, 324, 22, , , LAX, , , VPBHC
1660413288, 424637, 33.3518, -118.3206, 0, 320, 14, , , LAX, , , VPBHC
1660413288, 424637, 33.3518, -118.3206, 0, 320, 14, , , LAX, , , VPBHC
1660413288, 424637, 33.3518, -118.3206, 0, 320, 14, , , LAX, , , VPBHC
1660413288, 424637, 33.3518, -118.3206, 0, 320, 14, , , LAX, , , VPBHC
1660413288, 424637, 33.3518, -118.3206, 0, 320, 14, , , LAX, , , VPBHC
1660413288, 424637, 33.3518, -118.3206, 0, 320, 14, , , LAX, , , VPBHC
1660413288, 424637, 33.3518, -118.3206, 0, 320, 14, , , LAX, , , VPBHC
1660413288, 424637, 33.3518, -118.3206, 0, 320, 14, , , LAX, , , VPBHC
1660413288, 424637, 33.3518, -118.3206, 0, 320, 14, , , LAX, , , VPBHC
1660413288, 424637, 33.3518, -118.3206, 0, 320, 14, , , LAX, , , VPBHC
1660413288, 424637, 33.3518, -118.3206, 0, 320, 14, , , LAX, , , VPBHC
1660413288, 424637, 33.3518, -118.3206, 0, 320, 14, , , LAX, , , VPBHC
1660413288, 424637, 33.3518, -118.3206, 0, 320, 14, , , LAX, , , VPBHC
1660413288, 424637, 33.3518, -118.3206, 0, 320, 14, , , LAX, , , VPBHC
1660413288, 424637, 33.3518, -118.3206, 0, 320, 14, , , LAX, , , VPBHC
1660413288, 424637, 33.3518, -118.3206, 0, 320, 14, , , LAX, , , VPBHC
1660413288, 424637, 33.3518, -118.3206, 0, 320, 14, , , LAX, , , VPBHC
1660413328, 424637, 33.3521, -118.3208, 0, 315, 1, , , LAX, , , VPBHC
1660413328, 424637, 33.3521, -118.3208, 0, 315, 1, , , LAX, , , VPBHC
1660413328, 424637, 33.3521, -118.3208, 0, 315, 1, , , LAX, , , VPBHC
1660413328, 424637, 33.3521, -118.3208, 0, 315, 1, , , LAX, , , VPBHC
1660413328, 424637, 33.3521, -118.3208, 0, 315, 1, , , LAX, , , VPBHC
1660413328, 424637, 33.3521, -118.3208, 0, 315, 1, , , LAX, , , VPBHC
1660413328, 424637, 33.3521, -118.3208, 0, 315, 1, , , LAX, , , VPBHC
1660413328, 424637, 33.3521, -118.3208, 0, 315, 1, , , LAX, , , VPBHC
1660413328, 424637, 33.3521, -118.3208, 0, 315, 1, , , LAX, , , VPBHC
1660413328, 424637, 33.3521, -118.3208, 0, 315, 1, , , LAX, , , VPBHC
1660413328, 424637, 33.3521, -118.3208, 0, 315, 1, , , LAX, , , VPBHC
1660413328, 424637, 33.3521, -118.3208, 0, 315, 1, , , LAX, , , VPBHC
1660413328, 424637, 33.3521, -118.3208, 0, 315, 1, , , LAX, , , VPBHC
1660413328, 424637, 33.3521, -118.3208, 0, 315, 1, , , LAX, , , VPBHC
1660413328, 424637, 33.3521, -118.3208, 0, 315, 1, , , LAX, , , VPBHC
1660413328, 424637, 33.3521, -118.3208, 0, 315, 1, , , LAX, , , VPBHC
1660413328, 424637, 33.3521, -118.3208, 0, 315, 1, , , LAX, , , VPBHC
1660413328, 424637, 33.3521, -118.3208, 0, 315, 1, , , LAX, , , VPBHC
1660413328, 424637, 33.3521, -118.3208, 0, 315, 1, , , LAX, , , VPBHC
1660413328, 424637, 33.3521, -118.3208, 0, 315, 1, , , LAX, , , VPBHC
1660413328, 424637, 33.3521, -118.3208, 0, 315, 1, , , LAX, , , VPBHC
1660413328, 424637, 33.3521, -118.3208, 0, 315, 1, , , LAX, , , VPBHC
1660413328, 424637, 33.3521, -118.3208, 0, 315, 1, , , LAX, , , VPBHC
1660413328, 424637, 33.3521, -118.3208, 0, 315, 1, , , LAX, , , VPBHC
1660413328, 424637, 33.3521, -118.3208, 0, 315, 1, , , LAX, , , VPBHC
1660413328, 424637, 33.3521, -118.3208, 0, 315, 1, , , LAX, , , VPBHC
1660413328, 424637, 33.3521, -118.3208, 0, 315, 1, , , LAX, , , VPBHC
1660413328, 424637, 33.3521, -118.3208, 0, 315, 1, , , LAX, , , VPBHC
1660413328, 424637, 33.3521, -118.3208, 0, 315, 1, , , LAX, , , VPBHC
1660413328, 424637, 33.3521, -118.3208, 0, 315, 1, , , LAX, , , VPBHC
1660413328, 424637, 33.3521, -118.3208, 0, 315, 1, , , LAX, , , VPBHC
1660413328, 424637, 33.3521, -118.3208, 0, 315, 1, , , LAX, , , VPBHC
1660413328, 424637, 33.3521, -118.3208, 0, 315, 1, , , LAX, , , VPBHC
1660413328, 424637, 33.3521, -118.3208, 0, 315, 1, , , LAX, , , VPBHC
1660413328, 424637, 33.3521, -118.3208, 0, 315, 1, , , LAX, , , VPBHC
1660413328, 424637, 33.3521, -118.3208, 0, 315, 1, , , LAX, , , VPBHC
1660413328, 424637, 33.3521, -118.3208, 0, 315, 1, , , LAX, , , VPBHC
1660413328, 424637, 33.3521, -118.3208, 0, 315, 1, , , LAX, , , VPBHC
