Date-Time,Price,High,Low,Volume
2021-12-03T00:01:05,8.05,8.16,7.75,1085167
2021-12-03T00:06:05,8.05,8.16,7.75,1085167
2021-12-03T00:11:06,8.05,8.16,7.75,1085167
2021-12-03T00:16:07,8.05,8.16,7.75,1085167
2021-12-03T00:21:08,8.05,8.16,7.75,1085167
2021-12-03T00:26:09,8.05,8.16,7.75,1085167
2021-12-03T00:31:10,8.05,8.16,7.75,1085167
2021-12-03T00:36:12,8.05,8.16,7.75,1085167
2021-12-03T00:41:12,8.05,8.16,7.75,1085167
2021-12-03T00:46:13,8.05,8.16,7.75,1085167
2021-12-03T00:51:14,8.05,8.16,7.75,1085167
2021-12-03T00:56:15,8.05,8.16,7.75,1085167
2021-12-03T01:01:16,8.05,8.16,7.75,1085167
2021-12-03T01:06:17,8.05,8.16,7.75,1085167
2021-12-03T01:11:17,8.05,8.16,7.75,1085167
2021-12-03T01:16:18,8.05,8.16,7.75,1085167
2021-12-03T01:21:19,8.05,8.16,7.75,1085167
2021-12-03T01:26:20,8.05,8.16,7.75,1085167
2021-12-03T01:31:21,8.05,8.16,7.75,1085167
2021-12-03T01:36:22,8.05,8.16,7.75,1085167
2021-12-03T01:41:23,8.05,8.16,7.75,1085167
2021-12-03T01:46:23,8.05,8.16,7.75,1085167
2021-12-03T01:51:24,8.05,8.16,7.75,1085167
2021-12-03T01:56:25,8.05,8.16,7.75,1085167
2021-12-03T02:01:26,8.05,8.16,7.75,1085167
