Date-Time,Price,High,Low,Volume
2021-12-03T00:01:06,1084.60,1113.00,1056.65,24371623
2021-12-03T00:06:07,1084.60,1113.00,1056.65,24371623
2021-12-03T00:11:08,1084.60,1113.00,1056.65,24371623
2021-12-03T00:16:09,1084.60,1113.00,1056.65,24371623
2021-12-03T00:21:10,1084.60,1113.00,1056.65,24371623
2021-12-03T00:26:11,1084.60,1113.00,1056.65,24371623
2021-12-03T00:31:11,1084.60,1113.00,1056.65,24371623
2021-12-03T00:36:12,1084.60,1113.00,1056.65,24371623
2021-12-03T00:41:13,1084.60,1113.00,1056.65,24371623
2021-12-03T00:46:15,1084.60,1113.00,1056.65,24371623
2021-12-03T00:51:16,1084.60,1113.00,1056.65,24371623
2021-12-03T00:56:17,1084.60,1113.00,1056.65,24371623
2021-12-03T01:01:17,1084.60,1113.00,1056.65,24371623
