Date-Time,Price,High,Low,Volume
2022-04-29T00:01:39,877.51,900.00,821.70,41649509
2022-04-29T00:06:40,877.51,900.00,821.70,41649509
2022-04-29T00:11:41,877.51,900.00,821.70,41649509
2022-04-29T00:16:42,877.51,900.00,821.70,41649509
2022-04-29T00:21:43,877.51,900.00,821.70,41649509
2022-04-29T00:26:44,877.51,900.00,821.70,41649509
2022-04-29T00:31:44,877.51,900.00,821.70,41649509
2022-04-29T00:36:46,877.51,900.00,821.70,41649509
2022-04-29T00:41:46,877.51,900.00,821.70,41649509
2022-04-29T00:46:47,877.51,900.00,821.70,41649509
2022-04-29T00:51:48,877.51,900.00,821.70,41649509
2022-04-29T00:56:49,877.51,900.00,821.70,41649509
2022-04-29T01:01:50,877.51,900.00,821.70,41649509
2022-04-29T01:06:50,877.51,900.00,821.70,41649509
2022-04-29T01:11:51,877.51,900.00,821.70,41649509
2022-04-29T01:16:52,877.51,900.00,821.70,41649509
2022-04-29T01:21:53,877.51,900.00,821.70,41649509
2022-04-29T01:26:54,877.51,900.00,821.70,41649509
2022-04-29T01:31:55,877.51,900.00,821.70,41649509
2022-04-29T01:36:55,877.51,900.00,821.70,41649509
2022-04-29T01:41:56,877.51,900.00,821.70,41649509
2022-04-29T01:46:57,877.51,900.00,821.70,41649509
2022-04-29T01:51:58,877.51,900.00,821.70,41649509
2022-04-29T01:56:59,877.51,900.00,821.70,41649509
2022-04-29T02:01:59,877.51,900.00,821.70,41649509
2022-04-29T02:07:00,877.51,900.00,821.70,41649509
2022-04-29T02:12:01,877.51,900.00,821.70,41649509
2022-04-29T02:17:02,877.51,900.00,821.70,41649509
2022-04-29T02:22:02,877.51,900.00,821.70,41649509
2022-04-29T02:27:03,877.51,900.00,821.70,41649509
