Date-Time,Price,High,Low,Volume
2022-04-29T00:01:18,205.73,208.53,192.90,100890551
2022-04-29T00:06:19,205.73,208.53,192.90,100890551
2022-04-29T00:11:20,205.73,208.53,192.90,100890551
2022-04-29T00:16:21,205.73,208.53,192.90,100890551
2022-04-29T00:21:22,205.73,208.53,192.90,100890551
2022-04-29T00:26:22,205.73,208.53,192.90,100890551
2022-04-29T00:31:23,205.73,208.53,192.90,100890551
2022-04-29T00:36:24,205.73,208.53,192.90,100890551
2022-04-29T00:41:25,205.73,208.53,192.90,100890551
2022-04-29T00:46:25,205.73,208.53,192.90,100890551
2022-04-29T00:51:26,205.73,208.53,192.90,100890551
2022-04-29T00:56:27,205.73,208.53,192.90,100890551
2022-04-29T01:01:28,205.73,208.53,192.90,100890551
2022-04-29T01:06:29,205.73,208.53,192.90,100890551
2022-04-29T01:11:30,205.73,208.53,192.90,100890551
2022-04-29T01:16:30,205.73,208.53,192.90,100890551
2022-04-29T01:21:31,205.73,208.53,192.90,100890551
2022-04-29T01:26:32,205.73,208.53,192.90,100890551
