Date-Time,Price,High,Low,Volume
2022-04-29T00:01:18,4.94,4.97,4.64,684047
2022-04-29T00:06:19,4.94,4.97,4.64,684047
2022-04-29T00:11:19,4.94,4.97,4.64,684047
2022-04-29T00:16:20,4.94,4.97,4.64,684047
2022-04-29T00:21:21,4.94,4.97,4.64,684047
2022-04-29T00:26:22,4.94,4.97,4.64,684047
2022-04-29T00:31:23,4.94,4.97,4.64,684047
2022-04-29T00:36:24,4.94,4.97,4.64,684047
2022-04-29T00:41:24,4.94,4.97,4.64,684047
2022-04-29T00:46:25,4.94,4.97,4.64,684047
2022-04-29T00:51:26,4.94,4.97,4.64,684047
2022-04-29T00:56:27,4.94,4.97,4.64,684047
2022-04-29T01:01:28,4.94,4.97,4.64,684047
2022-04-29T01:06:28,4.94,4.97,4.64,684047
2022-04-29T01:11:29,4.94,4.97,4.64,684047
2022-04-29T01:16:30,4.94,4.97,4.64,684047
2022-04-29T01:21:31,4.94,4.97,4.64,684047
2022-04-29T01:26:32,4.94,4.97,4.64,684047
