Date-Time,Price,High,Low,Volume
2022-02-23T00:01:46,62.39,69.10,59.76,22737010
2022-02-23T00:06:47,62.39,69.10,59.76,22737010
2022-02-23T00:11:48,62.39,69.10,59.76,22737010
2022-02-23T00:16:49,62.39,69.10,59.76,22737010
2022-02-23T00:21:50,62.39,69.10,59.76,22737010
2022-02-23T00:26:50,62.39,69.10,59.76,22737010
2022-02-23T00:31:51,62.39,69.10,59.76,22737010
2022-02-23T00:36:52,62.39,69.10,59.76,22737010
2022-02-23T00:41:53,62.39,69.10,59.76,22737010
2022-02-23T00:46:53,62.39,69.10,59.76,22737010
2022-02-23T00:51:54,62.39,69.10,59.76,22737010
2022-02-23T00:56:55,62.39,69.10,59.76,22737010
2022-02-23T01:01:56,62.39,69.10,59.76,22737010
2022-02-23T01:06:56,62.39,69.10,59.76,22737010
2022-02-23T01:11:57,62.39,69.10,59.76,22737010
2022-02-23T01:16:58,62.39,69.10,59.76,22737010
2022-02-23T01:21:59,62.39,69.10,59.76,22737010
2022-02-23T01:26:59,62.39,69.10,59.76,22737010
2022-02-23T01:32:01,62.39,69.10,59.76,22737010
2022-02-23T01:37:01,62.39,69.10,59.76,22737010
2022-02-23T01:42:02,62.39,69.10,59.76,22737010
2022-02-23T01:47:03,62.39,69.10,59.76,22737010
2022-02-23T01:52:04,62.39,69.10,59.76,22737010
2022-02-23T01:57:05,62.39,69.10,59.76,22737010
2022-02-23T02:02:06,62.39,69.10,59.76,22737010
2022-02-23T02:07:07,62.39,69.10,59.76,22737010
2022-02-23T02:12:08,62.39,69.10,59.76,22737010
2022-02-23T02:17:08,62.39,69.10,59.76,22737010
2022-02-23T02:22:09,62.39,69.10,59.76,22737010
2022-02-23T02:27:10,62.39,69.10,59.76,22737010
2022-02-23T02:32:11,62.39,69.10,59.76,22737010
2022-02-23T02:37:12,62.39,69.10,59.76,22737010
2022-02-23T02:42:13,62.39,69.10,59.76,22737010
2022-02-23T02:47:14,62.39,69.10,59.76,22737010
2022-02-23T02:52:15,62.39,69.10,59.76,22737010
2022-02-23T02:57:16,62.39,69.10,59.76,22737010
2022-02-23T03:02:17,62.39,69.10,59.76,22737010
2022-02-23T03:07:17,62.39,69.10,59.76,22737010
2022-02-23T03:12:18,62.39,69.10,59.76,22737010
2022-02-23T03:17:19,62.39,69.10,59.76,22737010
