Date-Time,Price,High,Low,Volume
2022-02-23T00:01:50,821.53,856.7338,801.1001,27762734
2022-02-23T00:06:50,821.53,856.7338,801.1001,27762734
2022-02-23T00:11:51,821.53,856.7338,801.1001,27762734
2022-02-23T00:16:52,821.53,856.7338,801.1001,27762734
2022-02-23T00:21:53,821.53,856.7338,801.1001,27762734
2022-02-23T00:26:53,821.53,856.7338,801.1001,27762734
2022-02-23T00:31:54,821.53,856.7338,801.1001,27762734
2022-02-23T00:36:55,821.53,856.7338,801.1001,27762734
2022-02-23T00:41:56,821.53,856.7338,801.1001,27762734
2022-02-23T00:46:57,821.53,856.7338,801.1001,27762734
2022-02-23T00:51:57,821.53,856.7338,801.1001,27762734
2022-02-23T00:56:58,821.53,856.7338,801.1001,27762734
2022-02-23T01:01:59,821.53,856.7338,801.1001,27762734
2022-02-23T01:07:00,821.53,856.7338,801.1001,27762734
2022-02-23T01:12:01,821.53,856.7338,801.1001,27762734
2022-02-23T01:17:02,821.53,856.7338,801.1001,27762734
