Date-Time,Price,High,Low,Volume
2022-02-23T00:01:12,6.17,6.71,6.1575,758999
2022-02-23T00:06:13,6.17,6.71,6.1575,758999
2022-02-23T00:11:13,6.17,6.71,6.1575,758999
2022-02-23T00:16:14,6.17,6.71,6.1575,758999
2022-02-23T00:21:15,6.17,6.71,6.1575,758999
2022-02-23T00:26:16,6.17,6.71,6.1575,758999
2022-02-23T00:31:17,6.17,6.71,6.1575,758999
2022-02-23T00:36:18,6.17,6.71,6.1575,758999
2022-02-23T00:41:19,6.17,6.71,6.1575,758999
2022-02-23T00:46:19,6.17,6.71,6.1575,758999
2022-02-23T00:51:20,6.17,6.71,6.1575,758999
2022-02-23T00:56:21,6.17,6.71,6.1575,758999
2022-02-23T01:01:22,6.17,6.71,6.1575,758999
2022-02-23T01:06:23,6.17,6.71,6.1575,758999
2022-02-23T01:11:24,6.17,6.71,6.1575,758999
2022-02-23T01:16:25,6.17,6.71,6.1575,758999
2022-02-23T01:21:25,6.17,6.71,6.1575,758999
2022-02-23T01:26:26,6.17,6.71,6.1575,758999
2022-02-23T01:31:27,6.17,6.71,6.1575,758999
2022-02-23T01:36:28,6.17,6.71,6.1575,758999
2022-02-23T01:41:29,6.17,6.71,6.1575,758999
2022-02-23T01:46:30,6.17,6.71,6.1575,758999
2022-02-23T01:51:31,6.17,6.71,6.1575,758999
2022-02-23T01:56:32,6.17,6.71,6.1575,758999
2022-02-23T02:01:33,6.17,6.71,6.1575,758999
2022-02-23T02:06:34,6.17,6.71,6.1575,758999
2022-02-23T02:11:35,6.17,6.71,6.1575,758999
2022-02-23T02:16:36,6.17,6.71,6.1575,758999
2022-02-23T02:21:37,6.17,6.71,6.1575,758999
2022-02-23T02:26:37,6.17,6.71,6.1575,758999
2022-02-23T02:31:38,6.17,6.71,6.1575,758999
2022-02-23T02:36:39,6.17,6.71,6.1575,758999
2022-02-23T02:41:40,6.17,6.71,6.1575,758999
2022-02-23T02:46:41,6.17,6.71,6.1575,758999
2022-02-23T02:51:42,6.17,6.71,6.1575,758999
2022-02-23T02:56:42,6.17,6.71,6.1575,758999
2022-02-23T03:01:43,6.17,6.71,6.1575,758999
2022-02-23T03:06:44,6.17,6.71,6.1575,758999
2022-02-23T03:11:45,6.17,6.71,6.1575,758999
2022-02-23T03:16:46,6.17,6.71,6.1575,758999
