Date-Time,Price,High,Low,Volume
2022-02-23T00:01:48,202.08,207.48,200.06,39852391
2022-02-23T00:06:49,202.08,207.48,200.06,39852391
2022-02-23T00:11:49,202.08,207.48,200.06,39852391
2022-02-23T00:16:50,202.08,207.48,200.06,39852391
2022-02-23T00:21:51,202.08,207.48,200.06,39852391
2022-02-23T00:26:52,202.08,207.48,200.06,39852391
2022-02-23T00:31:52,202.08,207.48,200.06,39852391
2022-02-23T00:36:53,202.08,207.48,200.06,39852391
2022-02-23T00:41:54,202.08,207.48,200.06,39852391
2022-02-23T00:46:55,202.08,207.48,200.06,39852391
2022-02-23T00:51:56,202.08,207.48,200.06,39852391
2022-02-23T00:56:56,202.08,207.48,200.06,39852391
2022-02-23T01:01:57,202.08,207.48,200.06,39852391
2022-02-23T01:06:58,202.08,207.48,200.06,39852391
2022-02-23T01:11:59,202.08,207.48,200.06,39852391
2022-02-23T01:17:00,202.08,207.48,200.06,39852391
2022-02-23T01:22:00,202.08,207.48,200.06,39852391
2022-02-23T01:27:01,202.08,207.48,200.06,39852391
2022-02-23T01:32:02,202.08,207.48,200.06,39852391
2022-02-23T01:37:03,202.08,207.48,200.06,39852391
2022-02-23T01:42:04,202.08,207.48,200.06,39852391
2022-02-23T01:47:04,202.08,207.48,200.06,39852391
2022-02-23T01:52:05,202.08,207.48,200.06,39852391
2022-02-23T01:57:06,202.08,207.48,200.06,39852391
2022-02-23T02:02:07,202.08,207.48,200.06,39852391
2022-02-23T02:07:08,202.08,207.48,200.06,39852391
2022-02-23T02:12:08,202.08,207.48,200.06,39852391
2022-02-23T02:17:09,202.08,207.48,200.06,39852391
2022-02-23T02:22:10,202.08,207.48,200.06,39852391
2022-02-23T02:27:11,202.08,207.48,200.06,39852391
2022-02-23T02:32:12,202.08,207.48,200.06,39852391
2022-02-23T02:37:12,202.08,207.48,200.06,39852391
2022-02-23T02:42:13,202.08,207.48,200.06,39852391
2022-02-23T02:47:14,202.08,207.48,200.06,39852391
2022-02-23T02:52:15,202.08,207.48,200.06,39852391
2022-02-23T02:57:16,202.08,207.48,200.06,39852391
2022-02-23T03:02:17,202.08,207.48,200.06,39852391
2022-02-23T03:07:17,202.08,207.48,200.06,39852391
2022-02-23T03:12:18,202.08,207.48,200.06,39852391
2022-02-23T03:17:19,202.08,207.48,200.06,39852391
2022-02-23T03:22:20,202.08,207.48,200.06,39852391
2022-02-23T03:27:21,202.08,207.48,200.06,39852391
2022-02-23T03:32:21,202.08,207.48,200.06,39852391
2022-02-23T03:37:22,202.08,207.48,200.06,39852391
2022-02-23T03:42:23,202.08,207.48,200.06,39852391
2022-02-23T03:47:24,202.08,207.48,200.06,39852391
2022-02-23T03:52:25,202.08,207.48,200.06,39852391
2022-02-23T03:57:26,202.08,207.48,200.06,39852391
2022-02-23T04:02:26,202.08,207.48,200.06,39852391
2022-02-23T04:07:27,202.08,207.48,200.06,39852391
2022-02-23T04:12:28,202.08,207.48,200.06,39852391
2022-02-23T04:17:29,202.08,207.48,200.06,39852391
2022-02-23T04:22:30,202.08,207.48,200.06,39852391
2022-02-23T04:27:31,202.08,207.48,200.06,39852391
2022-02-23T04:32:31,202.08,207.48,200.06,39852391
2022-02-23T04:37:32,202.08,207.48,200.06,39852391
2022-02-23T04:42:33,202.08,207.48,200.06,39852391
2022-02-23T04:47:34,202.08,207.48,200.06,39852391
2022-02-23T04:52:35,202.08,207.48,200.06,39852391
2022-02-23T04:57:36,202.08,207.48,200.06,39852391
2022-02-23T05:02:37,202.08,207.48,200.06,39852391
2022-02-23T05:07:38,202.08,207.48,200.06,39852391
2022-02-23T05:12:40,202.08,207.48,200.06,39852391
2022-02-23T05:17:40,202.08,207.48,200.06,39852391
2022-02-23T05:22:41,202.08,207.48,200.06,39852391
2022-02-23T05:27:42,202.08,207.48,200.06,39852391
2022-02-23T05:32:43,202.08,207.48,200.06,39852391
2022-02-23T05:37:44,202.08,207.48,200.06,39852391
2022-02-23T05:42:44,202.08,207.48,200.06,39852391
2022-02-23T05:47:45,202.08,207.48,200.06,39852391
2022-02-23T05:52:46,202.08,207.48,200.06,39852391
2022-02-23T05:57:47,202.08,207.48,200.06,39852391
2022-02-23T06:02:48,202.08,207.48,200.06,39852391
2022-02-23T06:07:49,202.08,207.48,200.06,39852391
2022-02-23T06:12:50,202.08,207.48,200.06,39852391
2022-02-23T06:17:50,202.08,207.48,200.06,39852391
2022-02-23T06:22:51,202.08,207.48,200.06,39852391
2022-02-23T06:27:52,202.08,207.48,200.06,39852391
2022-02-23T06:32:53,202.08,207.48,200.06,39852391
2022-02-23T06:37:54,202.08,207.48,200.06,39852391
2022-02-23T06:42:54,202.08,207.48,200.06,39852391
2022-02-23T06:47:55,205.85,206.2699,204.09,1501487
2022-02-23T06:52:56,206.02,206.36,204.09,2449045
2022-02-23T06:57:57,205.43,206.94,204.09,3269067
2022-02-23T07:02:58,205.36,206.94,204.09,3970009
2022-02-23T07:07:59,204.58,206.94,204.09,4633277
2022-02-23T07:12:59,204.33,206.94,203.68,5203117
2022-02-23T07:18:00,203.74,206.94,203.51,5861547
2022-02-23T07:23:01,203.43,206.94,203.43,6283058
2022-02-23T07:28:02,203.84,206.94,202.55,6860862
2022-02-23T07:33:03,203.38,206.94,202.55,7251556
2022-02-23T07:38:03,203.64,206.94,202.55,7547598
2022-02-23T07:43:04,202.70,206.94,202.4389,7949572
2022-02-23T07:48:05,202.685,206.94,202.045,8532316
2022-02-23T07:53:06,202.93,206.94,202.045,8950746
2022-02-23T07:58:06,201.805,206.94,201.61,9451851
2022-02-23T08:03:07,201.84,206.94,201.59,9894270
2022-02-23T08:08:08,201.42,206.94,201.41,10310440
2022-02-23T08:13:09,201.65,206.94,201.0705,10881924
2022-02-23T08:18:09,201.44,206.94,201.0705,11249048
