Date-Time,Price,High,Low,Volume
2022-05-18T00:03:16,4.00,4.31,3.78,1834200
2022-05-18T00:08:16,4.00,4.31,3.78,1834200
2022-05-18T00:13:17,4.00,4.31,3.78,1834200
2022-05-18T00:18:18,4.00,4.31,3.78,1834200
2022-05-18T00:23:19,4.00,4.31,3.78,1834200
2022-05-18T00:28:20,4.00,4.31,3.78,1834200
2022-05-18T00:33:20,4.00,4.31,3.78,1834200
2022-05-18T00:38:21,4.00,4.31,3.78,1834200
2022-05-18T00:43:22,4.00,4.31,3.78,1834200
2022-05-18T00:48:23,4.00,4.31,3.78,1834200
2022-05-18T00:53:24,4.00,4.31,3.78,1834200
2022-05-18T00:58:25,4.00,4.31,3.78,1834200
2022-05-18T01:03:26,4.00,4.31,3.78,1834200
2022-05-18T01:08:27,4.00,4.31,3.78,1834200
2022-05-18T01:13:28,4.00,4.31,3.78,1834200
2022-05-18T01:18:28,4.00,4.31,3.78,1834200
2022-05-18T01:23:29,4.00,4.31,3.78,1834200
2022-05-18T01:28:30,4.00,4.31,3.78,1834200
2022-05-18T01:33:31,4.00,4.31,3.78,1834200
2022-05-18T01:38:32,4.00,4.31,3.78,1834200
2022-05-18T01:43:33,4.00,4.31,3.78,1834200
2022-05-18T01:48:34,4.00,4.31,3.78,1834200
