Date-Time,Price,High,Low,Volume
2022-05-18T00:02:42,761.61,764.48,728.85,26745370
2022-05-18T00:07:43,761.61,764.48,728.85,26745370
2022-05-18T00:12:43,761.61,764.48,728.85,26745370
2022-05-18T00:17:44,761.61,764.48,728.85,26745370
2022-05-18T00:22:45,761.61,764.48,728.85,26745370
2022-05-18T00:27:46,761.61,764.48,728.85,26745370
2022-05-18T00:32:47,761.61,764.48,728.85,26745370
2022-05-18T00:37:48,761.61,764.48,728.85,26745370
2022-05-18T00:42:48,761.61,764.48,728.85,26745370
2022-05-18T00:47:49,761.61,764.48,728.85,26745370
