Date-Time,Price,High,Low,Volume
2022-05-18T00:02:42,16.63,16.69,15.26,93233065
2022-05-18T00:07:43,16.63,16.69,15.26,93233065
2022-05-18T00:12:44,16.63,16.69,15.26,93233065
2022-05-18T00:17:44,16.63,16.69,15.26,93233065
2022-05-18T00:22:45,16.63,16.69,15.26,93233065
2022-05-18T00:27:46,16.63,16.69,15.26,93233065
2022-05-18T00:32:47,16.63,16.69,15.26,93233065
2022-05-18T00:37:47,16.63,16.69,15.26,93233065
2022-05-18T00:42:48,16.63,16.69,15.26,93233065
2022-05-18T00:47:49,16.63,16.69,15.26,93233065
2022-05-18T00:52:50,16.63,16.69,15.26,93233065
2022-05-18T00:57:51,16.63,16.69,15.26,93233065
2022-05-18T01:02:52,16.63,16.69,15.26,93233065
2022-05-18T01:07:52,16.63,16.69,15.26,93233065
2022-05-18T01:12:53,16.63,16.69,15.26,93233065
2022-05-18T01:17:54,16.63,16.69,15.26,93233065
2022-05-18T01:22:55,16.63,16.69,15.26,93233065
2022-05-18T01:27:55,16.63,16.69,15.26,93233065
2022-05-18T01:32:56,16.63,16.69,15.26,93233065
2022-05-18T01:37:57,16.63,16.69,15.26,93233065
2022-05-18T01:42:58,16.63,16.69,15.26,93233065
2022-05-18T01:47:58,16.63,16.69,15.26,93233065
