Date-Time,Price,High,Low,Volume
2022-05-18T00:04:18,27.49,27.87,25.719,26958778
2022-05-18T00:09:18,27.49,27.87,25.719,26958778
2022-05-18T00:14:19,27.49,27.87,25.719,26958778
2022-05-18T00:19:20,27.49,27.87,25.719,26958778
2022-05-18T00:24:21,27.49,27.87,25.719,26958778
2022-05-18T00:29:22,27.49,27.87,25.719,26958778
2022-05-18T00:34:23,27.49,27.87,25.719,26958778
2022-05-18T00:39:24,27.49,27.87,25.719,26958778
2022-05-18T00:44:25,27.49,27.87,25.719,26958778
2022-05-18T00:49:25,27.49,27.87,25.719,26958778
