Date-Time,Price,High,Low,Volume
2022-04-21T00:03:46,18.15,19.45,18.065,53336375
2022-04-21T00:08:47,18.15,19.45,18.065,53336375
2022-04-21T00:13:48,18.15,19.45,18.065,53336375
2022-04-21T00:18:49,18.15,19.45,18.065,53336375
2022-04-21T00:23:50,18.15,19.45,18.065,53336375
2022-04-21T00:28:51,18.15,19.45,18.065,53336375
2022-04-21T00:33:51,18.15,19.45,18.065,53336375
2022-04-21T00:38:52,18.15,19.45,18.065,53336375
2022-04-21T00:43:53,18.15,19.45,18.065,53336375
2022-04-21T00:48:54,18.15,19.45,18.065,53336375
2022-04-21T00:53:55,18.15,19.45,18.065,53336375
2022-04-21T00:58:55,18.15,19.45,18.065,53336375
2022-04-21T01:03:56,18.15,19.45,18.065,53336375
2022-04-21T01:08:57,18.15,19.45,18.065,53336375
2022-04-21T01:13:58,18.15,19.45,18.065,53336375
