Date-Time,Price,High,Low,Volume
2022-04-21T00:03:46,977.20,1034.00,975.2501,23570442
2022-04-21T00:08:47,977.20,1034.00,975.2501,23570442
2022-04-21T00:13:48,977.20,1034.00,975.2501,23570442
2022-04-21T00:18:49,977.20,1034.00,975.2501,23570442
2022-04-21T00:23:49,977.20,1034.00,975.2501,23570442
2022-04-21T00:28:50,977.20,1034.00,975.2501,23570442
2022-04-21T00:33:51,977.20,1034.00,975.2501,23570442
2022-04-21T00:38:52,977.20,1034.00,975.2501,23570442
2022-04-21T00:43:53,977.20,1034.00,975.2501,23570442
2022-04-21T00:48:53,977.20,1034.00,975.2501,23570442
2022-04-21T00:53:54,977.20,1034.00,975.2501,23570442
2022-04-21T00:58:55,977.20,1034.00,975.2501,23570442
2022-04-21T01:03:56,977.20,1034.00,975.2501,23570442
2022-04-21T01:08:57,977.20,1034.00,975.2501,23570442
2022-04-21T01:13:58,977.20,1034.00,975.2501,23570442
