Date-Time,Price,High,Low,Volume
2022-04-21T00:03:47,36.23,39.45,36.12,12648503
2022-04-21T00:08:47,36.23,39.45,36.12,12648503
2022-04-21T00:13:48,36.23,39.45,36.12,12648503
2022-04-21T00:18:49,36.23,39.45,36.12,12648503
2022-04-21T00:23:50,36.23,39.45,36.12,12648503
2022-04-21T00:28:51,36.23,39.45,36.12,12648503
2022-04-21T00:33:51,36.23,39.45,36.12,12648503
2022-04-21T00:38:52,36.23,39.45,36.12,12648503
2022-04-21T00:43:53,36.23,39.45,36.12,12648503
2022-04-21T00:48:54,36.23,39.45,36.12,12648503
2022-04-21T00:53:55,36.23,39.45,36.12,12648503
2022-04-21T00:58:56,36.23,39.45,36.12,12648503
2022-04-21T01:03:56,36.23,39.45,36.12,12648503
2022-04-21T01:08:57,36.23,39.45,36.12,12648503
2022-04-21T01:13:58,36.23,39.45,36.12,12648503
2022-04-21T01:18:59,36.23,39.45,36.12,12648503
2022-04-21T01:24:00,36.23,39.45,36.12,12648503
2022-04-21T01:29:00,36.23,39.45,36.12,12648503
2022-04-21T01:34:01,36.23,39.45,36.12,12648503
2022-04-21T01:39:02,36.23,39.45,36.12,12648503
2022-04-21T01:44:03,36.23,39.45,36.12,12648503
2022-04-21T01:49:04,36.23,39.45,36.12,12648503
2022-04-21T01:54:05,36.23,39.45,36.12,12648503
2022-04-21T01:59:05,36.23,39.45,36.12,12648503
2022-04-21T02:04:06,36.23,39.45,36.12,12648503
2022-04-21T02:09:07,36.23,39.45,36.12,12648503
2022-04-21T02:14:08,36.23,39.45,36.12,12648503
2022-04-21T02:19:09,36.23,39.45,36.12,12648503
2022-04-21T02:24:10,36.23,39.45,36.12,12648503
2022-04-21T02:29:11,36.23,39.45,36.12,12648503
2022-04-21T02:34:11,36.23,39.45,36.12,12648503
2022-04-21T02:39:12,36.23,39.45,36.12,12648503
2022-04-21T02:44:13,36.23,39.45,36.12,12648503
2022-04-21T02:49:14,36.23,39.45,36.12,12648503
2022-04-21T02:54:15,36.23,39.45,36.12,12648503
2022-04-21T02:59:16,36.23,39.45,36.12,12648503
2022-04-21T03:04:16,36.23,39.45,36.12,12648503
2022-04-21T03:09:17,36.23,39.45,36.12,12648503
2022-04-21T03:14:18,36.23,39.45,36.12,12648503
2022-04-21T03:19:19,36.23,39.45,36.12,12648503
2022-04-21T03:24:20,36.23,39.45,36.12,12648503
2022-04-21T03:29:21,36.23,39.45,36.12,12648503
2022-04-21T03:34:21,36.23,39.45,36.12,12648503
2022-04-21T03:39:22,36.23,39.45,36.12,12648503
2022-04-21T03:44:23,36.23,39.45,36.12,12648503
2022-04-21T03:49:24,36.23,39.45,36.12,12648503
2022-04-21T03:54:24,36.23,39.45,36.12,12648503
2022-04-21T03:59:25,36.23,39.45,36.12,12648503
2022-04-21T04:04:26,36.23,39.45,36.12,12648503
2022-04-21T04:09:27,36.23,39.45,36.12,12648503
2022-04-21T04:14:28,36.23,39.45,36.12,12648503
