Date-Time,Price,High,Low,Volume
2022-04-21T00:03:48,5.92,6.05,5.70,920533
2022-04-21T00:08:49,5.92,6.05,5.70,920533
2022-04-21T00:13:49,5.92,6.05,5.70,920533
2022-04-21T00:18:50,5.92,6.05,5.70,920533
2022-04-21T00:23:51,5.92,6.05,5.70,920533
2022-04-21T00:28:51,5.92,6.05,5.70,920533
2022-04-21T00:33:52,5.92,6.05,5.70,920533
2022-04-21T00:38:53,5.92,6.05,5.70,920533
2022-04-21T00:43:54,5.92,6.05,5.70,920533
2022-04-21T00:48:54,5.92,6.05,5.70,920533
2022-04-21T00:53:55,5.92,6.05,5.70,920533
2022-04-21T00:58:56,5.92,6.05,5.70,920533
2022-04-21T01:03:57,5.92,6.05,5.70,920533
2022-04-21T01:08:57,5.92,6.05,5.70,920533
2022-04-21T01:13:58,5.92,6.05,5.70,920533
