Date-Time,Price,High,Low,Volume
2022-04-21T00:03:46,200.42,214.16,198.92,43036528
2022-04-21T00:08:47,200.42,214.16,198.92,43036528
2022-04-21T00:13:48,200.42,214.16,198.92,43036528
2022-04-21T00:18:49,200.42,214.16,198.92,43036528
2022-04-21T00:23:49,200.42,214.16,198.92,43036528
2022-04-21T00:28:50,200.42,214.16,198.92,43036528
2022-04-21T00:33:51,200.42,214.16,198.92,43036528
2022-04-21T00:38:52,200.42,214.16,198.92,43036528
2022-04-21T00:43:53,200.42,214.16,198.92,43036528
2022-04-21T00:48:54,200.42,214.16,198.92,43036528
2022-04-21T00:53:54,200.42,214.16,198.92,43036528
2022-04-21T00:58:55,200.42,214.16,198.92,43036528
2022-04-21T01:03:56,200.42,214.16,198.92,43036528
2022-04-21T01:08:57,200.42,214.16,198.92,43036528
2022-04-21T01:13:58,200.42,214.16,198.92,43036528
