Date-Time,Price,High,Low,Volume
2022-01-04T00:01:47,33.47,33.80,31.88,64409566
2022-01-04T00:06:48,33.47,33.80,31.88,64409566
2022-01-04T00:11:49,33.47,33.80,31.88,64409566
2022-01-04T00:16:50,33.47,33.80,31.88,64409566
2022-01-04T00:21:50,33.47,33.80,31.88,64409566
2022-01-04T00:26:51,33.47,33.80,31.88,64409566
2022-01-04T00:31:52,33.47,33.80,31.88,64409566
2022-01-04T00:36:53,33.47,33.80,31.88,64409566
2022-01-04T00:41:54,33.47,33.80,31.88,64409566
2022-01-04T00:46:54,33.47,33.80,31.88,64409566
2022-01-04T00:51:55,33.47,33.80,31.88,64409566
2022-01-04T00:56:56,33.47,33.80,31.88,64409566
2022-01-04T01:01:57,33.47,33.80,31.88,64409566
2022-01-04T01:06:58,33.47,33.80,31.88,64409566
2022-01-04T01:11:59,33.47,33.80,31.88,64409566
