Date-Time,Price,High,Low,Volume
2022-01-04T00:01:46,5.98,6.04,5.5501,939486
2022-01-04T00:06:49,5.98,6.04,5.5501,939486
2022-01-04T00:11:50,5.98,6.04,5.5501,939486
2022-01-04T00:16:51,5.98,6.04,5.5501,939486
2022-01-04T00:21:51,5.98,6.04,5.5501,939486
2022-01-04T00:26:52,5.98,6.04,5.5501,939486
2022-01-04T00:31:53,5.98,6.04,5.5501,939486
2022-01-04T00:36:53,5.98,6.04,5.5501,939486
2022-01-04T00:41:54,5.98,6.04,5.5501,939486
2022-01-04T00:46:55,5.98,6.04,5.5501,939486
2022-01-04T00:51:56,5.98,6.04,5.5501,939486
2022-01-04T00:56:57,5.98,6.04,5.5501,939486
2022-01-04T01:01:57,5.98,6.04,5.5501,939486
2022-01-04T01:06:58,5.98,6.04,5.5501,939486
2022-01-04T01:11:59,5.98,6.04,5.5501,939486
2022-01-04T01:17:00,5.98,6.04,5.5501,939486
2022-01-04T01:22:01,5.98,6.04,5.5501,939486
2022-01-04T01:27:02,5.98,6.04,5.5501,939486
2022-01-04T01:32:03,5.98,6.04,5.5501,939486
2022-01-04T01:37:03,5.98,6.04,5.5501,939486
2022-01-04T01:42:04,5.98,6.04,5.5501,939486
2022-01-04T01:47:05,5.98,6.04,5.5501,939486
2022-01-04T01:52:06,5.98,6.04,5.5501,939486
2022-01-04T01:57:06,5.98,6.04,5.5501,939486
2022-01-04T02:02:07,5.98,6.04,5.5501,939486
2022-01-04T02:07:08,5.98,6.04,5.5501,939486
2022-01-04T02:12:09,5.98,6.04,5.5501,939486
