Date-Time,Price,High,Low,Volume
2022-01-04T00:01:56,102.72,106.55,100.25,8356564
2022-01-04T00:06:57,102.72,106.55,100.25,8356564
2022-01-04T00:11:58,102.72,106.55,100.25,8356564
2022-01-04T00:16:59,102.72,106.55,100.25,8356564
2022-01-04T00:22:00,102.72,106.55,100.25,8356564
2022-01-04T00:27:01,102.72,106.55,100.25,8356564
2022-01-04T00:32:02,102.72,106.55,100.25,8356564
2022-01-04T00:37:02,102.72,106.55,100.25,8356564
2022-01-04T00:42:03,102.72,106.55,100.25,8356564
2022-01-04T00:47:04,102.72,106.55,100.25,8356564
2022-01-04T00:52:05,102.72,106.55,100.25,8356564
2022-01-04T00:57:05,102.72,106.55,100.25,8356564
2022-01-04T01:02:06,102.72,106.55,100.25,8356564
2022-01-04T01:07:07,102.72,106.55,100.25,8356564
2022-01-04T01:12:08,102.72,106.55,100.25,8356564
2022-01-04T01:17:09,102.72,106.55,100.25,8356564
2022-01-04T01:22:09,102.72,106.55,100.25,8356564
2022-01-04T01:27:10,102.72,106.55,100.25,8356564
2022-01-04T01:32:11,102.72,106.55,100.25,8356564
2022-01-04T01:37:12,102.72,106.55,100.25,8356564
2022-01-04T01:42:12,102.72,106.55,100.25,8356564
2022-01-04T01:47:13,102.72,106.55,100.25,8356564
2022-01-04T01:52:14,102.72,106.55,100.25,8356564
2022-01-04T01:57:15,102.72,106.55,100.25,8356564
2022-01-04T02:02:15,102.72,106.55,100.25,8356564
2022-01-04T02:07:16,102.72,106.55,100.25,8356564
2022-01-04T02:12:17,102.72,106.55,100.25,8356564
