Date-Time,Price,High,Low,Volume
2022-05-11T00:03:37,3.57,4.235,3.55,2052806
2022-05-11T00:08:38,3.57,4.235,3.55,2052806
2022-05-11T00:13:39,3.57,4.235,3.55,2052806
2022-05-11T00:18:40,3.57,4.235,3.55,2052806
2022-05-11T00:23:41,3.57,4.235,3.55,2052806
2022-05-11T00:28:42,3.57,4.235,3.55,2052806
2022-05-11T00:33:43,3.57,4.235,3.55,2052806
2022-05-11T00:38:44,3.57,4.235,3.55,2052806
2022-05-11T00:43:44,3.57,4.235,3.55,2052806
2022-05-11T00:48:45,3.57,4.235,3.55,2052806
2022-05-11T00:53:46,3.57,4.235,3.55,2052806
2022-05-11T00:58:47,3.57,4.235,3.55,2052806
2022-05-11T01:03:48,3.57,4.235,3.55,2052806
2022-05-11T01:08:49,3.57,4.235,3.55,2052806
2022-05-11T01:13:49,3.57,4.235,3.55,2052806
2022-05-11T01:18:50,3.57,4.235,3.55,2052806
2022-05-11T01:23:51,3.57,4.235,3.55,2052806
2022-05-11T01:28:52,3.57,4.235,3.55,2052806
2022-05-11T01:33:53,3.57,4.235,3.55,2052806
2022-05-11T01:38:54,3.57,4.235,3.55,2052806
2022-05-11T01:43:54,3.57,4.235,3.55,2052806
2022-05-11T01:48:55,3.57,4.235,3.55,2052806
2022-05-11T01:53:56,3.57,4.235,3.55,2052806
2022-05-11T01:58:57,3.57,4.235,3.55,2052806
2022-05-11T02:03:58,3.57,4.235,3.55,2052806
2022-05-11T02:08:59,3.57,4.235,3.55,2052806
2022-05-11T02:14:00,3.57,4.235,3.55,2052806
2022-05-11T02:19:00,3.57,4.235,3.55,2052806
2022-05-11T02:24:01,3.57,4.235,3.55,2052806
2022-05-11T02:29:02,3.57,4.235,3.55,2052806
2022-05-11T02:34:03,3.57,4.235,3.55,2052806
2022-05-11T02:39:04,3.57,4.235,3.55,2052806
