Date-Time,Price,High,Low,Volume
2022-05-11T00:04:00,22.79,24.40,21.00,33317040
2022-05-11T00:09:01,22.79,24.40,21.00,33317040
2022-05-11T00:14:02,22.79,24.40,21.00,33317040
2022-05-11T00:19:03,22.79,24.40,21.00,33317040
2022-05-11T00:24:04,22.79,24.40,21.00,33317040
2022-05-11T00:29:05,22.79,24.40,21.00,33317040
2022-05-11T00:34:06,22.79,24.40,21.00,33317040
2022-05-11T00:39:06,22.79,24.40,21.00,33317040
2022-05-11T00:44:07,22.79,24.40,21.00,33317040
2022-05-11T00:49:08,22.79,24.40,21.00,33317040
2022-05-11T00:54:09,22.79,24.40,21.00,33317040
2022-05-11T00:59:10,22.79,24.40,21.00,33317040
2022-05-11T01:04:11,22.79,24.40,21.00,33317040
2022-05-11T01:09:12,22.79,24.40,21.00,33317040
2022-05-11T01:14:13,22.79,24.40,21.00,33317040
2022-05-11T01:19:13,22.79,24.40,21.00,33317040
2022-05-11T01:24:14,22.79,24.40,21.00,33317040
2022-05-11T01:29:15,22.79,24.40,21.00,33317040
2022-05-11T01:34:16,22.79,24.40,21.00,33317040
2022-05-11T01:39:17,22.79,24.40,21.00,33317040
2022-05-11T01:44:17,22.79,24.40,21.00,33317040
2022-05-11T01:49:18,22.79,24.40,21.00,33317040
2022-05-11T01:54:19,22.79,24.40,21.00,33317040
2022-05-11T01:59:20,22.79,24.40,21.00,33317040
2022-05-11T02:04:21,22.79,24.40,21.00,33317040
2022-05-11T02:09:22,22.79,24.40,21.00,33317040
2022-05-11T02:14:23,22.79,24.40,21.00,33317040
2022-05-11T02:19:24,22.79,24.40,21.00,33317040
2022-05-11T02:24:25,22.79,24.40,21.00,33317040
2022-05-11T02:29:26,22.79,24.40,21.00,33317040
2022-05-11T02:34:27,22.79,24.40,21.00,33317040
2022-05-11T02:39:28,22.79,24.40,21.00,33317040
2022-05-11T02:44:28,22.79,24.40,21.00,33317040
2022-05-11T02:49:29,22.79,24.40,21.00,33317040
2022-05-11T02:54:30,22.79,24.40,21.00,33317040
2022-05-11T02:59:31,22.79,24.40,21.00,33317040
2022-05-11T03:04:31,22.79,24.40,21.00,33317040
2022-05-11T03:09:32,22.79,24.40,21.00,33317040
2022-05-11T03:14:33,22.79,24.40,21.00,33317040
2022-05-11T03:19:34,22.79,24.40,21.00,33317040
2022-05-11T03:24:34,22.79,24.40,21.00,33317040
2022-05-11T03:29:35,22.79,24.40,21.00,33317040
2022-05-11T03:34:36,22.79,24.40,21.00,33317040
2022-05-11T03:39:37,22.79,24.40,21.00,33317040
2022-05-11T03:44:38,22.79,24.40,21.00,33317040
2022-05-11T03:49:38,22.79,24.40,21.00,33317040
2022-05-11T03:54:39,22.79,24.40,21.00,33317040
2022-05-11T03:59:40,22.79,24.40,21.00,33317040
2022-05-11T04:04:41,22.79,24.40,21.00,33317040
2022-05-11T04:09:42,22.79,24.40,21.00,33317040
2022-05-11T04:14:43,22.79,24.40,21.00,33317040
2022-05-11T04:19:43,22.79,24.40,21.00,33317040
2022-05-11T04:24:44,22.79,24.40,21.00,33317040
2022-05-11T04:29:45,22.79,24.40,21.00,33317040
2022-05-11T04:34:46,22.79,24.40,21.00,33317040
2022-05-11T04:39:47,22.79,24.40,21.00,33317040
2022-05-11T04:44:47,22.79,24.40,21.00,33317040
2022-05-11T04:49:48,22.79,24.40,21.00,33317040
2022-05-11T04:54:49,22.79,24.40,21.00,33317040
2022-05-11T04:59:50,22.79,24.40,21.00,33317040
2022-05-11T05:04:51,22.79,24.40,21.00,33317040
2022-05-11T05:09:52,22.79,24.40,21.00,33317040
2022-05-11T05:14:52,22.79,24.40,21.00,33317040
2022-05-11T05:19:53,22.79,24.40,21.00,33317040
2022-05-11T05:24:54,22.79,24.40,21.00,33317040
2022-05-11T05:29:55,22.79,24.40,21.00,33317040
2022-05-11T05:34:56,22.79,24.40,21.00,33317040
2022-05-11T05:39:57,22.79,24.40,21.00,33317040
2022-05-11T05:44:57,22.79,24.40,21.00,33317040
2022-05-11T05:49:58,22.79,24.40,21.00,33317040
2022-05-11T05:54:59,22.79,24.40,21.00,33317040
2022-05-11T06:00:00,22.79,24.40,21.00,33317040
2022-05-11T06:05:01,22.79,24.40,21.00,33317040
2022-05-11T06:10:02,22.79,24.40,21.00,33317040
2022-05-11T06:15:03,22.79,24.40,21.00,33317040
2022-05-11T06:20:04,22.79,24.40,21.00,33317040
2022-05-11T06:25:04,22.79,24.40,21.00,33317040
2022-05-11T06:30:05,22.79,24.40,21.00,33317040
2022-05-11T06:35:06,22.79,24.40,21.00,33317040
2022-05-11T06:40:07,22.79,24.40,21.00,33317040
