Date-Time,Price,High,Low,Volume
2022-05-11T00:03:12,13.44,14.68,12.86,77181784
2022-05-11T00:08:13,13.44,14.68,12.86,77181784
2022-05-11T00:13:14,13.44,14.68,12.86,77181784
2022-05-11T00:18:15,13.44,14.68,12.86,77181784
2022-05-11T00:23:16,13.44,14.68,12.86,77181784
2022-05-11T00:28:16,13.44,14.68,12.86,77181784
2022-05-11T00:33:17,13.44,14.68,12.86,77181784
2022-05-11T00:38:18,13.44,14.68,12.86,77181784
2022-05-11T00:43:19,13.44,14.68,12.86,77181784
2022-05-11T00:48:20,13.44,14.68,12.86,77181784
2022-05-11T00:53:21,13.44,14.68,12.86,77181784
2022-05-11T00:58:21,13.44,14.68,12.86,77181784
2022-05-11T01:03:22,13.44,14.68,12.86,77181784
2022-05-11T01:08:23,13.44,14.68,12.86,77181784
2022-05-11T01:13:24,13.44,14.68,12.86,77181784
2022-05-11T01:18:25,13.44,14.68,12.86,77181784
2022-05-11T01:23:25,13.44,14.68,12.86,77181784
2022-05-11T01:28:26,13.44,14.68,12.86,77181784
2022-05-11T01:33:27,13.44,14.68,12.86,77181784
2022-05-11T01:38:28,13.44,14.68,12.86,77181784
