Date-Time,Price,High,Low,Volume
2022-02-27T00:00:07,809.87,819.50,782.4005,25355921
2022-02-27T00:05:08,809.87,819.50,782.4005,25355921
2022-02-27T00:10:09,809.87,819.50,782.4005,25355921
2022-02-27T00:15:10,809.87,819.50,782.4005,25355921
2022-02-27T00:20:10,809.87,819.50,782.4005,25355921
2022-02-27T00:25:11,809.87,819.50,782.4005,25355921
2022-02-27T00:30:12,809.87,819.50,782.4005,25355921
2022-02-27T00:35:13,809.87,819.50,782.4005,25355921
2022-02-27T00:40:14,809.87,819.50,782.4005,25355921
2022-02-27T00:45:15,809.87,819.50,782.4005,25355921
2022-02-27T00:50:16,809.87,819.50,782.4005,25355921
2022-02-27T00:55:17,809.87,819.50,782.4005,25355921
2022-02-27T01:00:17,809.87,819.50,782.4005,25355921
2022-02-27T01:05:18,809.87,819.50,782.4005,25355921
2022-02-27T01:10:19,809.87,819.50,782.4005,25355921
2022-02-27T01:15:20,809.87,819.50,782.4005,25355921
2022-02-27T01:20:21,809.87,819.50,782.4005,25355921
2022-02-27T01:25:22,809.87,819.50,782.4005,25355921
2022-02-27T01:30:22,809.87,819.50,782.4005,25355921
2022-02-27T01:35:23,809.87,819.50,782.4005,25355921
2022-02-27T01:40:24,809.87,819.50,782.4005,25355921
2022-02-27T01:45:25,809.87,819.50,782.4005,25355921
2022-02-27T01:50:26,809.87,819.50,782.4005,25355921
2022-02-27T01:55:26,809.87,819.50,782.4005,25355921
2022-02-27T02:00:27,809.87,819.50,782.4005,25355921
2022-02-27T02:05:28,809.87,819.50,782.4005,25355921
2022-02-27T02:10:29,809.87,819.50,782.4005,25355921
2022-02-27T02:15:30,809.87,819.50,782.4005,25355921
2022-02-27T02:20:31,809.87,819.50,782.4005,25355921
