Date-Time,Price,High,Low,Volume
2022-02-27T00:01:22,63.43,63.99,60.81,13455160
2022-02-27T00:06:23,63.43,63.99,60.81,13455160
2022-02-27T00:11:24,63.43,63.99,60.81,13455160
2022-02-27T00:16:25,63.43,63.99,60.81,13455160
2022-02-27T00:21:26,63.43,63.99,60.81,13455160
2022-02-27T00:26:26,63.43,63.99,60.81,13455160
2022-02-27T00:31:27,63.43,63.99,60.81,13455160
2022-02-27T00:36:28,63.43,63.99,60.81,13455160
2022-02-27T00:41:29,63.43,63.99,60.81,13455160
2022-02-27T00:46:30,63.43,63.99,60.81,13455160
2022-02-27T00:51:30,63.43,63.99,60.81,13455160
2022-02-27T00:56:31,63.43,63.99,60.81,13455160
2022-02-27T01:01:32,63.43,63.99,60.81,13455160
2022-02-27T01:06:33,63.43,63.99,60.81,13455160
2022-02-27T01:11:34,63.43,63.99,60.81,13455160
2022-02-27T01:16:35,63.43,63.99,60.81,13455160
2022-02-27T01:21:35,63.43,63.99,60.81,13455160
2022-02-27T01:26:36,63.43,63.99,60.81,13455160
2022-02-27T01:31:37,63.43,63.99,60.81,13455160
2022-02-27T01:36:38,63.43,63.99,60.81,13455160
2022-02-27T01:41:39,63.43,63.99,60.81,13455160
2022-02-27T01:46:39,63.43,63.99,60.81,13455160
2022-02-27T01:51:40,63.43,63.99,60.81,13455160
2022-02-27T01:56:41,63.43,63.99,60.81,13455160
2022-02-27T02:01:42,63.43,63.99,60.81,13455160
2022-02-27T02:06:43,63.43,63.99,60.81,13455160
2022-02-27T02:11:44,63.43,63.99,60.81,13455160
2022-02-27T02:16:45,63.43,63.99,60.81,13455160
2022-02-27T02:21:45,63.43,63.99,60.81,13455160
