Date-Time,Price,High,Low,Volume
2022-02-02T00:03:35,931.25,943.70,905.00,24379446
2022-02-02T00:08:36,931.25,943.70,905.00,24379446
2022-02-02T00:13:37,931.25,943.70,905.00,24379446
2022-02-02T00:18:38,931.25,943.70,905.00,24379446
2022-02-02T00:23:39,931.25,943.70,905.00,24379446
2022-02-02T00:28:40,931.25,943.70,905.00,24379446
2022-02-02T00:33:40,931.25,943.70,905.00,24379446
2022-02-02T00:38:42,931.25,943.70,905.00,24379446
2022-02-02T00:43:42,931.25,943.70,905.00,24379446
2022-02-02T00:48:43,931.25,943.70,905.00,24379446
2022-02-02T00:53:44,931.25,943.70,905.00,24379446
2022-02-02T00:58:45,931.25,943.70,905.00,24379446
2022-02-02T01:03:46,931.25,943.70,905.00,24379446
2022-02-02T01:08:47,931.25,943.70,905.00,24379446
2022-02-02T01:13:47,931.25,943.70,905.00,24379446
2022-02-02T01:18:48,931.25,943.70,905.00,24379446
2022-02-02T01:23:49,931.25,943.70,905.00,24379446
2022-02-02T01:28:50,931.25,943.70,905.00,24379446
2022-02-02T01:33:51,931.25,943.70,905.00,24379446
2022-02-02T01:38:52,931.25,943.70,905.00,24379446
2022-02-02T01:43:53,931.25,943.70,905.00,24379446
2022-02-02T01:48:53,931.25,943.70,905.00,24379446
