Date-Time,Price,High,Low,Volume
2022-02-02T00:01:33,319.00,319.6598,312.12,18023796
2022-02-02T00:06:34,319.00,319.6598,312.12,18023796
2022-02-02T00:11:35,319.00,319.6598,312.12,18023796
2022-02-02T00:16:35,319.00,319.6598,312.12,18023796
2022-02-02T00:21:36,319.00,319.6598,312.12,18023796
2022-02-02T00:26:37,319.00,319.6598,312.12,18023796
2022-02-02T00:31:38,319.00,319.6598,312.12,18023796
2022-02-02T00:36:39,319.00,319.6598,312.12,18023796
2022-02-02T00:41:40,319.00,319.6598,312.12,18023796
2022-02-02T00:46:41,319.00,319.6598,312.12,18023796
2022-02-02T00:51:41,319.00,319.6598,312.12,18023796
