Date-Time,Price,High,Low,Volume
2022-02-02T00:03:46,24.84,25.23,23.56,81994298
2022-02-02T00:08:47,24.84,25.23,23.56,81994298
2022-02-02T00:13:47,24.84,25.23,23.56,81994298
2022-02-02T00:18:48,24.84,25.23,23.56,81994298
2022-02-02T00:23:49,24.84,25.23,23.56,81994298
2022-02-02T00:28:50,24.84,25.23,23.56,81994298
2022-02-02T00:33:51,24.84,25.23,23.56,81994298
2022-02-02T00:38:52,24.84,25.23,23.56,81994298
2022-02-02T00:43:52,24.84,25.23,23.56,81994298
2022-02-02T00:48:53,24.84,25.23,23.56,81994298
2022-02-02T00:53:54,24.84,25.23,23.56,81994298
2022-02-02T00:58:55,24.84,25.23,23.56,81994298
2022-02-02T01:03:56,24.84,25.23,23.56,81994298
2022-02-02T01:08:57,24.84,25.23,23.56,81994298
2022-02-02T01:13:57,24.84,25.23,23.56,81994298
2022-02-02T01:18:58,24.84,25.23,23.56,81994298
2022-02-02T01:23:59,24.84,25.23,23.56,81994298
2022-02-02T01:29:00,24.84,25.23,23.56,81994298
2022-02-02T01:34:01,24.84,25.23,23.56,81994298
2022-02-02T01:39:01,24.84,25.23,23.56,81994298
2022-02-02T01:44:02,24.84,25.23,23.56,81994298
2022-02-02T01:49:03,24.84,25.23,23.56,81994298
