Date-Time,Price,High,Low,Volume
2022-02-26T00:01:47,210.48,211.32,203.18,37627551
2022-02-26T00:06:48,210.48,211.32,203.18,37627551
2022-02-26T00:11:48,210.48,211.32,203.18,37627551
2022-02-26T00:16:49,210.48,211.32,203.18,37627551
2022-02-26T00:21:50,210.48,211.32,203.18,37627551
2022-02-26T00:26:51,210.48,211.32,203.18,37627551
2022-02-26T00:31:52,210.48,211.32,203.18,37627551
2022-02-26T00:36:53,210.48,211.32,203.18,37627551
2022-02-26T00:41:53,210.48,211.32,203.18,37627551
2022-02-26T00:46:54,210.48,211.32,203.18,37627551
2022-02-26T00:51:55,210.48,211.32,203.18,37627551
2022-02-26T00:56:56,210.48,211.32,203.18,37627551
2022-02-26T01:01:57,210.48,211.32,203.18,37627551
2022-02-26T01:06:58,210.48,211.32,203.18,37627551
2022-02-26T01:11:58,210.48,211.32,203.18,37627551
2022-02-26T01:16:59,210.48,211.32,203.18,37627551
2022-02-26T01:22:02,210.48,211.32,203.18,37627551
2022-02-26T01:27:03,210.48,211.32,203.18,37627551
2022-02-26T01:32:04,210.48,211.32,203.18,37627551
2022-02-26T01:37:05,210.48,211.32,203.18,37627551
2022-02-26T01:42:05,210.48,211.32,203.18,37627551
2022-02-26T01:47:06,210.48,211.32,203.18,37627551
2022-02-26T01:52:07,210.48,211.32,203.18,37627551
2022-02-26T01:57:08,210.48,211.32,203.18,37627551
2022-02-26T02:02:09,210.48,211.32,203.18,37627551
2022-02-26T02:07:09,210.48,211.32,203.18,37627551
2022-02-26T02:12:10,210.48,211.32,203.18,37627551
2022-02-26T02:17:11,210.48,211.32,203.18,37627551
2022-02-26T02:22:12,210.48,211.32,203.18,37627551
