Date-Time,Price,High,Low,Volume
2022-02-26T00:01:34,6.68,6.7056,6.45,669685
2022-02-26T00:06:35,6.68,6.7056,6.45,669685
2022-02-26T00:11:36,6.68,6.7056,6.45,669685
2022-02-26T00:16:37,6.68,6.7056,6.45,669685
2022-02-26T00:21:37,6.68,6.7056,6.45,669685
2022-02-26T00:26:38,6.68,6.7056,6.45,669685
2022-02-26T00:31:39,6.68,6.7056,6.45,669685
2022-02-26T00:36:40,6.68,6.7056,6.45,669685
2022-02-26T00:41:41,6.68,6.7056,6.45,669685
2022-02-26T00:46:42,6.68,6.7056,6.45,669685
2022-02-26T00:51:43,6.68,6.7056,6.45,669685
2022-02-26T00:56:44,6.68,6.7056,6.45,669685
2022-02-26T01:01:45,6.68,6.7056,6.45,669685
2022-02-26T01:06:46,6.68,6.7056,6.45,669685
2022-02-26T01:11:47,6.68,6.7056,6.45,669685
2022-02-26T01:16:47,6.68,6.7056,6.45,669685
2022-02-26T01:21:48,6.68,6.7056,6.45,669685
