Date-Time,Price,High,Low,Volume
2022-02-26T00:00:55,809.87,819.50,782.4005,25355921
2022-02-26T00:05:55,809.87,819.50,782.4005,25355921
2022-02-26T00:10:56,809.87,819.50,782.4005,25355921
2022-02-26T00:15:58,809.87,819.50,782.4005,25355921
2022-02-26T00:20:58,809.87,819.50,782.4005,25355921
2022-02-26T00:25:59,809.87,819.50,782.4005,25355921
2022-02-26T00:31:00,809.87,819.50,782.4005,25355921
2022-02-26T00:36:01,809.87,819.50,782.4005,25355921
2022-02-26T00:41:02,809.87,819.50,782.4005,25355921
2022-02-26T00:46:02,809.87,819.50,782.4005,25355921
2022-02-26T00:51:03,809.87,819.50,782.4005,25355921
2022-02-26T00:56:05,809.87,819.50,782.4005,25355921
2022-02-26T01:01:05,809.87,819.50,782.4005,25355921
2022-02-26T01:06:06,809.87,819.50,782.4005,25355921
2022-02-26T01:11:07,809.87,819.50,782.4005,25355921
2022-02-26T01:16:08,809.87,819.50,782.4005,25355921
2022-02-26T01:21:09,809.87,819.50,782.4005,25355921
