Date-Time,Price,High,Low,Volume
2022-02-26T00:02:04,63.43,63.99,60.81,13455160
2022-02-26T00:07:05,63.43,63.99,60.81,13455160
2022-02-26T00:12:06,63.43,63.99,60.81,13455160
2022-02-26T00:17:06,63.43,63.99,60.81,13455160
2022-02-26T00:22:07,63.43,63.99,60.81,13455160
2022-02-26T00:27:08,63.43,63.99,60.81,13455160
2022-02-26T00:32:09,63.43,63.99,60.81,13455160
2022-02-26T00:37:10,63.43,63.99,60.81,13455160
2022-02-26T00:42:10,63.43,63.99,60.81,13455160
2022-02-26T00:47:11,63.43,63.99,60.81,13455160
2022-02-26T00:52:12,63.43,63.99,60.81,13455160
2022-02-26T00:57:13,63.43,63.99,60.81,13455160
2022-02-26T01:02:14,63.43,63.99,60.81,13455160
2022-02-26T01:07:15,63.43,63.99,60.81,13455160
2022-02-26T01:12:16,63.43,63.99,60.81,13455160
2022-02-26T01:17:16,63.43,63.99,60.81,13455160
2022-02-26T01:22:17,63.43,63.99,60.81,13455160
2022-02-26T01:27:18,63.43,63.99,60.81,13455160
2022-02-26T01:32:19,63.43,63.99,60.81,13455160
2022-02-26T01:37:20,63.43,63.99,60.81,13455160
2022-02-26T01:42:21,63.43,63.99,60.81,13455160
2022-02-26T01:47:22,63.43,63.99,60.81,13455160
2022-02-26T01:52:23,63.43,63.99,60.81,13455160
2022-02-26T01:57:24,63.43,63.99,60.81,13455160
2022-02-26T02:02:25,63.43,63.99,60.81,13455160
2022-02-26T02:07:25,63.43,63.99,60.81,13455160
2022-02-26T02:12:26,63.43,63.99,60.81,13455160
2022-02-26T02:17:27,63.43,63.99,60.81,13455160
2022-02-26T02:22:28,63.43,63.99,60.81,13455160
