Date-Time,Price,High,Low,Volume
2022-03-03T00:02:48,208.11,209.15,202.02,29452147
2022-03-03T00:07:49,208.11,209.15,202.02,29452147
2022-03-03T00:12:50,208.11,209.15,202.02,29452147
2022-03-03T00:17:51,208.11,209.15,202.02,29452147
2022-03-03T00:22:51,208.11,209.15,202.02,29452147
2022-03-03T00:27:52,208.11,209.15,202.02,29452147
2022-03-03T00:32:53,208.11,209.15,202.02,29452147
2022-03-03T00:37:54,208.11,209.15,202.02,29452147
2022-03-03T00:42:55,208.11,209.15,202.02,29452147
2022-03-03T00:47:56,208.11,209.15,202.02,29452147
2022-03-03T00:52:57,208.11,209.15,202.02,29452147
2022-03-03T00:57:58,208.11,209.15,202.02,29452147
2022-03-03T01:02:59,208.11,209.15,202.02,29452147
2022-03-03T01:08:00,208.11,209.15,202.02,29452147
2022-03-03T01:13:00,208.11,209.15,202.02,29452147
2022-03-03T01:18:01,208.11,209.15,202.02,29452147
2022-03-03T01:23:02,208.11,209.15,202.02,29452147
2022-03-03T01:28:03,208.11,209.15,202.02,29452147
