Date-Time,Price,High,Low,Volume
2022-03-03T00:03:55,53.56,59.14,53.30,36559845
2022-03-03T00:08:56,53.56,59.14,53.30,36559845
2022-03-03T00:13:57,53.56,59.14,53.30,36559845
2022-03-03T00:18:58,53.56,59.14,53.30,36559845
2022-03-03T00:23:59,53.56,59.14,53.30,36559845
2022-03-03T00:29:00,53.56,59.14,53.30,36559845
2022-03-03T00:34:01,53.56,59.14,53.30,36559845
2022-03-03T00:39:02,53.56,59.14,53.30,36559845
2022-03-03T00:44:03,53.56,59.14,53.30,36559845
2022-03-03T00:49:04,53.56,59.14,53.30,36559845
2022-03-03T00:54:04,53.56,59.14,53.30,36559845
2022-03-03T00:59:06,53.56,59.14,53.30,36559845
2022-03-03T01:04:06,53.56,59.14,53.30,36559845
2022-03-03T01:09:07,53.56,59.14,53.30,36559845
2022-03-03T01:14:08,53.56,59.14,53.30,36559845
2022-03-03T01:19:09,53.56,59.14,53.30,36559845
2022-03-03T01:24:10,53.56,59.14,53.30,36559845
2022-03-03T01:29:11,53.56,59.14,53.30,36559845
2022-03-03T01:34:12,53.56,59.14,53.30,36559845
2022-03-03T01:39:13,53.56,59.14,53.30,36559845
2022-03-03T01:44:14,53.56,59.14,53.30,36559845
2022-03-03T01:49:14,53.56,59.14,53.30,36559845
2022-03-03T01:54:15,53.56,59.14,53.30,36559845
2022-03-03T01:59:16,53.56,59.14,53.30,36559845
2022-03-03T02:04:17,53.56,59.14,53.30,36559845
2022-03-03T02:09:18,53.56,59.14,53.30,36559845
2022-03-03T02:14:19,53.56,59.14,53.30,36559845
2022-03-03T02:19:20,53.56,59.14,53.30,36559845
2022-03-03T02:24:21,53.56,59.14,53.30,36559845
