Date-Time,Price,High,Low,Volume
2022-03-03T00:02:21,879.89,886.48,844.2721,24881146
2022-03-03T00:07:22,879.89,886.48,844.2721,24881146
2022-03-03T00:12:23,879.89,886.48,844.2721,24881146
2022-03-03T00:17:24,879.89,886.48,844.2721,24881146
2022-03-03T00:22:25,879.89,886.48,844.2721,24881146
2022-03-03T00:27:26,879.89,886.48,844.2721,24881146
2022-03-03T00:32:27,879.89,886.48,844.2721,24881146
2022-03-03T00:37:27,879.89,886.48,844.2721,24881146
2022-03-03T00:42:28,879.89,886.48,844.2721,24881146
2022-03-03T00:47:29,879.89,886.48,844.2721,24881146
2022-03-03T00:52:30,879.89,886.48,844.2721,24881146
2022-03-03T00:57:31,879.89,886.48,844.2721,24881146
2022-03-03T01:02:32,879.89,886.48,844.2721,24881146
2022-03-03T01:07:33,879.89,886.48,844.2721,24881146
2022-03-03T01:12:33,879.89,886.48,844.2721,24881146
2022-03-03T01:17:34,879.89,886.48,844.2721,24881146
2022-03-03T01:22:35,879.89,886.48,844.2721,24881146
2022-03-03T01:27:36,879.89,886.48,844.2721,24881146
