Date-Time,Price,High,Low,Volume
2021-12-23T00:01:20,6.35,6.43,6.20,851631
2021-12-23T00:06:21,6.35,6.43,6.20,851631
2021-12-23T00:11:22,6.35,6.43,6.20,851631
2021-12-23T00:16:25,6.35,6.43,6.20,851631
2021-12-23T00:21:25,6.35,6.43,6.20,851631
2021-12-23T00:26:26,6.35,6.43,6.20,851631
2021-12-23T00:31:27,6.35,6.43,6.20,851631
2021-12-23T00:36:28,6.35,6.43,6.20,851631
2021-12-23T00:41:29,6.35,6.43,6.20,851631
2021-12-23T00:46:30,6.35,6.43,6.20,851631
2021-12-23T00:51:30,6.35,6.43,6.20,851631
2021-12-23T00:56:31,6.35,6.43,6.20,851631
2021-12-23T01:01:32,6.35,6.43,6.20,851631
