Date-Time,Price,High,Low,Volume
2021-12-23T00:00:50,1008.87,1015.6599,957.05,31211362
2021-12-23T00:05:51,1008.87,1015.6599,957.05,31211362
2021-12-23T00:10:52,1008.87,1015.6599,957.05,31211362
2021-12-23T00:15:52,1008.87,1015.6599,957.05,31211362
2021-12-23T00:20:53,1008.87,1015.6599,957.05,31211362
2021-12-23T00:25:54,1008.87,1015.6599,957.05,31211362
2021-12-23T00:30:55,1008.87,1015.6599,957.05,31211362
2021-12-23T00:35:56,1008.87,1015.6599,957.05,31211362
2021-12-23T00:40:57,1008.87,1015.6599,957.05,31211362
2021-12-23T00:45:58,1008.87,1015.6599,957.05,31211362
2021-12-23T00:50:58,1008.87,1015.6599,957.05,31211362
2021-12-23T00:55:59,1008.87,1015.6599,957.05,31211362
2021-12-23T01:01:00,1008.87,1015.6599,957.05,31211362
