Date-Time,Price,High,Low,Volume
2021-12-23T00:00:43,29.85,30.38,29.33,38368899
2021-12-23T00:05:43,29.85,30.38,29.33,38368899
2021-12-23T00:10:44,29.85,30.38,29.33,38368899
2021-12-23T00:15:45,29.85,30.38,29.33,38368899
2021-12-23T00:20:49,29.85,30.38,29.33,38368899
2021-12-23T00:25:50,29.85,30.38,29.33,38368899
2021-12-23T00:30:51,29.85,30.38,29.33,38368899
2021-12-23T00:35:52,29.85,30.38,29.33,38368899
2021-12-23T00:40:52,29.85,30.38,29.33,38368899
2021-12-23T00:45:53,29.85,30.38,29.33,38368899
2021-12-23T00:50:54,29.85,30.38,29.33,38368899
2021-12-23T00:55:55,29.85,30.38,29.33,38368899
2021-12-23T01:00:56,29.85,30.38,29.33,38368899
