Date-Time,Price,High,Low,Volume
2021-12-23T00:00:51,330.45,334.51,328.26,16764566
2021-12-23T00:05:52,330.45,334.51,328.26,16764566
2021-12-23T00:10:53,330.45,334.51,328.26,16764566
2021-12-23T00:15:54,330.45,334.51,328.26,16764566
2021-12-23T00:20:55,330.45,334.51,328.26,16764566
2021-12-23T00:25:56,330.45,334.51,328.26,16764566
2021-12-23T00:30:56,330.45,334.51,328.26,16764566
2021-12-23T00:35:57,330.45,334.51,328.26,16764566
2021-12-23T00:40:58,330.45,334.51,328.26,16764566
2021-12-23T00:45:59,330.45,334.51,328.26,16764566
2021-12-23T00:51:00,330.45,334.51,328.26,16764566
2021-12-23T00:56:00,330.45,334.51,328.26,16764566
2021-12-23T01:01:01,330.45,334.51,328.26,16764566
