Date-Time,Price,High,Low,Volume
2021-12-23T00:01:49,96.34,98.8999,93.3918,8644060
2021-12-23T00:06:49,96.34,98.8999,93.3918,8644060
2021-12-23T00:11:50,96.34,98.8999,93.3918,8644060
2021-12-23T00:16:51,96.34,98.8999,93.3918,8644060
2021-12-23T00:21:52,96.34,98.8999,93.3918,8644060
2021-12-23T00:26:53,96.34,98.8999,93.3918,8644060
2021-12-23T00:31:54,96.34,98.8999,93.3918,8644060
2021-12-23T00:36:54,96.34,98.8999,93.3918,8644060
2021-12-23T00:41:55,96.34,98.8999,93.3918,8644060
2021-12-23T00:46:56,96.34,98.8999,93.3918,8644060
2021-12-23T00:51:57,96.34,98.8999,93.3918,8644060
2021-12-23T00:56:57,96.34,98.8999,93.3918,8644060
2021-12-23T01:01:58,96.34,98.8999,93.3918,8644060
2021-12-23T01:06:59,96.34,98.8999,93.3918,8644060
2021-12-23T01:12:00,96.34,98.8999,93.3918,8644060
2021-12-23T01:17:01,96.34,98.8999,93.3918,8644060
2021-12-23T01:22:02,96.34,98.8999,93.3918,8644060
2021-12-23T01:27:02,96.34,98.8999,93.3918,8644060
2021-12-23T01:32:03,96.34,98.8999,93.3918,8644060
2021-12-23T01:37:04,96.34,98.8999,93.3918,8644060
2021-12-23T01:42:05,96.34,98.8999,93.3918,8644060
2021-12-23T01:47:05,96.34,98.8999,93.3918,8644060
2021-12-23T01:52:06,96.34,98.8999,93.3918,8644060
2021-12-23T01:57:07,96.34,98.8999,93.3918,8644060
2021-12-23T02:02:08,96.34,98.8999,93.3918,8644060
