Date-Time,Price,High,Low,Volume
2022-02-20T00:04:19,206.16,210.75,205.18,37128438
2022-02-20T00:09:20,206.16,210.75,205.18,37128438
2022-02-20T00:14:21,206.16,210.75,205.18,37128438
2022-02-20T00:19:21,206.16,210.75,205.18,37128438
2022-02-20T00:24:22,206.16,210.75,205.18,37128438
2022-02-20T00:29:23,206.16,210.75,205.18,37128438
2022-02-20T00:34:24,206.16,210.75,205.18,37128438
2022-02-20T00:39:25,206.16,210.75,205.18,37128438
2022-02-20T00:44:26,206.16,210.75,205.18,37128438
2022-02-20T00:49:27,206.16,210.75,205.18,37128438
2022-02-20T00:54:28,206.16,210.75,205.18,37128438
2022-02-20T00:59:29,206.16,210.75,205.18,37128438
2022-02-20T01:04:30,206.16,210.75,205.18,37128438
2022-02-20T01:09:30,206.16,210.75,205.18,37128438
2022-02-20T01:14:31,206.16,210.75,205.18,37128438
