Date-Time,Price,High,Low,Volume
2022-02-20T00:04:46,856.98,886.87,837.61,22833947
2022-02-20T00:09:47,856.98,886.87,837.61,22833947
2022-02-20T00:14:48,856.98,886.87,837.61,22833947
2022-02-20T00:19:49,856.98,886.87,837.61,22833947
2022-02-20T00:24:50,856.98,886.87,837.61,22833947
2022-02-20T00:29:50,856.98,886.87,837.61,22833947
2022-02-20T00:34:51,856.98,886.87,837.61,22833947
2022-02-20T00:39:52,856.98,886.87,837.61,22833947
2022-02-20T00:44:53,856.98,886.87,837.61,22833947
2022-02-20T00:49:54,856.98,886.87,837.61,22833947
2022-02-20T00:54:54,856.98,886.87,837.61,22833947
2022-02-20T00:59:55,856.98,886.87,837.61,22833947
2022-02-20T01:04:56,856.98,886.87,837.61,22833947
2022-02-20T01:09:57,856.98,886.87,837.61,22833947
2022-02-20T01:14:58,856.98,886.87,837.61,22833947
