Date-Time,Price,High,Low,Volume
2022-02-20T00:04:46,66.37,66.8999,63.0101,14965890
2022-02-20T00:09:47,66.37,66.8999,63.0101,14965890
2022-02-20T00:14:48,66.37,66.8999,63.0101,14965890
2022-02-20T00:19:49,66.37,66.8999,63.0101,14965890
2022-02-20T00:24:50,66.37,66.8999,63.0101,14965890
2022-02-20T00:29:50,66.37,66.8999,63.0101,14965890
2022-02-20T00:34:51,66.37,66.8999,63.0101,14965890
2022-02-20T00:39:52,66.37,66.8999,63.0101,14965890
2022-02-20T00:44:53,66.37,66.8999,63.0101,14965890
2022-02-20T00:49:54,66.37,66.8999,63.0101,14965890
2022-02-20T00:54:54,66.37,66.8999,63.0101,14965890
2022-02-20T00:59:55,66.37,66.8999,63.0101,14965890
2022-02-20T01:04:56,66.37,66.8999,63.0101,14965890
2022-02-20T01:09:57,66.37,66.8999,63.0101,14965890
2022-02-20T01:14:58,66.37,66.8999,63.0101,14965890
