Date-Time,Price,High,Low,Volume
2022-02-20T00:03:31,6.68,6.88,6.58,699634
2022-02-20T00:08:32,6.68,6.88,6.58,699634
2022-02-20T00:13:33,6.68,6.88,6.58,699634
2022-02-20T00:18:34,6.68,6.88,6.58,699634
2022-02-20T00:23:35,6.68,6.88,6.58,699634
2022-02-20T00:28:36,6.68,6.88,6.58,699634
2022-02-20T00:33:37,6.68,6.88,6.58,699634
2022-02-20T00:38:37,6.68,6.88,6.58,699634
2022-02-20T00:43:38,6.68,6.88,6.58,699634
2022-02-20T00:48:39,6.68,6.88,6.58,699634
2022-02-20T00:53:40,6.68,6.88,6.58,699634
2022-02-20T00:58:41,6.68,6.88,6.58,699634
2022-02-20T01:03:42,6.68,6.88,6.58,699634
2022-02-20T01:08:43,6.68,6.88,6.58,699634
2022-02-20T01:13:44,6.68,6.88,6.58,699634
2022-02-20T01:18:44,6.68,6.88,6.58,699634
2022-02-20T01:23:45,6.68,6.88,6.58,699634
2022-02-20T01:28:46,6.68,6.88,6.58,699634
2022-02-20T01:33:47,6.68,6.88,6.58,699634
2022-02-20T01:38:48,6.68,6.88,6.58,699634
2022-02-20T01:43:49,6.68,6.88,6.58,699634
2022-02-20T01:48:49,6.68,6.88,6.58,699634
2022-02-20T01:53:50,6.68,6.88,6.58,699634
2022-02-20T01:58:51,6.68,6.88,6.58,699634
2022-02-20T02:03:52,6.68,6.88,6.58,699634
2022-02-20T02:08:53,6.68,6.88,6.58,699634
2022-02-20T02:13:54,6.68,6.88,6.58,699634
