Date-Time,Price,High,Low,Volume
2022-03-22T00:02:40,211.49,214.71,207.63,30142338
2022-03-22T00:07:41,211.49,214.71,207.63,30142338
2022-03-22T00:12:42,211.49,214.71,207.63,30142338
2022-03-22T00:17:43,211.49,214.71,207.63,30142338
2022-03-22T00:22:44,211.49,214.71,207.63,30142338
2022-03-22T00:27:45,211.49,214.71,207.63,30142338
2022-03-22T00:32:45,211.49,214.71,207.63,30142338
2022-03-22T00:37:46,211.49,214.71,207.63,30142338
2022-03-22T00:42:47,211.49,214.71,207.63,30142338
2022-03-22T00:47:48,211.49,214.71,207.63,30142338
2022-03-22T00:52:49,211.49,214.71,207.63,30142338
