Date-Time,Price,High,Low,Volume
2022-03-22T00:02:40,43.56,46.55,42.31,13226957
2022-03-22T00:07:41,43.56,46.55,42.31,13226957
2022-03-22T00:12:42,43.56,46.55,42.31,13226957
2022-03-22T00:17:43,43.56,46.55,42.31,13226957
2022-03-22T00:22:44,43.56,46.55,42.31,13226957
2022-03-22T00:27:45,43.56,46.55,42.31,13226957
2022-03-22T00:32:45,43.56,46.55,42.31,13226957
2022-03-22T00:37:46,43.56,46.55,42.31,13226957
2022-03-22T00:42:47,43.56,46.55,42.31,13226957
2022-03-22T00:47:48,43.56,46.55,42.31,13226957
2022-03-22T00:52:49,43.56,46.55,42.31,13226957
2022-03-22T00:57:49,43.56,46.55,42.31,13226957
2022-03-22T01:02:50,43.56,46.55,42.31,13226957
2022-03-22T01:07:51,43.56,46.55,42.31,13226957
2022-03-22T01:12:52,43.56,46.55,42.31,13226957
2022-03-22T01:17:53,43.56,46.55,42.31,13226957
2022-03-22T01:22:54,43.56,46.55,42.31,13226957
2022-03-22T01:27:54,43.56,46.55,42.31,13226957
2022-03-22T01:32:55,43.56,46.55,42.31,13226957
2022-03-22T01:37:56,43.56,46.55,42.31,13226957
2022-03-22T01:42:57,43.56,46.55,42.31,13226957
2022-03-22T01:47:58,43.56,46.55,42.31,13226957
2022-03-22T01:52:59,43.56,46.55,42.31,13226957
2022-03-22T01:58:00,43.56,46.55,42.31,13226957
2022-03-22T02:03:00,43.56,46.55,42.31,13226957
2022-03-22T02:08:01,43.56,46.55,42.31,13226957
2022-03-22T02:13:02,43.56,46.55,42.31,13226957
2022-03-22T02:18:03,43.56,46.55,42.31,13226957
2022-03-22T02:23:04,43.56,46.55,42.31,13226957
2022-03-22T02:28:05,43.56,46.55,42.31,13226957
2022-03-22T02:33:05,43.56,46.55,42.31,13226957
2022-03-22T02:38:06,43.56,46.55,42.31,13226957
2022-03-22T02:43:07,43.56,46.55,42.31,13226957
2022-03-22T02:48:08,43.56,46.55,42.31,13226957
2022-03-22T02:53:09,43.56,46.55,42.31,13226957
2022-03-22T02:58:10,43.56,46.55,42.31,13226957
2022-03-22T03:03:11,43.56,46.55,42.31,13226957
2022-03-22T03:08:12,43.56,46.55,42.31,13226957
2022-03-22T03:13:13,43.56,46.55,42.31,13226957
2022-03-22T03:18:13,43.56,46.55,42.31,13226957
2022-03-22T03:23:14,43.56,46.55,42.31,13226957
2022-03-22T03:28:15,43.56,46.55,42.31,13226957
2022-03-22T03:33:16,43.56,46.55,42.31,13226957
2022-03-22T03:38:17,43.56,46.55,42.31,13226957
2022-03-22T03:43:18,43.56,46.55,42.31,13226957
2022-03-22T03:48:19,43.56,46.55,42.31,13226957
2022-03-22T03:53:19,43.56,46.55,42.31,13226957
2022-03-22T03:58:20,43.56,46.55,42.31,13226957
2022-03-22T04:03:21,43.56,46.55,42.31,13226957
2022-03-22T04:08:22,43.56,46.55,42.31,13226957
2022-03-22T04:13:23,43.56,46.55,42.31,13226957
2022-03-22T04:18:24,43.56,46.55,42.31,13226957
2022-03-22T04:23:25,43.56,46.55,42.31,13226957
2022-03-22T04:28:25,43.56,46.55,42.31,13226957
2022-03-22T04:33:26,43.56,46.55,42.31,13226957
2022-03-22T04:38:27,43.56,46.55,42.31,13226957
2022-03-22T04:43:28,43.56,46.55,42.31,13226957
2022-03-22T04:48:29,43.56,46.55,42.31,13226957
2022-03-22T04:53:30,43.56,46.55,42.31,13226957
