Date-Time,Price,High,Low,Volume
2022-03-22T00:02:45,921.16,942.85,907.09,27327216
2022-03-22T00:07:46,921.16,942.85,907.09,27327216
2022-03-22T00:12:46,921.16,942.85,907.09,27327216
2022-03-22T00:17:47,921.16,942.85,907.09,27327216
2022-03-22T00:22:48,921.16,942.85,907.09,27327216
2022-03-22T00:27:49,921.16,942.85,907.09,27327216
2022-03-22T00:32:50,921.16,942.85,907.09,27327216
2022-03-22T00:37:51,921.16,942.85,907.09,27327216
2022-03-22T00:42:51,921.16,942.85,907.09,27327216
2022-03-22T00:47:52,921.16,942.85,907.09,27327216
2022-03-22T00:52:53,921.16,942.85,907.09,27327216
2022-03-22T00:57:54,921.16,942.85,907.09,27327216
2022-03-22T01:02:55,921.16,942.85,907.09,27327216
2022-03-22T01:07:55,921.16,942.85,907.09,27327216
2022-03-22T01:12:56,921.16,942.85,907.09,27327216
2022-03-22T01:17:57,921.16,942.85,907.09,27327216
2022-03-22T01:22:58,921.16,942.85,907.09,27327216
2022-03-22T01:27:59,921.16,942.85,907.09,27327216
2022-03-22T01:33:00,921.16,942.85,907.09,27327216
2022-03-22T01:38:01,921.16,942.85,907.09,27327216
2022-03-22T01:43:02,921.16,942.85,907.09,27327216
2022-03-22T01:48:02,921.16,942.85,907.09,27327216
2022-03-22T01:53:03,921.16,942.85,907.09,27327216
2022-03-22T01:58:04,921.16,942.85,907.09,27327216
2022-03-22T02:03:05,921.16,942.85,907.09,27327216
2022-03-22T02:08:06,921.16,942.85,907.09,27327216
2022-03-22T02:13:06,921.16,942.85,907.09,27327216
2022-03-22T02:18:07,921.16,942.85,907.09,27327216
2022-03-22T02:23:08,921.16,942.85,907.09,27327216
2022-03-22T02:28:09,921.16,942.85,907.09,27327216
2022-03-22T02:33:10,921.16,942.85,907.09,27327216
2022-03-22T02:38:11,921.16,942.85,907.09,27327216
2022-03-22T02:43:11,921.16,942.85,907.09,27327216
2022-03-22T02:48:12,921.16,942.85,907.09,27327216
2022-03-22T02:53:13,921.16,942.85,907.09,27327216
2022-03-22T02:58:14,921.16,942.85,907.09,27327216
2022-03-22T03:03:15,921.16,942.85,907.09,27327216
2022-03-22T03:08:15,921.16,942.85,907.09,27327216
2022-03-22T03:13:16,921.16,942.85,907.09,27327216
2022-03-22T03:18:17,921.16,942.85,907.09,27327216
2022-03-22T03:23:18,921.16,942.85,907.09,27327216
2022-03-22T03:28:19,921.16,942.85,907.09,27327216
2022-03-22T03:33:19,921.16,942.85,907.09,27327216
2022-03-22T03:38:20,921.16,942.85,907.09,27327216
2022-03-22T03:43:21,921.16,942.85,907.09,27327216
2022-03-22T03:48:22,921.16,942.85,907.09,27327216
2022-03-22T03:53:23,921.16,942.85,907.09,27327216
2022-03-22T03:58:24,921.16,942.85,907.09,27327216
2022-03-22T04:03:25,921.16,942.85,907.09,27327216
2022-03-22T04:08:26,921.16,942.85,907.09,27327216
2022-03-22T04:13:27,921.16,942.85,907.09,27327216
2022-03-22T04:18:27,921.16,942.85,907.09,27327216
2022-03-22T04:23:28,921.16,942.85,907.09,27327216
2022-03-22T04:28:29,921.16,942.85,907.09,27327216
2022-03-22T04:33:30,921.16,942.85,907.09,27327216
2022-03-22T04:38:31,921.16,942.85,907.09,27327216
2022-03-22T04:43:31,921.16,942.85,907.09,27327216
2022-03-22T04:48:32,921.16,942.85,907.09,27327216
2022-03-22T04:53:33,921.16,942.85,907.09,27327216
2022-03-22T04:58:34,921.16,942.85,907.09,27327216
2022-03-22T05:03:34,921.16,942.85,907.09,27327216
2022-03-22T05:08:35,921.16,942.85,907.09,27327216
2022-03-22T05:13:36,921.16,942.85,907.09,27327216
2022-03-22T05:18:37,921.16,942.85,907.09,27327216
2022-03-22T05:23:38,921.16,942.85,907.09,27327216
2022-03-22T05:28:39,921.16,942.85,907.09,27327216
2022-03-22T05:33:39,921.16,942.85,907.09,27327216
2022-03-22T05:38:40,921.16,942.85,907.09,27327216
2022-03-22T05:43:41,921.16,942.85,907.09,27327216
2022-03-22T05:48:42,921.16,942.85,907.09,27327216
2022-03-22T05:53:43,921.16,942.85,907.09,27327216
2022-03-22T05:58:44,921.16,942.85,907.09,27327216
2022-03-22T06:03:45,921.16,942.85,907.09,27327216
2022-03-22T06:08:45,921.16,942.85,907.09,27327216
2022-03-22T06:13:46,921.16,942.85,907.09,27327216
2022-03-22T06:18:47,921.16,942.85,907.09,27327216
2022-03-22T06:23:48,921.16,942.85,907.09,27327216
2022-03-22T06:28:48,921.16,942.85,907.09,27327216
2022-03-22T06:33:49,921.16,942.85,907.09,27327216
2022-03-22T06:38:50,921.16,942.85,907.09,27327216
2022-03-22T06:43:51,921.16,942.85,907.09,27327216
2022-03-22T06:48:52,932.95,933.7399,924.50,1457687
2022-03-22T06:53:53,935.00,936.77,924.50,2264864
2022-03-22T06:58:53,930.11,936.77,924.50,2864210
2022-03-22T07:03:54,928.115,936.77,921.75,3403521
2022-03-22T07:08:55,926.13,936.77,921.75,3781590
2022-03-22T07:13:58,927.04,936.77,921.75,4257929
2022-03-22T07:18:59,934.6947,936.77,921.75,4945539
2022-03-22T07:24:00,933.2899,936.77,921.75,5279863
2022-03-22T07:29:01,938.594,939.90,921.75,5857368
2022-03-22T07:34:02,937.46,939.90,921.75,6310376
2022-03-22T07:39:02,936.95,940.78,921.75,6742216
2022-03-22T07:44:03,939.50,940.78,921.75,7012531
2022-03-22T07:49:04,940.0022,942.24,921.75,7442834
2022-03-22T07:54:05,936.61,942.24,921.75,7777806
