Date-Time,Price,High,Low,Volume
2022-03-22T00:02:45,6.89,7.42,6.88,1293071
2022-03-22T00:07:45,6.89,7.42,6.88,1293071
2022-03-22T00:12:46,6.89,7.42,6.88,1293071
2022-03-22T00:17:47,6.89,7.42,6.88,1293071
2022-03-22T00:22:48,6.89,7.42,6.88,1293071
2022-03-22T00:27:49,6.89,7.42,6.88,1293071
2022-03-22T00:32:50,6.89,7.42,6.88,1293071
2022-03-22T00:37:51,6.89,7.42,6.88,1293071
2022-03-22T00:42:51,6.89,7.42,6.88,1293071
2022-03-22T00:47:52,6.89,7.42,6.88,1293071
2022-03-22T00:52:53,6.89,7.42,6.88,1293071
2022-03-22T00:57:54,6.89,7.42,6.88,1293071
2022-03-22T01:02:55,6.89,7.42,6.88,1293071
2022-03-22T01:07:56,6.89,7.42,6.88,1293071
2022-03-22T01:12:56,6.89,7.42,6.88,1293071
2022-03-22T01:17:57,6.89,7.42,6.88,1293071
2022-03-22T01:22:58,6.89,7.42,6.88,1293071
2022-03-22T01:27:59,6.89,7.42,6.88,1293071
2022-03-22T01:33:00,6.89,7.42,6.88,1293071
2022-03-22T01:38:00,6.89,7.42,6.88,1293071
2022-03-22T01:43:01,6.89,7.42,6.88,1293071
2022-03-22T01:48:02,6.89,7.42,6.88,1293071
2022-03-22T01:53:03,6.89,7.42,6.88,1293071
