Date-Time,Price,High,Low,Volume
2022-01-10T00:01:44,1026.96,1080.9299,1010.00,28054916
2022-01-10T00:06:45,1026.96,1080.9299,1010.00,28054916
2022-01-10T00:11:46,1026.96,1080.9299,1010.00,28054916
2022-01-10T00:16:46,1026.96,1080.9299,1010.00,28054916
2022-01-10T00:21:47,1026.96,1080.9299,1010.00,28054916
2022-01-10T00:26:48,1026.96,1080.9299,1010.00,28054916
2022-01-10T00:31:49,1026.96,1080.9299,1010.00,28054916
2022-01-10T00:36:50,1026.96,1080.9299,1010.00,28054916
2022-01-10T00:41:50,1026.96,1080.9299,1010.00,28054916
2022-01-10T00:46:51,1026.96,1080.9299,1010.00,28054916
2022-01-10T00:51:52,1026.96,1080.9299,1010.00,28054916
2022-01-10T00:56:53,1026.96,1080.9299,1010.00,28054916
2022-01-10T01:01:54,1026.96,1080.9299,1010.00,28054916
2022-01-10T01:06:55,1026.96,1080.9299,1010.00,28054916
2022-01-10T01:11:56,1026.96,1080.9299,1010.00,28054916
2022-01-10T01:16:57,1026.96,1080.9299,1010.00,28054916
2022-01-10T01:21:58,1026.96,1080.9299,1010.00,28054916
2022-01-10T01:26:58,1026.96,1080.9299,1010.00,28054916
2022-01-10T01:31:59,1026.96,1080.9299,1010.00,28054916
2022-01-10T01:37:00,1026.96,1080.9299,1010.00,28054916
2022-01-10T01:42:01,1026.96,1080.9299,1010.00,28054916
2022-01-10T01:47:02,1026.96,1080.9299,1010.00,28054916
2022-01-10T01:52:03,1026.96,1080.9299,1010.00,28054916
2022-01-10T01:57:04,1026.96,1080.9299,1010.00,28054916
2022-01-10T02:02:05,1026.96,1080.9299,1010.00,28054916
2022-01-10T02:07:05,1026.96,1080.9299,1010.00,28054916
2022-01-10T02:12:06,1026.96,1080.9299,1010.00,28054916
2022-01-10T02:17:07,1026.96,1080.9299,1010.00,28054916
2022-01-10T02:22:08,1026.96,1080.9299,1010.00,28054916
2022-01-10T02:27:09,1026.96,1080.9299,1010.00,28054916
2022-01-10T02:32:10,1026.96,1080.9299,1010.00,28054916
2022-01-10T02:37:11,1026.96,1080.9299,1010.00,28054916
2022-01-10T02:42:11,1026.96,1080.9299,1010.00,28054916
2022-01-10T02:47:12,1026.96,1080.9299,1010.00,28054916
2022-01-10T02:52:13,1026.96,1080.9299,1010.00,28054916
2022-01-10T02:57:14,1026.96,1080.9299,1010.00,28054916
2022-01-10T03:02:15,1026.96,1080.9299,1010.00,28054916
2022-01-10T03:07:16,1026.96,1080.9299,1010.00,28054916
2022-01-10T03:12:16,1026.96,1080.9299,1010.00,28054916
2022-01-10T03:17:17,1026.96,1080.9299,1010.00,28054916
2022-01-10T03:22:18,1026.96,1080.9299,1010.00,28054916
2022-01-10T03:27:19,1026.96,1080.9299,1010.00,28054916
2022-01-10T03:32:20,1026.96,1080.9299,1010.00,28054916
2022-01-10T03:37:20,1026.96,1080.9299,1010.00,28054916
2022-01-10T03:42:21,1026.96,1080.9299,1010.00,28054916
2022-01-10T03:47:22,1026.96,1080.9299,1010.00,28054916
2022-01-10T03:52:23,1026.96,1080.9299,1010.00,28054916
2022-01-10T03:57:24,1026.96,1080.9299,1010.00,28054916
2022-01-10T04:02:25,1026.96,1080.9299,1010.00,28054916
2022-01-10T04:07:25,1026.96,1080.9299,1010.00,28054916
2022-01-10T04:12:26,1026.96,1080.9299,1010.00,28054916
2022-01-10T04:17:27,1026.96,1080.9299,1010.00,28054916
2022-01-10T04:22:28,1026.96,1080.9299,1010.00,28054916
2022-01-10T04:27:29,1026.96,1080.9299,1010.00,28054916
2022-01-10T04:32:30,1026.96,1080.9299,1010.00,28054916
2022-01-10T04:37:31,1026.96,1080.9299,1010.00,28054916
2022-01-10T04:42:31,1026.96,1080.9299,1010.00,28054916
2022-01-10T04:47:32,1026.96,1080.9299,1010.00,28054916
2022-01-10T04:52:33,1026.96,1080.9299,1010.00,28054916
2022-01-10T04:57:34,1026.96,1080.9299,1010.00,28054916
2022-01-10T05:02:35,1026.96,1080.9299,1010.00,28054916
2022-01-10T05:07:36,1026.96,1080.9299,1010.00,28054916
2022-01-10T05:12:36,1026.96,1080.9299,1010.00,28054916
2022-01-10T05:17:37,1026.96,1080.9299,1010.00,28054916
2022-01-10T05:22:38,1026.96,1080.9299,1010.00,28054916
2022-01-10T05:27:39,1026.96,1080.9299,1010.00,28054916
2022-01-10T05:32:40,1026.96,1080.9299,1010.00,28054916
2022-01-10T05:37:40,1026.96,1080.9299,1010.00,28054916
2022-01-10T05:42:41,1026.96,1080.9299,1010.00,28054916
2022-01-10T05:47:42,1026.96,1080.9299,1010.00,28054916
2022-01-10T05:52:43,1026.96,1080.9299,1010.00,28054916
2022-01-10T05:57:44,1026.96,1080.9299,1010.00,28054916
2022-01-10T06:02:45,1026.96,1080.9299,1010.00,28054916
2022-01-10T06:07:45,1026.96,1080.9299,1010.00,28054916
2022-01-10T06:12:47,1026.96,1080.9299,1010.00,28054916
2022-01-10T06:17:48,1026.96,1080.9299,1010.00,28054916
2022-01-10T06:22:49,1026.96,1080.9299,1010.00,28054916
2022-01-10T06:27:50,1026.96,1080.9299,1010.00,28054916
2022-01-10T06:32:50,1026.96,1080.9299,1010.00,28054916
2022-01-10T06:37:51,1026.96,1080.9299,1010.00,28054916
2022-01-10T06:42:52,1026.96,1080.9299,1010.00,28054916
2022-01-10T06:47:53,987.75,1007.3699,985.00,2362736
2022-01-10T06:52:54,985.78,1007.3699,981.01,3410338
2022-01-10T06:57:55,989.7502,1007.3699,981.01,4275988
2022-01-10T07:02:55,984.8077,1007.3699,980.00,5096562
2022-01-10T07:07:56,992.81,1007.3699,980.00,5790096
2022-01-10T07:12:57,984.1019,1007.3699,980.00,6524937
2022-01-10T07:17:58,986.63,1007.3699,980.00,7083375
2022-01-10T07:22:59,998.13,1007.3699,980.00,7632860
