Date-Time,Price,High,Low,Volume
2022-01-10T00:02:28,29.30,30.42,28.78,40781546
2022-01-10T00:07:29,29.30,30.42,28.78,40781546
2022-01-10T00:12:30,29.30,30.42,28.78,40781546
2022-01-10T00:17:31,29.30,30.42,28.78,40781546
2022-01-10T00:22:31,29.30,30.42,28.78,40781546
2022-01-10T00:27:32,29.30,30.42,28.78,40781546
2022-01-10T00:32:33,29.30,30.42,28.78,40781546
2022-01-10T00:37:34,29.30,30.42,28.78,40781546
2022-01-10T00:42:34,29.30,30.42,28.78,40781546
2022-01-10T00:47:35,29.30,30.42,28.78,40781546
2022-01-10T00:52:36,29.30,30.42,28.78,40781546
2022-01-10T00:57:37,29.30,30.42,28.78,40781546
2022-01-10T01:02:37,29.30,30.42,28.78,40781546
2022-01-10T01:07:38,29.30,30.42,28.78,40781546
2022-01-10T01:12:39,29.30,30.42,28.78,40781546
2022-01-10T01:17:40,29.30,30.42,28.78,40781546
2022-01-10T01:22:41,29.30,30.42,28.78,40781546
