Date-Time,Price,High,Low,Volume
2022-01-10T00:03:09,331.79,337.00,328.8801,14722020
2022-01-10T00:08:10,331.79,337.00,328.8801,14722020
2022-01-10T00:13:11,331.79,337.00,328.8801,14722020
2022-01-10T00:18:12,331.79,337.00,328.8801,14722020
2022-01-10T00:23:13,331.79,337.00,328.8801,14722020
2022-01-10T00:28:14,331.79,337.00,328.8801,14722020
2022-01-10T00:33:14,331.79,337.00,328.8801,14722020
2022-01-10T00:38:15,331.79,337.00,328.8801,14722020
2022-01-10T00:43:16,331.79,337.00,328.8801,14722020
2022-01-10T00:48:17,331.79,337.00,328.8801,14722020
2022-01-10T00:53:18,331.79,337.00,328.8801,14722020
2022-01-10T00:58:18,331.79,337.00,328.8801,14722020
2022-01-10T01:03:19,331.79,337.00,328.8801,14722020
2022-01-10T01:08:20,331.79,337.00,328.8801,14722020
2022-01-10T01:13:21,331.79,337.00,328.8801,14722020
2022-01-10T01:18:22,331.79,337.00,328.8801,14722020
2022-01-10T01:23:23,331.79,337.00,328.8801,14722020
2022-01-10T01:28:24,331.79,337.00,328.8801,14722020
2022-01-10T01:33:25,331.79,337.00,328.8801,14722020
2022-01-10T01:38:26,331.79,337.00,328.8801,14722020
2022-01-10T01:43:26,331.79,337.00,328.8801,14722020
2022-01-10T01:48:27,331.79,337.00,328.8801,14722020
2022-01-10T01:53:28,331.79,337.00,328.8801,14722020
2022-01-10T01:58:29,331.79,337.00,328.8801,14722020
2022-01-10T02:03:30,331.79,337.00,328.8801,14722020
2022-01-10T02:08:31,331.79,337.00,328.8801,14722020
2022-01-10T02:13:32,331.79,337.00,328.8801,14722020
2022-01-10T02:18:33,331.79,337.00,328.8801,14722020
2022-01-10T02:23:34,331.79,337.00,328.8801,14722020
