Date-Time,Price,High,Low,Volume
2022-01-10T00:02:28,86.28,89.2699,81.6214,17515944
2022-01-10T00:07:29,86.28,89.2699,81.6214,17515944
2022-01-10T00:12:30,86.28,89.2699,81.6214,17515944
2022-01-10T00:17:31,86.28,89.2699,81.6214,17515944
2022-01-10T00:22:31,86.28,89.2699,81.6214,17515944
2022-01-10T00:27:32,86.28,89.2699,81.6214,17515944
2022-01-10T00:32:33,86.28,89.2699,81.6214,17515944
2022-01-10T00:37:34,86.28,89.2699,81.6214,17515944
2022-01-10T00:42:35,86.28,89.2699,81.6214,17515944
2022-01-10T00:47:35,86.28,89.2699,81.6214,17515944
2022-01-10T00:52:36,86.28,89.2699,81.6214,17515944
2022-01-10T00:57:37,86.28,89.2699,81.6214,17515944
2022-01-10T01:02:38,86.28,89.2699,81.6214,17515944
2022-01-10T01:07:39,86.28,89.2699,81.6214,17515944
2022-01-10T01:12:39,86.28,89.2699,81.6214,17515944
2022-01-10T01:17:40,86.28,89.2699,81.6214,17515944
2022-01-10T01:22:41,86.28,89.2699,81.6214,17515944
