Date-Time,Price,High,Low,Volume
2022-01-10T00:01:43,5.21,5.635,5.18,583151
2022-01-10T00:06:44,5.21,5.635,5.18,583151
2022-01-10T00:11:45,5.21,5.635,5.18,583151
2022-01-10T00:16:46,5.21,5.635,5.18,583151
2022-01-10T00:21:47,5.21,5.635,5.18,583151
2022-01-10T00:26:48,5.21,5.635,5.18,583151
2022-01-10T00:31:49,5.21,5.635,5.18,583151
2022-01-10T00:36:50,5.21,5.635,5.18,583151
2022-01-10T00:41:51,5.21,5.635,5.18,583151
2022-01-10T00:46:52,5.21,5.635,5.18,583151
2022-01-10T00:51:52,5.21,5.635,5.18,583151
2022-01-10T00:56:53,5.21,5.635,5.18,583151
2022-01-10T01:01:54,5.21,5.635,5.18,583151
2022-01-10T01:06:55,5.21,5.635,5.18,583151
2022-01-10T01:11:56,5.21,5.635,5.18,583151
2022-01-10T01:16:57,5.21,5.635,5.18,583151
2022-01-10T01:21:57,5.21,5.635,5.18,583151
