Date-Time,Price,High,Low,Volume
2022-04-22T00:02:47,1008.78,1092.22,996.415,35138779
2022-04-22T00:07:47,1008.78,1092.22,996.415,35138779
2022-04-22T00:12:48,1008.78,1092.22,996.415,35138779
2022-04-22T00:17:49,1008.78,1092.22,996.415,35138779
2022-04-22T00:22:50,1008.78,1092.22,996.415,35138779
2022-04-22T00:27:51,1008.78,1092.22,996.415,35138779
2022-04-22T00:32:52,1008.78,1092.22,996.415,35138779
2022-04-22T00:37:52,1008.78,1092.22,996.415,35138779
2022-04-22T00:42:53,1008.78,1092.22,996.415,35138779
2022-04-22T00:47:54,1008.78,1092.22,996.415,35138779
2022-04-22T00:52:55,1008.78,1092.22,996.415,35138779
2022-04-22T00:57:56,1008.78,1092.22,996.415,35138779
2022-04-22T01:02:57,1008.78,1092.22,996.415,35138779
2022-04-22T01:07:57,1008.78,1092.22,996.415,35138779
2022-04-22T01:12:58,1008.78,1092.22,996.415,35138779
2022-04-22T01:17:59,1008.78,1092.22,996.415,35138779
2022-04-22T01:23:00,1008.78,1092.22,996.415,35138779
2022-04-22T01:28:01,1008.78,1092.22,996.415,35138779
2022-04-22T01:33:02,1008.78,1092.22,996.415,35138779
2022-04-22T01:38:02,1008.78,1092.22,996.415,35138779
2022-04-22T01:43:03,1008.78,1092.22,996.415,35138779
2022-04-22T01:48:04,1008.78,1092.22,996.415,35138779
2022-04-22T01:53:05,1008.78,1092.22,996.415,35138779
2022-04-22T01:58:06,1008.78,1092.22,996.415,35138779
2022-04-22T02:03:06,1008.78,1092.22,996.415,35138779
2022-04-22T02:08:07,1008.78,1092.22,996.415,35138779
2022-04-22T02:13:08,1008.78,1092.22,996.415,35138779
2022-04-22T02:18:09,1008.78,1092.22,996.415,35138779
