Date-Time,Price,High,Low,Volume
2022-04-22T00:02:47,188.07,202.965,185.58,49954078
2022-04-22T00:07:47,188.07,202.965,185.58,49954078
2022-04-22T00:12:48,188.07,202.965,185.58,49954078
2022-04-22T00:17:49,188.07,202.965,185.58,49954078
2022-04-22T00:22:50,188.07,202.965,185.58,49954078
2022-04-22T00:27:51,188.07,202.965,185.58,49954078
2022-04-22T00:32:52,188.07,202.965,185.58,49954078
2022-04-22T00:37:52,188.07,202.965,185.58,49954078
2022-04-22T00:42:53,188.07,202.965,185.58,49954078
2022-04-22T00:47:54,188.07,202.965,185.58,49954078
2022-04-22T00:52:55,188.07,202.965,185.58,49954078
2022-04-22T00:57:56,188.07,202.965,185.58,49954078
2022-04-22T01:02:57,188.07,202.965,185.58,49954078
2022-04-22T01:07:57,188.07,202.965,185.58,49954078
2022-04-22T01:12:58,188.07,202.965,185.58,49954078
2022-04-22T01:17:59,188.07,202.965,185.58,49954078
