Date-Time,Price,High,Low,Volume
2021-11-17T00:02:29,9.34,9.44,8.45,1511480
2021-11-17T00:07:30,9.34,9.44,8.45,1511480
2021-11-17T00:12:31,9.34,9.44,8.45,1511480
2021-11-17T00:17:32,9.34,9.44,8.45,1511480
2021-11-17T00:22:32,9.34,9.44,8.45,1511480
2021-11-17T00:27:33,9.34,9.44,8.45,1511480
2021-11-17T00:32:34,9.34,9.44,8.45,1511480
2021-11-17T00:37:35,9.34,9.44,8.45,1511480
2021-11-17T00:42:36,9.34,9.44,8.45,1511480
2021-11-17T00:47:36,9.34,9.44,8.45,1511480
2021-11-17T00:52:37,9.34,9.44,8.45,1511480
2021-11-17T00:57:38,9.34,9.44,8.45,1511480
2021-11-17T01:02:39,9.34,9.44,8.45,1511480
2021-11-17T01:07:39,9.34,9.44,8.45,1511480
2021-11-17T01:12:40,9.34,9.44,8.45,1511480
2021-11-17T01:17:41,9.34,9.44,8.45,1511480
2021-11-17T01:22:42,9.34,9.44,8.45,1511480
2021-11-17T01:27:42,9.34,9.44,8.45,1511480
2021-11-17T01:32:43,9.34,9.44,8.45,1511480
2021-11-17T01:37:44,9.34,9.44,8.45,1511480
2021-11-17T01:42:45,9.34,9.44,8.45,1511480
2021-11-17T01:47:46,9.34,9.44,8.45,1511480
2021-11-17T01:52:46,9.34,9.44,8.45,1511480
2021-11-17T01:57:47,9.34,9.44,8.45,1511480
2021-11-17T02:02:48,9.34,9.44,8.45,1511480
2021-11-17T02:07:49,9.34,9.44,8.45,1511480
2021-11-17T02:12:49,9.34,9.44,8.45,1511480
2021-11-17T02:17:50,9.34,9.44,8.45,1511480
2021-11-17T02:22:51,9.34,9.44,8.45,1511480
2021-11-17T02:27:52,9.34,9.44,8.45,1511480
2021-11-17T02:32:52,9.34,9.44,8.45,1511480
2021-11-17T02:37:53,9.34,9.44,8.45,1511480
2021-11-17T02:42:54,9.34,9.44,8.45,1511480
2021-11-17T02:47:55,9.34,9.44,8.45,1511480
2021-11-17T02:52:56,9.34,9.44,8.45,1511480
2021-11-17T02:57:56,9.34,9.44,8.45,1511480
2021-11-17T03:02:57,9.34,9.44,8.45,1511480
2021-11-17T03:07:58,9.34,9.44,8.45,1511480
2021-11-17T03:12:59,9.34,9.44,8.45,1511480
2021-11-17T03:18:00,9.34,9.44,8.45,1511480
2021-11-17T03:23:01,9.34,9.44,8.45,1511480
2021-11-17T03:28:01,9.34,9.44,8.45,1511480
2021-11-17T03:33:02,9.34,9.44,8.45,1511480
2021-11-17T03:38:03,9.34,9.44,8.45,1511480
2021-11-17T03:43:04,9.34,9.44,8.45,1511480
2021-11-17T03:48:05,9.34,9.44,8.45,1511480
2021-11-17T03:53:06,9.34,9.44,8.45,1511480
2021-11-17T03:58:06,9.34,9.44,8.45,1511480
2021-11-17T04:03:07,9.34,9.44,8.45,1511480
2021-11-17T04:08:08,9.34,9.44,8.45,1511480
2021-11-17T04:13:09,9.34,9.44,8.45,1511480
2021-11-17T04:18:09,9.34,9.44,8.45,1511480
2021-11-17T04:23:10,9.34,9.44,8.45,1511480
2021-11-17T04:28:11,9.34,9.44,8.45,1511480
2021-11-17T04:33:12,9.34,9.44,8.45,1511480
2021-11-17T04:38:13,9.34,9.44,8.45,1511480
2021-11-17T04:43:14,9.34,9.44,8.45,1511480
2021-11-17T04:48:14,9.34,9.44,8.45,1511480
2021-11-17T04:53:15,9.34,9.44,8.45,1511480
2021-11-17T04:58:16,9.34,9.44,8.45,1511480
2021-11-17T05:03:17,9.34,9.44,8.45,1511480
2021-11-17T05:08:18,9.34,9.44,8.45,1511480
2021-11-17T05:13:18,9.34,9.44,8.45,1511480
2021-11-17T05:18:19,9.34,9.44,8.45,1511480
2021-11-17T05:23:20,9.34,9.44,8.45,1511480
2021-11-17T05:28:21,9.34,9.44,8.45,1511480
2021-11-17T05:33:22,9.34,9.44,8.45,1511480
2021-11-17T05:38:22,9.34,9.44,8.45,1511480
2021-11-17T05:43:23,9.34,9.44,8.45,1511480
2021-11-17T05:48:24,9.34,9.44,8.45,1511480
2021-11-17T05:53:25,9.34,9.44,8.45,1511480
2021-11-17T05:58:25,9.34,9.44,8.45,1511480
2021-11-17T06:03:26,9.34,9.44,8.45,1511480
2021-11-17T06:08:28,9.34,9.44,8.45,1511480
2021-11-17T06:13:29,9.34,9.44,8.45,1511480
2021-11-17T06:18:29,9.34,9.44,8.45,1511480
2021-11-17T06:23:30,9.34,9.44,8.45,1511480
2021-11-17T06:28:31,9.34,9.44,8.45,1511480
2021-11-17T06:33:32,9.34,9.44,8.45,1511480
2021-11-17T06:38:33,9.34,9.44,8.45,1511480
2021-11-17T06:43:34,9.34,9.44,8.45,1511480
2021-11-17T06:48:35,9.45,9.45,9.1734,24416
2021-11-17T06:53:36,9.3301,9.59,9.1734,86023
2021-11-17T06:58:36,9.41,9.59,9.1734,104910
2021-11-17T07:03:37,9.35,9.59,9.1734,109857
2021-11-17T07:08:38,9.39,9.59,9.1734,133817
2021-11-17T07:13:39,9.30,9.59,9.1734,145343
2021-11-17T07:18:39,9.2601,9.59,9.1734,169200
2021-11-17T07:23:40,9.08,9.59,9.08,183493
2021-11-17T07:28:41,9.11,9.59,9.00,230195
2021-11-17T07:33:42,9.03,9.59,9.00,244486
2021-11-17T07:38:43,9.03,9.59,8.96,280553
2021-11-17T07:43:43,9.13,9.59,8.96,285737
2021-11-17T07:48:44,9.0692,9.59,8.96,292119
2021-11-17T07:53:45,9.04,9.59,8.96,319191
2021-11-17T07:58:46,9.07,9.59,8.96,348420
2021-11-17T08:03:46,9.06,9.59,8.96,358841
2021-11-17T08:08:47,9.01,9.59,8.96,370678
2021-11-17T08:13:48,9.07,9.59,8.96,375501
2021-11-17T08:18:49,9.03,9.59,8.96,388258
2021-11-17T08:23:50,9.045,9.59,8.96,395704
2021-11-17T08:28:50,9.0456,9.59,8.96,404838
2021-11-17T08:33:51,9.0281,9.59,8.96,411126
2021-11-17T08:38:52,8.96,9.59,8.94,424136
2021-11-17T08:43:53,8.976,9.59,8.94,429119
