Date-Time,Price,High,Low,Volume
2021-11-17T00:02:16,1054.73,1057.1999,1002.18,26542359
2021-11-17T00:07:16,1054.73,1057.1999,1002.18,26542359
2021-11-17T00:12:17,1054.73,1057.1999,1002.18,26542359
2021-11-17T00:17:18,1054.73,1057.1999,1002.18,26542359
2021-11-17T00:22:19,1054.73,1057.1999,1002.18,26542359
2021-11-17T00:27:20,1054.73,1057.1999,1002.18,26542359
2021-11-17T00:32:21,1054.73,1057.1999,1002.18,26542359
2021-11-17T00:37:21,1054.73,1057.1999,1002.18,26542359
2021-11-17T00:42:22,1054.73,1057.1999,1002.18,26542359
2021-11-17T00:47:23,1054.73,1057.1999,1002.18,26542359
2021-11-17T00:52:24,1054.73,1057.1999,1002.18,26542359
2021-11-17T00:57:25,1054.73,1057.1999,1002.18,26542359
2021-11-17T01:02:25,1054.73,1057.1999,1002.18,26542359
2021-11-17T01:07:26,1054.73,1057.1999,1002.18,26542359
2021-11-17T01:12:27,1054.73,1057.1999,1002.18,26542359
2021-11-17T01:17:30,1054.73,1057.1999,1002.18,26542359
2021-11-17T01:22:31,1054.73,1057.1999,1002.18,26542359
2021-11-17T01:27:32,1054.73,1057.1999,1002.18,26542359
2021-11-17T01:32:33,1054.73,1057.1999,1002.18,26542359
2021-11-17T01:37:34,1054.73,1057.1999,1002.18,26542359
2021-11-17T01:42:34,1054.73,1057.1999,1002.18,26542359
2021-11-17T01:47:36,1054.73,1057.1999,1002.18,26542359
2021-11-17T01:52:36,1054.73,1057.1999,1002.18,26542359
2021-11-17T01:57:38,1054.73,1057.1999,1002.18,26542359
2021-11-17T02:02:38,1054.73,1057.1999,1002.18,26542359
2021-11-17T02:07:39,1054.73,1057.1999,1002.18,26542359
2021-11-17T02:12:40,1054.73,1057.1999,1002.18,26542359
2021-11-17T02:17:41,1054.73,1057.1999,1002.18,26542359
2021-11-17T02:22:42,1054.73,1057.1999,1002.18,26542359
2021-11-17T02:27:43,1054.73,1057.1999,1002.18,26542359
2021-11-17T02:32:44,1054.73,1057.1999,1002.18,26542359
2021-11-17T02:37:45,1054.73,1057.1999,1002.18,26542359
2021-11-17T02:42:45,1054.73,1057.1999,1002.18,26542359
2021-11-17T02:47:46,1054.73,1057.1999,1002.18,26542359
2021-11-17T02:52:47,1054.73,1057.1999,1002.18,26542359
2021-11-17T02:57:48,1054.73,1057.1999,1002.18,26542359
2021-11-17T03:02:48,1054.73,1057.1999,1002.18,26542359
2021-11-17T03:07:49,1054.73,1057.1999,1002.18,26542359
2021-11-17T03:12:50,1054.73,1057.1999,1002.18,26542359
2021-11-17T03:17:51,1054.73,1057.1999,1002.18,26542359
2021-11-17T03:22:52,1054.73,1057.1999,1002.18,26542359
2021-11-17T03:27:52,1054.73,1057.1999,1002.18,26542359
2021-11-17T03:32:53,1054.73,1057.1999,1002.18,26542359
2021-11-17T03:37:54,1054.73,1057.1999,1002.18,26542359
2021-11-17T03:42:55,1054.73,1057.1999,1002.18,26542359
2021-11-17T03:47:56,1054.73,1057.1999,1002.18,26542359
2021-11-17T03:52:57,1054.73,1057.1999,1002.18,26542359
2021-11-17T03:57:57,1054.73,1057.1999,1002.18,26542359
2021-11-17T04:02:58,1054.73,1057.1999,1002.18,26542359
2021-11-17T04:07:59,1054.73,1057.1999,1002.18,26542359
2021-11-17T04:13:00,1054.73,1057.1999,1002.18,26542359
2021-11-17T04:18:01,1054.73,1057.1999,1002.18,26542359
2021-11-17T04:23:01,1054.73,1057.1999,1002.18,26542359
2021-11-17T04:28:02,1054.73,1057.1999,1002.18,26542359
2021-11-17T04:33:03,1054.73,1057.1999,1002.18,26542359
2021-11-17T04:38:04,1054.73,1057.1999,1002.18,26542359
2021-11-17T04:43:05,1054.73,1057.1999,1002.18,26542359
2021-11-17T04:48:06,1054.73,1057.1999,1002.18,26542359
2021-11-17T04:53:06,1054.73,1057.1999,1002.18,26542359
2021-11-17T04:58:07,1054.73,1057.1999,1002.18,26542359
2021-11-17T05:03:08,1054.73,1057.1999,1002.18,26542359
2021-11-17T05:08:09,1054.73,1057.1999,1002.18,26542359
2021-11-17T05:13:10,1054.73,1057.1999,1002.18,26542359
2021-11-17T05:18:11,1054.73,1057.1999,1002.18,26542359
2021-11-17T05:23:12,1054.73,1057.1999,1002.18,26542359
2021-11-17T05:28:13,1054.73,1057.1999,1002.18,26542359
2021-11-17T05:33:14,1054.73,1057.1999,1002.18,26542359
2021-11-17T05:38:14,1054.73,1057.1999,1002.18,26542359
2021-11-17T05:43:15,1054.73,1057.1999,1002.18,26542359
2021-11-17T05:48:16,1054.73,1057.1999,1002.18,26542359
2021-11-17T05:53:17,1054.73,1057.1999,1002.18,26542359
2021-11-17T05:58:18,1054.73,1057.1999,1002.18,26542359
2021-11-17T06:03:19,1054.73,1057.1999,1002.18,26542359
2021-11-17T06:08:19,1054.73,1057.1999,1002.18,26542359
2021-11-17T06:13:22,1054.73,1057.1999,1002.18,26542359
2021-11-17T06:18:23,1054.73,1057.1999,1002.18,26542359
2021-11-17T06:23:24,1054.73,1057.1999,1002.18,26542359
2021-11-17T06:28:25,1054.73,1057.1999,1002.18,26542359
2021-11-17T06:33:25,1054.73,1057.1999,1002.18,788083
2021-11-17T06:38:26,1054.73,1057.1999,1002.18,815028
2021-11-17T06:43:27,1054.73,1057.1999,1002.18,832078
2021-11-17T06:48:28,1063.78,1068.9999,1055.50,1603995
2021-11-17T06:53:29,1061.67,1068.9999,1055.50,2221973
2021-11-17T06:58:30,1059.16,1068.9999,1055.50,2692248
2021-11-17T07:03:31,1065.67,1068.9999,1055.50,3144917
2021-11-17T07:08:31,1067.01,1071.16,1055.50,3776656
2021-11-17T07:13:32,1071.51,1073.00,1055.50,4400415
2021-11-17T07:18:33,1077.00,1077.4899,1055.50,5123579
2021-11-17T07:23:33,1082.04,1086.0347,1055.50,6020697
2021-11-17T07:28:34,1090.69,1091.0999,1055.50,6799390
2021-11-17T07:33:35,1085.60,1092.00,1055.50,7477035
2021-11-17T07:38:36,1086.17,1092.00,1055.50,7968372
2021-11-17T07:43:39,1094.9299,1094.94,1055.50,8514816
2021-11-17T07:48:40,1092.11,1095.61,1055.50,9091745
2021-11-17T07:53:41,1100.9799,1101.906,1055.50,10005113
2021-11-17T07:58:42,1101.95,1106.69,1055.50,10773306
2021-11-17T08:03:42,1106.46,1108.95,1055.50,11481848
2021-11-17T08:08:43,1118.3929,1119.64,1055.50,12517902
2021-11-17T08:13:44,1108.9134,1119.64,1055.50,13357298
2021-11-17T08:18:45,1104.6401,1119.64,1055.50,14029996
2021-11-17T08:23:46,1106.67,1119.64,1055.50,14575214
2021-11-17T08:28:46,1103.475,1119.64,1055.50,15003459
2021-11-17T08:33:47,1099.30,1119.64,1055.50,15479716
2021-11-17T08:38:48,1101.01,1119.64,1055.50,15868497
2021-11-17T08:43:49,1098.11,1119.64,1055.50,16132152
2021-11-17T08:48:50,1097.29,1119.64,1055.50,16336923
2021-11-17T08:53:51,1093.413,1119.64,1055.50,16620090
2021-11-17T08:58:52,1099.915,1119.64,1055.50,16981559
2021-11-17T09:03:53,1098.86,1119.64,1055.50,17178225
2021-11-17T09:08:53,1094.88,1119.64,1055.50,17420417
