Date-Time,Price,High,Low,Volume
2022-03-05T00:02:29,47.39,51.41,46.66,24430480
2022-03-05T00:07:30,47.39,51.41,46.66,24430480
2022-03-05T00:12:30,47.39,51.41,46.66,24430480
2022-03-05T00:17:31,47.39,51.41,46.66,24430480
2022-03-05T00:22:32,47.39,51.41,46.66,24430480
2022-03-05T00:27:33,47.39,51.41,46.66,24430480
2022-03-05T00:32:34,47.39,51.41,46.66,24430480
2022-03-05T00:37:35,47.39,51.41,46.66,24430480
2022-03-05T00:42:36,47.39,51.41,46.66,24430480
2022-03-05T00:47:36,47.39,51.41,46.66,24430480
2022-03-05T00:52:37,47.39,51.41,46.66,24430480
2022-03-05T00:57:38,47.39,51.41,46.66,24430480
2022-03-05T01:02:39,47.39,51.41,46.66,24430480
2022-03-05T01:07:40,47.39,51.41,46.66,24430480
2022-03-05T01:12:41,47.39,51.41,46.66,24430480
2022-03-05T01:17:42,47.39,51.41,46.66,24430480
2022-03-05T01:22:43,47.39,51.41,46.66,24430480
2022-03-05T01:27:44,47.39,51.41,46.66,24430480
