Date-Time,Price,High,Low,Volume
2022-03-05T00:00:48,838.29,855.65,825.1609,22393287
2022-03-05T00:05:49,838.29,855.65,825.1609,22393287
2022-03-05T00:10:50,838.29,855.65,825.1609,22393287
2022-03-05T00:15:50,838.29,855.65,825.1609,22393287
2022-03-05T00:20:51,838.29,855.65,825.1609,22393287
2022-03-05T00:25:52,838.29,855.65,825.1609,22393287
2022-03-05T00:30:53,838.29,855.65,825.1609,22393287
2022-03-05T00:35:54,838.29,855.65,825.1609,22393287
2022-03-05T00:40:55,838.29,855.65,825.1609,22393287
2022-03-05T00:45:56,838.29,855.65,825.1609,22393287
2022-03-05T00:50:57,838.29,855.65,825.1609,22393287
2022-03-05T00:55:57,838.29,855.65,825.1609,22393287
2022-03-05T01:00:58,838.29,855.65,825.1609,22393287
2022-03-05T01:05:59,838.29,855.65,825.1609,22393287
2022-03-05T01:11:00,838.29,855.65,825.1609,22393287
2022-03-05T01:16:01,838.29,855.65,825.1609,22393287
2022-03-05T01:21:02,838.29,855.65,825.1609,22393287
2022-03-05T01:26:03,838.29,855.65,825.1609,22393287
2022-03-05T01:31:03,838.29,855.65,825.1609,22393287
2022-03-05T01:36:04,838.29,855.65,825.1609,22393287
2022-03-05T01:41:05,838.29,855.65,825.1609,22393287
2022-03-05T01:46:06,838.29,855.65,825.1609,22393287
2022-03-05T01:51:07,838.29,855.65,825.1609,22393287
2022-03-05T01:56:07,838.29,855.65,825.1609,22393287
2022-03-05T02:01:08,838.29,855.65,825.1609,22393287
2022-03-05T02:06:09,838.29,855.65,825.1609,22393287
2022-03-05T02:11:10,838.29,855.65,825.1609,22393287
2022-03-05T02:16:11,838.29,855.65,825.1609,22393287
2022-03-05T02:21:12,838.29,855.65,825.1609,22393287
2022-03-05T02:26:12,838.29,855.65,825.1609,22393287
2022-03-05T02:31:13,838.29,855.65,825.1609,22393287
