Date-Time,Price,High,Low,Volume
2022-03-05T00:00:48,6.51,7.32,6.41,956366
2022-03-05T00:05:49,6.51,7.32,6.41,956366
2022-03-05T00:10:50,6.51,7.32,6.41,956366
2022-03-05T00:15:51,6.51,7.32,6.41,956366
2022-03-05T00:20:51,6.51,7.32,6.41,956366
2022-03-05T00:25:52,6.51,7.32,6.41,956366
2022-03-05T00:30:53,6.51,7.32,6.41,956366
2022-03-05T00:35:54,6.51,7.32,6.41,956366
2022-03-05T00:40:55,6.51,7.32,6.41,956366
2022-03-05T00:45:56,6.51,7.32,6.41,956366
2022-03-05T00:50:56,6.51,7.32,6.41,956366
2022-03-05T00:55:57,6.51,7.32,6.41,956366
2022-03-05T01:00:58,6.51,7.32,6.41,956366
2022-03-05T01:05:59,6.51,7.32,6.41,956366
2022-03-05T01:11:00,6.51,7.32,6.41,956366
2022-03-05T01:16:01,6.51,7.32,6.41,956366
2022-03-05T01:21:02,6.51,7.32,6.41,956366
2022-03-05T01:26:03,6.51,7.32,6.41,956366
2022-03-05T01:31:03,6.51,7.32,6.41,956366
