Date-Time,Price,High,Low,Volume
2022-05-25T00:03:24,4.12,4.45,4.11,716822
2022-05-25T00:08:25,4.12,4.45,4.11,716822
2022-05-25T00:13:26,4.12,4.45,4.11,716822
2022-05-25T00:18:27,4.12,4.45,4.11,716822
2022-05-25T00:23:27,4.12,4.45,4.11,716822
2022-05-25T00:28:28,4.12,4.45,4.11,716822
2022-05-25T00:33:29,4.12,4.45,4.11,716822
2022-05-25T00:38:30,4.12,4.45,4.11,716822
2022-05-25T00:43:36,4.12,4.45,4.11,716822
2022-05-25T00:48:37,4.12,4.45,4.11,716822
2022-05-25T00:53:38,4.12,4.45,4.11,716822
2022-05-25T00:58:39,4.12,4.45,4.11,716822
