Date-Time,Price,High,Low,Volume
2022-05-25T00:01:00,628.16,653.92,620.57,29697505
2022-05-25T00:06:01,628.16,653.92,620.57,29697505
2022-05-25T00:11:02,628.16,653.92,620.57,29697505
2022-05-25T00:16:02,628.16,653.92,620.57,29697505
2022-05-25T00:21:03,628.16,653.92,620.57,29697505
2022-05-25T00:26:04,628.16,653.92,620.57,29697505
2022-05-25T00:31:05,628.16,653.92,620.57,29697505
2022-05-25T00:36:06,628.16,653.92,620.57,29697505
2022-05-25T00:41:06,628.16,653.92,620.57,29697505
2022-05-25T00:46:07,628.16,653.92,620.57,29697505
2022-05-25T00:51:08,628.16,653.92,620.57,29697505
2022-05-25T00:56:09,628.16,653.92,620.57,29697505
