Date-Time,Price,High,Low,Volume
2022-05-25T00:01:00,181.28,183.6759,176.11,50406273
2022-05-25T00:06:01,181.28,183.6759,176.11,50406273
2022-05-25T00:11:02,181.28,183.6759,176.11,50406273
2022-05-25T00:16:02,181.28,183.6759,176.11,50406273
2022-05-25T00:21:03,181.28,183.6759,176.11,50406273
2022-05-25T00:26:04,181.28,183.6759,176.11,50406273
2022-05-25T00:31:05,181.28,183.6759,176.11,50406273
2022-05-25T00:36:06,181.28,183.6759,176.11,50406273
2022-05-25T00:41:07,181.28,183.6759,176.11,50406273
2022-05-25T00:46:07,181.28,183.6759,176.11,50406273
2022-05-25T00:51:08,181.28,183.6759,176.11,50406273
2022-05-25T00:56:09,181.28,183.6759,176.11,50406273
