Date-Time,Price,High,Low,Volume
2021-11-18T00:03:26,146.07,163.00,140.35,71765590
2021-11-18T00:08:27,146.07,163.00,140.35,71765590
2021-11-18T00:13:28,146.07,163.00,140.35,71765590
2021-11-18T00:18:29,146.07,163.00,140.35,71765590
2021-11-18T00:23:30,146.07,163.00,140.35,71765590
2021-11-18T00:28:30,146.07,163.00,140.35,71765590
2021-11-18T00:33:31,146.07,163.00,140.35,71765590
2021-11-18T00:38:32,146.07,163.00,140.35,71765590
2021-11-18T00:43:33,146.07,163.00,140.35,71765590
2021-11-18T00:48:34,146.07,163.00,140.35,71765590
2021-11-18T00:53:35,146.07,163.00,140.35,71765590
2021-11-18T00:58:36,146.07,163.00,140.35,71765590
2021-11-18T01:03:36,146.07,163.00,140.35,71765590
2021-11-18T01:08:37,146.07,163.00,140.35,71765590
2021-11-18T01:13:38,146.07,163.00,140.35,71765590
2021-11-18T01:18:39,146.07,163.00,140.35,71765590
2021-11-18T01:23:40,146.07,163.00,140.35,71765590
2021-11-18T01:28:41,146.07,163.00,140.35,71765590
2021-11-18T01:33:41,146.07,163.00,140.35,71765590
2021-11-18T01:38:42,146.07,163.00,140.35,71765590
2021-11-18T01:43:43,146.07,163.00,140.35,71765590
2021-11-18T01:48:44,146.07,163.00,140.35,71765590
2021-11-18T01:53:45,146.07,163.00,140.35,71765590
2021-11-18T01:58:46,146.07,163.00,140.35,71765590
2021-11-18T02:03:47,146.07,163.00,140.35,71765590
2021-11-18T02:08:47,146.07,163.00,140.35,71765590
2021-11-18T02:13:48,146.07,163.00,140.35,71765590
2021-11-18T02:18:49,146.07,163.00,140.35,71765590
2021-11-18T02:23:50,146.07,163.00,140.35,71765590
2021-11-18T02:28:51,146.07,163.00,140.35,71765590
2021-11-18T02:33:52,146.07,163.00,140.35,71765590
2021-11-18T02:38:53,146.07,163.00,140.35,71765590
2021-11-18T02:43:53,146.07,163.00,140.35,71765590
2021-11-18T02:48:54,146.07,163.00,140.35,71765590
2021-11-18T02:53:55,146.07,163.00,140.35,71765590
2021-11-18T02:58:56,146.07,163.00,140.35,71765590
2021-11-18T03:03:56,146.07,163.00,140.35,71765590
2021-11-18T03:08:57,146.07,163.00,140.35,71765590
2021-11-18T03:13:58,146.07,163.00,140.35,71765590
2021-11-18T03:18:59,146.07,163.00,140.35,71765590
2021-11-18T03:23:59,146.07,163.00,140.35,71765590
2021-11-18T03:29:00,146.07,163.00,140.35,71765590
2021-11-18T03:34:01,146.07,163.00,140.35,71765590
2021-11-18T03:39:02,146.07,163.00,140.35,71765590
2021-11-18T03:44:03,146.07,163.00,140.35,71765590
2021-11-18T03:49:04,146.07,163.00,140.35,71765590
2021-11-18T03:54:04,146.07,163.00,140.35,71765590
2021-11-18T03:59:05,146.07,163.00,140.35,71765590
2021-11-18T04:04:06,146.07,163.00,140.35,71765590
2021-11-18T04:09:07,146.07,163.00,140.35,71765590
2021-11-18T04:14:07,146.07,163.00,140.35,71765590
2021-11-18T04:19:08,146.07,163.00,140.35,71765590
2021-11-18T04:24:09,146.07,163.00,140.35,71765590
2021-11-18T04:29:10,146.07,163.00,140.35,71765590
2021-11-18T04:34:10,146.07,163.00,140.35,71765590
2021-11-18T04:39:11,146.07,163.00,140.35,71765590
2021-11-18T04:44:12,146.07,163.00,140.35,71765590
2021-11-18T04:49:13,146.07,163.00,140.35,71765590
2021-11-18T04:54:13,146.07,163.00,140.35,71765590
2021-11-18T04:59:14,146.07,163.00,140.35,71765590
2021-11-18T05:04:15,146.07,163.00,140.35,71765590
2021-11-18T05:09:16,146.07,163.00,140.35,71765590
2021-11-18T05:14:17,146.07,163.00,140.35,71765590
2021-11-18T05:19:18,146.07,163.00,140.35,71765590
2021-11-18T05:24:19,146.07,163.00,140.35,71765590
2021-11-18T05:29:20,146.07,163.00,140.35,71765590
2021-11-18T05:34:20,146.07,163.00,140.35,71765590
2021-11-18T05:39:21,146.07,163.00,140.35,71765590
2021-11-18T05:44:22,146.07,163.00,140.35,71765590
2021-11-18T05:49:23,146.07,163.00,140.35,71765590
2021-11-18T05:54:23,146.07,163.00,140.35,71765590
2021-11-18T05:59:24,146.07,163.00,140.35,71765590
2021-11-18T06:04:25,146.07,163.00,140.35,71765590
2021-11-18T06:09:25,146.07,163.00,140.35,71765590
2021-11-18T06:14:26,146.07,163.00,140.35,71765590
2021-11-18T06:19:27,146.07,163.00,140.35,71765590
2021-11-18T06:24:28,146.07,163.00,140.35,71765590
2021-11-18T06:29:28,146.07,163.00,140.35,71765590
2021-11-18T06:34:29,146.07,163.00,140.35,71765590
2021-11-18T06:39:30,146.07,163.00,140.35,71765590
2021-11-18T06:44:31,146.07,163.00,140.35,71765590
2021-11-18T06:49:31,134.887,137.00,132.47,5260799
2021-11-18T06:54:32,132.485,137.00,131.51,7286339
2021-11-18T06:59:33,132.7946,137.00,131.51,8485166
2021-11-18T07:04:34,131.415,137.00,130.61,9957905
2021-11-18T07:09:35,129.20,137.00,128.33,12231317
2021-11-18T07:14:36,129.6403,137.00,128.00,14183184
2021-11-18T07:19:37,129.325,137.00,127.25,15836746
2021-11-18T07:24:37,129.50,137.00,127.25,17231842
2021-11-18T07:29:38,127.55,137.00,126.59,18727064
2021-11-18T07:34:39,127.0001,137.00,126.26,19821429
2021-11-18T07:39:40,128.30,137.00,126.25,20731608
2021-11-18T07:44:41,126.11,137.00,125.80,21657216
2021-11-18T07:49:42,127.665,137.00,125.80,22752583
2021-11-18T07:54:42,127.5501,137.00,125.80,23587269
2021-11-18T07:59:43,125.61,137.00,125.50,24668522
2021-11-18T08:04:44,126.22,137.00,125.35,25640126
2021-11-18T08:09:45,127.89,137.00,125.35,26532030
2021-11-18T08:14:46,128.4399,137.00,125.35,27305709
2021-11-18T08:19:46,126.59,137.00,125.35,28011281
2021-11-18T08:24:47,127.33,137.00,125.35,28379138
2021-11-18T08:29:48,128.0583,137.00,125.35,28915891
2021-11-18T08:34:49,127.035,137.00,125.35,29374799
2021-11-18T08:39:49,126.435,137.00,125.35,29757397
2021-11-18T08:44:50,126.9999,137.00,125.28,30436766
2021-11-18T08:49:51,127.89,137.00,125.28,30831832
2021-11-18T08:54:52,127.935,137.00,125.28,31302357
2021-11-18T08:59:52,127.96,137.00,125.28,31723973
2021-11-18T09:04:53,127.40,137.00,125.28,32053690
2021-11-18T09:09:54,127.979,137.00,125.28,32369191
2021-11-18T09:14:55,127.5799,137.00,125.28,32702999
2021-11-18T09:19:55,127.60,137.00,125.28,32993237
2021-11-18T09:24:56,127.1339,137.00,125.28,33351993
2021-11-18T09:29:57,126.72,137.00,125.28,33593074
2021-11-18T09:34:58,127.25,137.00,125.28,33775133
