Date-Time,Price,High,Low,Volume
2021-11-18T00:03:27,9.02,9.59,8.88,1212838
2021-11-18T00:08:27,9.02,9.59,8.88,1212838
2021-11-18T00:13:28,9.02,9.59,8.88,1212838
2021-11-18T00:18:29,9.02,9.59,8.88,1212838
2021-11-18T00:23:30,9.02,9.59,8.88,1212838
2021-11-18T00:28:31,9.02,9.59,8.88,1212838
2021-11-18T00:33:32,9.02,9.59,8.88,1212838
2021-11-18T00:38:32,9.02,9.59,8.88,1212838
2021-11-18T00:43:33,9.02,9.59,8.88,1212838
2021-11-18T00:48:34,9.02,9.59,8.88,1212838
2021-11-18T00:53:35,9.02,9.59,8.88,1212838
2021-11-18T00:58:36,9.02,9.59,8.88,1212838
2021-11-18T01:03:37,9.02,9.59,8.88,1212838
2021-11-18T01:08:37,9.02,9.59,8.88,1212838
2021-11-18T01:13:38,9.02,9.59,8.88,1212838
2021-11-18T01:18:39,9.02,9.59,8.88,1212838
2021-11-18T01:23:40,9.02,9.59,8.88,1212838
2021-11-18T01:28:41,9.02,9.59,8.88,1212838
2021-11-18T01:33:41,9.02,9.59,8.88,1212838
