Date-Time,Price,High,Low,Volume
2021-11-18T00:03:30,1089.01,1119.64,1055.50,31445365
2021-11-18T00:08:31,1089.01,1119.64,1055.50,31445365
2021-11-18T00:13:32,1089.01,1119.64,1055.50,31445365
2021-11-18T00:18:33,1089.01,1119.64,1055.50,31445365
2021-11-18T00:23:33,1089.01,1119.64,1055.50,31445365
2021-11-18T00:28:34,1089.01,1119.64,1055.50,31445365
2021-11-18T00:33:35,1089.01,1119.64,1055.50,31445365
2021-11-18T00:38:36,1089.01,1119.64,1055.50,31445365
2021-11-18T00:43:37,1089.01,1119.64,1055.50,31445365
2021-11-18T00:48:38,1089.01,1119.64,1055.50,31445365
2021-11-18T00:53:39,1089.01,1119.64,1055.50,31445365
2021-11-18T00:58:39,1089.01,1119.64,1055.50,31445365
2021-11-18T01:03:40,1089.01,1119.64,1055.50,31445365
2021-11-18T01:08:41,1089.01,1119.64,1055.50,31445365
2021-11-18T01:13:42,1089.01,1119.64,1055.50,31445365
2021-11-18T01:18:43,1089.01,1119.64,1055.50,31445365
2021-11-18T01:23:44,1089.01,1119.64,1055.50,31445365
2021-11-18T01:28:45,1089.01,1119.64,1055.50,31445365
2021-11-18T01:33:45,1089.01,1119.64,1055.50,31445365
2021-11-18T01:38:46,1089.01,1119.64,1055.50,31445365
2021-11-18T01:43:47,1089.01,1119.64,1055.50,31445365
2021-11-18T01:48:48,1089.01,1119.64,1055.50,31445365
2021-11-18T01:53:49,1089.01,1119.64,1055.50,31445365
2021-11-18T01:58:49,1089.01,1119.64,1055.50,31445365
2021-11-18T02:03:50,1089.01,1119.64,1055.50,31445365
2021-11-18T02:08:51,1089.01,1119.64,1055.50,31445365
2021-11-18T02:13:52,1089.01,1119.64,1055.50,31445365
2021-11-18T02:18:53,1089.01,1119.64,1055.50,31445365
2021-11-18T02:23:54,1089.01,1119.64,1055.50,31445365
2021-11-18T02:28:54,1089.01,1119.64,1055.50,31445365
2021-11-18T02:33:55,1089.01,1119.64,1055.50,31445365
2021-11-18T02:38:56,1089.01,1119.64,1055.50,31445365
2021-11-18T02:43:56,1089.01,1119.64,1055.50,31445365
2021-11-18T02:48:57,1089.01,1119.64,1055.50,31445365
2021-11-18T02:53:58,1089.01,1119.64,1055.50,31445365
2021-11-18T02:58:59,1089.01,1119.64,1055.50,31445365
2021-11-18T03:04:00,1089.01,1119.64,1055.50,31445365
2021-11-18T03:09:01,1089.01,1119.64,1055.50,31445365
2021-11-18T03:14:01,1089.01,1119.64,1055.50,31445365
2021-11-18T03:19:02,1089.01,1119.64,1055.50,31445365
2021-11-18T03:24:03,1089.01,1119.64,1055.50,31445365
2021-11-18T03:29:04,1089.01,1119.64,1055.50,31445365
2021-11-18T03:34:04,1089.01,1119.64,1055.50,31445365
2021-11-18T03:39:05,1089.01,1119.64,1055.50,31445365
2021-11-18T03:44:06,1089.01,1119.64,1055.50,31445365
2021-11-18T03:49:07,1089.01,1119.64,1055.50,31445365
2021-11-18T03:54:07,1089.01,1119.64,1055.50,31445365
2021-11-18T03:59:08,1089.01,1119.64,1055.50,31445365
2021-11-18T04:04:09,1089.01,1119.64,1055.50,31445365
2021-11-18T04:09:10,1089.01,1119.64,1055.50,31445365
2021-11-18T04:14:10,1089.01,1119.64,1055.50,31445365
2021-11-18T04:19:11,1089.01,1119.64,1055.50,31445365
2021-11-18T04:24:12,1089.01,1119.64,1055.50,31445365
2021-11-18T04:29:13,1089.01,1119.64,1055.50,31445365
2021-11-18T04:34:13,1089.01,1119.64,1055.50,31445365
2021-11-18T04:39:14,1089.01,1119.64,1055.50,31445365
2021-11-18T04:44:15,1089.01,1119.64,1055.50,31445365
2021-11-18T04:49:16,1089.01,1119.64,1055.50,31445365
2021-11-18T04:54:16,1089.01,1119.64,1055.50,31445365
2021-11-18T04:59:17,1089.01,1119.64,1055.50,31445365
2021-11-18T05:04:18,1089.01,1119.64,1055.50,31445365
2021-11-18T05:09:19,1089.01,1119.64,1055.50,31445365
2021-11-18T05:14:20,1089.01,1119.64,1055.50,31445365
2021-11-18T05:19:20,1089.01,1119.64,1055.50,31445365
2021-11-18T05:24:21,1089.01,1119.64,1055.50,31445365
2021-11-18T05:29:22,1089.01,1119.64,1055.50,31445365
2021-11-18T05:34:23,1089.01,1119.64,1055.50,31445365
2021-11-18T05:39:23,1089.01,1119.64,1055.50,31445365
2021-11-18T05:44:24,1089.01,1119.64,1055.50,31445365
2021-11-18T05:49:25,1089.01,1119.64,1055.50,31445365
2021-11-18T05:54:26,1089.01,1119.64,1055.50,31445365
2021-11-18T05:59:26,1089.01,1119.64,1055.50,31445365
2021-11-18T06:04:27,1089.01,1119.64,1055.50,31445365
2021-11-18T06:09:28,1089.01,1119.64,1055.50,31445365
2021-11-18T06:14:28,1089.01,1119.64,1055.50,31445365
2021-11-18T06:19:29,1089.01,1119.64,1055.50,31445365
2021-11-18T06:24:30,1089.01,1119.64,1055.50,31445365
2021-11-18T06:29:31,1089.01,1119.64,1055.50,31445365
2021-11-18T06:34:31,1089.01,1119.64,1055.50,31445365
2021-11-18T06:39:32,1089.01,1119.64,1055.50,31445365
2021-11-18T06:44:33,1089.01,1119.64,1055.50,31445365
2021-11-18T06:49:33,1098.25,1106.94,1090.00,1654738
2021-11-18T06:54:34,1102.00,1110.75,1090.00,2344599
2021-11-18T06:59:35,1106.9754,1112.00,1090.00,2797524
2021-11-18T07:04:36,1104.38,1112.00,1090.00,3199046
2021-11-18T07:09:36,1103.6199,1112.00,1090.00,3800387
2021-11-18T07:14:37,1101.53,1112.00,1090.00,4053240
2021-11-18T07:19:38,1095.326,1112.00,1090.00,4327738
2021-11-18T07:24:38,1096.21,1112.00,1090.00,4682470
2021-11-18T07:29:39,1091.17,1112.00,1085.96,5322175
2021-11-18T07:34:40,1092.75,1112.00,1085.96,5714446
2021-11-18T07:39:40,1096.535,1112.00,1085.96,6100848
2021-11-18T07:44:41,1093.8319,1112.00,1085.96,6347545
2021-11-18T07:49:42,1095.15,1112.00,1085.96,6531296
2021-11-18T07:54:43,1097.7215,1112.00,1085.96,6758739
2021-11-18T07:59:43,1097.27,1112.00,1085.96,7120920
2021-11-18T08:04:44,1095.83,1112.00,1085.96,7336097
2021-11-18T08:09:45,1099.8615,1112.00,1085.96,7500244
2021-11-18T08:14:46,1102.87,1112.00,1085.96,7844470
2021-11-18T08:19:46,1099.45,1112.00,1085.96,8012025
2021-11-18T08:24:47,1099.10,1112.00,1085.96,8146771
2021-11-18T08:29:48,1099.11,1112.00,1085.96,8259844
2021-11-18T08:34:49,1101.54,1112.00,1085.96,8416987
2021-11-18T08:39:49,1100.755,1112.00,1085.96,8521808
2021-11-18T08:44:50,1098.60,1112.00,1085.96,8624064
2021-11-18T08:49:51,1102.5331,1112.00,1085.96,8826395
2021-11-18T08:54:52,1102.3899,1112.00,1085.96,9206721
2021-11-18T08:59:52,1104.45,1112.00,1085.96,9336046
2021-11-18T09:04:53,1106.4501,1112.00,1085.96,9752852
2021-11-18T09:09:54,1106.75,1112.00,1085.96,9948689
2021-11-18T09:14:55,1102.60,1112.00,1085.96,10118055
2021-11-18T09:19:55,1104.60,1112.00,1085.96,10261911
2021-11-18T09:24:56,1103.4947,1112.00,1085.96,10338406
2021-11-18T09:29:57,1101.4601,1112.00,1085.96,10416406
2021-11-18T09:34:58,1100.35,1112.00,1085.96,10544255
