Date-Time,Price,High,Low,Volume
2021-11-12T00:03:46,42.20,42.22,40.3535,39933984
2021-11-12T00:13:54,42.20,42.22,40.3535,39933984
2021-11-12T00:24:03,42.20,42.22,40.3535,39933984
2021-11-12T00:34:11,42.20,42.22,40.3535,39933984
2021-11-12T00:44:19,42.20,42.22,40.3535,39933984
2021-11-12T00:54:27,42.20,42.22,40.3535,39933984
2021-11-12T01:04:35,42.20,42.22,40.3535,39933984
2021-11-12T01:31:26,42.20,42.22,40.3535,39933984
2021-11-12T01:36:04,42.20,42.22,40.3535,39933984
2021-11-12T01:46:57,42.20,42.22,40.3535,39933984
2021-11-12T02:06:22,42.20,42.22,40.3535,39933984
2021-11-12T02:17:43,42.20,42.22,40.3535,39933984
2021-11-12T02:19:53,42.20,42.22,40.3535,39933984
2021-11-12T02:21:16,42.20,42.22,40.3535,39933984
2021-11-12T02:26:17,42.20,42.22,40.3535,39933984
2021-11-12T02:31:17,42.20,42.22,40.3535,39933984
2021-11-12T02:36:18,42.20,42.22,40.3535,39933984
2021-11-12T02:41:19,42.20,42.22,40.3535,39933984
2021-11-12T02:46:20,42.20,42.22,40.3535,39933984
2021-11-12T02:51:20,42.20,42.22,40.3535,39933984
2021-11-12T02:56:21,42.20,42.22,40.3535,39933984
2021-11-12T03:01:22,42.20,42.22,40.3535,39933984
2021-11-12T03:06:23,42.20,42.22,40.3535,39933984
2021-11-12T03:11:24,42.20,42.22,40.3535,39933984
2021-11-12T03:16:25,42.20,42.22,40.3535,39933984
2021-11-12T03:21:25,42.20,42.22,40.3535,39933984
2021-11-12T03:27:52,42.20,42.22,40.3535,39933984
2021-11-12T03:32:53,42.20,42.22,40.3535,39933984
2021-11-12T03:37:53,42.20,42.22,40.3535,39933984
2021-11-12T03:42:54,42.20,42.22,40.3535,39933984
2021-11-12T03:47:55,42.20,42.22,40.3535,39933984
2021-11-12T03:52:56,42.20,42.22,40.3535,39933984
2021-11-12T03:57:57,42.20,42.22,40.3535,39933984
2021-11-12T04:02:58,42.20,42.22,40.3535,39933984
2021-11-12T04:07:58,42.20,42.22,40.3535,39933984
2021-11-12T04:12:59,42.20,42.22,40.3535,39933984
2021-11-12T04:18:00,42.20,42.22,40.3535,39933984
2021-11-12T04:23:01,42.20,42.22,40.3535,39933984
2021-11-12T04:28:02,42.20,42.22,40.3535,39933984
2021-11-12T04:33:02,42.20,42.22,40.3535,39933984
2021-11-12T04:38:03,42.20,42.22,40.3535,39933984
2021-11-12T04:43:04,42.20,42.22,40.3535,39933984
2021-11-12T04:48:05,42.20,42.22,40.3535,39933984
2021-11-12T04:53:05,42.20,42.22,40.3535,39933984
2021-11-12T04:58:06,42.20,42.22,40.3535,39933984
2021-11-12T05:03:07,42.20,42.22,40.3535,39933984
2021-11-12T05:08:08,42.20,42.22,40.3535,39933984
2021-11-12T05:13:09,42.20,42.22,40.3535,39933984
2021-11-12T05:18:10,42.20,42.22,40.3535,39933984
2021-11-12T05:23:11,42.20,42.22,40.3535,39933984
2021-11-12T05:28:11,42.20,42.22,40.3535,39933984
2021-11-12T05:33:12,42.20,42.22,40.3535,39933984
2021-11-12T05:38:13,42.20,42.22,40.3535,39933984
2021-11-12T05:43:14,42.20,42.22,40.3535,39933984
2021-11-12T05:48:15,42.20,42.22,40.3535,39933984
2021-11-12T05:53:16,42.20,42.22,40.3535,39933984
2021-11-12T05:58:16,42.20,42.22,40.3535,39933984
2021-11-12T06:03:17,42.20,42.22,40.3535,39933984
2021-11-12T06:08:18,42.20,42.22,40.3535,39933984
2021-11-12T06:13:19,42.20,42.22,40.3535,39933984
2021-11-12T06:18:19,42.20,42.22,40.3535,39933984
2021-11-12T06:23:20,42.20,42.22,40.3535,39933984
2021-11-12T06:28:21,42.20,42.22,40.3535,39933984
2021-11-12T06:33:22,42.20,42.22,40.3535,39933984
2021-11-12T06:38:23,42.20,42.22,40.3535,1251163
2021-11-12T06:43:23,42.20,42.22,40.3535,1329506
2021-11-12T06:48:24,43.25,43.28,42.39,3457304
2021-11-12T06:53:25,43.41,43.55,42.39,5245210
2021-11-12T06:58:26,43.02,43.55,42.39,7473004
2021-11-12T07:03:26,42.63,43.55,42.39,9160550
