Date-Time,Price,High,Low,Volume
2021-12-09T00:03:36,1068.96,1072.38,1033.0001,13968790
2021-12-09T00:08:36,1068.96,1072.38,1033.0001,13968790
2021-12-09T00:13:37,1068.96,1072.38,1033.0001,13968790
2021-12-09T00:18:38,1068.96,1072.38,1033.0001,13968790
2021-12-09T00:23:39,1068.96,1072.38,1033.0001,13968790
2021-12-09T00:28:40,1068.96,1072.38,1033.0001,13968790
2021-12-09T00:33:40,1068.96,1072.38,1033.0001,13968790
2021-12-09T00:38:41,1068.96,1072.38,1033.0001,13968790
2021-12-09T00:43:42,1068.96,1072.38,1033.0001,13968790
2021-12-09T00:48:43,1068.96,1072.38,1033.0001,13968790
2021-12-09T00:53:44,1068.96,1072.38,1033.0001,13968790
2021-12-09T00:58:44,1068.96,1072.38,1033.0001,13968790
2021-12-09T01:03:45,1068.96,1072.38,1033.0001,13968790
2021-12-09T01:08:46,1068.96,1072.38,1033.0001,13968790
2021-12-09T01:13:47,1068.96,1072.38,1033.0001,13968790
2021-12-09T01:18:47,1068.96,1072.38,1033.0001,13968790
2021-12-09T01:23:49,1068.96,1072.38,1033.0001,13968790
2021-12-09T01:28:49,1068.96,1072.38,1033.0001,13968790
2021-12-09T01:33:50,1068.96,1072.38,1033.0001,13968790
2021-12-09T01:38:51,1068.96,1072.38,1033.0001,13968790
2021-12-09T01:43:52,1068.96,1072.38,1033.0001,13968790
2021-12-09T01:48:52,1068.96,1072.38,1033.0001,13968790
2021-12-09T01:53:53,1068.96,1072.38,1033.0001,13968790
2021-12-09T01:58:54,1068.96,1072.38,1033.0001,13968790
2021-12-09T02:03:55,1068.96,1072.38,1033.0001,13968790
2021-12-09T02:08:55,1068.96,1072.38,1033.0001,13968790
2021-12-09T02:13:56,1068.96,1072.38,1033.0001,13968790
2021-12-09T02:18:57,1068.96,1072.38,1033.0001,13968790
2021-12-09T02:23:58,1068.96,1072.38,1033.0001,13968790
2021-12-09T02:28:59,1068.96,1072.38,1033.0001,13968790
2021-12-09T02:34:00,1068.96,1072.38,1033.0001,13968790
2021-12-09T02:39:00,1068.96,1072.38,1033.0001,13968790
