Date-Time,Price,High,Low,Volume
2021-12-09T00:04:27,7.35,7.42,6.94,998726
2021-12-09T00:09:28,7.35,7.42,6.94,998726
2021-12-09T00:14:29,7.35,7.42,6.94,998726
2021-12-09T00:19:29,7.35,7.42,6.94,998726
2021-12-09T00:24:30,7.35,7.42,6.94,998726
2021-12-09T00:29:31,7.35,7.42,6.94,998726
2021-12-09T00:34:32,7.35,7.42,6.94,998726
2021-12-09T00:39:33,7.35,7.42,6.94,998726
2021-12-09T00:44:33,7.35,7.42,6.94,998726
2021-12-09T00:49:34,7.35,7.42,6.94,998726
2021-12-09T00:54:35,7.35,7.42,6.94,998726
2021-12-09T00:59:36,7.35,7.42,6.94,998726
2021-12-09T01:04:37,7.35,7.42,6.94,998726
2021-12-09T01:09:38,7.35,7.42,6.94,998726
2021-12-09T01:14:38,7.35,7.42,6.94,998726
2021-12-09T01:19:39,7.35,7.42,6.94,998726
2021-12-09T01:24:40,7.35,7.42,6.94,998726
2021-12-09T01:29:41,7.35,7.42,6.94,998726
2021-12-09T01:34:42,7.35,7.42,6.94,998726
2021-12-09T01:39:44,7.35,7.42,6.94,998726
