Date-Time,Price,High,Low,Volume
2021-12-09T00:03:25,122.12,123.40,112.82,12815992
2021-12-09T00:08:26,122.12,123.40,112.82,12815992
2021-12-09T00:13:27,122.12,123.40,112.82,12815992
2021-12-09T00:18:28,122.12,123.40,112.82,12815992
2021-12-09T00:23:29,122.12,123.40,112.82,12815992
2021-12-09T00:28:30,122.12,123.40,112.82,12815992
2021-12-09T00:33:31,122.12,123.40,112.82,12815992
2021-12-09T00:38:32,122.12,123.40,112.82,12815992
2021-12-09T00:43:33,122.12,123.40,112.82,12815992
2021-12-09T00:48:33,122.12,123.40,112.82,12815992
2021-12-09T00:53:34,122.12,123.40,112.82,12815992
2021-12-09T00:58:35,122.12,123.40,112.82,12815992
2021-12-09T01:03:36,122.12,123.40,112.82,12815992
2021-12-09T01:08:37,122.12,123.40,112.82,12815992
2021-12-09T01:13:37,122.12,123.40,112.82,12815992
2021-12-09T01:18:38,122.12,123.40,112.82,12815992
2021-12-09T01:23:39,122.12,123.40,112.82,12815992
2021-12-09T01:28:40,122.12,123.40,112.82,12815992
2021-12-09T01:33:41,122.12,123.40,112.82,12815992
2021-12-09T01:38:41,122.12,123.40,112.82,12815992
2021-12-09T01:43:42,122.12,123.40,112.82,12815992
2021-12-09T01:48:43,122.12,123.40,112.82,12815992
2021-12-09T01:53:44,122.12,123.40,112.82,12815992
2021-12-09T01:58:45,122.12,123.40,112.82,12815992
2021-12-09T02:03:45,122.12,123.40,112.82,12815992
2021-12-09T02:08:46,122.12,123.40,112.82,12815992
2021-12-09T02:13:47,122.12,123.40,112.82,12815992
2021-12-09T02:18:48,122.12,123.40,112.82,12815992
2021-12-09T02:23:48,122.12,123.40,112.82,12815992
2021-12-09T02:28:49,122.12,123.40,112.82,12815992
2021-12-09T02:33:50,122.12,123.40,112.82,12815992
2021-12-09T02:38:51,122.12,123.40,112.82,12815992
2021-12-09T02:43:52,122.12,123.40,112.82,12815992
2021-12-09T02:48:52,122.12,123.40,112.82,12815992
2021-12-09T02:53:53,122.12,123.40,112.82,12815992
2021-12-09T02:58:54,122.12,123.40,112.82,12815992
2021-12-09T03:03:55,122.12,123.40,112.82,12815992
2021-12-09T03:08:56,122.12,123.40,112.82,12815992
2021-12-09T03:13:57,122.12,123.40,112.82,12815992
2021-12-09T03:18:57,122.12,123.40,112.82,12815992
2021-12-09T03:23:58,122.12,123.40,112.82,12815992
2021-12-09T03:28:59,122.12,123.40,112.82,12815992
2021-12-09T03:34:00,122.12,123.40,112.82,12815992
2021-12-09T03:39:01,122.12,123.40,112.82,12815992
2021-12-09T03:44:02,122.12,123.40,112.82,12815992
2021-12-09T03:49:03,122.12,123.40,112.82,12815992
2021-12-09T03:54:04,122.12,123.40,112.82,12815992
2021-12-09T03:59:05,122.12,123.40,112.82,12815992
2021-12-09T04:04:05,122.12,123.40,112.82,12815992
2021-12-09T04:09:06,122.12,123.40,112.82,12815992
2021-12-09T04:14:07,122.12,123.40,112.82,12815992
2021-12-09T04:19:08,122.12,123.40,112.82,12815992
2021-12-09T04:24:09,122.12,123.40,112.82,12815992
2021-12-09T04:29:09,122.12,123.40,112.82,12815992
2021-12-09T04:34:10,122.12,123.40,112.82,12815992
2021-12-09T04:39:11,122.12,123.40,112.82,12815992
2021-12-09T04:44:12,122.12,123.40,112.82,12815992
2021-12-09T04:49:12,122.12,123.40,112.82,12815992
2021-12-09T04:54:13,122.12,123.40,112.82,12815992
2021-12-09T04:59:14,122.12,123.40,112.82,12815992
2021-12-09T05:04:15,122.12,123.40,112.82,12815992
2021-12-09T05:09:15,122.12,123.40,112.82,12815992
2021-12-09T05:14:16,122.12,123.40,112.82,12815992
2021-12-09T05:19:17,122.12,123.40,112.82,12815992
2021-12-09T05:24:20,122.12,123.40,112.82,12815992
2021-12-09T05:29:20,122.12,123.40,112.82,12815992
2021-12-09T05:34:21,122.12,123.40,112.82,12815992
2021-12-09T05:39:22,122.12,123.40,112.82,12815992
2021-12-09T05:44:22,122.12,123.40,112.82,12815992
2021-12-09T05:49:23,122.12,123.40,112.82,12815992
2021-12-09T05:54:24,122.12,123.40,112.82,12815992
2021-12-09T05:59:25,122.12,123.40,112.82,12815992
2021-12-09T06:04:26,122.12,123.40,112.82,12815992
2021-12-09T06:09:26,122.12,123.40,112.82,12815992
2021-12-09T06:14:27,122.12,123.40,112.82,12815992
2021-12-09T06:19:28,122.12,123.40,112.82,12815992
2021-12-09T06:24:29,122.12,123.40,112.82,12815992
2021-12-09T06:29:29,122.12,123.40,112.82,12815992
2021-12-09T06:34:30,122.12,123.40,112.82,12815992
2021-12-09T06:39:31,122.12,123.40,112.82,12815992
