Date-Time,Price,High,Low,Volume
2022-04-20T16:22:28,200.42,214.16,198.92,43006256
2022-04-20T16:27:29,200.42,214.16,198.92,43007338
2022-04-20T16:32:30,200.42,214.16,198.92,43012661
2022-04-20T16:37:30,200.42,214.16,198.92,43013737
2022-04-20T16:42:31,200.42,214.16,198.92,43014571
2022-04-20T16:47:32,200.42,214.16,198.92,43016609
2022-04-20T16:52:33,200.42,214.16,198.92,43017970
2022-04-20T16:57:34,200.42,214.16,198.92,43020838
2022-04-20T17:02:35,200.42,214.16,198.92,43023778
2022-04-20T17:07:35,200.42,214.16,198.92,43024840
2022-04-20T17:12:36,200.42,214.16,198.92,43030664
