Date-Time,Price,High,Low,Volume
2022-04-20T00:01:17,39.15,39.77,36.66,11382222
2022-04-20T00:06:18,39.15,39.77,36.66,11382222
2022-04-20T00:11:19,39.15,39.77,36.66,11382222
2022-04-20T00:16:20,39.15,39.77,36.66,11382222
2022-04-20T00:21:20,39.15,39.77,36.66,11382222
2022-04-20T00:26:21,39.15,39.77,36.66,11382222
2022-04-20T00:31:22,39.15,39.77,36.66,11382222
2022-04-20T00:36:23,39.15,39.77,36.66,11382222
2022-04-20T00:41:24,39.15,39.77,36.66,11382222
2022-04-20T00:46:25,39.15,39.77,36.66,11382222
2022-04-20T00:51:25,39.15,39.77,36.66,11382222
2022-04-20T00:56:26,39.15,39.77,36.66,11382222
2022-04-20T01:01:27,39.15,39.77,36.66,11382222
2022-04-20T01:06:28,39.15,39.77,36.66,11382222
2022-04-20T01:11:29,39.15,39.77,36.66,11382222
2022-04-20T01:16:30,39.15,39.77,36.66,11382222
2022-04-20T01:21:31,39.15,39.77,36.66,11382222
2022-04-20T01:26:32,39.15,39.77,36.66,11382222
2022-04-20T01:31:33,39.15,39.77,36.66,11382222
2022-04-20T01:36:34,39.15,39.77,36.66,11382222
2022-04-20T01:41:35,39.15,39.77,36.66,11382222
2022-04-20T01:46:36,39.15,39.77,36.66,11382222
2022-04-20T01:51:37,39.15,39.77,36.66,11382222
2022-04-20T01:56:38,39.15,39.77,36.66,11382222
2022-04-20T02:01:38,39.15,39.77,36.66,11382222
2022-04-20T02:06:39,39.15,39.77,36.66,11382222
2022-04-20T02:11:40,39.15,39.77,36.66,11382222
2022-04-20T02:16:41,39.15,39.77,36.66,11382222
2022-04-20T02:21:42,39.15,39.77,36.66,11382222
2022-04-20T02:26:43,39.15,39.77,36.66,11382222
2022-04-20T02:31:44,39.15,39.77,36.66,11382222
2022-04-20T02:36:44,39.15,39.77,36.66,11382222
2022-04-20T02:41:45,39.15,39.77,36.66,11382222
2022-04-20T02:46:46,39.15,39.77,36.66,11382222
2022-04-20T02:51:47,39.15,39.77,36.66,11382222
2022-04-20T02:56:48,39.15,39.77,36.66,11382222
2022-04-20T03:01:49,39.15,39.77,36.66,11382222
2022-04-20T03:06:50,39.15,39.77,36.66,11382222
2022-04-20T03:11:51,39.15,39.77,36.66,11382222
2022-04-20T03:16:51,39.15,39.77,36.66,11382222
2022-04-20T03:21:52,39.15,39.77,36.66,11382222
2022-04-20T03:26:53,39.15,39.77,36.66,11382222
