Date-Time,Price,High,Low,Volume
2022-04-20T00:01:17,1028.15,1034.94,995.325,16615944
2022-04-20T00:06:18,1028.15,1034.94,995.325,16615944
2022-04-20T00:11:19,1028.15,1034.94,995.325,16615944
2022-04-20T00:16:20,1028.15,1034.94,995.325,16615944
2022-04-20T00:21:20,1028.15,1034.94,995.325,16615944
2022-04-20T00:26:21,1028.15,1034.94,995.325,16615944
2022-04-20T00:31:22,1028.15,1034.94,995.325,16615944
2022-04-20T00:36:23,1028.15,1034.94,995.325,16615944
2022-04-20T00:41:24,1028.15,1034.94,995.325,16615944
2022-04-20T00:46:25,1028.15,1034.94,995.325,16615944
2022-04-20T00:51:25,1028.15,1034.94,995.325,16615944
2022-04-20T00:56:26,1028.15,1034.94,995.325,16615944
2022-04-20T01:01:27,1028.15,1034.94,995.325,16615944
2022-04-20T01:06:28,1028.15,1034.94,995.325,16615944
2022-04-20T01:11:29,1028.15,1034.94,995.325,16615944
2022-04-20T01:16:30,1028.15,1034.94,995.325,16615944
2022-04-20T01:21:31,1028.15,1034.94,995.325,16615944
2022-04-20T01:26:32,1028.15,1034.94,995.325,16615944
2022-04-20T01:31:33,1028.15,1034.94,995.325,16615944
2022-04-20T01:36:34,1028.15,1034.94,995.325,16615944
2022-04-20T01:41:35,1028.15,1034.94,995.325,16615944
2022-04-20T01:46:36,1028.15,1034.94,995.325,16615944
2022-04-20T01:51:38,1028.15,1034.94,995.325,16615944
2022-04-20T01:56:38,1028.15,1034.94,995.325,16615944
2022-04-20T02:01:39,1028.15,1034.94,995.325,16615944
2022-04-20T02:06:40,1028.15,1034.94,995.325,16615944
2022-04-20T02:11:41,1028.15,1034.94,995.325,16615944
2022-04-20T02:16:42,1028.15,1034.94,995.325,16615944
2022-04-20T02:21:42,1028.15,1034.94,995.325,16615944
2022-04-20T02:26:43,1028.15,1034.94,995.325,16615944
2022-04-20T02:31:44,1028.15,1034.94,995.325,16615944
2022-04-20T02:36:45,1028.15,1034.94,995.325,16615944
2022-04-20T02:41:46,1028.15,1034.94,995.325,16615944
2022-04-20T02:46:47,1028.15,1034.94,995.325,16615944
2022-04-20T02:51:48,1028.15,1034.94,995.325,16615944
2022-04-20T02:56:48,1028.15,1034.94,995.325,16615944
2022-04-20T03:01:49,1028.15,1034.94,995.325,16615944
2022-04-20T03:06:50,1028.15,1034.94,995.325,16615944
2022-04-20T03:11:51,1028.15,1034.94,995.325,16615944
2022-04-20T03:16:52,1028.15,1034.94,995.325,16615944
2022-04-20T03:21:52,1028.15,1034.94,995.325,16615944
2022-04-20T03:26:53,1028.15,1034.94,995.325,16615944
2022-04-20T03:31:54,1028.15,1034.94,995.325,16615944
2022-04-20T03:36:55,1028.15,1034.94,995.325,16615944
2022-04-20T03:41:56,1028.15,1034.94,995.325,16615944
2022-04-20T03:46:57,1028.15,1034.94,995.325,16615944
2022-04-20T03:51:58,1028.15,1034.94,995.325,16615944
2022-04-20T03:56:59,1028.15,1034.94,995.325,16615944
2022-04-20T04:02:00,1028.15,1034.94,995.325,16615944
2022-04-20T04:07:00,1028.15,1034.94,995.325,16615944
2022-04-20T04:12:01,1028.15,1034.94,995.325,16615944
2022-04-20T04:17:02,1028.15,1034.94,995.325,16615944
2022-04-20T04:22:03,1028.15,1034.94,995.325,16615944
2022-04-20T04:27:04,1028.15,1034.94,995.325,16615944
2022-04-20T04:32:05,1028.15,1034.94,995.325,16615944
2022-04-20T04:37:05,1028.15,1034.94,995.325,16615944
2022-04-20T04:42:06,1028.15,1034.94,995.325,16615944
2022-04-20T04:47:07,1028.15,1034.94,995.325,16615944
2022-04-20T04:52:08,1028.15,1034.94,995.325,16615944
2022-04-20T04:57:09,1028.15,1034.94,995.325,16615944
2022-04-20T05:02:09,1028.15,1034.94,995.325,16615944
2022-04-20T05:07:10,1028.15,1034.94,995.325,16615944
2022-04-20T05:12:11,1028.15,1034.94,995.325,16615944
2022-04-20T05:17:12,1028.15,1034.94,995.325,16615944
2022-04-20T05:22:13,1028.15,1034.94,995.325,16615944
2022-04-20T05:27:14,1028.15,1034.94,995.325,16615944
2022-04-20T05:32:14,1028.15,1034.94,995.325,16615944
2022-04-20T05:37:15,1028.15,1034.94,995.325,16615944
2022-04-20T05:42:16,1028.15,1034.94,995.325,16615944
2022-04-20T05:47:17,1028.15,1034.94,995.325,16615944
2022-04-20T05:52:18,1028.15,1034.94,995.325,16615944
2022-04-20T05:57:19,1028.15,1034.94,995.325,16615944
2022-04-20T06:02:20,1028.15,1034.94,995.325,16615944
2022-04-20T06:07:21,1028.15,1034.94,995.325,16615944
2022-04-20T06:12:21,1028.15,1034.94,995.325,16615944
2022-04-20T06:17:23,1028.15,1034.94,995.325,16615944
2022-04-20T06:22:24,1028.15,1034.94,995.325,16615944
2022-04-20T06:27:25,1028.15,1034.94,995.325,16615944
2022-04-20T06:32:26,1028.15,1034.94,995.325,16615944
2022-04-20T06:37:26,1028.15,1034.94,995.325,16615944
2022-04-20T06:42:27,1028.15,1034.94,995.325,16615944
2022-04-20T06:47:28,1027.4155,1034.00,1026.89,939803
2022-04-20T06:52:29,1021.5997,1034.00,1020.33,1413833
2022-04-20T06:57:30,1019.47,1034.00,1018.00,1867972
2022-04-20T07:02:30,1016.9605,1034.00,1014.3716,2338117
2022-04-20T07:07:31,1009.935,1034.00,1008.00,2766316
2022-04-20T07:12:32,1005.3399,1034.00,1004.67,3273120
2022-04-20T07:17:33,1001.595,1034.00,997.30,3876959
2022-04-20T07:22:34,994.3701,1034.00,991.87,4419090
2022-04-20T07:27:34,1000.53,1034.00,991.87,4888395
2022-04-20T07:32:35,1003.235,1034.00,991.87,5252350
2022-04-20T07:37:36,1001.505,1034.00,991.87,5607657
2022-04-20T07:42:37,998.1103,1034.00,991.37,6048180
2022-04-20T07:47:38,994.00,1034.00,991.37,6336328
2022-04-20T07:52:39,999.18,1034.00,991.37,6690948
2022-04-20T07:57:39,1000.41,1034.00,991.37,6990772
2022-04-20T08:02:40,1001.52,1034.00,991.37,7288390
2022-04-20T08:07:41,1006.605,1034.00,991.37,7617256
2022-04-20T08:12:42,1002.95,1034.00,991.37,7812420
2022-04-20T08:17:43,1000.685,1034.00,991.37,8072400
2022-04-20T08:22:44,1001.3894,1034.00,991.37,8246680
2022-04-20T08:27:45,998.60,1034.00,991.37,8398066
