Date-Time,Price,High,Low,Volume
2022-04-20T00:03:55,5.84,5.96,5.73,646747
2022-04-20T00:08:56,5.84,5.96,5.73,646747
2022-04-20T00:13:57,5.84,5.96,5.73,646747
2022-04-20T00:18:57,5.84,5.96,5.73,646747
2022-04-20T00:23:58,5.84,5.96,5.73,646747
2022-04-20T00:28:59,5.84,5.96,5.73,646747
2022-04-20T00:34:00,5.84,5.96,5.73,646747
2022-04-20T00:39:01,5.84,5.96,5.73,646747
2022-04-20T00:44:02,5.84,5.96,5.73,646747
2022-04-20T00:49:03,5.84,5.96,5.73,646747
2022-04-20T00:54:04,5.84,5.96,5.73,646747
2022-04-20T00:59:04,5.84,5.96,5.73,646747
2022-04-20T01:04:05,5.84,5.96,5.73,646747
2022-04-20T01:09:06,5.84,5.96,5.73,646747
2022-04-20T01:14:07,5.84,5.96,5.73,646747
2022-04-20T01:19:08,5.84,5.96,5.73,646747
2022-04-20T01:24:09,5.84,5.96,5.73,646747
2022-04-20T01:29:10,5.84,5.96,5.73,646747
2022-04-20T01:34:11,5.84,5.96,5.73,646747
2022-04-20T01:39:12,5.84,5.96,5.73,646747
2022-04-20T01:44:13,5.84,5.96,5.73,646747
2022-04-20T01:49:14,5.84,5.96,5.73,646747
2022-04-20T01:54:15,5.84,5.96,5.73,646747
2022-04-20T01:59:15,5.84,5.96,5.73,646747
2022-04-20T02:04:16,5.84,5.96,5.73,646747
2022-04-20T02:09:17,5.84,5.96,5.73,646747
2022-04-20T02:14:18,5.84,5.96,5.73,646747
2022-04-20T02:19:19,5.84,5.96,5.73,646747
2022-04-20T02:24:20,5.84,5.96,5.73,646747
2022-04-20T02:29:21,5.84,5.96,5.73,646747
2022-04-20T02:34:21,5.84,5.96,5.73,646747
2022-04-20T02:39:22,5.84,5.96,5.73,646747
2022-04-20T02:44:23,5.84,5.96,5.73,646747
2022-04-20T02:49:24,5.84,5.96,5.73,646747
2022-04-20T02:54:25,5.84,5.96,5.73,646747
2022-04-20T02:59:26,5.84,5.96,5.73,646747
2022-04-20T03:04:27,5.84,5.96,5.73,646747
2022-04-20T03:09:27,5.84,5.96,5.73,646747
2022-04-20T03:14:28,5.84,5.96,5.73,646747
2022-04-20T03:19:29,5.84,5.96,5.73,646747
2022-04-20T03:24:30,5.84,5.96,5.73,646747
2022-04-20T03:29:31,5.84,5.96,5.73,646747
2022-04-20T03:34:32,5.84,5.96,5.73,646747
2022-04-20T03:39:33,5.84,5.96,5.73,646747
2022-04-20T03:44:33,5.84,5.96,5.73,646747
2022-04-20T03:49:35,5.84,5.96,5.73,646747
2022-04-20T03:54:35,5.84,5.96,5.73,646747
2022-04-20T03:59:36,5.84,5.96,5.73,646747
2022-04-20T04:04:37,5.84,5.96,5.73,646747
2022-04-20T04:09:38,5.84,5.96,5.73,646747
2022-04-20T04:14:39,5.84,5.96,5.73,646747
2022-04-20T04:19:40,5.84,5.96,5.73,646747
2022-04-20T04:24:41,5.84,5.96,5.73,646747
2022-04-20T04:29:42,5.84,5.96,5.73,646747
2022-04-20T04:34:43,5.84,5.96,5.73,646747
2022-04-20T04:39:44,5.84,5.96,5.73,646747
2022-04-20T04:44:45,5.84,5.96,5.73,646747
2022-04-20T04:49:46,5.84,5.96,5.73,646747
2022-04-20T04:54:46,5.84,5.96,5.73,646747
2022-04-20T04:59:47,5.84,5.96,5.73,646747
2022-04-20T05:04:48,5.84,5.96,5.73,646747
2022-04-20T05:09:49,5.84,5.96,5.73,646747
2022-04-20T05:14:52,5.84,5.96,5.73,646747
2022-04-20T05:19:53,5.84,5.96,5.73,646747
2022-04-20T05:24:54,5.84,5.96,5.73,646747
2022-04-20T05:29:54,5.84,5.96,5.73,646747
