Date-Time,Price,High,Low,Volume
2022-05-17T00:03:41,14.55,15.43,14.28,82270002
2022-05-17T00:08:42,14.55,15.43,14.28,82270002
2022-05-17T00:13:43,14.55,15.43,14.28,82270002
2022-05-17T00:18:44,14.55,15.43,14.28,82270002
2022-05-17T00:23:45,14.55,15.43,14.28,82270002
2022-05-17T00:28:45,14.55,15.43,14.28,82270002
2022-05-17T00:33:46,14.55,15.43,14.28,82270002
2022-05-17T00:38:47,14.55,15.43,14.28,82270002
2022-05-17T00:43:48,14.55,15.43,14.28,82270002
2022-05-17T00:48:49,14.55,15.43,14.28,82270002
