Date-Time,Price,High,Low,Volume
2022-05-17T00:03:43,200.04,205.37,195.93,27112595
2022-05-17T00:08:43,200.04,205.37,195.93,27112595
2022-05-17T00:13:44,200.04,205.37,195.93,27112595
2022-05-17T00:18:45,200.04,205.37,195.93,27112595
2022-05-17T00:23:46,200.04,205.37,195.93,27112595
2022-05-17T00:28:47,200.04,205.37,195.93,27112595
2022-05-17T00:33:47,200.04,205.37,195.93,27112595
2022-05-17T00:38:48,200.04,205.37,195.93,27112595
2022-05-17T00:43:49,200.04,205.37,195.93,27112595
2022-05-17T00:48:49,200.04,205.37,195.93,27112595
2022-05-17T00:53:50,200.04,205.37,195.93,27112595
2022-05-17T00:58:51,200.04,205.37,195.93,27112595
2022-05-17T01:03:52,200.04,205.37,195.93,27112595
2022-05-17T01:08:53,200.04,205.37,195.93,27112595
2022-05-17T01:13:53,200.04,205.37,195.93,27112595
2022-05-17T01:18:54,200.04,205.37,195.93,27112595
2022-05-17T01:23:55,200.04,205.37,195.93,27112595
2022-05-17T01:28:56,200.04,205.37,195.93,27112595
2022-05-17T01:33:57,200.04,205.37,195.93,27112595
2022-05-17T01:38:57,200.04,205.37,195.93,27112595
2022-05-17T01:43:58,200.04,205.37,195.93,27112595
2022-05-17T01:48:59,200.04,205.37,195.93,27112595
