Date-Time,Price,High,Low,Volume
2022-02-01T00:00:25,5.54,5.61,5.105,728491
2022-02-01T00:05:26,5.54,5.61,5.105,728491
2022-02-01T00:10:27,5.54,5.61,5.105,728491
2022-02-01T00:15:28,5.54,5.61,5.105,728491
2022-02-01T00:20:29,5.54,5.61,5.105,728491
2022-02-01T00:25:29,5.54,5.61,5.105,728491
2022-02-01T00:30:30,5.54,5.61,5.105,728491
2022-02-01T00:35:31,5.54,5.61,5.105,728491
2022-02-01T00:40:32,5.54,5.61,5.105,728491
2022-02-01T00:45:33,5.54,5.61,5.105,728491
2022-02-01T00:50:34,5.54,5.61,5.105,728491
2022-02-01T00:55:35,5.54,5.61,5.105,728491
2022-02-01T01:00:35,5.54,5.61,5.105,728491
2022-02-01T01:05:36,5.54,5.61,5.105,728491
2022-02-01T01:10:37,5.54,5.61,5.105,728491
2022-02-01T01:15:38,5.54,5.61,5.105,728491
2022-02-01T01:20:39,5.54,5.61,5.105,728491
2022-02-01T01:25:40,5.54,5.61,5.105,728491
2022-02-01T01:30:41,5.54,5.61,5.105,728491
2022-02-01T01:35:42,5.54,5.61,5.105,728491
2022-02-01T01:40:42,5.54,5.61,5.105,728491
2022-02-01T01:45:44,5.54,5.61,5.105,728491
2022-02-01T01:50:44,5.54,5.61,5.105,728491
2022-02-01T01:55:45,5.54,5.61,5.105,728491
2022-02-01T02:00:46,5.54,5.61,5.105,728491
2022-02-01T02:05:48,5.54,5.61,5.105,728491
2022-02-01T02:10:49,5.54,5.61,5.105,728491
2022-02-01T02:15:50,5.54,5.61,5.105,728491
2022-02-01T02:20:51,5.54,5.61,5.105,728491
2022-02-01T02:25:52,5.54,5.61,5.105,728491
2022-02-01T02:30:52,5.54,5.61,5.105,728491
2022-02-01T02:35:53,5.54,5.61,5.105,728491
2022-02-01T02:40:54,5.54,5.61,5.105,728491
2022-02-01T02:45:55,5.54,5.61,5.105,728491
2022-02-01T02:50:56,5.54,5.61,5.105,728491
