Date-Time,Price,High,Low,Volume
2022-02-01T00:02:07,313.26,313.79,299.32,21579474
2022-02-01T00:07:08,313.26,313.79,299.32,21579474
2022-02-01T00:12:08,313.26,313.79,299.32,21579474
2022-02-01T00:17:09,313.26,313.79,299.32,21579474
2022-02-01T00:22:10,313.26,313.79,299.32,21579474
2022-02-01T00:27:11,313.26,313.79,299.32,21579474
2022-02-01T00:32:12,313.26,313.79,299.32,21579474
2022-02-01T00:37:13,313.26,313.79,299.32,21579474
2022-02-01T00:42:14,313.26,313.79,299.32,21579474
2022-02-01T00:47:15,313.26,313.79,299.32,21579474
2022-02-01T00:52:16,313.26,313.79,299.32,21579474
2022-02-01T00:57:17,313.26,313.79,299.32,21579474
2022-02-01T01:02:17,313.26,313.79,299.32,21579474
2022-02-01T01:07:18,313.26,313.79,299.32,21579474
2022-02-01T01:12:20,313.26,313.79,299.32,21579474
2022-02-01T01:17:20,313.26,313.79,299.32,21579474
2022-02-01T01:22:21,313.26,313.79,299.32,21579474
2022-02-01T01:27:22,313.26,313.79,299.32,21579474
2022-02-01T01:32:23,313.26,313.79,299.32,21579474
2022-02-01T01:37:24,313.26,313.79,299.32,21579474
2022-02-01T01:42:25,313.26,313.79,299.32,21579474
2022-02-01T01:47:26,313.26,313.79,299.32,21579474
2022-02-01T01:52:26,313.26,313.79,299.32,21579474
2022-02-01T01:57:27,313.26,313.79,299.32,21579474
2022-02-01T02:02:28,313.26,313.79,299.32,21579474
2022-02-01T02:07:29,313.26,313.79,299.32,21579474
2022-02-01T02:12:30,313.26,313.79,299.32,21579474
2022-02-01T02:17:31,313.26,313.79,299.32,21579474
2022-02-01T02:22:31,313.26,313.79,299.32,21579474
2022-02-01T02:27:32,313.26,313.79,299.32,21579474
2022-02-01T02:32:33,313.26,313.79,299.32,21579474
2022-02-01T02:37:34,313.26,313.79,299.32,21579474
2022-02-01T02:42:35,313.26,313.79,299.32,21579474
2022-02-01T02:47:36,313.26,313.79,299.32,21579474
