Date-Time,Price,High,Low,Volume
2022-02-01T00:04:25,24.51,24.64,21.60,96028798
2022-02-01T00:09:25,24.51,24.64,21.60,96028798
2022-02-01T00:14:26,24.51,24.64,21.60,96028798
2022-02-01T00:19:27,24.51,24.64,21.60,96028798
2022-02-01T00:24:28,24.51,24.64,21.60,96028798
2022-02-01T00:29:29,24.51,24.64,21.60,96028798
2022-02-01T00:34:30,24.51,24.64,21.60,96028798
2022-02-01T00:39:30,24.51,24.64,21.60,96028798
2022-02-01T00:44:31,24.51,24.64,21.60,96028798
2022-02-01T00:49:32,24.51,24.64,21.60,96028798
