Date-Time,Price,High,Low,Volume
2022-02-01T00:03:52,65.74,65.93,57.92,18684866
2022-02-01T00:08:53,65.74,65.93,57.92,18684866
2022-02-01T00:13:54,65.74,65.93,57.92,18684866
2022-02-01T00:18:55,65.74,65.93,57.92,18684866
2022-02-01T00:23:56,65.74,65.93,57.92,18684866
2022-02-01T00:28:57,65.74,65.93,57.92,18684866
2022-02-01T00:33:58,65.74,65.93,57.92,18684866
2022-02-01T00:38:59,65.74,65.93,57.92,18684866
2022-02-01T00:43:59,65.74,65.93,57.92,18684866
2022-02-01T00:49:00,65.74,65.93,57.92,18684866
