Date-Time,Price,High,Low,Volume
2022-04-03T00:04:52,5.93,6.68,5.61,2538645
2022-04-03T00:09:53,5.93,6.68,5.61,2538645
2022-04-03T00:14:54,5.93,6.68,5.61,2538645
2022-04-03T00:19:55,5.93,6.68,5.61,2538645
2022-04-03T00:24:56,5.93,6.68,5.61,2538645
2022-04-03T00:29:57,5.93,6.68,5.61,2538645
2022-04-03T00:34:58,5.93,6.68,5.61,2538645
2022-04-03T00:39:58,5.93,6.68,5.61,2538645
2022-04-03T00:44:59,5.93,6.68,5.61,2538645
2022-04-03T00:50:00,5.93,6.68,5.61,2538645
2022-04-03T00:55:01,5.93,6.68,5.61,2538645
2022-04-03T01:00:02,5.93,6.68,5.61,2538645
2022-04-03T01:05:03,5.93,6.68,5.61,2538645
