Date-Time,Price,High,Low,Volume
2022-04-03T00:04:22,1084.59,1094.75,1066.64,18087741
2022-04-03T00:09:23,1084.59,1094.75,1066.64,18087741
2022-04-03T00:14:24,1084.59,1094.75,1066.64,18087741
2022-04-03T00:19:24,1084.59,1094.75,1066.64,18087741
2022-04-03T00:24:25,1084.59,1094.75,1066.64,18087741
2022-04-03T00:29:26,1084.59,1094.75,1066.64,18087741
2022-04-03T00:34:27,1084.59,1094.75,1066.64,18087741
2022-04-03T00:39:28,1084.59,1094.75,1066.64,18087741
2022-04-03T00:44:29,1084.59,1094.75,1066.64,18087741
2022-04-03T00:49:30,1084.59,1094.75,1066.64,18087741
2022-04-03T00:54:31,1084.59,1094.75,1066.64,18087741
2022-04-03T00:59:31,1084.59,1094.75,1066.64,18087741
2022-04-03T01:04:32,1084.59,1094.75,1066.64,18087741
2022-04-03T01:09:33,1084.59,1094.75,1066.64,18087741
2022-04-03T01:14:34,1084.59,1094.75,1066.64,18087741
2022-04-03T01:19:35,1084.59,1094.75,1066.64,18087741
2022-04-03T01:24:36,1084.59,1094.75,1066.64,18087741
2022-04-03T01:29:37,1084.59,1094.75,1066.64,18087741
2022-04-03T01:34:38,1084.59,1094.75,1066.64,18087741
2022-04-03T01:39:38,1084.59,1094.75,1066.64,18087741
2022-04-03T01:44:39,1084.59,1094.75,1066.64,18087741
2022-04-03T01:49:40,1084.59,1094.75,1066.64,18087741
2022-04-03T01:54:41,1084.59,1094.75,1066.64,18087741
2022-04-03T01:59:42,1084.59,1094.75,1066.64,18087741
2022-04-03T02:04:43,1084.59,1094.75,1066.64,18087741
