Date-Time,Price,High,Low,Volume
2022-04-03T00:04:22,46.44,50.26,46.21,15244400
2022-04-03T00:09:23,46.44,50.26,46.21,15244400
2022-04-03T00:14:24,46.44,50.26,46.21,15244400
2022-04-03T00:19:25,46.44,50.26,46.21,15244400
2022-04-03T00:24:25,46.44,50.26,46.21,15244400
2022-04-03T00:29:26,46.44,50.26,46.21,15244400
2022-04-03T00:34:27,46.44,50.26,46.21,15244400
2022-04-03T00:39:28,46.44,50.26,46.21,15244400
2022-04-03T00:44:29,46.44,50.26,46.21,15244400
2022-04-03T00:49:30,46.44,50.26,46.21,15244400
2022-04-03T00:54:31,46.44,50.26,46.21,15244400
2022-04-03T00:59:32,46.44,50.26,46.21,15244400
2022-04-03T01:04:32,46.44,50.26,46.21,15244400
2022-04-03T01:09:33,46.44,50.26,46.21,15244400
2022-04-03T01:14:34,46.44,50.26,46.21,15244400
2022-04-03T01:19:35,46.44,50.26,46.21,15244400
2022-04-03T01:24:36,46.44,50.26,46.21,15244400
2022-04-03T01:29:37,46.44,50.26,46.21,15244400
2022-04-03T01:34:38,46.44,50.26,46.21,15244400
2022-04-03T01:39:39,46.44,50.26,46.21,15244400
2022-04-03T01:44:39,46.44,50.26,46.21,15244400
2022-04-03T01:49:40,46.44,50.26,46.21,15244400
2022-04-03T01:54:41,46.44,50.26,46.21,15244400
2022-04-03T01:59:42,46.44,50.26,46.21,15244400
2022-04-03T02:04:43,46.44,50.26,46.21,15244400
