Date-Time,Price,High,Low,Volume
2022-01-28T00:02:11,53.94,61.70,53.331,23416377
2022-01-28T00:07:12,53.94,61.70,53.331,23416377
2022-01-28T00:12:13,53.94,61.70,53.331,23416377
2022-01-28T00:17:14,53.94,61.70,53.331,23416377
2022-01-28T00:22:15,53.94,61.70,53.331,23416377
2022-01-28T00:27:15,53.94,61.70,53.331,23416377
2022-01-28T00:32:16,53.94,61.70,53.331,23416377
2022-01-28T00:37:17,53.94,61.70,53.331,23416377
2022-01-28T00:42:18,53.94,61.70,53.331,23416377
2022-01-28T00:47:19,53.94,61.70,53.331,23416377
2022-01-28T00:52:19,53.94,61.70,53.331,23416377
2022-01-28T00:57:20,53.94,61.70,53.331,23416377
2022-01-28T01:02:21,53.94,61.70,53.331,23416377
2022-01-28T01:07:22,53.94,61.70,53.331,23416377
2022-01-28T01:12:23,53.94,61.70,53.331,23416377
2022-01-28T01:17:23,53.94,61.70,53.331,23416377
2022-01-28T01:22:24,53.94,61.70,53.331,23416377
2022-01-28T01:27:25,53.94,61.70,53.331,23416377
2022-01-28T01:32:26,53.94,61.70,53.331,23416377
2022-01-28T01:37:27,53.94,61.70,53.331,23416377
2022-01-28T01:42:28,53.94,61.70,53.331,23416377
2022-01-28T01:47:28,53.94,61.70,53.331,23416377
2022-01-28T01:52:29,53.94,61.70,53.331,23416377
2022-01-28T01:57:30,53.94,61.70,53.331,23416377
2022-01-28T02:02:31,53.94,61.70,53.331,23416377
2022-01-28T02:07:32,53.94,61.70,53.331,23416377
2022-01-28T02:12:32,53.94,61.70,53.331,23416377
2022-01-28T02:17:33,53.94,61.70,53.331,23416377
2022-01-28T02:22:34,53.94,61.70,53.331,23416377
2022-01-28T02:27:35,53.94,61.70,53.331,23416377
2022-01-28T02:32:35,53.94,61.70,53.331,23416377
2022-01-28T02:37:36,53.94,61.70,53.331,23416377
2022-01-28T02:42:37,53.94,61.70,53.331,23416377
