Date-Time,Price,High,Low,Volume
2022-01-28T00:02:22,21.11,22.8092,20.96,78287903
2022-01-28T00:07:23,21.11,22.8092,20.96,78287903
2022-01-28T00:12:23,21.11,22.8092,20.96,78287903
2022-01-28T00:17:24,21.11,22.8092,20.96,78287903
2022-01-28T00:22:25,21.11,22.8092,20.96,78287903
2022-01-28T00:27:26,21.11,22.8092,20.96,78287903
2022-01-28T00:32:27,21.11,22.8092,20.96,78287903
2022-01-28T00:37:28,21.11,22.8092,20.96,78287903
2022-01-28T00:42:28,21.11,22.8092,20.96,78287903
2022-01-28T00:47:29,21.11,22.8092,20.96,78287903
2022-01-28T00:52:30,21.11,22.8092,20.96,78287903
2022-01-28T00:57:31,21.11,22.8092,20.96,78287903
2022-01-28T01:02:34,21.11,22.8092,20.96,78287903
2022-01-28T01:07:35,21.11,22.8092,20.96,78287903
2022-01-28T01:12:35,21.11,22.8092,20.96,78287903
2022-01-28T01:17:36,21.11,22.8092,20.96,78287903
2022-01-28T01:22:37,21.11,22.8092,20.96,78287903
2022-01-28T01:27:38,21.11,22.8092,20.96,78287903
2022-01-28T01:32:39,21.11,22.8092,20.96,78287903
2022-01-28T01:37:40,21.11,22.8092,20.96,78287903
2022-01-28T01:42:41,21.11,22.8092,20.96,78287903
