Date-Time,Price,High,Low,Volume
2022-01-28T00:02:11,829.10,935.39,829.00,49036523
2022-01-28T00:07:12,829.10,935.39,829.00,49036523
2022-01-28T00:12:13,829.10,935.39,829.00,49036523
2022-01-28T00:17:14,829.10,935.39,829.00,49036523
2022-01-28T00:22:15,829.10,935.39,829.00,49036523
2022-01-28T00:27:15,829.10,935.39,829.00,49036523
2022-01-28T00:32:16,829.10,935.39,829.00,49036523
2022-01-28T00:37:17,829.10,935.39,829.00,49036523
2022-01-28T00:42:18,829.10,935.39,829.00,49036523
2022-01-28T00:47:19,829.10,935.39,829.00,49036523
2022-01-28T00:52:19,829.10,935.39,829.00,49036523
2022-01-28T00:57:20,829.10,935.39,829.00,49036523
2022-01-28T01:02:21,829.10,935.39,829.00,49036523
2022-01-28T01:07:22,829.10,935.39,829.00,49036523
2022-01-28T01:12:23,829.10,935.39,829.00,49036523
2022-01-28T01:17:23,829.10,935.39,829.00,49036523
2022-01-28T01:22:24,829.10,935.39,829.00,49036523
2022-01-28T01:27:25,829.10,935.39,829.00,49036523
2022-01-28T01:32:26,829.10,935.39,829.00,49036523
2022-01-28T01:37:27,829.10,935.39,829.00,49036523
2022-01-28T01:42:27,829.10,935.39,829.00,49036523
2022-01-28T01:47:28,829.10,935.39,829.00,49036523
2022-01-28T01:52:29,829.10,935.39,829.00,49036523
2022-01-28T01:57:30,829.10,935.39,829.00,49036523
2022-01-28T02:02:31,829.10,935.39,829.00,49036523
2022-01-28T02:07:32,829.10,935.39,829.00,49036523
2022-01-28T02:12:33,829.10,935.39,829.00,49036523
2022-01-28T02:17:33,829.10,935.39,829.00,49036523
2022-01-28T02:22:34,829.10,935.39,829.00,49036523
2022-01-28T02:27:35,829.10,935.39,829.00,49036523
2022-01-28T02:32:36,829.10,935.39,829.00,49036523
2022-01-28T02:37:36,829.10,935.39,829.00,49036523
2022-01-28T02:42:37,829.10,935.39,829.00,49036523
2022-01-28T02:47:38,829.10,935.39,829.00,49036523
2022-01-28T02:52:39,829.10,935.39,829.00,49036523
2022-01-28T02:57:40,829.10,935.39,829.00,49036523
2022-01-28T03:02:40,829.10,935.39,829.00,49036523
2022-01-28T03:07:41,829.10,935.39,829.00,49036523
2022-01-28T03:12:42,829.10,935.39,829.00,49036523
2022-01-28T03:17:43,829.10,935.39,829.00,49036523
2022-01-28T03:22:43,829.10,935.39,829.00,49036523
2022-01-28T03:27:44,829.10,935.39,829.00,49036523
2022-01-28T03:32:45,829.10,935.39,829.00,49036523
2022-01-28T03:37:46,829.10,935.39,829.00,49036523
2022-01-28T03:42:47,829.10,935.39,829.00,49036523
2022-01-28T03:47:50,829.10,935.39,829.00,49036523
2022-01-28T03:52:50,829.10,935.39,829.00,49036523
2022-01-28T03:57:51,829.10,935.39,829.00,49036523
2022-01-28T04:02:52,829.10,935.39,829.00,49036523
2022-01-28T04:07:53,829.10,935.39,829.00,49036523
2022-01-28T04:12:53,829.10,935.39,829.00,49036523
2022-01-28T04:17:54,829.10,935.39,829.00,49036523
2022-01-28T04:22:55,829.10,935.39,829.00,49036523
2022-01-28T04:27:56,829.10,935.39,829.00,49036523
2022-01-28T04:32:56,829.10,935.39,829.00,49036523
2022-01-28T04:37:57,829.10,935.39,829.00,49036523
2022-01-28T04:42:58,829.10,935.39,829.00,49036523
2022-01-28T04:47:59,829.10,935.39,829.00,49036523
2022-01-28T04:52:59,829.10,935.39,829.00,49036523
2022-01-28T04:58:00,829.10,935.39,829.00,49036523
2022-01-28T05:03:01,829.10,935.39,829.00,49036523
2022-01-28T05:08:02,829.10,935.39,829.00,49036523
2022-01-28T05:13:03,829.10,935.39,829.00,49036523
2022-01-28T05:18:04,829.10,935.39,829.00,49036523
2022-01-28T05:23:05,829.10,935.39,829.00,49036523
2022-01-28T05:28:06,829.10,935.39,829.00,49036523
2022-01-28T05:33:07,829.10,935.39,829.00,49036523
2022-01-28T05:38:08,829.10,935.39,829.00,49036523
2022-01-28T05:43:08,829.10,935.39,829.00,49036523
2022-01-28T05:48:09,829.10,935.39,829.00,49036523
2022-01-28T05:53:10,829.10,935.39,829.00,49036523
2022-01-28T05:58:11,829.10,935.39,829.00,49036523
2022-01-28T06:03:12,829.10,935.39,829.00,49036523
2022-01-28T06:08:12,829.10,935.39,829.00,49036523
2022-01-28T06:13:13,829.10,935.39,829.00,49036523
2022-01-28T06:18:14,829.10,935.39,829.00,49036523
2022-01-28T06:23:15,829.10,935.39,829.00,49036523
2022-01-28T06:28:16,829.10,935.39,829.00,49036523
2022-01-28T06:33:16,829.10,935.39,829.00,49036523
2022-01-28T06:38:17,829.10,935.39,829.00,49036523
2022-01-28T06:43:18,829.10,935.39,829.00,49036523
2022-01-28T06:48:19,839.3199,839.32,828.00,2949586
2022-01-28T06:53:20,811.86,839.32,811.00,4610694
2022-01-28T06:58:21,808.41,839.32,806.00,6123088
2022-01-28T07:03:22,796.53,839.32,792.01,8120831
2022-01-28T07:08:23,808.78,839.32,792.01,9544662
2022-01-28T07:13:23,806.30,839.32,792.01,10372321
2022-01-28T07:18:24,800.27,839.32,792.01,11175867
2022-01-28T07:23:25,813.91,839.32,792.01,12091085
2022-01-28T07:28:26,821.00,839.32,792.01,13160628
2022-01-28T07:33:27,828.42,839.32,792.01,13981679
2022-01-28T07:38:27,832.7499,842.90,792.01,15421086
2022-01-28T07:43:28,820.1135,842.90,792.01,16482369
2022-01-28T07:48:29,823.69,842.90,792.01,17117279
2022-01-28T07:53:30,839.08,842.90,792.01,17809460
2022-01-28T07:58:31,832.48,842.90,792.01,18579231
2022-01-28T08:03:31,838.71,844.92,792.01,19300621
2022-01-28T08:08:32,848.60,848.61,792.01,20157696
2022-01-28T08:13:33,850.2699,853.00,792.01,21164442
2022-01-28T08:18:34,848.415,853.00,792.01,21925475
2022-01-28T08:23:35,845.00,853.00,792.01,22361574
2022-01-28T08:28:35,851.7976,855.66,792.01,23062548
2022-01-28T08:33:36,853.56,856.46,792.01,23558562
2022-01-28T08:38:37,853.9501,857.50,792.01,24186170
2022-01-28T08:43:38,848.98,857.50,792.01,24713297
