Date-Time,Price,High,Low,Volume
2022-01-28T00:00:03,294.64,301.709,294.26,21629922
2022-01-28T00:05:04,294.64,301.709,294.26,21629922
2022-01-28T00:10:05,294.64,301.709,294.26,21629922
2022-01-28T00:15:06,294.64,301.709,294.26,21629922
2022-01-28T00:20:07,294.64,301.709,294.26,21629922
2022-01-28T00:25:08,294.64,301.709,294.26,21629922
2022-01-28T00:30:09,294.64,301.709,294.26,21629922
2022-01-28T00:35:09,294.64,301.709,294.26,21629922
2022-01-28T00:40:10,294.64,301.709,294.26,21629922
2022-01-28T00:45:11,294.64,301.709,294.26,21629922
2022-01-28T00:50:12,294.64,301.709,294.26,21629922
2022-01-28T00:55:13,294.64,301.709,294.26,21629922
2022-01-28T01:00:14,294.64,301.709,294.26,21629922
2022-01-28T01:05:14,294.64,301.709,294.26,21629922
2022-01-28T01:10:15,294.64,301.709,294.26,21629922
2022-01-28T01:15:16,294.64,301.709,294.26,21629922
2022-01-28T01:20:17,294.64,301.709,294.26,21629922
2022-01-28T01:25:18,294.64,301.709,294.26,21629922
2022-01-28T01:30:19,294.64,301.709,294.26,21629922
2022-01-28T01:35:19,294.64,301.709,294.26,21629922
2022-01-28T01:40:20,294.64,301.709,294.26,21629922
2022-01-28T01:45:21,294.64,301.709,294.26,21629922
2022-01-28T01:50:22,294.64,301.709,294.26,21629922
2022-01-28T01:55:23,294.64,301.709,294.26,21629922
2022-01-28T02:00:23,294.64,301.709,294.26,21629922
2022-01-28T02:05:24,294.64,301.709,294.26,21629922
2022-01-28T02:10:25,294.64,301.709,294.26,21629922
2022-01-28T02:15:26,294.64,301.709,294.26,21629922
2022-01-28T02:20:27,294.64,301.709,294.26,21629922
2022-01-28T02:25:28,294.64,301.709,294.26,21629922
2022-01-28T02:30:28,294.64,301.709,294.26,21629922
2022-01-28T02:35:29,294.64,301.709,294.26,21629922
2022-01-28T02:40:30,294.64,301.709,294.26,21629922
2022-01-28T02:45:32,294.64,301.709,294.26,21629922
