Date-Time,Price,High,Low,Volume
2022-01-28T00:03:09,5.13,5.46,5.07,542772
2022-01-28T00:08:10,5.13,5.46,5.07,542772
2022-01-28T00:13:11,5.13,5.46,5.07,542772
2022-01-28T00:18:11,5.13,5.46,5.07,542772
2022-01-28T00:23:12,5.13,5.46,5.07,542772
2022-01-28T00:28:13,5.13,5.46,5.07,542772
2022-01-28T00:33:15,5.13,5.46,5.07,542772
2022-01-28T00:38:16,5.13,5.46,5.07,542772
2022-01-28T00:43:17,5.13,5.46,5.07,542772
2022-01-28T00:48:18,5.13,5.46,5.07,542772
2022-01-28T00:53:19,5.13,5.46,5.07,542772
2022-01-28T00:58:20,5.13,5.46,5.07,542772
2022-01-28T01:03:21,5.13,5.46,5.07,542772
2022-01-28T01:08:22,5.13,5.46,5.07,542772
2022-01-28T01:13:23,5.13,5.46,5.07,542772
2022-01-28T01:18:24,5.13,5.46,5.07,542772
2022-01-28T01:23:25,5.13,5.46,5.07,542772
2022-01-28T01:28:26,5.13,5.46,5.07,542772
2022-01-28T01:33:26,5.13,5.46,5.07,542772
2022-01-28T01:38:27,5.13,5.46,5.07,542772
2022-01-28T01:43:28,5.13,5.46,5.07,542772
2022-01-28T01:48:29,5.13,5.46,5.07,542772
2022-01-28T01:53:30,5.13,5.46,5.07,542772
2022-01-28T01:58:31,5.13,5.46,5.07,542772
2022-01-28T02:03:32,5.13,5.46,5.07,542772
2022-01-28T02:08:33,5.13,5.46,5.07,542772
2022-01-28T02:13:34,5.13,5.46,5.07,542772
2022-01-28T02:18:34,5.13,5.46,5.07,542772
2022-01-28T02:23:35,5.13,5.46,5.07,542772
2022-01-28T02:28:36,5.13,5.46,5.07,542772
2022-01-28T02:33:37,5.13,5.46,5.07,542772
2022-01-28T02:38:37,5.13,5.46,5.07,542772
2022-01-28T02:43:38,5.13,5.46,5.07,542772
2022-01-28T02:48:39,5.13,5.46,5.07,542772
2022-01-28T02:53:40,5.13,5.46,5.07,542772
2022-01-28T02:58:41,5.13,5.46,5.07,542772
2022-01-28T03:03:41,5.13,5.46,5.07,542772
2022-01-28T03:08:42,5.13,5.46,5.07,542772
2022-01-28T03:13:43,5.13,5.46,5.07,542772
2022-01-28T03:18:44,5.13,5.46,5.07,542772
2022-01-28T03:23:44,5.13,5.46,5.07,542772
2022-01-28T03:28:45,5.13,5.46,5.07,542772
2022-01-28T03:33:46,5.13,5.46,5.07,542772
2022-01-28T03:38:47,5.13,5.46,5.07,542772
2022-01-28T03:43:48,5.13,5.46,5.07,542772
2022-01-28T03:48:48,5.13,5.46,5.07,542772
2022-01-28T03:53:49,5.13,5.46,5.07,542772
2022-01-28T03:58:50,5.13,5.46,5.07,542772
2022-01-28T04:03:51,5.13,5.46,5.07,542772
2022-01-28T04:08:52,5.13,5.46,5.07,542772
2022-01-28T04:13:52,5.13,5.46,5.07,542772
2022-01-28T04:18:53,5.13,5.46,5.07,542772
2022-01-28T04:23:54,5.13,5.46,5.07,542772
2022-01-28T04:28:55,5.13,5.46,5.07,542772
2022-01-28T04:33:56,5.13,5.46,5.07,542772
2022-01-28T04:38:57,5.13,5.46,5.07,542772
2022-01-28T04:43:58,5.13,5.46,5.07,542772
2022-01-28T04:48:59,5.13,5.46,5.07,542772
2022-01-28T04:54:00,5.13,5.46,5.07,542772
2022-01-28T04:59:01,5.13,5.46,5.07,542772
2022-01-28T05:04:02,5.13,5.46,5.07,542772
2022-01-28T05:09:03,5.13,5.46,5.07,542772
2022-01-28T05:14:04,5.13,5.46,5.07,542772
2022-01-28T05:19:05,5.13,5.46,5.07,542772
2022-01-28T05:24:06,5.13,5.46,5.07,542772
2022-01-28T05:29:07,5.13,5.46,5.07,542772
2022-01-28T05:34:08,5.13,5.46,5.07,542772
2022-01-28T05:39:09,5.13,5.46,5.07,542772
2022-01-28T05:44:09,5.13,5.46,5.07,542772
2022-01-28T05:49:10,5.13,5.46,5.07,542772
2022-01-28T05:54:11,5.13,5.46,5.07,542772
2022-01-28T05:59:12,5.13,5.46,5.07,542772
2022-01-28T06:04:13,5.13,5.46,5.07,542772
2022-01-28T06:09:13,5.13,5.46,5.07,542772
2022-01-28T06:14:14,5.13,5.46,5.07,542772
2022-01-28T06:19:15,5.13,5.46,5.07,542772
2022-01-28T06:24:16,5.13,5.46,5.07,542772
2022-01-28T06:29:17,5.13,5.46,5.07,542772
2022-01-28T06:34:18,5.13,5.46,5.07,542772
2022-01-28T06:39:18,5.13,5.46,5.07,542772
2022-01-28T06:44:19,5.13,5.46,5.07,542772
2022-01-28T06:49:20,5.02,5.17,5.00,76397
2022-01-28T06:54:21,5.00,5.17,5.00,88293
2022-01-28T06:59:22,4.955,5.17,4.955,103250
2022-01-28T07:04:22,4.95,5.17,4.94,118194
2022-01-28T07:09:23,4.93,5.17,4.93,132614
2022-01-28T07:14:24,4.93,5.17,4.91,137018
2022-01-28T07:19:25,4.90,5.17,4.89,154715
2022-01-28T07:24:26,4.92,5.17,4.8896,175116
2022-01-28T07:29:26,4.92,5.17,4.8896,181120
2022-01-28T07:34:27,4.96,5.17,4.8896,190288
2022-01-28T07:39:28,4.93,5.17,4.8896,216624
2022-01-28T07:44:29,4.90,5.17,4.8896,220490
