Date-Time,Price,High,Low,Volume
2021-12-20T00:03:11,333.79,337.11,330.75,40012637
2021-12-20T00:08:12,333.79,337.11,330.75,40012637
2021-12-20T00:13:13,333.79,337.11,330.75,40012637
2021-12-20T00:18:14,333.79,337.11,330.75,40012637
2021-12-20T00:23:14,333.79,337.11,330.75,40012637
2021-12-20T00:28:15,333.79,337.11,330.75,40012637
2021-12-20T00:33:16,333.79,337.11,330.75,40012637
2021-12-20T00:38:17,333.79,337.11,330.75,40012637
2021-12-20T00:43:18,333.79,337.11,330.75,40012637
2021-12-20T00:48:19,333.79,337.11,330.75,40012637
2021-12-20T00:53:20,333.79,337.11,330.75,40012637
2021-12-20T00:58:20,333.79,337.11,330.75,40012637
2021-12-20T01:03:21,333.79,337.11,330.75,40012637
2021-12-20T01:08:22,333.79,337.11,330.75,40012637
2021-12-20T01:13:23,333.79,337.11,330.75,40012637
2021-12-20T01:18:24,333.79,337.11,330.75,40012637
2021-12-20T01:23:25,333.79,337.11,330.75,40012637
2021-12-20T01:28:26,333.79,337.11,330.75,40012637
2021-12-20T01:33:26,333.79,337.11,330.75,40012637
2021-12-20T01:38:27,333.79,337.11,330.75,40012637
2021-12-20T01:43:28,333.79,337.11,330.75,40012637
2021-12-20T01:48:29,333.79,337.11,330.75,40012637
2021-12-20T01:53:30,333.79,337.11,330.75,40012637
2021-12-20T01:58:31,333.79,337.11,330.75,40012637
