Date-Time,Price,High,Low,Volume
2021-12-20T00:03:54,97.70,100.60,92.62,44475030
2021-12-20T00:08:55,97.70,100.60,92.62,44475030
2021-12-20T00:13:56,97.70,100.60,92.62,44475030
2021-12-20T00:18:57,97.70,100.60,92.62,44475030
2021-12-20T00:23:57,97.70,100.60,92.62,44475030
2021-12-20T00:28:58,97.70,100.60,92.62,44475030
2021-12-20T00:33:59,97.70,100.60,92.62,44475030
2021-12-20T00:39:00,97.70,100.60,92.62,44475030
2021-12-20T00:44:01,97.70,100.60,92.62,44475030
2021-12-20T00:49:02,97.70,100.60,92.62,44475030
2021-12-20T00:54:03,97.70,100.60,92.62,44475030
2021-12-20T00:59:04,97.70,100.60,92.62,44475030
