Date-Time,Price,High,Low,Volume
2022-03-27T00:00:25,1010.64,1021.7999,997.3201,20677182
2022-03-27T00:05:26,1010.64,1021.7999,997.3201,20677182
2022-03-27T00:10:27,1010.64,1021.7999,997.3201,20677182
2022-03-27T00:15:28,1010.64,1021.7999,997.3201,20677182
2022-03-27T00:20:28,1010.64,1021.7999,997.3201,20677182
2022-03-27T00:25:29,1010.64,1021.7999,997.3201,20677182
2022-03-27T00:30:30,1010.64,1021.7999,997.3201,20677182
2022-03-27T00:35:31,1010.64,1021.7999,997.3201,20677182
2022-03-27T00:40:32,1010.64,1021.7999,997.3201,20677182
2022-03-27T00:45:33,1010.64,1021.7999,997.3201,20677182
2022-03-27T00:50:34,1010.64,1021.7999,997.3201,20677182
2022-03-27T00:55:35,1010.64,1021.7999,997.3201,20677182
2022-03-27T01:00:36,1010.64,1021.7999,997.3201,20677182
2022-03-27T01:05:37,1010.64,1021.7999,997.3201,20677182
2022-03-27T01:10:37,1010.64,1021.7999,997.3201,20677182
2022-03-27T01:15:38,1010.64,1021.7999,997.3201,20677182
2022-03-27T01:20:39,1010.64,1021.7999,997.3201,20677182
2022-03-27T01:25:40,1010.64,1021.7999,997.3201,20677182
2022-03-27T01:30:41,1010.64,1021.7999,997.3201,20677182
2022-03-27T01:35:42,1010.64,1021.7999,997.3201,20677182
2022-03-27T01:40:42,1010.64,1021.7999,997.3201,20677182
2022-03-27T01:45:43,1010.64,1021.7999,997.3201,20677182
2022-03-27T01:50:44,1010.64,1021.7999,997.3201,20677182
2022-03-27T01:55:45,1010.64,1021.7999,997.3201,20677182
2022-03-27T02:00:46,1010.64,1021.7999,997.3201,20677182
2022-03-27T02:05:47,1010.64,1021.7999,997.3201,20677182
2022-03-27T02:10:47,1010.64,1021.7999,997.3201,20677182
2022-03-27T02:15:48,1010.64,1021.7999,997.3201,20677182
2022-03-27T02:20:49,1010.64,1021.7999,997.3201,20677182
2022-03-27T02:25:50,1010.64,1021.7999,997.3201,20677182
2022-03-27T02:30:51,1010.64,1021.7999,997.3201,20677182
2022-03-27T02:35:52,1010.64,1021.7999,997.3201,20677182
2022-03-27T02:40:53,1010.64,1021.7999,997.3201,20677182
2022-03-27T02:45:53,1010.64,1021.7999,997.3201,20677182
2022-03-27T02:50:54,1010.64,1021.7999,997.3201,20677182
2022-03-27T02:55:55,1010.64,1021.7999,997.3201,20677182
