Date-Time,Price,High,Low,Volume
2022-03-02T00:03:12,864.37,889.88,853.78,24922287
2022-03-02T00:08:13,864.37,889.88,853.78,24922287
2022-03-02T00:13:14,864.37,889.88,853.78,24922287
2022-03-02T00:18:15,864.37,889.88,853.78,24922287
2022-03-02T00:23:16,864.37,889.88,853.78,24922287
2022-03-02T00:28:17,864.37,889.88,853.78,24922287
2022-03-02T00:33:18,864.37,889.88,853.78,24922287
2022-03-02T00:38:18,864.37,889.88,853.78,24922287
2022-03-02T00:43:19,864.37,889.88,853.78,24922287
2022-03-02T00:48:20,864.37,889.88,853.78,24922287
2022-03-02T00:53:21,864.37,889.88,853.78,24922287
2022-03-02T00:58:21,864.37,889.88,853.78,24922287
2022-03-02T01:03:22,864.37,889.88,853.78,24922287
2022-03-02T01:08:23,864.37,889.88,853.78,24922287
2022-03-02T01:13:24,864.37,889.88,853.78,24922287
2022-03-02T01:18:25,864.37,889.88,853.78,24922287
2022-03-02T01:23:26,864.37,889.88,853.78,24922287
2022-03-02T01:28:27,864.37,889.88,853.78,24922287
2022-03-02T01:33:27,864.37,889.88,853.78,24922287
2022-03-02T01:38:28,864.37,889.88,853.78,24922287
2022-03-02T01:43:29,864.37,889.88,853.78,24922287
2022-03-02T01:48:30,864.37,889.88,853.78,24922287
2022-03-02T01:53:31,864.37,889.88,853.78,24922287
2022-03-02T01:58:31,864.37,889.88,853.78,24922287
2022-03-02T02:03:32,864.37,889.88,853.78,24922287
2022-03-02T02:08:33,864.37,889.88,853.78,24922287
2022-03-02T02:13:34,864.37,889.88,853.78,24922287
2022-03-02T02:18:35,864.37,889.88,853.78,24922287
2022-03-02T02:23:36,864.37,889.88,853.78,24922287
2022-03-02T02:28:36,864.37,889.88,853.78,24922287
2022-03-02T02:33:37,864.37,889.88,853.78,24922287
2022-03-02T02:38:38,864.37,889.88,853.78,24922287
2022-03-02T02:43:39,864.37,889.88,853.78,24922287
2022-03-02T02:48:40,864.37,889.88,853.78,24922287
2022-03-02T02:53:41,864.37,889.88,853.78,24922287
2022-03-02T02:58:41,864.37,889.88,853.78,24922287
2022-03-02T03:03:42,864.37,889.88,853.78,24922287
2022-03-02T03:08:43,864.37,889.88,853.78,24922287
2022-03-02T03:13:44,864.37,889.88,853.78,24922287
2022-03-02T03:18:45,864.37,889.88,853.78,24922287
2022-03-02T03:23:46,864.37,889.88,853.78,24922287
2022-03-02T03:28:47,864.37,889.88,853.78,24922287
2022-03-02T03:33:48,864.37,889.88,853.78,24922287
2022-03-02T03:38:48,864.37,889.88,853.78,24922287
2022-03-02T03:43:49,864.37,889.88,853.78,24922287
2022-03-02T03:48:50,864.37,889.88,853.78,24922287
2022-03-02T03:53:51,864.37,889.88,853.78,24922287
2022-03-02T03:58:52,864.37,889.88,853.78,24922287
2022-03-02T04:03:52,864.37,889.88,853.78,24922287
2022-03-02T04:08:53,864.37,889.88,853.78,24922287
2022-03-02T04:13:54,864.37,889.88,853.78,24922287
2022-03-02T04:18:55,864.37,889.88,853.78,24922287
2022-03-02T04:23:56,864.37,889.88,853.78,24922287
2022-03-02T04:28:56,864.37,889.88,853.78,24922287
2022-03-02T04:33:57,864.37,889.88,853.78,24922287
2022-03-02T04:38:58,864.37,889.88,853.78,24922287
2022-03-02T04:43:59,864.37,889.88,853.78,24922287
2022-03-02T04:49:00,864.37,889.88,853.78,24922287
2022-03-02T04:54:01,864.37,889.88,853.78,24922287
2022-03-02T04:59:01,864.37,889.88,853.78,24922287
2022-03-02T05:04:02,864.37,889.88,853.78,24922287
2022-03-02T05:09:03,864.37,889.88,853.78,24922287
2022-03-02T05:14:04,864.37,889.88,853.78,24922287
2022-03-02T05:19:05,864.37,889.88,853.78,24922287
2022-03-02T05:24:06,864.37,889.88,853.78,24922287
2022-03-02T05:29:07,864.37,889.88,853.78,24922287
2022-03-02T05:34:08,864.37,889.88,853.78,24922287
2022-03-02T05:39:09,864.37,889.88,853.78,24922287
2022-03-02T05:44:09,864.37,889.88,853.78,24922287
2022-03-02T05:49:10,864.37,889.88,853.78,24922287
2022-03-02T05:54:11,864.37,889.88,853.78,24922287
2022-03-02T05:59:12,864.37,889.88,853.78,24922287
2022-03-02T06:04:13,864.37,889.88,853.78,24922287
2022-03-02T06:09:13,864.37,889.88,853.78,24922287
2022-03-02T06:14:14,864.37,889.88,853.78,24922287
2022-03-02T06:19:15,864.37,889.88,853.78,24922287
2022-03-02T06:24:16,864.37,889.88,853.78,24922287
