Date-Time,Price,High,Low,Volume
2022-03-02T00:03:38,203.49,211.7517,202.22,27094902
2022-03-02T00:08:39,203.49,211.7517,202.22,27094902
2022-03-02T00:13:39,203.49,211.7517,202.22,27094902
2022-03-02T00:18:40,203.49,211.7517,202.22,27094902
2022-03-02T00:23:41,203.49,211.7517,202.22,27094902
2022-03-02T00:28:42,203.49,211.7517,202.22,27094902
2022-03-02T00:33:43,203.49,211.7517,202.22,27094902
2022-03-02T00:38:44,203.49,211.7517,202.22,27094902
2022-03-02T00:43:45,203.49,211.7517,202.22,27094902
2022-03-02T00:48:45,203.49,211.7517,202.22,27094902
2022-03-02T00:53:46,203.49,211.7517,202.22,27094902
2022-03-02T00:58:47,203.49,211.7517,202.22,27094902
2022-03-02T01:03:48,203.49,211.7517,202.22,27094902
2022-03-02T01:08:49,203.49,211.7517,202.22,27094902
2022-03-02T01:13:49,203.49,211.7517,202.22,27094902
2022-03-02T01:18:50,203.49,211.7517,202.22,27094902
2022-03-02T01:23:51,203.49,211.7517,202.22,27094902
2022-03-02T01:28:52,203.49,211.7517,202.22,27094902
2022-03-02T01:33:53,203.49,211.7517,202.22,27094902
2022-03-02T01:38:54,203.49,211.7517,202.22,27094902
2022-03-02T01:43:55,203.49,211.7517,202.22,27094902
2022-03-02T01:48:56,203.49,211.7517,202.22,27094902
2022-03-02T01:53:56,203.49,211.7517,202.22,27094902
2022-03-02T01:58:57,203.49,211.7517,202.22,27094902
2022-03-02T02:03:58,203.49,211.7517,202.22,27094902
2022-03-02T02:08:59,203.49,211.7517,202.22,27094902
2022-03-02T02:14:00,203.49,211.7517,202.22,27094902
2022-03-02T02:19:01,203.49,211.7517,202.22,27094902
2022-03-02T02:24:01,203.49,211.7517,202.22,27094902
