Date-Time,Price,High,Low,Volume
2022-03-02T00:04:21,61.91,66.54,60.80,17204090
2022-03-02T00:09:22,61.91,66.54,60.80,17204090
2022-03-02T00:14:23,61.91,66.54,60.80,17204090
2022-03-02T00:19:23,61.91,66.54,60.80,17204090
2022-03-02T00:24:25,61.91,66.54,60.80,17204090
2022-03-02T00:29:26,61.91,66.54,60.80,17204090
2022-03-02T00:34:27,61.91,66.54,60.80,17204090
2022-03-02T00:39:28,61.91,66.54,60.80,17204090
2022-03-02T00:44:28,61.91,66.54,60.80,17204090
2022-03-02T00:49:30,61.91,66.54,60.80,17204090
2022-03-02T00:54:31,61.91,66.54,60.80,17204090
2022-03-02T00:59:32,61.91,66.54,60.80,17204090
2022-03-02T01:04:32,61.91,66.54,60.80,17204090
2022-03-02T01:09:34,61.91,66.54,60.80,17204090
2022-03-02T01:14:35,61.91,66.54,60.80,17204090
2022-03-02T01:19:36,61.91,66.54,60.80,17204090
2022-03-02T01:24:37,61.91,66.54,60.80,17204090
