Date-Time,Price,High,Low,Volume
2022-02-19T00:04:12,6.68,6.88,6.58,699634
2022-02-19T00:09:13,6.68,6.88,6.58,699634
2022-02-19T00:14:14,6.68,6.88,6.58,699634
2022-02-19T00:19:15,6.68,6.88,6.58,699634
2022-02-19T00:24:16,6.68,6.88,6.58,699634
2022-02-19T00:29:17,6.68,6.88,6.58,699634
2022-02-19T00:34:18,6.68,6.88,6.58,699634
2022-02-19T00:39:18,6.68,6.88,6.58,699634
2022-02-19T00:44:19,6.68,6.88,6.58,699634
2022-02-19T00:49:20,6.68,6.88,6.58,699634
2022-02-19T00:54:21,6.68,6.88,6.58,699634
2022-02-19T00:59:22,6.68,6.88,6.58,699634
2022-02-19T01:04:23,6.68,6.88,6.58,699634
2022-02-19T01:09:24,6.68,6.88,6.58,699634
2022-02-19T01:14:24,6.68,6.88,6.58,699634
2022-02-19T01:19:25,6.68,6.88,6.58,699634
2022-02-19T01:24:26,6.68,6.88,6.58,699634
2022-02-19T01:29:27,6.68,6.88,6.58,699634
2022-02-19T01:34:28,6.68,6.88,6.58,699634
2022-02-19T01:39:29,6.68,6.88,6.58,699634
2022-02-19T01:44:30,6.68,6.88,6.58,699634
2022-02-19T01:49:31,6.68,6.88,6.58,699634
2022-02-19T01:54:32,6.68,6.88,6.58,699634
2022-02-19T01:59:33,6.68,6.88,6.58,699634
2022-02-19T02:04:34,6.68,6.88,6.58,699634
2022-02-19T02:09:35,6.68,6.88,6.58,699634
