Date-Time,Price,High,Low,Volume
2022-02-19T00:00:44,856.98,886.87,837.61,22833947
2022-02-19T00:05:44,856.98,886.87,837.61,22833947
2022-02-19T00:10:45,856.98,886.87,837.61,22833947
2022-02-19T00:15:46,856.98,886.87,837.61,22833947
2022-02-19T00:20:47,856.98,886.87,837.61,22833947
2022-02-19T00:25:48,856.98,886.87,837.61,22833947
2022-02-19T00:30:49,856.98,886.87,837.61,22833947
2022-02-19T00:35:49,856.98,886.87,837.61,22833947
2022-02-19T00:40:50,856.98,886.87,837.61,22833947
2022-02-19T00:45:51,856.98,886.87,837.61,22833947
2022-02-19T00:50:52,856.98,886.87,837.61,22833947
2022-02-19T00:55:53,856.98,886.87,837.61,22833947
2022-02-19T01:00:53,856.98,886.87,837.61,22833947
2022-02-19T01:05:54,856.98,886.87,837.61,22833947
2022-02-19T01:10:55,856.98,886.87,837.61,22833947
