Date-Time,Price,High,Low,Volume
2022-05-22T00:03:43,663.90,721.582,633.00,48324435
2022-05-22T00:08:44,663.90,721.582,633.00,48324435
2022-05-22T00:13:45,663.90,721.582,633.00,48324435
2022-05-22T00:18:46,663.90,721.582,633.00,48324435
2022-05-22T00:23:47,663.90,721.582,633.00,48324435
2022-05-22T00:28:48,663.90,721.582,633.00,48324435
2022-05-22T00:33:48,663.90,721.582,633.00,48324435
2022-05-22T00:38:49,663.90,721.582,633.00,48324435
2022-05-22T00:43:50,663.90,721.582,633.00,48324435
2022-05-22T00:48:51,663.90,721.582,633.00,48324435
2022-05-22T00:53:52,663.90,721.582,633.00,48324435
