Date-Time,Price,High,Low,Volume
2022-05-22T00:03:44,193.54,197.91,187.87,31465570
2022-05-22T00:08:45,193.54,197.91,187.87,31465570
2022-05-22T00:13:45,193.54,197.91,187.87,31465570
2022-05-22T00:18:46,193.54,197.91,187.87,31465570
2022-05-22T00:23:47,193.54,197.91,187.87,31465570
2022-05-22T00:28:48,193.54,197.91,187.87,31465570
2022-05-22T00:33:49,193.54,197.91,187.87,31465570
2022-05-22T00:38:49,193.54,197.91,187.87,31465570
2022-05-22T00:43:50,193.54,197.91,187.87,31465570
2022-05-22T00:48:51,193.54,197.91,187.87,31465570
2022-05-22T00:53:52,193.54,197.91,187.87,31465570
