Date-Time,Price,High,Low,Volume
2022-05-22T00:01:01,28.92,30.65,27.28,22757615
2022-05-22T00:06:02,28.92,30.65,27.28,22757615
2022-05-22T00:11:03,28.92,30.65,27.28,22757615
2022-05-22T00:16:04,28.92,30.65,27.28,22757615
2022-05-22T00:21:05,28.92,30.65,27.28,22757615
2022-05-22T00:26:06,28.92,30.65,27.28,22757615
2022-05-22T00:31:07,28.92,30.65,27.28,22757615
2022-05-22T00:36:08,28.92,30.65,27.28,22757615
2022-05-22T00:41:09,28.92,30.65,27.28,22757615
2022-05-22T00:46:10,28.92,30.65,27.28,22757615
2022-05-22T00:51:11,28.92,30.65,27.28,22757615
