Date-Time,Price,High,Low,Volume
2022-05-22T00:00:11,4.56,4.56,4.27,741603
2022-05-22T00:05:11,4.56,4.56,4.27,741603
2022-05-22T00:10:12,4.56,4.56,4.27,741603
2022-05-22T00:15:13,4.56,4.56,4.27,741603
2022-05-22T00:20:14,4.56,4.56,4.27,741603
2022-05-22T00:25:15,4.56,4.56,4.27,741603
2022-05-22T00:30:15,4.56,4.56,4.27,741603
2022-05-22T00:35:16,4.56,4.56,4.27,741603
2022-05-22T00:40:17,4.56,4.56,4.27,741603
2022-05-22T00:45:18,4.56,4.56,4.27,741603
2022-05-22T00:50:19,4.56,4.56,4.27,741603
2022-05-22T00:55:20,4.56,4.56,4.27,741603
