Date-Time,Price,High,Low,Volume
2022-05-22T00:03:43,16.44,17.60,15.68,86108911
2022-05-22T00:08:44,16.44,17.60,15.68,86108911
2022-05-22T00:13:45,16.44,17.60,15.68,86108911
2022-05-22T00:18:46,16.44,17.60,15.68,86108911
2022-05-22T00:23:47,16.44,17.60,15.68,86108911
2022-05-22T00:28:48,16.44,17.60,15.68,86108911
2022-05-22T00:33:48,16.44,17.60,15.68,86108911
2022-05-22T00:38:49,16.44,17.60,15.68,86108911
2022-05-22T00:43:50,16.44,17.60,15.68,86108911
2022-05-22T00:48:51,16.44,17.60,15.68,86108911
2022-05-22T00:53:52,16.44,17.60,15.68,86108911
2022-05-22T00:58:53,16.44,17.60,15.68,86108911
2022-05-22T01:03:54,16.44,17.60,15.68,86108911
2022-05-22T01:08:54,16.44,17.60,15.68,86108911
2022-05-22T01:13:55,16.44,17.60,15.68,86108911
2022-05-22T01:18:56,16.44,17.60,15.68,86108911
2022-05-22T01:23:57,16.44,17.60,15.68,86108911
2022-05-22T01:28:58,16.44,17.60,15.68,86108911
2022-05-22T01:33:59,16.44,17.60,15.68,86108911
2022-05-22T01:39:00,16.44,17.60,15.68,86108911
2022-05-22T01:44:00,16.44,17.60,15.68,86108911
2022-05-22T01:49:01,16.44,17.60,15.68,86108911
2022-05-22T01:54:02,16.44,17.60,15.68,86108911
2022-05-22T01:59:03,16.44,17.60,15.68,86108911
2022-05-22T02:04:04,16.44,17.60,15.68,86108911
2022-05-22T02:09:05,16.44,17.60,15.68,86108911
2022-05-22T02:14:06,16.44,17.60,15.68,86108911
2022-05-22T02:19:06,16.44,17.60,15.68,86108911
2022-05-22T02:24:07,16.44,17.60,15.68,86108911
2022-05-22T02:29:08,16.44,17.60,15.68,86108911
2022-05-22T02:34:09,16.44,17.60,15.68,86108911
2022-05-22T02:39:10,16.44,17.60,15.68,86108911
2022-05-22T02:44:10,16.44,17.60,15.68,86108911
2022-05-22T02:49:11,16.44,17.60,15.68,86108911
2022-05-22T02:54:12,16.44,17.60,15.68,86108911
2022-05-22T02:59:13,16.44,17.60,15.68,86108911
2022-05-22T03:04:14,16.44,17.60,15.68,86108911
2022-05-22T03:09:15,16.44,17.60,15.68,86108911
2022-05-22T03:14:16,16.44,17.60,15.68,86108911
2022-05-22T03:19:17,16.44,17.60,15.68,86108911
2022-05-22T03:24:17,16.44,17.60,15.68,86108911
2022-05-22T03:29:18,16.44,17.60,15.68,86108911
2022-05-22T03:34:19,16.44,17.60,15.68,86108911
2022-05-22T03:39:20,16.44,17.60,15.68,86108911
2022-05-22T03:44:21,16.44,17.60,15.68,86108911
2022-05-22T03:49:21,16.44,17.60,15.68,86108911
2022-05-22T03:54:22,16.44,17.60,15.68,86108911
