//Timestamp, ICAO, Latitude_deg, Longitude_deg, Heading_deg, Altitude_ft, GroundSpeed_kts, AircraftType, RegistrationNum, Departure, Arrival, FlightNumber1, FlightNumber2
2022-08-11T09:36:58, 520291, 33.1291, -117.7331, 333, 14000, 267, , , SDM, , , 0000000
2022-08-11T09:37:00, 520291, 33.1291, -117.7331, 333, 14000, 267, , , SDM, , , 0000000
2022-08-11T09:37:02, 520291, 33.1291, -117.7331, 333, 14000, 267, , , SDM, , , 0000000
2022-08-11T09:37:05, 520291, 33.1335, -117.7358, 333, 14000, 267, , , SDM, , , 0000000
2022-08-11T09:37:07, 520291, 33.1335, -117.7358, 333, 14000, 267, , , SDM, , , 0000000
2022-08-11T09:37:09, 520291, 33.1384, -117.7388, 333, 14000, 268, , , SDM, , , 0000000
2022-08-11T09:37:11, 520291, 33.1384, -117.7388, 333, 14000, 268, , , SDM, , , 0000000
2022-08-11T09:37:14, 520291, 33.147, -117.7436, 334, 14000, 268, , , SDM, , , 0000000
2022-08-11T09:37:16, 520291, 33.147, -117.7436, 334, 14000, 268, , , SDM, , , 0000000
2022-08-11T09:37:18, 520291, 33.147, -117.7436, 334, 14000, 268, , , SDM, , , 0000000
2022-08-11T09:37:21, 520291, 33.1509, -117.7461, 334, 14000, 268, , , SDM, , , 0000000
2022-08-11T09:37:23, 520291, 33.1509, -117.7461, 334, 14000, 268, , , SDM, , , 0000000
2022-08-11T09:37:25, 520291, 33.1557, -117.7491, 333, 14000, 272, , , SDM, , , 0000000
2022-08-11T09:37:27, 520291, 33.1557, -117.7491, 333, 14000, 272, , , SDM, , , 0000000
2022-08-11T09:37:30, 520291, 33.1647, -117.755, 332, 14000, 267, , , SDM, , , 0000000
2022-08-11T09:37:32, 520291, 33.1647, -117.755, 332, 14000, 267, , , SDM, , , 0000000
2022-08-11T09:37:34, 520291, 33.1647, -117.755, 332, 14000, 267, , , SDM, , , 0000000
2022-08-11T09:37:37, 520291, 33.1694, -117.7579, 332, 14000, 267, , , SDM, , , 0000000
2022-08-11T09:37:39, 520291, 33.1694, -117.7579, 332, 14000, 267, , , SDM, , , 0000000
2022-08-11T09:37:41, 520291, 33.1739, -117.761, 332, 14000, 268, , , SDM, , , 0000000
2022-08-11T09:37:43, 520291, 33.1739, -117.761, 332, 14000, 268, , , SDM, , , 0000000
2022-08-11T09:37:46, 520291, 33.1784, -117.7638, 332, 14000, 268, , , SDM, , , 0000000
2022-08-11T09:37:48, 520291, 33.1784, -117.7638, 332, 14000, 268, , , SDM, , , 0000000
2022-08-11T09:37:50, 520291, 33.1784, -117.7638, 332, 14000, 268, , , SDM, , , 0000000
2022-08-11T09:37:53, 520291, 33.1904, -117.7713, 332, 14000, 268, , , SDM, , , 0000000
2022-08-11T09:37:55, 520291, 33.1904, -117.7713, 332, 14000, 268, , , SDM, , , 0000000
2022-08-11T09:37:57, 520291, 33.1904, -117.7713, 332, 14000, 268, , , SDM, , , 0000000
2022-08-11T09:38:00, 520291, 33.1904, -117.7713, 332, 14000, 268, , , SDM, , , 0000000
2022-08-11T09:38:02, 520291, 33.1951, -117.7745, 332, 14000, 268, , , SDM, , , 0000000
2022-08-11T09:38:04, 520291, 33.2033, -117.781, 329, 14000, 264, , , SDM, , , 0000000
2022-08-11T09:38:06, 520291, 33.2033, -117.781, 329, 14000, 264, , , SDM, , , 0000000
2022-08-11T09:38:09, 520291, 33.2033, -117.781, 329, 14000, 264, , , SDM, , , 0000000
2022-08-11T09:38:11, 520291, 33.2033, -117.781, 329, 14000, 264, , , SDM, , , 0000000
2022-08-11T09:38:13, 520291, 33.2071, -117.7844, 326, 14000, 270, , , SDM, , , 0000000
2022-08-11T09:38:16, 520291, 33.2071, -117.7844, 326, 14000, 270, , , SDM, , , 0000000
2022-08-11T09:38:18, 520291, 33.211, -117.7884, 326, 14000, 270, , , SDM, , , 0000000
2022-08-11T09:38:20, 520291, 33.218, -117.7971, 320, 14000, 266, , , SDM, , , 0000000
2022-08-11T09:38:23, 520291, 33.218, -117.7971, 320, 14000, 266, , , SDM, , , 0000000
2022-08-11T09:38:25, 520291, 33.218, -117.7971, 320, 14000, 266, , , SDM, , , 0000000
2022-08-11T09:38:27, 520291, 33.218, -117.7971, 320, 14000, 266, , , SDM, , , 0000000
2022-08-11T09:38:29, 520291, 33.2207, -117.8013, 312, 14000, 263, , , SDM, , , 0000000
2022-08-11T09:38:32, 520291, 33.2207, -117.8013, 312, 14000, 263, , , SDM, , , 0000000
2022-08-11T09:38:34, 520291, 33.2266, -117.8117, 306, 14000, 261, , , SDM, , , 0000000
2022-08-11T09:38:36, 520291, 33.2266, -117.8117, 306, 14000, 261, , , SDM, , , 0000000
2022-08-11T09:38:39, 520291, 33.2266, -117.8117, 306, 14000, 261, , , SDM, , , 0000000
2022-08-11T09:38:41, 520291, 33.2289, -117.8166, 306, 14000, 261, , , SDM, , , 0000000
2022-08-11T09:38:43, 520291, 33.2289, -117.8166, 306, 14000, 261, , , SDM, , , 0000000
2022-08-11T09:38:45, 520291, 33.2335, -117.827, 301, 14100, 268, , , SDM, , , 0000000
2022-08-11T09:38:48, 520291, 33.2335, -117.827, 301, 14100, 268, , , SDM, , , 0000000
2022-08-11T09:38:50, 520291, 33.2335, -117.827, 301, 14100, 268, , , SDM, , , 0000000
2022-08-11T09:38:52, 520291, 33.236, -117.8327, 298, 14100, 268, , , SDM, , , 0000000
2022-08-11T09:38:55, 520291, 33.236, -117.8327, 298, 14100, 268, , , SDM, , , 0000000
2022-08-11T09:38:57, 520291, 33.2403, -117.8439, 295, 14300, 268, , , SDM, , , 0000000
2022-08-11T09:38:59, 520291, 33.2403, -117.8439, 295, 14300, 268, , , SDM, , , 0000000
2022-08-11T09:39:01, 520291, 33.2403, -117.8439, 295, 14300, 268, , , SDM, , , 0000000
2022-08-11T09:39:04, 520291, 33.2403, -117.8439, 295, 14300, 268, , , SDM, , , 0000000
2022-08-11T09:39:06, 520291, 33.2425, -117.8499, 295, 14400, 268, , , SDM, , , 0000000
2022-08-11T09:39:08, 520291, 33.2458, -117.8606, 292, 14600, 272, , , SDM, , , 0000000
2022-08-11T09:39:11, 520291, 33.2458, -117.8606, 292, 14600, 272, , , SDM, , , 0000000
2022-08-11T09:39:13, 520291, 33.2458, -117.8606, 292, 14600, 272, , , SDM, , , 0000000
2022-08-11T09:39:15, 520291, 33.2458, -117.8606, 292, 14600, 272, , , SDM, , , 0000000
2022-08-11T09:39:17, 520291, 33.248, -117.8668, 292, 14700, 271, , , SDM, , , 0000000
2022-08-11T09:39:20, 520291, 33.248, -117.8668, 292, 14700, 271, , , SDM, , , 0000000
2022-08-11T09:39:22, 520291, 33.2517, -117.8774, 292, 14900, 270, , , SDM, , , 0000000
2022-08-11T09:39:24, 520291, 33.2535, -117.8825, 292, 14900, 270, , , SDM, , , 0000000
2022-08-11T09:39:27, 520291, 33.2535, -117.8825, 292, 14900, 270, , , SDM, , , 0000000
2022-08-11T09:39:29, 520291, 33.2535, -117.8825, 292, 14900, 270, , , SDM, , , 0000000
2022-08-11T09:39:31, 520291, 33.2535, -117.8825, 292, 14900, 270, , , SDM, , , 0000000
2022-08-11T09:39:34, 520291, 33.2553, -117.8874, 293, 15100, 266, , , SDM, , , 0000000
2022-08-11T09:39:36, 520291, 33.2553, -117.8874, 293, 15100, 266, , , SDM, , , 0000000
2022-08-11T09:39:38, 520291, 33.2595, -117.8984, 294, 15300, 259, , , SDM, , , 0000000
2022-08-11T09:39:41, 520291, 33.2612, -117.9035, 294, 15400, 259, , , SDM, , , 0000000
2022-08-11T09:39:43, 520291, 33.2612, -117.9035, 294, 15400, 259, , , SDM, , , 0000000
2022-08-11T09:39:45, 520291, 33.2612, -117.9035, 294, 15400, 259, , , SDM, , , 0000000
2022-08-11T09:39:47, 520291, 33.2612, -117.9035, 294, 15400, 259, , , SDM, , , 0000000
2022-08-11T09:39:50, 520291, 33.2629, -117.908, 293, 15500, 251, , , SDM, , , 0000000
2022-08-11T09:39:54, 520291, 33.2666, -117.9174, 295, 15700, 246, , , SDM, , , 0000000
2022-08-11T09:39:56, 520291, 33.2666, -117.9174, 295, 15700, 246, , , SDM, , , 0000000
2022-08-11T09:39:58, 520291, 33.2666, -117.9174, 295, 15700, 246, , , SDM, , , 0000000
2022-08-11T09:40:00, 520291, 33.2684, -117.922, 295, 15800, 246, , , SDM, , , 0000000
2022-08-11T09:40:03, 520291, 33.2684, -117.922, 295, 15800, 246, , , SDM, , , 0000000
2022-08-11T09:40:05, 520291, 33.2723, -117.9309, 296, 16000, 239, , , SDM, , , 0000000
2022-08-11T09:40:07, 520291, 33.2723, -117.9309, 296, 16000, 239, , , SDM, , , 0000000
2022-08-11T09:40:10, 520291, 33.2723, -117.9309, 296, 16000, 239, , , SDM, , , 0000000
2022-08-11T09:40:12, 520291, 33.2723, -117.9309, 296, 16000, 239, , , SDM, , , 0000000
2022-08-11T09:40:14, 520291, 33.2743, -117.9356, 297, 16100, 231, , , SDM, , , 0000000
2022-08-11T09:40:17, 520291, 33.2777, -117.9436, 297, 16400, 222, , , SDM, , , 0000000
2022-08-11T09:40:19, 520291, 33.2777, -117.9436, 297, 16400, 222, , , SDM, , , 0000000
2022-08-11T09:40:21, 520291, 33.2777, -117.9436, 297, 16400, 222, , , SDM, , , 0000000
2022-08-11T09:40:23, 520291, 33.2777, -117.9436, 297, 16400, 222, , , SDM, , , 0000000
2022-08-11T09:40:26, 520291, 33.2797, -117.9477, 297, 16600, 222, , , SDM, , , 0000000
2022-08-11T09:40:28, 520291, 33.2815, -117.9518, 298, 16800, 217, , , SDM, , , 0000000
2022-08-11T09:40:30, 520291, 33.2815, -117.9518, 298, 16800, 217, , , SDM, , , 0000000
2022-08-11T09:40:33, 520291, 33.285, -117.9597, 298, 17000, 206, , , SDM, , , 0000000
2022-08-11T09:40:35, 520291, 33.285, -117.9597, 298, 17000, 206, , , SDM, , , 0000000
2022-08-11T09:40:37, 520291, 33.285, -117.9597, 298, 17000, 206, , , SDM, , , 0000000
2022-08-11T09:40:40, 520291, 33.285, -117.9597, 298, 17000, 206, , , SDM, , , 0000000
2022-08-11T09:40:42, 520291, 33.2864, -117.9629, 298, 17000, 206, , , SDM, , , 0000000
2022-08-11T09:40:44, 520291, 33.2898, -117.9701, 299, 17200, 195, , , SDM, , , 0000000
2022-08-11T09:40:46, 520291, 33.2898, -117.9701, 299, 17200, 195, , , SDM, , , 0000000
2022-08-11T09:40:49, 520291, 33.2898, -117.9701, 299, 17200, 195, , , SDM, , , 0000000
2022-08-11T09:40:51, 520291, 33.2898, -117.9701, 299, 17200, 195, , , SDM, , , 0000000
2022-08-11T09:40:54, 520291, 33.2913, -117.9729, 300, 17200, 189, , , SDM, , , 0000000
2022-08-11T09:40:56, 520291, 33.2913, -117.9729, 300, 17200, 189, , , SDM, , , 0000000
2022-08-11T09:40:58, 520291, 33.2949, -117.9803, 300, 17400, 185, , , SDM, , , 0000000
2022-08-11T09:41:00, 520291, 33.2949, -117.9803, 300, 17400, 185, , , SDM, , , 0000000
2022-08-11T09:41:03, 520291, 33.2949, -117.9803, 300, 17400, 185, , , SDM, , , 0000000
2022-08-11T09:41:05, 520291, 33.2967, -117.9835, 300, 17400, 185, , , SDM, , , 0000000
2022-08-11T09:41:07, 520291, 33.2967, -117.9835, 300, 17400, 185, , , SDM, , , 0000000
2022-08-11T09:41:10, 520291, 33.3004, -117.9901, 303, 17600, 183, , , SDM, , , 0000000
2022-08-11T09:41:12, 520291, 33.3004, -117.9901, 303, 17600, 183, , , SDM, , , 0000000
2022-08-11T09:41:14, 520291, 33.3004, -117.9901, 303, 17600, 183, , , SDM, , , 0000000
2022-08-11T09:41:17, 520291, 33.302, -117.9931, 303, 17600, 181, , , SDM, , , 0000000
2022-08-11T09:41:19, 520291, 33.302, -117.9931, 303, 17600, 181, , , SDM, , , 0000000
2022-08-11T09:41:21, 520291, 33.3034, -117.9964, 303, 17700, 181, , , SDM, , , 0000000
2022-08-11T09:41:23, 520291, 33.3034, -117.9964, 303, 17700, 181, , , SDM, , , 0000000
2022-08-11T09:41:26, 520291, 33.3049, -117.9997, 299, 17700, 172, , , SDM, , , 0000000
2022-08-11T09:41:29, 520291, 33.3067, -118.0028, 299, 17800, 172, , , SDM, , , 0000000
2022-08-11T09:41:31, 520291, 33.3067, -118.0028, 299, 17800, 172, , , SDM, , , 0000000
2022-08-11T09:41:33, 520291, 33.308, -118.0058, 301, 17900, 167, , , SDM, , , 0000000
2022-08-11T09:41:36, 520291, 33.308, -118.0058, 301, 17900, 167, , , SDM, , , 0000000
2022-08-11T09:41:38, 520291, 33.3112, -118.012, 301, 17900, 168, , , SDM, , , 0000000
2022-08-11T09:41:40, 520291, 33.3127, -118.0152, 301, 18000, 168, , , SDM, , , 0000000
2022-08-11T09:41:43, 520291, 33.3127, -118.0152, 301, 18000, 168, , , SDM, , , 0000000
2022-08-11T09:41:45, 520291, 33.3127, -118.0152, 301, 18000, 168, , , SDM, , , 0000000
2022-08-11T09:41:47, 520291, 33.3127, -118.0152, 301, 18000, 168, , , SDM, , , 0000000
2022-08-11T09:41:49, 520291, 33.3143, -118.0188, 299, 18100, 168, , , SDM, , , 0000000
2022-08-11T09:41:52, 520291, 33.3143, -118.0188, 299, 18100, 168, , , SDM, , , 0000000
2022-08-11T09:41:54, 520291, 33.3171, -118.0248, 299, 18100, 168, , , SDM, , , 0000000
2022-08-11T09:41:56, 520291, 33.3171, -118.0248, 299, 18100, 168, , , SDM, , , 0000000
2022-08-11T09:41:59, 520291, 33.3171, -118.0248, 299, 18100, 168, , , SDM, , , 0000000
2022-08-11T09:42:01, 520291, 33.3188, -118.0282, 299, 18200, 168, , , SDM, , , 0000000
2022-08-11T09:42:03, 520291, 33.3188, -118.0282, 299, 18200, 168, , , SDM, , , 0000000
2022-08-11T09:42:06, 520291, 33.3217, -118.0347, 299, 18200, 168, , , SDM, , , 0000000
2022-08-11T09:42:08, 520291, 33.3217, -118.0347, 299, 18200, 168, , , SDM, , , 0000000
2022-08-11T09:42:10, 520291, 33.3217, -118.0347, 299, 18200, 168, , , SDM, , , 0000000
2022-08-11T09:42:13, 520291, 33.3232, -118.0388, 297, 18300, 168, , , SDM, , , 0000000
2022-08-11T09:42:15, 520291, 33.3232, -118.0388, 297, 18300, 168, , , SDM, , , 0000000
2022-08-11T09:42:17, 520291, 33.326, -118.0453, 297, 18300, 168, , , SDM, , , 0000000
2022-08-11T09:42:20, 520291, 33.326, -118.0453, 297, 18300, 168, , , SDM, , , 0000000
2022-08-11T09:42:22, 520291, 33.326, -118.0453, 297, 18300, 168, , , SDM, , , 0000000
2022-08-11T09:42:24, 520291, 33.3275, -118.049, 297, 18400, 168, , , SDM, , , 0000000
2022-08-11T09:42:26, 520291, 33.3275, -118.049, 297, 18400, 168, , , SDM, , , 0000000
2022-08-11T09:42:29, 520291, 33.3305, -118.056, 297, 18500, 172, , , SDM, , , 0000000
2022-08-11T09:42:31, 520291, 33.3305, -118.056, 297, 18500, 172, , , SDM, , , 0000000
2022-08-11T09:42:33, 520291, 33.3305, -118.056, 297, 18500, 172, , , SDM, , , 0000000
2022-08-11T09:42:36, 520291, 33.3305, -118.056, 297, 18500, 172, , , SDM, , , 0000000
2022-08-11T09:42:38, 520291, 33.332, -118.0596, 297, 18500, 175, , , SDM, , , 0000000
2022-08-11T09:42:40, 520291, 33.3336, -118.0633, 297, 18500, 175, , , SDM, , , 0000000
2022-08-11T09:42:42, 520291, 33.3336, -118.0633, 297, 18500, 175, , , SDM, , , 0000000
2022-08-11T09:42:45, 520291, 33.3364, -118.0705, 296, 18600, 177, , , SDM, , , 0000000
2022-08-11T09:42:47, 520291, 33.3364, -118.0705, 296, 18600, 177, , , SDM, , , 0000000
2022-08-11T09:42:49, 520291, 33.3364, -118.0705, 296, 18600, 177, , , SDM, , , 0000000
2022-08-11T09:42:52, 520291, 33.3364, -118.0705, 296, 18600, 177, , , SDM, , , 0000000
2022-08-11T09:42:54, 520291, 33.3379, -118.0742, 296, 18700, 178, , , SDM, , , 0000000
2022-08-11T09:42:56, 520291, 33.3408, -118.0819, 295, 18700, 178, , , SDM, , , 0000000
2022-08-11T09:42:59, 520291, 33.3408, -118.0819, 295, 18700, 178, , , SDM, , , 0000000
2022-08-11T09:43:01, 520291, 33.3408, -118.0819, 295, 18700, 178, , , SDM, , , 0000000
2022-08-11T09:43:03, 520291, 33.3408, -118.0819, 295, 18700, 178, , , SDM, , , 0000000
2022-08-11T09:43:05, 520291, 33.3418, -118.0855, 295, 18800, 178, , , SDM, , , 0000000
2022-08-11T09:43:08, 520291, 33.3418, -118.0855, 295, 18800, 178, , , SDM, , , 0000000
2022-08-11T09:43:10, 520291, 33.3441, -118.0937, 290, 18900, 182, , , SDM, , , 0000000
2022-08-11T09:43:12, 520291, 33.3441, -118.0937, 290, 18900, 182, , , SDM, , , 0000000
2022-08-11T09:43:15, 520291, 33.3441, -118.0937, 290, 18900, 182, , , SDM, , , 0000000
2022-08-11T09:43:17, 520291, 33.3452, -118.0979, 288, 18900, 189, , , SDM, , , 0000000
2022-08-11T09:43:19, 520291, 33.3452, -118.0979, 288, 18900, 189, , , SDM, , , 0000000
2022-08-11T09:43:22, 520291, 33.3471, -118.106, 287, 19000, 189, , , SDM, , , 0000000
2022-08-11T09:43:24, 520291, 33.3471, -118.106, 287, 19000, 189, , , SDM, , , 0000000
2022-08-11T09:43:26, 520291, 33.3471, -118.106, 287, 19000, 189, , , SDM, , , 0000000
2022-08-11T09:43:28, 520291, 33.3481, -118.1102, 287, 19100, 189, , , SDM, , , 0000000
2022-08-11T09:43:31, 520291, 33.3481, -118.1102, 287, 19100, 189, , , SDM, , , 0000000
2022-08-11T09:43:33, 520291, 33.35, -118.119, 285, 19200, 193, , , SDM, , , 0000000
2022-08-11T09:43:35, 520291, 33.35, -118.119, 285, 19200, 193, , , SDM, , , 0000000
2022-08-11T09:43:38, 520291, 33.35, -118.119, 285, 19200, 193, , , SDM, , , 0000000
2022-08-11T09:43:40, 520291, 33.35, -118.119, 285, 19200, 193, , , SDM, , , 0000000
2022-08-11T09:43:42, 520291, 33.3508, -118.1228, 285, 19200, 195, , , SDM, , , 0000000
2022-08-11T09:43:44, 520291, 33.3517, -118.1268, 285, 19200, 195, , , SDM, , , 0000000
2022-08-11T09:43:47, 520291, 33.3517, -118.1268, 285, 19200, 195, , , SDM, , , 0000000
2022-08-11T09:43:49, 520291, 33.3537, -118.1356, 285, 19300, 197, , , SDM, , , 0000000
2022-08-11T09:43:51, 520291, 33.3537, -118.1356, 285, 19300, 197, , , SDM, , , 0000000
2022-08-11T09:43:54, 520291, 33.3537, -118.1356, 285, 19300, 197, , , SDM, , , 0000000
2022-08-11T09:43:56, 520291, 33.3537, -118.1356, 285, 19300, 197, , , SDM, , , 0000000
2022-08-11T09:43:58, 520291, 33.3546, -118.1397, 285, 19400, 198, , , SDM, , , 0000000
2022-08-11T09:44:01, 520291, 33.3556, -118.1441, 285, 19400, 198, , , SDM, , , 0000000
2022-08-11T09:44:03, 520291, 33.3556, -118.1441, 285, 19400, 198, , , SDM, , , 0000000
2022-08-11T09:44:05, 520291, 33.3573, -118.1521, 285, 19500, 194, , , SDM, , , 0000000
2022-08-11T09:44:08, 520291, 33.3573, -118.1521, 285, 19500, 194, , , SDM, , , 0000000
2022-08-11T09:44:10, 520291, 33.3573, -118.1521, 285, 19500, 194, , , SDM, , , 0000000
2022-08-11T09:44:12, 520291, 33.3582, -118.1568, 284, 19600, 196, , , SDM, , , 0000000
2022-08-11T09:44:14, 520291, 33.3582, -118.1568, 284, 19600, 196, , , SDM, , , 0000000
2022-08-11T09:44:17, 520291, 33.3601, -118.1654, 284, 19600, 197, , , SDM, , , 0000000
2022-08-11T09:44:19, 520291, 33.3601, -118.1654, 284, 19600, 197, , , SDM, , , 0000000
2022-08-11T09:44:21, 520291, 33.3611, -118.1697, 284, 19700, 197, , , SDM, , , 0000000
2022-08-11T09:44:24, 520291, 33.3611, -118.1697, 284, 19700, 197, , , SDM, , , 0000000
2022-08-11T09:44:26, 520291, 33.3611, -118.1697, 284, 19700, 197, , , SDM, , , 0000000
2022-08-11T09:44:28, 520291, 33.363, -118.178, 285, 19700, 198, , , SDM, , , 0000000
2022-08-11T09:44:31, 520291, 33.363, -118.178, 285, 19700, 198, , , SDM, , , 0000000
2022-08-11T09:44:33, 520291, 33.363, -118.178, 285, 19700, 198, , , SDM, , , 0000000
2022-08-11T09:44:35, 520291, 33.363, -118.178, 285, 19700, 198, , , SDM, , , 0000000
2022-08-11T09:44:37, 520291, 33.364, -118.1824, 285, 19800, 198, , , SDM, , , 0000000
2022-08-11T09:44:40, 520291, 33.364, -118.1824, 285, 19800, 198, , , SDM, , , 0000000
2022-08-11T09:44:42, 520291, 33.3659, -118.1907, 285, 19900, 198, , , SDM, , , 0000000
2022-08-11T09:44:44, 520291, 33.3669, -118.1949, 285, 19900, 198, , , SDM, , , 0000000
2022-08-11T09:44:47, 520291, 33.3669, -118.1949, 285, 19900, 198, , , SDM, , , 0000000
2022-08-11T09:44:49, 520291, 33.3669, -118.1949, 285, 19900, 198, , , SDM, , , 0000000
2022-08-11T09:44:51, 520291, 33.3669, -118.1949, 285, 19900, 198, , , SDM, , , 0000000
2022-08-11T09:44:53, 520291, 33.368, -118.1995, 286, 19900, 198, , , SDM, , , 0000000
2022-08-11T09:44:56, 520291, 33.368, -118.1995, 286, 19900, 198, , , SDM, , , 0000000
2022-08-11T09:44:58, 520291, 33.3702, -118.208, 286, 20000, 198, , , SDM, , , 0000000
2022-08-11T09:45:00, 520291, 33.3702, -118.208, 286, 20000, 198, , , SDM, , , 0000000
2022-08-11T09:45:03, 520291, 33.3702, -118.208, 286, 20000, 198, , , SDM, , , 0000000
2022-08-11T09:45:05, 520291, 33.3712, -118.2119, 286, 20000, 198, , , SDM, , , 0000000
2022-08-11T09:45:07, 520291, 33.3712, -118.2119, 286, 20000, 198, , , SDM, , , 0000000
2022-08-11T09:45:09, 520291, 33.3733, -118.2201, 287, 20000, 198, , , SDM, , , 0000000
2022-08-11T09:45:12, 520291, 33.3733, -118.2201, 287, 20000, 198, , , SDM, , , 0000000
2022-08-11T09:45:14, 520291, 33.3733, -118.2201, 287, 20000, 198, , , SDM, , , 0000000
2022-08-11T09:45:16, 520291, 33.3744, -118.2246, 287, 20000, 198, , , SDM, , , 0000000
2022-08-11T09:45:19, 520291, 33.3744, -118.2246, 287, 20000, 198, , , SDM, , , 0000000
2022-08-11T09:45:21, 520291, 33.3766, -118.2335, 287, 20000, 198, , , SDM, , , 0000000
2022-08-11T09:45:23, 520291, 33.3766, -118.2335, 287, 20000, 198, , , SDM, , , 0000000
2022-08-11T09:45:25, 520291, 33.3766, -118.2335, 287, 20000, 198, , , SDM, , , 0000000
2022-08-11T09:45:28, 520291, 33.3766, -118.2335, 287, 20000, 198, , , SDM, , , 0000000
2022-08-11T09:45:30, 520291, 33.3777, -118.238, 287, 20000, 198, , , SDM, , , 0000000
2022-08-11T09:45:33, 520291, 33.3796, -118.2465, 286, 20000, 202, , , SDM, , , 0000000
2022-08-11T09:45:36, 520291, 33.3796, -118.2465, 286, 20000, 202, , , SDM, , , 0000000
2022-08-11T09:45:39, 520291, 33.3796, -118.2465, 286, 20000, 202, , , SDM, , , 0000000
2022-08-11T09:45:41, 520291, 33.3807, -118.2515, 285, 20000, 205, , , SDM, , , 0000000
2022-08-11T09:45:43, 520291, 33.3807, -118.2515, 285, 20000, 205, , , SDM, , , 0000000
2022-08-11T09:45:46, 520291, 33.3827, -118.2605, 285, 20000, 211, , , SDM, , , 0000000
2022-08-11T09:45:48, 520291, 33.3827, -118.2605, 285, 20000, 211, , , SDM, , , 0000000
2022-08-11T09:45:50, 520291, 33.3827, -118.2605, 285, 20000, 211, , , SDM, , , 0000000
2022-08-11T09:45:53, 520291, 33.3837, -118.2653, 285, 20000, 211, , , SDM, , , 0000000
2022-08-11T09:45:55, 520291, 33.3837, -118.2653, 285, 20000, 211, , , SDM, , , 0000000
2022-08-11T09:45:57, 520291, 33.3847, -118.2699, 285, 20000, 214, , , SDM, , , 0000000
2022-08-11T09:45:59, 520291, 33.3847, -118.2699, 285, 20000, 214, , , SDM, , , 0000000
2022-08-11T09:46:02, 520291, 33.3867, -118.2797, 284, 20000, 220, , , SDM, , , 0000000
2022-08-11T09:46:04, 520291, 33.3867, -118.2797, 284, 20000, 220, , , SDM, , , 0000000
2022-08-11T09:46:06, 520291, 33.3867, -118.2797, 284, 20000, 220, , , SDM, , , 0000000
2022-08-11T09:46:09, 520291, 33.3878, -118.2848, 284, 20000, 220, , , SDM, , , 0000000
2022-08-11T09:46:11, 520291, 33.3878, -118.2848, 284, 20000, 220, , , SDM, , , 0000000
2022-08-11T09:46:13, 520291, 33.3887, -118.2893, 284, 20000, 224, , , SDM, , , 0000000
2022-08-11T09:46:15, 520291, 33.3887, -118.2893, 284, 20000, 224, , , SDM, , , 0000000
2022-08-11T09:46:18, 520291, 33.3909, -118.2996, 284, 20000, 226, , , SDM, , , 0000000
2022-08-11T09:46:20, 520291, 33.3909, -118.2996, 284, 20000, 226, , , SDM, , , 0000000
2022-08-11T09:46:22, 520291, 33.3909, -118.2996, 284, 20000, 226, , , SDM, , , 0000000
2022-08-11T09:46:25, 520291, 33.3919, -118.3045, 284, 20000, 226, , , SDM, , , 0000000
2022-08-11T09:46:27, 520291, 33.3919, -118.3045, 284, 20000, 226, , , SDM, , , 0000000
2022-08-11T09:46:29, 520291, 33.3942, -118.315, 284, 20000, 231, , , SDM, , , 0000000
2022-08-11T09:46:31, 520291, 33.3942, -118.315, 284, 20000, 231, , , SDM, , , 0000000
2022-08-11T09:46:34, 520291, 33.3942, -118.315, 284, 20000, 231, , , SDM, , , 0000000
2022-08-11T09:46:36, 520291, 33.3942, -118.315, 284, 20000, 231, , , SDM, , , 0000000
2022-08-11T09:46:38, 520291, 33.3952, -118.3196, 284, 20000, 234, , , SDM, , , 0000000
2022-08-11T09:46:41, 520291, 33.3978, -118.3293, 287, 20000, 236, , , SDM, , , 0000000
2022-08-11T09:46:43, 520291, 33.3978, -118.3293, 287, 20000, 236, , , SDM, , , 0000000
2022-08-11T09:46:45, 520291, 33.3978, -118.3293, 287, 20000, 236, , , SDM, , , 0000000
2022-08-11T09:46:47, 520291, 33.3978, -118.3293, 287, 20000, 236, , , SDM, , , 0000000
2022-08-11T09:46:50, 520291, 33.3997, -118.3346, 287, 20000, 236, , , SDM, , , 0000000
2022-08-11T09:46:52, 520291, 33.3997, -118.3346, 287, 20000, 236, , , SDM, , , 0000000
2022-08-11T09:46:54, 520291, 33.4038, -118.3439, 293, 20000, 237, , , SDM, , , 0000000
2022-08-11T09:46:57, 520291, 33.4062, -118.3483, 299, 20000, 238, , , SDM, , , 0000000
2022-08-11T09:46:59, 520291, 33.4062, -118.3483, 299, 20000, 238, , , SDM, , , 0000000
2022-08-11T09:47:01, 520291, 33.4062, -118.3483, 299, 20000, 238, , , SDM, , , 0000000
2022-08-11T09:47:03, 520291, 33.4062, -118.3483, 299, 20000, 238, , , SDM, , , 0000000
2022-08-11T09:47:06, 520291, 33.4089, -118.352, 299, 20000, 238, , , SDM, , , 0000000
2022-08-11T09:47:08, 520291, 33.4089, -118.352, 299, 20000, 238, , , SDM, , , 0000000
2022-08-11T09:47:10, 520291, 33.4152, -118.3588, 309, 20000, 238, , , SDM, , , 0000000
2022-08-11T09:47:13, 520291, 33.4152, -118.3588, 309, 20000, 238, , , SDM, , , 0000000
2022-08-11T09:47:15, 520291, 33.4152, -118.3588, 309, 20000, 238, , , SDM, , , 0000000
2022-08-11T09:47:17, 520291, 33.419, -118.362, 319, 20000, 234, , , SDM, , , 0000000
2022-08-11T09:47:19, 520291, 33.419, -118.362, 319, 20000, 234, , , SDM, , , 0000000
2022-08-11T09:47:22, 520291, 33.4269, -118.3661, 332, 20000, 236, , , SDM, , , 0000000
2022-08-11T09:47:24, 520291, 33.4269, -118.3661, 332, 20000, 236, , , SDM, , , 0000000
2022-08-11T09:47:26, 520291, 33.4269, -118.3661, 332, 20000, 236, , , SDM, , , 0000000
2022-08-11T09:47:29, 520291, 33.4311, -118.3676, 332, 20000, 236, , , SDM, , , 0000000
2022-08-11T09:47:31, 520291, 33.4311, -118.3676, 332, 20000, 236, , , SDM, , , 0000000
2022-08-11T09:47:33, 520291, 33.4404, -118.3701, 341, 20000, 241, , , SDM, , , 0000000
2022-08-11T09:47:35, 520291, 33.4404, -118.3701, 341, 20000, 241, , , SDM, , , 0000000
2022-08-11T09:47:38, 520291, 33.4404, -118.3701, 341, 20000, 241, , , SDM, , , 0000000
2022-08-11T09:47:40, 520291, 33.4452, -118.3709, 349, 20000, 248, , , SDM, , , 0000000
2022-08-11T09:47:42, 520291, 33.4452, -118.3709, 349, 20000, 248, , , SDM, , , 0000000
2022-08-11T09:47:45, 520291, 33.4549, -118.3716, 355, 20000, 256, , , SDM, , , 0000000
2022-08-11T09:47:47, 520291, 33.4549, -118.3716, 355, 20000, 256, , , SDM, , , 0000000
2022-08-11T09:47:49, 520291, 33.4549, -118.3716, 355, 20000, 256, , , SDM, , , 0000000
2022-08-11T09:47:52, 520291, 33.4549, -118.3716, 355, 20000, 256, , , SDM, , , 0000000
2022-08-11T09:47:54, 520291, 33.4603, -118.3719, 355, 20000, 256, , , SDM, , , 0000000
2022-08-11T09:47:56, 520291, 33.4701, -118.3718, 358, 20000, 261, , , SDM, , , 0000000
2022-08-11T09:47:58, 520291, 33.4701, -118.3718, 358, 20000, 261, , , SDM, , , 0000000
2022-08-11T09:48:01, 520291, 33.4701, -118.3718, 358, 20000, 261, , , SDM, , , 0000000
2022-08-11T09:48:03, 520291, 33.4701, -118.3718, 358, 20000, 261, , , SDM, , , 0000000
2022-08-11T09:48:05, 520291, 33.4755, -118.3717, 89, 20000, 268, , , SDM, , , 0000000
2022-08-11T09:48:08, 520291, 33.481, -118.3717, 89, 20000, 268, , , SDM, , , 0000000
2022-08-11T09:48:11, 520291, 33.481, -118.3717, 89, 20000, 268, , , SDM, , , 0000000
2022-08-11T09:48:13, 520291, 33.4859, -118.3716, 22, 20000, 272, , , SDM, , , 0000000
2022-08-11T09:48:15, 520291, 33.4859, -118.3716, 22, 20000, 272, , , SDM, , , 0000000
2022-08-11T09:48:17, 520291, 33.4959, -118.3714, 5, 20000, 275, , , SDM, , , 0000000
2022-08-11T09:48:20, 520291, 33.4959, -118.3714, 5, 20000, 275, , , SDM, , , 0000000
2022-08-11T09:48:22, 520291, 33.4959, -118.3714, 5, 20000, 275, , , SDM, , , 0000000
2022-08-11T09:48:24, 520291, 33.5016, -118.3716, 5, 20000, 275, , , SDM, , , 0000000
2022-08-11T09:48:27, 520291, 33.5016, -118.3716, 5, 20000, 275, , , SDM, , , 0000000
2022-08-11T09:48:29, 520291, 33.5115, -118.3717, 1, 20000, 277, , , SDM, , , 0000000
2022-08-11T09:48:31, 520291, 33.5115, -118.3717, 1, 20000, 277, , , SDM, , , 0000000
2022-08-11T09:48:34, 520291, 33.5115, -118.3717, 1, 20000, 277, , , SDM, , , 0000000
2022-08-11T09:48:36, 520291, 33.5115, -118.3717, 1, 20000, 277, , , SDM, , , 0000000
2022-08-11T09:48:38, 520291, 33.5167, -118.3718, 269, 20000, 278, , , SDM, , , 0000000
2022-08-11T09:48:41, 520291, 33.5267, -118.3723, 335, 20000, 274, , , SDM, , , 0000000
2022-08-11T09:48:43, 520291, 33.5267, -118.3723, 335, 20000, 274, , , SDM, , , 0000000
2022-08-11T09:48:45, 520291, 33.5267, -118.3723, 335, 20000, 274, , , SDM, , , 0000000
2022-08-11T09:48:47, 520291, 33.5267, -118.3723, 335, 20000, 274, , , SDM, , , 0000000
2022-08-11T09:48:50, 520291, 33.5316, -118.3726, 335, 20000, 274, , , SDM, , , 0000000
2022-08-11T09:48:52, 520291, 33.5316, -118.3726, 335, 20000, 274, , , SDM, , , 0000000
2022-08-11T09:48:54, 520291, 33.5413, -118.3735, 351, 20000, 272, , , SDM, , , 0000000
2022-08-11T09:48:57, 520291, 33.5413, -118.3735, 351, 20000, 272, , , SDM, , , 0000000
2022-08-11T09:48:59, 520291, 33.5413, -118.3735, 351, 20000, 272, , , SDM, , , 0000000
2022-08-11T09:49:01, 520291, 33.5463, -118.3739, 354, 20000, 271, , , SDM, , , 0000000
2022-08-11T09:49:04, 520291, 33.5463, -118.3739, 354, 20000, 271, , , SDM, , , 0000000
2022-08-11T09:49:06, 520291, 33.5558, -118.3749, 355, 20000, 266, , , SDM, , , 0000000
2022-08-11T09:49:09, 520291, 33.5558, -118.3749, 355, 20000, 266, , , SDM, , , 0000000
2022-08-11T09:49:11, 520291, 33.5558, -118.3749, 355, 20000, 266, , , SDM, , , 0000000
2022-08-11T09:49:13, 520291, 33.5604, -118.3754, 355, 20000, 266, , , SDM, , , 0000000
2022-08-11T09:49:16, 520291, 33.5604, -118.3754, 355, 20000, 266, , , SDM, , , 0000000
2022-08-11T09:49:18, 520291, 33.5653, -118.3759, 355, 20000, 263, , , SDM, , , 0000000
2022-08-11T09:49:20, 520291, 33.5746, -118.3769, 355, 20000, 257, , , SDM, , , 0000000
2022-08-11T09:49:22, 520291, 33.5746, -118.3769, 355, 20000, 257, , , SDM, , , 0000000
2022-08-11T09:49:25, 520291, 33.5746, -118.3769, 355, 20000, 257, , , SDM, , , 0000000
2022-08-11T09:49:27, 520291, 33.5746, -118.3769, 355, 20000, 257, , , SDM, , , 0000000
2022-08-11T09:49:29, 520291, 33.5794, -118.3774, 355, 20000, 257, , , SDM, , , 0000000
2022-08-11T09:49:32, 520291, 33.5794, -118.3774, 355, 20000, 257, , , SDM, , , 0000000
2022-08-11T09:49:34, 520291, 33.5885, -118.3784, 355, 20000, 254, , , SDM, , , 0000000
2022-08-11T09:49:36, 520291, 33.5885, -118.3784, 355, 20000, 254, , , SDM, , , 0000000
2022-08-11T09:49:39, 520291, 33.5885, -118.3784, 355, 20000, 254, , , SDM, , , 0000000
2022-08-11T09:49:41, 520291, 33.5929, -118.3788, 355, 20000, 252, , , SDM, , , 0000000
2022-08-11T09:49:43, 520291, 33.5929, -118.3788, 355, 20000, 252, , , SDM, , , 0000000
2022-08-11T09:49:45, 520291, 33.6015, -118.3797, 355, 20000, 247, , , SDM, , , 0000000
2022-08-11T09:49:48, 520291, 33.6015, -118.3797, 355, 20000, 247, , , SDM, , , 0000000
2022-08-11T09:49:50, 520291, 33.6015, -118.3797, 355, 20000, 247, , , SDM, , , 0000000
2022-08-11T09:49:52, 520291, 33.6063, -118.3802, 355, 20000, 247, , , SDM, , , 0000000
2022-08-11T09:49:56, 520291, 33.615, -118.3813, 355, 20000, 244, , , SDM, , , 0000000
2022-08-11T09:49:58, 520291, 33.615, -118.3813, 355, 20000, 244, , , SDM, , , 0000000
2022-08-11T09:50:01, 520291, 33.615, -118.3813, 355, 20000, 244, , , SDM, , , 0000000
2022-08-11T09:50:03, 520291, 33.615, -118.3813, 355, 20000, 244, , , SDM, , , 0000000
2022-08-11T09:50:05, 520291, 33.6195, -118.3819, 354, 20000, 242, , , SDM, , , 0000000
2022-08-11T09:50:08, 520291, 33.6195, -118.3819, 354, 20000, 242, , , SDM, , , 0000000
2022-08-11T09:50:10, 520291, 33.628, -118.3831, 353, 20000, 241, , , SDM, , , 0000000
2022-08-11T09:50:12, 520291, 33.6321, -118.3837, 353, 20000, 241, , , SDM, , , 0000000
2022-08-11T09:50:15, 520291, 33.6321, -118.3837, 353, 20000, 241, , , SDM, , , 0000000
2022-08-11T09:50:17, 520291, 33.6321, -118.3837, 353, 20000, 241, , , SDM, , , 0000000
2022-08-11T09:50:19, 520291, 33.6321, -118.3837, 353, 20000, 241, , , SDM, , , 0000000
2022-08-11T09:50:22, 520291, 33.6368, -118.3846, 353, 20000, 236, , , SDM, , , 0000000
2022-08-11T09:50:24, 520291, 33.6413, -118.3854, 353, 20000, 236, , , SDM, , , 0000000
2022-08-11T09:50:27, 520291, 33.6413, -118.3854, 353, 20000, 236, , , SDM, , , 0000000
2022-08-11T09:50:29, 520291, 33.6497, -118.3871, 351, 20000, 237, , , SDM, , , 0000000
2022-08-11T09:50:31, 520291, 33.6497, -118.3871, 351, 20000, 237, , , SDM, , , 0000000
2022-08-11T09:50:33, 520291, 33.6497, -118.3871, 351, 20000, 237, , , SDM, , , 0000000
2022-08-11T09:50:36, 520291, 33.6497, -118.3871, 351, 20000, 237, , , SDM, , , 0000000
2022-08-11T09:50:38, 520291, 33.654, -118.388, 351, 20000, 234, , , SDM, , , 0000000
2022-08-11T09:50:40, 520291, 33.6622, -118.3898, 350, 20000, 236, , , SDM, , , 0000000
2022-08-11T09:50:43, 520291, 33.6622, -118.3898, 350, 20000, 236, , , SDM, , , 0000000
2022-08-11T09:50:45, 520291, 33.6622, -118.3898, 350, 20000, 236, , , SDM, , , 0000000
2022-08-11T09:50:47, 520291, 33.6622, -118.3898, 350, 20000, 236, , , SDM, , , 0000000
2022-08-11T09:50:50, 520291, 33.6667, -118.3907, 350, 20000, 236, , , SDM, , , 0000000
2022-08-11T09:50:52, 520291, 33.6667, -118.3907, 350, 20000, 236, , , SDM, , , 0000000
2022-08-11T09:50:54, 520291, 33.6752, -118.3924, 350, 20000, 237, , , SDM, , , 0000000
2022-08-11T09:50:57, 520291, 33.6752, -118.3924, 350, 20000, 237, , , SDM, , , 0000000
2022-08-11T09:50:59, 520291, 33.6752, -118.3924, 350, 20000, 237, , , SDM, , , 0000000
2022-08-11T09:51:01, 520291, 33.6793, -118.3932, 350, 20000, 234, , , SDM, , , 0000000
2022-08-11T09:51:03, 520291, 33.6793, -118.3932, 350, 20000, 234, , , SDM, , , 0000000
2022-08-11T09:51:06, 520291, 33.6876, -118.3946, 352, 20000, 236, , , SDM, , , 0000000
2022-08-11T09:51:08, 520291, 33.6876, -118.3946, 352, 20000, 236, , , SDM, , , 0000000
2022-08-11T09:51:10, 520291, 33.6876, -118.3946, 352, 20000, 236, , , SDM, , , 0000000
2022-08-11T09:51:13, 520291, 33.6923, -118.3954, 352, 20000, 236, , , SDM, , , 0000000
2022-08-11T09:51:15, 520291, 33.6923, -118.3954, 352, 20000, 236, , , SDM, , , 0000000
2022-08-11T09:51:17, 520291, 33.6969, -118.3961, 352, 20000, 233, , , SDM, , , 0000000
2022-08-11T09:51:20, 520291, 33.6969, -118.3961, 352, 20000, 233, , , SDM, , , 0000000
2022-08-11T09:51:22, 520291, 33.7055, -118.3973, 353, 20000, 235, , , SDM, , , 0000000
2022-08-11T09:51:24, 520291, 33.7055, -118.3973, 353, 20000, 235, , , SDM, , , 0000000
2022-08-11T09:51:26, 520291, 33.7055, -118.3973, 353, 20000, 235, , , SDM, , , 0000000
2022-08-11T09:51:29, 520291, 33.7104, -118.3979, 353, 20000, 235, , , SDM, , , 0000000
2022-08-11T09:51:31, 520291, 33.7104, -118.3979, 353, 20000, 235, , , SDM, , , 0000000
2022-08-11T09:51:33, 520291, 33.7187, -118.399, 353, 20000, 237, , , SDM, , , 0000000
2022-08-11T09:51:36, 520291, 33.7187, -118.399, 353, 20000, 237, , , SDM, , , 0000000
2022-08-11T09:51:38, 520291, 33.7187, -118.399, 353, 20000, 237, , , SDM, , , 0000000
2022-08-11T09:51:40, 520291, 33.7231, -118.3994, 354, 20000, 238, , , SDM, , , 0000000
2022-08-11T09:51:43, 520291, 33.7231, -118.3994, 354, 20000, 238, , , SDM, , , 0000000
2022-08-11T09:51:45, 520291, 33.732, -118.4005, 354, 20000, 238, , , SDM, , , 0000000
2022-08-11T09:51:47, 520291, 33.732, -118.4005, 354, 20000, 238, , , SDM, , , 0000000
2022-08-11T09:51:49, 520291, 33.732, -118.4005, 354, 20000, 238, , , SDM, , , 0000000
2022-08-11T09:51:52, 520291, 33.732, -118.4005, 354, 20000, 238, , , SDM, , , 0000000
2022-08-11T09:51:54, 520291, 33.7367, -118.4012, 354, 20000, 238, , , SDM, , , 0000000
2022-08-11T09:51:56, 520291, 33.7453, -118.4025, 354, 20000, 238, , , SDM, , , 0000000
2022-08-11T09:51:59, 520291, 33.7453, -118.4025, 354, 20000, 238, , , SDM, , , 0000000
2022-08-11T09:52:01, 520291, 33.7496, -118.4031, 354, 20000, 238, , , SDM, , , 0000000
2022-08-11T09:52:03, 520291, 33.7496, -118.4031, 354, 20000, 238, , , SDM, , , 0000000
2022-08-11T09:52:06, 520291, 33.7496, -118.4031, 354, 20000, 238, , , SDM, , , 0000000
