Date-Time,Price,High,Low,Volume
2021-12-01T00:02:05,1144.76,1168.00,1118.00,27092038
2021-12-01T00:07:06,1144.76,1168.00,1118.00,27092038
2021-12-01T00:12:07,1144.76,1168.00,1118.00,27092038
2021-12-01T00:17:07,1144.76,1168.00,1118.00,27092038
2021-12-01T00:22:08,1144.76,1168.00,1118.00,27092038
2021-12-01T00:27:09,1144.76,1168.00,1118.00,27092038
2021-12-01T00:32:10,1144.76,1168.00,1118.00,27092038
2021-12-01T00:37:10,1144.76,1168.00,1118.00,27092038
2021-12-01T00:42:11,1144.76,1168.00,1118.00,27092038
2021-12-01T00:47:12,1144.76,1168.00,1118.00,27092038
2021-12-01T00:52:13,1144.76,1168.00,1118.00,27092038
2021-12-01T00:57:14,1144.76,1168.00,1118.00,27092038
2021-12-01T01:02:15,1144.76,1168.00,1118.00,27092038
2021-12-01T01:07:16,1144.76,1168.00,1118.00,27092038
2021-12-01T01:12:17,1144.76,1168.00,1118.00,27092038
2021-12-01T01:17:18,1144.76,1168.00,1118.00,27092038
2021-12-01T01:22:19,1144.76,1168.00,1118.00,27092038
2021-12-01T01:27:20,1144.76,1168.00,1118.00,27092038
2021-12-01T01:32:20,1144.76,1168.00,1118.00,27092038
2021-12-01T01:37:21,1144.76,1168.00,1118.00,27092038
2021-12-01T01:42:22,1144.76,1168.00,1118.00,27092038
2021-12-01T01:47:23,1144.76,1168.00,1118.00,27092038
2021-12-01T01:52:23,1144.76,1168.00,1118.00,27092038
2021-12-01T01:57:24,1144.76,1168.00,1118.00,27092038
