Date-Time,Price,High,Low,Volume
2021-12-01T00:02:04,324.46,335.81,323.43,25390008
2021-12-01T00:07:05,324.46,335.81,323.43,25390008
2021-12-01T00:12:06,324.46,335.81,323.43,25390008
2021-12-01T00:17:07,324.46,335.81,323.43,25390008
2021-12-01T00:22:07,324.46,335.81,323.43,25390008
2021-12-01T00:27:08,324.46,335.81,323.43,25390008
2021-12-01T00:32:09,324.46,335.81,323.43,25390008
2021-12-01T00:37:10,324.46,335.81,323.43,25390008
2021-12-01T00:42:11,324.46,335.81,323.43,25390008
2021-12-01T00:47:11,324.46,335.81,323.43,25390008
2021-12-01T00:52:12,324.46,335.81,323.43,25390008
2021-12-01T00:57:14,324.46,335.81,323.43,25390008
