Date-Time,Price,High,Low,Volume
2022-05-21T00:04:45,663.90,721.582,633.00,48324435
2022-05-21T00:09:46,663.90,721.582,633.00,48324435
2022-05-21T00:14:47,663.90,721.582,633.00,48324435
2022-05-21T00:19:47,663.90,721.582,633.00,48324435
2022-05-21T00:24:48,663.90,721.582,633.00,48324435
2022-05-21T00:29:49,663.90,721.582,633.00,48324435
2022-05-21T00:34:50,663.90,721.582,633.00,48324435
2022-05-21T00:39:50,663.90,721.582,633.00,48324435
2022-05-21T00:44:51,663.90,721.582,633.00,48324435
2022-05-21T00:49:52,663.90,721.582,633.00,48324435
2022-05-21T00:54:53,663.90,721.582,633.00,48324435
2022-05-21T00:59:53,663.90,721.582,633.00,48324435
2022-05-21T01:04:54,663.90,721.582,633.00,48324435
2022-05-21T01:09:55,663.90,721.582,633.00,48324435
2022-05-21T01:14:56,663.90,721.582,633.00,48324435
2022-05-21T01:19:56,663.90,721.582,633.00,48324435
2022-05-21T01:24:58,663.90,721.582,633.00,48324435
2022-05-21T01:29:59,663.90,721.582,633.00,48324435
2022-05-21T01:35:00,663.90,721.582,633.00,48324435
2022-05-21T01:40:01,663.90,721.582,633.00,48324435
2022-05-21T01:45:01,663.90,721.582,633.00,48324435
2022-05-21T01:50:02,663.90,721.582,633.00,48324435
