Date-Time,Price,High,Low,Volume
2022-05-21T00:00:57,4.56,4.56,4.27,741603
2022-05-21T00:05:58,4.56,4.56,4.27,741603
2022-05-21T00:10:59,4.56,4.56,4.27,741603
2022-05-21T00:16:00,4.56,4.56,4.27,741603
2022-05-21T00:21:01,4.56,4.56,4.27,741603
2022-05-21T00:26:02,4.56,4.56,4.27,741603
2022-05-21T00:31:03,4.56,4.56,4.27,741603
2022-05-21T00:36:03,4.56,4.56,4.27,741603
2022-05-21T00:41:04,4.56,4.56,4.27,741603
2022-05-21T00:46:05,4.56,4.56,4.27,741603
2022-05-21T00:51:06,4.56,4.56,4.27,741603
2022-05-21T00:56:07,4.56,4.56,4.27,741603
2022-05-21T01:01:08,4.56,4.56,4.27,741603
2022-05-21T01:06:09,4.56,4.56,4.27,741603
2022-05-21T01:11:09,4.56,4.56,4.27,741603
2022-05-21T01:16:10,4.56,4.56,4.27,741603
2022-05-21T01:21:11,4.56,4.56,4.27,741603
2022-05-21T01:26:12,4.56,4.56,4.27,741603
2022-05-21T01:31:13,4.56,4.56,4.27,741603
2022-05-21T01:36:13,4.56,4.56,4.27,741603
2022-05-21T01:41:14,4.56,4.56,4.27,741603
2022-05-21T01:46:15,4.56,4.56,4.27,741603
2022-05-21T01:51:16,4.56,4.56,4.27,741603
