Date-Time,Price,High,Low,Volume
2022-05-21T00:04:45,16.44,17.60,15.68,86108911
2022-05-21T00:09:46,16.44,17.60,15.68,86108911
2022-05-21T00:14:47,16.44,17.60,15.68,86108911
2022-05-21T00:19:47,16.44,17.60,15.68,86108911
2022-05-21T00:24:48,16.44,17.60,15.68,86108911
2022-05-21T00:29:49,16.44,17.60,15.68,86108911
2022-05-21T00:34:50,16.44,17.60,15.68,86108911
2022-05-21T00:39:51,16.44,17.60,15.68,86108911
2022-05-21T00:44:51,16.44,17.60,15.68,86108911
2022-05-21T00:49:52,16.44,17.60,15.68,86108911
