Date-Time,Price,High,Low,Volume
2022-05-21T00:01:57,28.92,30.65,27.28,22757615
2022-05-21T00:06:58,28.92,30.65,27.28,22757615
2022-05-21T00:11:59,28.92,30.65,27.28,22757615
2022-05-21T00:16:59,28.92,30.65,27.28,22757615
2022-05-21T00:22:00,28.92,30.65,27.28,22757615
2022-05-21T00:27:01,28.92,30.65,27.28,22757615
2022-05-21T00:32:02,28.92,30.65,27.28,22757615
2022-05-21T00:37:03,28.92,30.65,27.28,22757615
2022-05-21T00:42:03,28.92,30.65,27.28,22757615
2022-05-21T00:47:04,28.92,30.65,27.28,22757615
2022-05-21T00:52:05,28.92,30.65,27.28,22757615
