Date-Time,Price,High,Low,Volume
2022-05-21T00:04:45,193.54,197.91,187.87,31465570
2022-05-21T00:09:45,193.54,197.91,187.87,31465570
2022-05-21T00:14:46,193.54,197.91,187.87,31465570
2022-05-21T00:19:47,193.54,197.91,187.87,31465570
2022-05-21T00:24:48,193.54,197.91,187.87,31465570
2022-05-21T00:29:49,193.54,197.91,187.87,31465570
2022-05-21T00:34:49,193.54,197.91,187.87,31465570
2022-05-21T00:39:50,193.54,197.91,187.87,31465570
2022-05-21T00:44:51,193.54,197.91,187.87,31465570
2022-05-21T00:49:52,193.54,197.91,187.87,31465570
2022-05-21T00:54:52,193.54,197.91,187.87,31465570
2022-05-21T00:59:53,193.54,197.91,187.87,31465570
2022-05-21T01:04:54,193.54,197.91,187.87,31465570
2022-05-21T01:09:55,193.54,197.91,187.87,31465570
2022-05-21T01:14:56,193.54,197.91,187.87,31465570
2022-05-21T01:19:57,193.54,197.91,187.87,31465570
2022-05-21T01:24:58,193.54,197.91,187.87,31465570
2022-05-21T01:29:59,193.54,197.91,187.87,31465570
2022-05-21T01:35:00,193.54,197.91,187.87,31465570
2022-05-21T01:40:01,193.54,197.91,187.87,31465570
2022-05-21T01:45:01,193.54,197.91,187.87,31465570
2022-05-21T01:50:02,193.54,197.91,187.87,31465570
