Date-Time,Price,High,Low,Volume
2022-03-30T00:02:49,1099.57,1114.77,1073.11,24538273
2022-03-30T00:07:50,1099.57,1114.77,1073.11,24538273
2022-03-30T00:12:51,1099.57,1114.77,1073.11,24538273
2022-03-30T00:17:52,1099.57,1114.77,1073.11,24538273
2022-03-30T00:22:53,1099.57,1114.77,1073.11,24538273
2022-03-30T00:27:54,1099.57,1114.77,1073.11,24538273
2022-03-30T00:32:55,1099.57,1114.77,1073.11,24538273
2022-03-30T00:37:55,1099.57,1114.77,1073.11,24538273
2022-03-30T00:42:56,1099.57,1114.77,1073.11,24538273
2022-03-30T00:47:57,1099.57,1114.77,1073.11,24538273
2022-03-30T00:52:58,1099.57,1114.77,1073.11,24538273
2022-03-30T00:57:59,1099.57,1114.77,1073.11,24538273
2022-03-30T01:03:00,1099.57,1114.77,1073.11,24538273
2022-03-30T01:08:01,1099.57,1114.77,1073.11,24538273
2022-03-30T01:13:02,1099.57,1114.77,1073.11,24538273
2022-03-30T01:18:03,1099.57,1114.77,1073.11,24538273
2022-03-30T01:23:04,1099.57,1114.77,1073.11,24538273
2022-03-30T01:28:05,1099.57,1114.77,1073.11,24538273
2022-03-30T01:33:05,1099.57,1114.77,1073.11,24538273
2022-03-30T01:38:06,1099.57,1114.77,1073.11,24538273
2022-03-30T01:43:07,1099.57,1114.77,1073.11,24538273
2022-03-30T01:48:08,1099.57,1114.77,1073.11,24538273
2022-03-30T01:53:09,1099.57,1114.77,1073.11,24538273
2022-03-30T01:58:10,1099.57,1114.77,1073.11,24538273
2022-03-30T02:03:11,1099.57,1114.77,1073.11,24538273
2022-03-30T02:08:12,1099.57,1114.77,1073.11,24538273
2022-03-30T02:13:13,1099.57,1114.77,1073.11,24538273
2022-03-30T02:18:13,1099.57,1114.77,1073.11,24538273
2022-03-30T02:23:14,1099.57,1114.77,1073.11,24538273
2022-03-30T02:28:15,1099.57,1114.77,1073.11,24538273
2022-03-30T02:33:16,1099.57,1114.77,1073.11,24538273
2022-03-30T02:38:17,1099.57,1114.77,1073.11,24538273
2022-03-30T02:43:17,1099.57,1114.77,1073.11,24538273
2022-03-30T02:48:18,1099.57,1114.77,1073.11,24538273
2022-03-30T02:53:19,1099.57,1114.77,1073.11,24538273
2022-03-30T02:58:20,1099.57,1114.77,1073.11,24538273
2022-03-30T03:03:21,1099.57,1114.77,1073.11,24538273
2022-03-30T03:08:22,1099.57,1114.77,1073.11,24538273
2022-03-30T03:13:22,1099.57,1114.77,1073.11,24538273
2022-03-30T03:18:23,1099.57,1114.77,1073.11,24538273
2022-03-30T03:23:24,1099.57,1114.77,1073.11,24538273
2022-03-30T03:28:25,1099.57,1114.77,1073.11,24538273
2022-03-30T03:33:25,1099.57,1114.77,1073.11,24538273
2022-03-30T03:38:26,1099.57,1114.77,1073.11,24538273
2022-03-30T03:43:27,1099.57,1114.77,1073.11,24538273
2022-03-30T03:48:28,1099.57,1114.77,1073.11,24538273
2022-03-30T03:53:29,1099.57,1114.77,1073.11,24538273
2022-03-30T03:58:30,1099.57,1114.77,1073.11,24538273
2022-03-30T04:03:31,1099.57,1114.77,1073.11,24538273
2022-03-30T04:08:31,1099.57,1114.77,1073.11,24538273
2022-03-30T04:13:32,1099.57,1114.77,1073.11,24538273
2022-03-30T04:18:33,1099.57,1114.77,1073.11,24538273
2022-03-30T04:23:34,1099.57,1114.77,1073.11,24538273
2022-03-30T04:28:35,1099.57,1114.77,1073.11,24538273
2022-03-30T04:33:36,1099.57,1114.77,1073.11,24538273
2022-03-30T04:38:36,1099.57,1114.77,1073.11,24538273
2022-03-30T04:43:37,1099.57,1114.77,1073.11,24538273
2022-03-30T04:48:38,1099.57,1114.77,1073.11,24538273
2022-03-30T04:53:39,1099.57,1114.77,1073.11,24538273
2022-03-30T04:58:40,1099.57,1114.77,1073.11,24538273
2022-03-30T05:03:41,1099.57,1114.77,1073.11,24538273
2022-03-30T05:08:42,1099.57,1114.77,1073.11,24538273
2022-03-30T05:13:42,1099.57,1114.77,1073.11,24538273
2022-03-30T05:18:43,1099.57,1114.77,1073.11,24538273
2022-03-30T05:23:44,1099.57,1114.77,1073.11,24538273
2022-03-30T05:28:45,1099.57,1114.77,1073.11,24538273
2022-03-30T05:33:46,1099.57,1114.77,1073.11,24538273
2022-03-30T05:38:46,1099.57,1114.77,1073.11,24538273
2022-03-30T05:43:47,1099.57,1114.77,1073.11,24538273
2022-03-30T05:48:48,1099.57,1114.77,1073.11,24538273
2022-03-30T05:53:49,1099.57,1114.77,1073.11,24538273
2022-03-30T05:58:50,1099.57,1114.77,1073.11,24538273
2022-03-30T06:03:51,1099.57,1114.77,1073.11,24538273
2022-03-30T06:08:52,1099.57,1114.77,1073.11,24538273
2022-03-30T06:13:52,1099.57,1114.77,1073.11,24538273
2022-03-30T06:18:53,1099.57,1114.77,1073.11,24538273
2022-03-30T06:23:54,1099.57,1114.77,1073.11,24538273
2022-03-30T06:28:55,1099.57,1114.77,1073.11,24538273
2022-03-30T06:33:56,1099.57,1114.77,1073.11,24538273
2022-03-30T06:38:57,1099.57,1114.77,1073.11,24538273
2022-03-30T06:43:58,1099.57,1114.77,1073.11,24538273
2022-03-30T06:48:58,1094.7755,1097.00,1087.83,1085866
2022-03-30T06:53:59,1088.57,1097.00,1087.2601,1587837
2022-03-30T06:59:00,1086.0001,1097.00,1084.00,2032786
2022-03-30T07:04:01,1096.1199,1097.00,1084.00,2543813
2022-03-30T07:09:02,1095.982,1098.94,1084.00,3001029
2022-03-30T07:14:03,1096.375,1099.1267,1084.00,3411584
2022-03-30T07:19:04,1096.79,1099.50,1084.00,3732688
2022-03-30T07:24:04,1096.0701,1099.50,1084.00,4065595
2022-03-30T07:29:05,1106.712,1107.77,1084.00,4819791
2022-03-30T07:34:06,1106.505,1111.11,1084.00,5456340
2022-03-30T07:39:07,1108.0747,1111.11,1084.00,5891590
2022-03-30T07:44:08,1111.044,1112.46,1084.00,6279997
2022-03-30T07:49:09,1108.15,1112.46,1084.00,6604505
2022-03-30T07:54:09,1108.63,1113.95,1084.00,7019118
2022-03-30T07:59:10,1108.07,1113.95,1084.00,7218805
2022-03-30T08:04:11,1108.75,1113.95,1084.00,7455193
2022-03-30T08:09:12,1107.35,1113.95,1084.00,7702263
2022-03-30T08:14:13,1102.95,1113.95,1084.00,8056540
2022-03-30T08:19:14,1101.2001,1113.95,1084.00,8311248
2022-03-30T08:24:14,1097.565,1113.95,1084.00,8657546
2022-03-30T08:29:15,1100.585,1113.95,1084.00,8966372
2022-03-30T08:34:16,1101.8178,1113.95,1084.00,9190710
2022-03-30T08:39:17,1102.465,1113.95,1084.00,9408675
2022-03-30T08:44:18,1098.321,1113.95,1084.00,9599085
2022-03-30T08:49:19,1101.15,1113.95,1084.00,9750939
2022-03-30T08:54:20,1101.96,1113.95,1084.00,9895491
2022-03-30T08:59:20,1101.39,1113.95,1084.00,9999509
2022-03-30T09:04:21,1101.4795,1113.95,1084.00,10097284
2022-03-30T09:09:22,1102.3078,1113.95,1084.00,10182299
2022-03-30T09:14:23,1105.09,1113.95,1084.00,10420833
2022-03-30T09:19:24,1105.27,1113.95,1084.00,10530624
2022-03-30T09:24:25,1103.2968,1113.95,1084.00,10691056
2022-03-30T09:29:25,1102.85,1113.95,1084.00,10788817
2022-03-30T09:34:26,1102.30,1113.95,1084.00,10863496
2022-03-30T09:39:27,1103.1599,1113.95,1084.00,10965834
2022-03-30T09:44:28,1104.69,1113.95,1084.00,11061208
2022-03-30T09:49:29,1104.59,1113.95,1084.00,11149942
2022-03-30T09:54:29,1103.47,1113.95,1084.00,11239422
2022-03-30T09:59:30,1103.36,1113.95,1084.00,11313808
2022-03-30T10:04:31,1104.11,1113.95,1084.00,11438729
