Date-Time,Price,High,Low,Volume
2022-03-30T00:02:50,7.42,7.61,7.24,1384815
2022-03-30T00:07:51,7.42,7.61,7.24,1384815
2022-03-30T00:12:51,7.42,7.61,7.24,1384815
2022-03-30T00:17:52,7.42,7.61,7.24,1384815
2022-03-30T00:22:53,7.42,7.61,7.24,1384815
2022-03-30T00:27:54,7.42,7.61,7.24,1384815
2022-03-30T00:32:55,7.42,7.61,7.24,1384815
2022-03-30T00:37:56,7.42,7.61,7.24,1384815
2022-03-30T00:42:57,7.42,7.61,7.24,1384815
2022-03-30T00:47:57,7.42,7.61,7.24,1384815
2022-03-30T00:52:58,7.42,7.61,7.24,1384815
2022-03-30T00:57:59,7.42,7.61,7.24,1384815
2022-03-30T01:03:00,7.42,7.61,7.24,1384815
