Date-Time,Price,High,Low,Volume
2022-01-02T00:04:00,31.68,32.98,31.6627,67569236
2022-01-02T00:09:01,31.68,32.98,31.6627,67569236
2022-01-02T00:14:02,31.68,32.98,31.6627,67569236
2022-01-02T00:19:02,31.68,32.98,31.6627,67569236
2022-01-02T00:24:03,31.68,32.98,31.6627,67569236
2022-01-02T00:29:04,31.68,32.98,31.6627,67569236
2022-01-02T00:34:05,31.68,32.98,31.6627,67569236
2022-01-02T00:39:06,31.68,32.98,31.6627,67569236
2022-01-02T00:44:06,31.68,32.98,31.6627,67569236
2022-01-02T00:49:08,31.68,32.98,31.6627,67569236
2022-01-02T00:54:08,31.68,32.98,31.6627,67569236
2022-01-02T00:59:10,31.68,32.98,31.6627,67569236
2022-01-02T01:04:11,31.68,32.98,31.6627,67569236
2022-01-02T01:09:12,31.68,32.98,31.6627,67569236
2022-01-02T00:47:45,31.68,32.98,31.6627,67569236
