Date-Time,Price,High,Low,Volume
2022-01-02T00:02:51,5.66,5.94,5.63,1227357
2022-01-02T00:07:52,5.66,5.94,5.63,1227357
2022-01-02T00:12:53,5.66,5.94,5.63,1227357
2022-01-02T00:17:54,5.66,5.94,5.63,1227357
2022-01-02T00:22:55,5.66,5.94,5.63,1227357
2022-01-02T00:27:56,5.66,5.94,5.63,1227357
2022-01-02T00:32:56,5.66,5.94,5.63,1227357
2022-01-02T00:37:57,5.66,5.94,5.63,1227357
2022-01-02T00:42:58,5.66,5.94,5.63,1227357
2022-01-02T00:47:59,5.66,5.94,5.63,1227357
2022-01-02T00:53:00,5.66,5.94,5.63,1227357
2022-01-02T00:58:00,5.66,5.94,5.63,1227357
2022-01-02T01:03:02,5.66,5.94,5.63,1227357
2022-01-02T01:08:03,5.66,5.94,5.63,1227357
2022-01-02T00:47:45,5.66,5.94,5.63,1227357
2022-01-02T01:18:43,5.66,5.94,5.63,1227357
2022-01-02T01:23:44,5.66,5.94,5.63,1227357
2022-01-02T01:28:45,5.66,5.94,5.63,1227357
2022-01-02T01:33:46,5.66,5.94,5.63,1227357
2022-01-02T01:38:47,5.66,5.94,5.63,1227357
2022-01-02T01:43:48,5.66,5.94,5.63,1227357
2022-01-02T01:48:48,5.66,5.94,5.63,1227357
2022-01-02T01:53:49,5.66,5.94,5.63,1227357
2022-01-02T01:58:50,5.66,5.94,5.63,1227357
2022-01-02T02:03:51,5.66,5.94,5.63,1227357
2022-01-02T02:08:52,5.66,5.94,5.63,1227357
