Date-Time,Price,High,Low,Volume
2022-01-02T00:02:31,336.35,343.44,336.27,12870480
2022-01-02T00:07:32,336.35,343.44,336.27,12870480
2022-01-02T00:12:33,336.35,343.44,336.27,12870480
2022-01-02T00:17:34,336.35,343.44,336.27,12870480
2022-01-02T00:22:34,336.35,343.44,336.27,12870480
2022-01-02T00:27:35,336.35,343.44,336.27,12870480
2022-01-02T00:32:36,336.35,343.44,336.27,12870480
2022-01-02T00:37:37,336.35,343.44,336.27,12870480
2022-01-02T00:42:38,336.35,343.44,336.27,12870480
2022-01-02T00:47:38,336.35,343.44,336.27,12870480
2022-01-02T00:52:39,336.35,343.44,336.27,12870480
2022-01-02T00:57:40,336.35,343.44,336.27,12870480
2022-01-02T01:02:42,336.35,343.44,336.27,12870480
2022-01-02T01:07:43,336.35,343.44,336.27,12870480
2022-01-02T00:47:45,336.35,343.44,336.27,12870480
2022-01-02T01:18:43,336.35,343.44,336.27,12870480
2022-01-02T01:23:44,336.35,343.44,336.27,12870480
2022-01-02T01:28:45,336.35,343.44,336.27,12870480
2022-01-02T01:33:46,336.35,343.44,336.27,12870480
2022-01-02T01:38:47,336.35,343.44,336.27,12870480
2022-01-02T01:43:48,336.35,343.44,336.27,12870480
2022-01-02T01:48:49,336.35,343.44,336.27,12870480
2022-01-02T01:53:50,336.35,343.44,336.27,12870480
2022-01-02T01:58:50,336.35,343.44,336.27,12870480
2022-01-02T02:03:51,336.35,343.44,336.27,12870480
2022-01-02T02:08:52,336.35,343.44,336.27,12870480
