Date-Time,Price,High,Low,Volume
2022-01-02T00:00:15,103.69,106.12,102.28,5814883
2022-01-02T00:05:16,103.69,106.12,102.28,5814883
2022-01-02T00:10:17,103.69,106.12,102.28,5814883
2022-01-02T00:15:18,103.69,106.12,102.28,5814883
2022-01-02T00:20:19,103.69,106.12,102.28,5814883
2022-01-02T00:25:20,103.69,106.12,102.28,5814883
2022-01-02T00:30:20,103.69,106.12,102.28,5814883
2022-01-02T00:35:21,103.69,106.12,102.28,5814883
2022-01-02T00:40:22,103.69,106.12,102.28,5814883
2022-01-02T00:45:23,103.69,106.12,102.28,5814883
2022-01-02T00:50:24,103.69,106.12,102.28,5814883
2022-01-02T00:55:25,103.69,106.12,102.28,5814883
2022-01-02T01:00:26,103.69,106.12,102.28,5814883
2022-01-02T01:05:27,103.69,106.12,102.28,5814883
2022-01-02T00:47:45,103.69,106.12,102.28,5814883
2022-01-02T01:18:43,103.69,106.12,102.28,5814883
2022-01-02T01:23:44,103.69,106.12,102.28,5814883
2022-01-02T01:28:45,103.69,106.12,102.28,5814883
2022-01-02T01:33:46,103.69,106.12,102.28,5814883
2022-01-02T01:38:47,103.69,106.12,102.28,5814883
2022-01-02T01:43:48,103.69,106.12,102.28,5814883
2022-01-02T01:48:49,103.69,106.12,102.28,5814883
2022-01-02T01:53:50,103.69,106.12,102.28,5814883
2022-01-02T01:58:51,103.69,106.12,102.28,5814883
2022-01-02T02:03:51,103.69,106.12,102.28,5814883
2022-01-02T02:08:52,103.69,106.12,102.28,5814883
