Date-Time,Price,High,Low,Volume
2021-11-20T00:01:56,128.60,139.90,125.60,49479449
2021-11-20T00:06:57,128.60,139.90,125.60,49479449
2021-11-20T00:11:57,128.60,139.90,125.60,49479449
2021-11-20T00:16:58,128.60,139.90,125.60,49479449
2021-11-20T00:21:59,128.60,139.90,125.60,49479449
2021-11-20T00:26:59,128.60,139.90,125.60,49479449
2021-11-20T00:32:00,128.60,139.90,125.60,49479449
2021-11-20T00:37:01,128.60,139.90,125.60,49479449
2021-11-20T00:42:02,128.60,139.90,125.60,49479449
2021-11-20T00:47:02,128.60,139.90,125.60,49479449
2021-11-20T00:52:03,128.60,139.90,125.60,49479449
2021-11-20T00:57:04,128.60,139.90,125.60,49479449
2021-11-20T01:02:05,128.60,139.90,125.60,49479449
2021-11-20T01:07:06,128.60,139.90,125.60,49479449
2021-11-20T01:12:06,128.60,139.90,125.60,49479449
2021-11-20T01:17:07,128.60,139.90,125.60,49479449
2021-11-20T01:22:08,128.60,139.90,125.60,49479449
2021-11-20T01:27:09,128.60,139.90,125.60,49479449
2021-11-20T01:32:09,128.60,139.90,125.60,49479449
2021-11-20T01:37:10,128.60,139.90,125.60,49479449
