Date-Time,Price,High,Low,Volume
2021-12-18T00:00:51,97.70,100.60,92.62,44475030
2021-12-18T00:05:52,97.70,100.60,92.62,44475030
2021-12-18T00:10:53,97.70,100.60,92.62,44475030
2021-12-18T00:15:54,97.70,100.60,92.62,44475030
2021-12-18T00:20:55,97.70,100.60,92.62,44475030
2021-12-18T00:25:55,97.70,100.60,92.62,44475030
2021-12-18T00:30:56,97.70,100.60,92.62,44475030
2021-12-18T00:35:57,97.70,100.60,92.62,44475030
2021-12-18T00:40:58,97.70,100.60,92.62,44475030
2021-12-18T00:45:59,97.70,100.60,92.62,44475030
2021-12-18T00:51:00,97.70,100.60,92.62,44475030
2021-12-18T00:56:01,97.70,100.60,92.62,44475030
2021-12-18T01:01:01,97.70,100.60,92.62,44475030
2021-12-18T01:06:02,97.70,100.60,92.62,44475030
2021-12-18T01:11:03,97.70,100.60,92.62,44475030
2021-12-18T01:16:04,97.70,100.60,92.62,44475030
2021-12-18T01:21:05,97.70,100.60,92.62,44475030
2021-12-18T01:26:06,97.70,100.60,92.62,44475030
2021-12-18T01:31:06,97.70,100.60,92.62,44475030
2021-12-18T01:36:07,97.70,100.60,92.62,44475030
2021-12-18T01:41:08,97.70,100.60,92.62,44475030
2021-12-18T01:46:09,97.70,100.60,92.62,44475030
2021-12-18T01:51:10,97.70,100.60,92.62,44475030
2021-12-18T01:56:10,97.70,100.60,92.62,44475030
