Date-Time,Price,High,Low,Volume
2021-12-18T00:00:27,932.57,960.6599,909.0401,33626754
2021-12-18T00:05:27,932.57,960.6599,909.0401,33626754
2021-12-18T00:10:28,932.57,960.6599,909.0401,33626754
2021-12-18T00:15:29,932.57,960.6599,909.0401,33626754
2021-12-18T00:20:30,932.57,960.6599,909.0401,33626754
2021-12-18T00:25:31,932.57,960.6599,909.0401,33626754
2021-12-18T00:30:31,932.57,960.6599,909.0401,33626754
2021-12-18T00:35:32,932.57,960.6599,909.0401,33626754
2021-12-18T00:40:33,932.57,960.6599,909.0401,33626754
2021-12-18T00:45:33,932.57,960.6599,909.0401,33626754
2021-12-18T00:50:34,932.57,960.6599,909.0401,33626754
2021-12-18T00:55:35,932.57,960.6599,909.0401,33626754
