Date-Time,Price,High,Low,Volume
2021-12-18T00:00:34,6.97,7.38,6.86,4209119
2021-12-18T00:05:35,6.97,7.38,6.86,4209119
2021-12-18T00:10:36,6.97,7.38,6.86,4209119
2021-12-18T00:15:36,6.97,7.38,6.86,4209119
2021-12-18T00:20:37,6.97,7.38,6.86,4209119
2021-12-18T00:25:38,6.97,7.38,6.86,4209119
2021-12-18T00:30:39,6.97,7.38,6.86,4209119
2021-12-18T00:35:39,6.97,7.38,6.86,4209119
2021-12-18T00:40:40,6.97,7.38,6.86,4209119
2021-12-18T00:45:41,6.97,7.38,6.86,4209119
2021-12-18T00:50:42,6.97,7.38,6.86,4209119
2021-12-18T00:55:43,6.97,7.38,6.86,4209119
2021-12-18T01:00:44,6.97,7.38,6.86,4209119
2021-12-18T01:05:44,6.97,7.38,6.86,4209119
2021-12-18T01:10:45,6.97,7.38,6.86,4209119
2021-12-18T01:15:46,6.97,7.38,6.86,4209119
2021-12-18T01:20:47,6.97,7.38,6.86,4209119
2021-12-18T01:25:48,6.97,7.38,6.86,4209119
2021-12-18T01:30:49,6.97,7.38,6.86,4209119
2021-12-18T01:35:49,6.97,7.38,6.86,4209119
2021-12-18T01:40:50,6.97,7.38,6.86,4209119
2021-12-18T01:45:51,6.97,7.38,6.86,4209119
2021-12-18T01:50:52,6.97,7.38,6.86,4209119
2021-12-18T01:55:52,6.97,7.38,6.86,4209119
