Date-Time,Price,High,Low,Volume
2021-12-18T00:00:15,333.79,337.11,330.75,40012637
2021-12-18T00:05:16,333.79,337.11,330.75,40012637
2021-12-18T00:10:16,333.79,337.11,330.75,40012637
2021-12-18T00:15:17,333.79,337.11,330.75,40012637
2021-12-18T00:20:18,333.79,337.11,330.75,40012637
2021-12-18T00:25:19,333.79,337.11,330.75,40012637
2021-12-18T00:30:20,333.79,337.11,330.75,40012637
2021-12-18T00:35:20,333.79,337.11,330.75,40012637
2021-12-18T00:40:21,333.79,337.11,330.75,40012637
2021-12-18T00:45:22,333.79,337.11,330.75,40012637
2021-12-18T00:50:32,333.79,337.11,330.75,40012637
2021-12-18T00:55:32,333.79,337.11,330.75,40012637
2021-12-18T01:00:33,333.79,337.11,330.75,40012637
2021-12-18T01:05:34,333.79,337.11,330.75,40012637
2021-12-18T01:10:35,333.79,337.11,330.75,40012637
2021-12-18T01:15:36,333.79,337.11,330.75,40012637
2021-12-18T01:20:36,333.79,337.11,330.75,40012637
2021-12-18T01:25:37,333.79,337.11,330.75,40012637
2021-12-18T01:30:38,333.79,337.11,330.75,40012637
2021-12-18T01:35:39,333.79,337.11,330.75,40012637
2021-12-18T01:40:40,333.79,337.11,330.75,40012637
2021-12-18T01:45:41,333.79,337.11,330.75,40012637
2021-12-18T01:50:42,333.79,337.11,330.75,40012637
2021-12-18T01:55:43,333.79,337.11,330.75,40012637
