Date-Time,Price,High,Low,Volume
2021-12-18T00:00:27,30.00,30.51,28.02,54537345
2021-12-18T00:05:28,30.00,30.51,28.02,54537345
2021-12-18T00:10:29,30.00,30.51,28.02,54537345
2021-12-18T00:15:29,30.00,30.51,28.02,54537345
2021-12-18T00:20:30,30.00,30.51,28.02,54537345
2021-12-18T00:25:31,30.00,30.51,28.02,54537345
2021-12-18T00:30:32,30.00,30.51,28.02,54537345
2021-12-18T00:35:33,30.00,30.51,28.02,54537345
2021-12-18T00:40:33,30.00,30.51,28.02,54537345
2021-12-18T00:45:34,30.00,30.51,28.02,54537345
2021-12-18T00:50:35,30.00,30.51,28.02,54537345
2021-12-18T00:55:36,30.00,30.51,28.02,54537345
