Date-Time,Price,High,Low,Volume
2021-11-21T00:00:42,38.66,39.0999,38.00,30069135
2021-11-21T00:05:43,38.66,39.0999,38.00,30069135
2021-11-21T00:10:44,38.66,39.0999,38.00,30069135
2021-11-21T00:15:45,38.66,39.0999,38.00,30069135
2021-11-21T00:20:46,38.66,39.0999,38.00,30069135
2021-11-21T00:25:47,38.66,39.0999,38.00,30069135
2021-11-21T00:30:47,38.66,39.0999,38.00,30069135
2021-11-21T00:35:48,38.66,39.0999,38.00,30069135
2021-11-21T00:40:49,38.66,39.0999,38.00,30069135
2021-11-21T00:45:50,38.66,39.0999,38.00,30069135
2021-11-21T00:50:51,38.66,39.0999,38.00,30069135
2021-11-21T00:55:52,38.66,39.0999,38.00,30069135
2021-11-21T01:00:53,38.66,39.0999,38.00,30069135
2021-11-21T01:05:53,38.66,39.0999,38.00,30069135
2021-11-21T01:10:54,38.66,39.0999,38.00,30069135
2021-11-21T01:15:55,38.66,39.0999,38.00,30069135
2021-11-21T01:20:56,38.66,39.0999,38.00,30069135
2021-11-21T01:25:57,38.66,39.0999,38.00,30069135
2021-11-21T01:30:57,38.66,39.0999,38.00,30069135
2021-11-21T01:35:58,38.66,39.0999,38.00,30069135
2021-11-21T01:40:59,38.66,39.0999,38.00,30069135
2021-11-21T01:46:00,38.66,39.0999,38.00,30069135
2021-11-21T01:51:01,38.66,39.0999,38.00,30069135
2021-11-21T01:56:02,38.66,39.0999,38.00,30069135
2021-11-21T02:01:02,38.66,39.0999,38.00,30069135
2021-11-21T02:06:03,38.66,39.0999,38.00,30069135
2021-11-21T02:11:04,38.66,39.0999,38.00,30069135
2021-11-21T02:16:05,38.66,39.0999,38.00,30069135
2021-11-21T02:21:06,38.66,39.0999,38.00,30069135
2021-11-21T02:26:07,38.66,39.0999,38.00,30069135
2021-11-21T02:31:07,38.66,39.0999,38.00,30069135
2021-11-21T02:36:08,38.66,39.0999,38.00,30069135
2021-11-21T02:41:09,38.66,39.0999,38.00,30069135
2021-11-21T02:46:10,38.66,39.0999,38.00,30069135
2021-11-21T02:51:11,38.66,39.0999,38.00,30069135
2021-11-21T02:56:12,38.66,39.0999,38.00,30069135
2021-11-21T03:01:13,38.66,39.0999,38.00,30069135
2021-11-21T03:06:13,38.66,39.0999,38.00,30069135
2021-11-21T03:11:14,38.66,39.0999,38.00,30069135
2021-11-21T03:16:15,38.66,39.0999,38.00,30069135
2021-11-21T03:21:16,38.66,39.0999,38.00,30069135
2021-11-21T03:26:16,38.66,39.0999,38.00,30069135
2021-11-21T03:31:17,38.66,39.0999,38.00,30069135
2021-11-21T03:36:18,38.66,39.0999,38.00,30069135
2021-11-21T03:41:19,38.66,39.0999,38.00,30069135
2021-11-21T03:46:20,38.66,39.0999,38.00,30069135
2021-11-21T03:51:21,38.66,39.0999,38.00,30069135
2021-11-21T03:56:21,38.66,39.0999,38.00,30069135
2021-11-21T04:01:22,38.66,39.0999,38.00,30069135
2021-11-21T04:06:23,38.66,39.0999,38.00,30069135
2021-11-21T04:11:24,38.66,39.0999,38.00,30069135
2021-11-21T04:16:25,38.66,39.0999,38.00,30069135
2021-11-21T04:21:26,38.66,39.0999,38.00,30069135
2021-11-21T04:26:27,38.66,39.0999,38.00,30069135
2021-11-21T04:31:27,38.66,39.0999,38.00,30069135
2021-11-21T04:36:28,38.66,39.0999,38.00,30069135
2021-11-21T04:41:29,38.66,39.0999,38.00,30069135
2021-11-21T04:46:31,38.66,39.0999,38.00,30069135
2021-11-21T04:51:32,38.66,39.0999,38.00,30069135
2021-11-21T04:56:33,38.66,39.0999,38.00,30069135
2021-11-21T05:01:34,38.66,39.0999,38.00,30069135
2021-11-21T05:06:35,38.66,39.0999,38.00,30069135
2021-11-21T05:11:35,38.66,39.0999,38.00,30069135
2021-11-21T05:16:36,38.66,39.0999,38.00,30069135
2021-11-21T05:21:37,38.66,39.0999,38.00,30069135
2021-11-21T05:26:38,38.66,39.0999,38.00,30069135
2021-11-21T05:31:38,38.66,39.0999,38.00,30069135
2021-11-21T05:36:39,38.66,39.0999,38.00,30069135
2021-11-21T05:41:40,38.66,39.0999,38.00,30069135
2021-11-21T05:46:41,38.66,39.0999,38.00,30069135
2021-11-21T05:51:41,38.66,39.0999,38.00,30069135
2021-11-21T05:56:42,38.66,39.0999,38.00,30069135
2021-11-21T06:01:43,38.66,39.0999,38.00,30069135
2021-11-21T06:06:44,38.66,39.0999,38.00,30069135
2021-11-21T06:11:44,38.66,39.0999,38.00,30069135
2021-11-21T06:16:45,38.66,39.0999,38.00,30069135
2021-11-21T06:21:46,38.66,39.0999,38.00,30069135
2021-11-21T06:26:47,38.66,39.0999,38.00,30069135
2021-11-21T06:31:48,38.66,39.0999,38.00,30069135
2021-11-21T06:36:48,38.66,39.0999,38.00,30069135
2021-11-21T06:41:49,38.66,39.0999,38.00,30069135
2021-11-21T06:46:50,38.66,39.0999,38.00,30069135
2021-11-21T06:51:51,38.66,39.0999,38.00,30069135
2021-11-21T06:56:51,38.66,39.0999,38.00,30069135
2021-11-21T07:01:52,38.66,39.0999,38.00,30069135
2021-11-21T07:06:53,38.66,39.0999,38.00,30069135
2021-11-21T07:11:54,38.66,39.0999,38.00,30069135
2021-11-21T07:16:55,38.66,39.0999,38.00,30069135
2021-11-21T07:21:56,38.66,39.0999,38.00,30069135
2021-11-21T07:26:57,38.66,39.0999,38.00,30069135
2021-11-21T07:31:57,38.66,39.0999,38.00,30069135
2021-11-21T07:36:58,38.66,39.0999,38.00,30069135
2021-11-21T07:41:59,38.66,39.0999,38.00,30069135
2021-11-21T07:47:00,38.66,39.0999,38.00,30069135
2021-11-21T07:52:01,38.66,39.0999,38.00,30069135
2021-11-21T07:57:01,38.66,39.0999,38.00,30069135
2021-11-21T08:02:02,38.66,39.0999,38.00,30069135
2021-11-21T08:07:03,38.66,39.0999,38.00,30069135
2021-11-21T08:12:04,38.66,39.0999,38.00,30069135
2021-11-21T08:17:04,38.66,39.0999,38.00,30069135
2021-11-21T08:22:05,38.66,39.0999,38.00,30069135
2021-11-21T08:27:06,38.66,39.0999,38.00,30069135
2021-11-21T08:32:07,38.66,39.0999,38.00,30069135
2021-11-21T08:37:08,38.66,39.0999,38.00,30069135
2021-11-21T08:42:08,38.66,39.0999,38.00,30069135
2021-11-21T08:47:09,38.66,39.0999,38.00,30069135
2021-11-21T08:52:10,38.66,39.0999,38.00,30069135
2021-11-21T08:57:11,38.66,39.0999,38.00,30069135
2021-11-21T09:02:12,38.66,39.0999,38.00,30069135
2021-11-21T09:07:13,38.66,39.0999,38.00,30069135
2021-11-21T09:12:13,38.66,39.0999,38.00,30069135
2021-11-21T09:17:14,38.66,39.0999,38.00,30069135
2021-11-21T09:22:15,38.66,39.0999,38.00,30069135
2021-11-21T09:27:16,38.66,39.0999,38.00,30069135
2021-11-21T09:32:17,38.66,39.0999,38.00,30069135
2021-11-21T09:37:18,38.66,39.0999,38.00,30069135
2021-11-21T09:42:18,38.66,39.0999,38.00,30069135
2021-11-21T09:47:19,38.66,39.0999,38.00,30069135
2021-11-21T09:52:20,38.66,39.0999,38.00,30069135
2021-11-21T09:57:21,38.66,39.0999,38.00,30069135
2021-11-21T10:02:21,38.66,39.0999,38.00,30069135
2021-11-21T10:07:22,38.66,39.0999,38.00,30069135
2021-11-21T10:12:23,38.66,39.0999,38.00,30069135
2021-11-21T10:17:24,38.66,39.0999,38.00,30069135
2021-11-21T10:22:25,38.66,39.0999,38.00,30069135
2021-11-21T10:27:26,38.66,39.0999,38.00,30069135
2021-11-21T10:32:27,38.66,39.0999,38.00,30069135
2021-11-21T10:37:27,38.66,39.0999,38.00,30069135
2021-11-21T10:42:28,38.66,39.0999,38.00,30069135
2021-11-21T10:47:29,38.66,39.0999,38.00,30069135
2021-11-21T10:52:30,38.66,39.0999,38.00,30069135
2021-11-21T10:57:31,38.66,39.0999,38.00,30069135
2021-11-21T11:02:31,38.66,39.0999,38.00,30069135
2021-11-21T11:07:32,38.66,39.0999,38.00,30069135
2021-11-21T11:12:33,38.66,39.0999,38.00,30069135
2021-11-21T11:17:34,38.66,39.0999,38.00,30069135
2021-11-21T11:22:35,38.66,39.0999,38.00,30069135
2021-11-21T11:27:35,38.66,39.0999,38.00,30069135
2021-11-21T11:32:36,38.66,39.0999,38.00,30069135
2021-11-21T11:37:37,38.66,39.0999,38.00,30069135
2021-11-21T11:42:38,38.66,39.0999,38.00,30069135
2021-11-21T11:47:38,38.66,39.0999,38.00,30069135
2021-11-21T11:52:39,38.66,39.0999,38.00,30069135
2021-11-21T11:57:40,38.66,39.0999,38.00,30069135
2021-11-21T12:02:41,38.66,39.0999,38.00,30069135
2021-11-21T12:07:42,38.66,39.0999,38.00,30069135
2021-11-21T12:12:43,38.66,39.0999,38.00,30069135
2021-11-21T12:17:44,38.66,39.0999,38.00,30069135
2021-11-21T12:22:44,38.66,39.0999,38.00,30069135
2021-11-21T12:27:45,38.66,39.0999,38.00,30069135
2021-11-21T12:32:46,38.66,39.0999,38.00,30069135
2021-11-21T12:37:47,38.66,39.0999,38.00,30069135
