Date-Time,Price,High,Low,Volume
2021-11-21T00:00:43,345.30,352.10,339.90,26488541
2021-11-21T00:05:43,345.30,352.10,339.90,26488541
2021-11-21T00:10:44,345.30,352.10,339.90,26488541
2021-11-21T00:15:45,345.30,352.10,339.90,26488541
2021-11-21T00:20:46,345.30,352.10,339.90,26488541
2021-11-21T00:25:47,345.30,352.10,339.90,26488541
2021-11-21T00:30:47,345.30,352.10,339.90,26488541
2021-11-21T00:35:48,345.30,352.10,339.90,26488541
2021-11-21T00:40:49,345.30,352.10,339.90,26488541
2021-11-21T00:45:50,345.30,352.10,339.90,26488541
2021-11-21T00:50:51,345.30,352.10,339.90,26488541
2021-11-21T00:55:51,345.30,352.10,339.90,26488541
2021-11-21T01:00:52,345.30,352.10,339.90,26488541
2021-11-21T01:05:53,345.30,352.10,339.90,26488541
2021-11-21T01:10:54,345.30,352.10,339.90,26488541
2021-11-21T01:15:55,345.30,352.10,339.90,26488541
2021-11-21T01:20:56,345.30,352.10,339.90,26488541
2021-11-21T01:25:57,345.30,352.10,339.90,26488541
2021-11-21T01:30:57,345.30,352.10,339.90,26488541
2021-11-21T01:35:58,345.30,352.10,339.90,26488541
2021-11-21T01:40:59,345.30,352.10,339.90,26488541
2021-11-21T01:46:00,345.30,352.10,339.90,26488541
2021-11-21T01:51:01,345.30,352.10,339.90,26488541
2021-11-21T01:56:02,345.30,352.10,339.90,26488541
2021-11-21T02:01:02,345.30,352.10,339.90,26488541
2021-11-21T02:06:03,345.30,352.10,339.90,26488541
2021-11-21T02:11:04,345.30,352.10,339.90,26488541
2021-11-21T02:16:05,345.30,352.10,339.90,26488541
2021-11-21T02:21:06,345.30,352.10,339.90,26488541
2021-11-21T02:26:06,345.30,352.10,339.90,26488541
2021-11-21T02:31:07,345.30,352.10,339.90,26488541
2021-11-21T02:36:08,345.30,352.10,339.90,26488541
2021-11-21T02:41:09,345.30,352.10,339.90,26488541
