Date-Time,Price,High,Low,Volume
2022-04-25T00:00:05,4.97,5.37,4.80,866107
2022-04-25T00:05:06,4.97,5.37,4.80,866107
2022-04-25T00:10:07,4.97,5.37,4.80,866107
2022-04-25T00:15:08,4.97,5.37,4.80,866107
2022-04-25T00:20:09,4.97,5.37,4.80,866107
2022-04-25T00:25:09,4.97,5.37,4.80,866107
2022-04-25T00:30:10,4.97,5.37,4.80,866107
2022-04-25T00:35:11,4.97,5.37,4.80,866107
2022-04-25T00:40:12,4.97,5.37,4.80,866107
2022-04-25T00:45:13,4.97,5.37,4.80,866107
2022-04-25T00:50:14,4.97,5.37,4.80,866107
2022-04-25T00:55:15,4.97,5.37,4.80,866107
2022-04-25T01:00:16,4.97,5.37,4.80,866107
2022-04-25T01:05:17,4.97,5.37,4.80,866107
2022-04-25T01:10:18,4.97,5.37,4.80,866107
2022-04-25T01:15:18,4.97,5.37,4.80,866107
2022-04-25T01:20:19,4.97,5.37,4.80,866107
2022-04-25T01:25:20,4.97,5.37,4.80,866107
2022-04-25T01:30:21,4.97,5.37,4.80,866107
2022-04-25T01:35:22,4.97,5.37,4.80,866107
2022-04-25T01:40:22,4.97,5.37,4.80,866107
2022-04-25T01:45:23,4.97,5.37,4.80,866107
2022-04-25T01:50:24,4.97,5.37,4.80,866107
2022-04-25T01:55:25,4.97,5.37,4.80,866107
2022-04-25T02:00:26,4.97,5.37,4.80,866107
2022-04-25T02:05:27,4.97,5.37,4.80,866107
2022-04-25T02:10:28,4.97,5.37,4.80,866107
2022-04-25T02:15:28,4.97,5.37,4.80,866107
2022-04-25T02:20:29,4.97,5.37,4.80,866107
