Date-Time,Price,High,Low,Volume
2022-04-25T00:00:06,17.18,18.29,17.12,60727306
2022-04-25T00:05:07,17.18,18.29,17.12,60727306
2022-04-25T00:10:07,17.18,18.29,17.12,60727306
2022-04-25T00:15:08,17.18,18.29,17.12,60727306
2022-04-25T00:20:09,17.18,18.29,17.12,60727306
2022-04-25T00:25:10,17.18,18.29,17.12,60727306
2022-04-25T00:30:11,17.18,18.29,17.12,60727306
2022-04-25T00:35:12,17.18,18.29,17.12,60727306
2022-04-25T00:40:12,17.18,18.29,17.12,60727306
2022-04-25T00:45:13,17.18,18.29,17.12,60727306
2022-04-25T00:50:14,17.18,18.29,17.12,60727306
2022-04-25T00:55:15,17.18,18.29,17.12,60727306
2022-04-25T01:00:16,17.18,18.29,17.12,60727306
2022-04-25T01:05:17,17.18,18.29,17.12,60727306
2022-04-25T01:10:18,17.18,18.29,17.12,60727306
2022-04-25T01:15:19,17.18,18.29,17.12,60727306
2022-04-25T01:20:20,17.18,18.29,17.12,60727306
2022-04-25T01:25:20,17.18,18.29,17.12,60727306
2022-04-25T01:30:21,17.18,18.29,17.12,60727306
2022-04-25T01:35:22,17.18,18.29,17.12,60727306
2022-04-25T01:40:23,17.18,18.29,17.12,60727306
2022-04-25T01:45:24,17.18,18.29,17.12,60727306
2022-04-25T01:50:24,17.18,18.29,17.12,60727306
2022-04-25T01:55:25,17.18,18.29,17.12,60727306
2022-04-25T02:00:26,17.18,18.29,17.12,60727306
2022-04-25T02:05:27,17.18,18.29,17.12,60727306
2022-04-25T02:10:28,17.18,18.29,17.12,60727306
2022-04-25T02:15:29,17.18,18.29,17.12,60727306
2022-04-25T02:20:29,17.18,18.29,17.12,60727306
