Date-Time,Price,High,Low,Volume
2022-01-18T00:01:34,5.13,5.26,4.84,1033844
2022-01-18T00:06:35,5.13,5.26,4.84,1033844
2022-01-18T00:11:36,5.13,5.26,4.84,1033844
2022-01-18T00:16:37,5.13,5.26,4.84,1033844
2022-01-18T00:21:40,5.13,5.26,4.84,1033844
2022-01-18T00:26:40,5.13,5.26,4.84,1033844
2022-01-18T00:31:41,5.13,5.26,4.84,1033844
2022-01-18T00:36:42,5.13,5.26,4.84,1033844
2022-01-18T00:41:43,5.13,5.26,4.84,1033844
2022-01-18T00:46:44,5.13,5.26,4.84,1033844
2022-01-18T00:51:45,5.13,5.26,4.84,1033844
2022-01-18T00:56:46,5.13,5.26,4.84,1033844
2022-01-18T01:01:46,5.13,5.26,4.84,1033844
2022-01-18T01:06:47,5.13,5.26,4.84,1033844
2022-01-18T01:11:48,5.13,5.26,4.84,1033844
2022-01-18T01:16:50,5.13,5.26,4.84,1033844
2022-01-18T01:21:50,5.13,5.26,4.84,1033844
2022-01-18T01:26:51,5.13,5.26,4.84,1033844
2022-01-18T01:31:52,5.13,5.26,4.84,1033844
