Date-Time,Price,High,Low,Volume
2022-01-18T00:01:54,30.95,31.32,30.08,34862552
2022-01-18T00:06:55,30.95,31.32,30.08,34862552
2022-01-18T00:11:56,30.95,31.32,30.08,34862552
2022-01-18T00:16:57,30.95,31.32,30.08,34862552
2022-01-18T00:21:58,30.95,31.32,30.08,34862552
2022-01-18T00:26:59,30.95,31.32,30.08,34862552
2022-01-18T00:31:59,30.95,31.32,30.08,34862552
2022-01-18T00:37:00,30.95,31.32,30.08,34862552
2022-01-18T00:42:01,30.95,31.32,30.08,34862552
2022-01-18T00:47:02,30.95,31.32,30.08,34862552
2022-01-18T00:52:03,30.95,31.32,30.08,34862552
2022-01-18T00:57:03,30.95,31.32,30.08,34862552
2022-01-18T01:02:04,30.95,31.32,30.08,34862552
2022-01-18T01:07:05,30.95,31.32,30.08,34862552
2022-01-18T01:12:06,30.95,31.32,30.08,34862552
2022-01-18T01:17:07,30.95,31.32,30.08,34862552
2022-01-18T01:22:08,30.95,31.32,30.08,34862552
2022-01-18T01:27:09,30.95,31.32,30.08,34862552
2022-01-18T01:32:10,30.95,31.32,30.08,34862552
2022-01-18T01:37:12,30.95,31.32,30.08,34862552
2022-01-18T01:42:12,30.95,31.32,30.08,34862552
2022-01-18T01:47:13,30.95,31.32,30.08,34862552
2022-01-18T01:52:14,30.95,31.32,30.08,34862552
2022-01-18T01:57:15,30.95,31.32,30.08,34862552
2022-01-18T02:02:16,30.95,31.32,30.08,34862552
2022-01-18T02:07:17,30.95,31.32,30.08,34862552
2022-01-18T02:12:18,30.95,31.32,30.08,34862552
2022-01-18T02:17:18,30.95,31.32,30.08,34862552
2022-01-18T02:22:19,30.95,31.32,30.08,34862552
2022-01-18T02:27:20,30.95,31.32,30.08,34862552
2022-01-18T02:32:21,30.95,31.32,30.08,34862552
