Date-Time,Price,High,Low,Volume
2022-01-18T00:01:15,1049.61,1052.00,1013.3788,24308137
2022-01-18T00:06:16,1049.61,1052.00,1013.3788,24308137
2022-01-18T00:11:16,1049.61,1052.00,1013.3788,24308137
2022-01-18T00:16:17,1049.61,1052.00,1013.3788,24308137
2022-01-18T00:21:18,1049.61,1052.00,1013.3788,24308137
2022-01-18T00:26:19,1049.61,1052.00,1013.3788,24308137
2022-01-18T00:31:19,1049.61,1052.00,1013.3788,24308137
2022-01-18T00:36:22,1049.61,1052.00,1013.3788,24308137
2022-01-18T00:41:23,1049.61,1052.00,1013.3788,24308137
2022-01-18T00:46:24,1049.61,1052.00,1013.3788,24308137
2022-01-18T00:51:25,1049.61,1052.00,1013.3788,24308137
2022-01-18T00:56:25,1049.61,1052.00,1013.3788,24308137
2022-01-18T01:01:26,1049.61,1052.00,1013.3788,24308137
2022-01-18T01:06:27,1049.61,1052.00,1013.3788,24308137
2022-01-18T01:11:28,1049.61,1052.00,1013.3788,24308137
2022-01-18T01:16:29,1049.61,1052.00,1013.3788,24308137
2022-01-18T01:21:30,1049.61,1052.00,1013.3788,24308137
2022-01-18T01:26:30,1049.61,1052.00,1013.3788,24308137
2022-01-18T01:31:31,1049.61,1052.00,1013.3788,24308137
2022-01-18T01:36:32,1049.61,1052.00,1013.3788,24308137
2022-01-18T01:41:33,1049.61,1052.00,1013.3788,24308137
2022-01-18T01:46:34,1049.61,1052.00,1013.3788,24308137
2022-01-18T01:51:35,1049.61,1052.00,1013.3788,24308137
2022-01-18T01:56:35,1049.61,1052.00,1013.3788,24308137
2022-01-18T02:01:37,1049.61,1052.00,1013.3788,24308137
2022-01-18T02:06:38,1049.61,1052.00,1013.3788,24308137
2022-01-18T02:11:39,1049.61,1052.00,1013.3788,24308137
2022-01-18T02:16:41,1049.61,1052.00,1013.3788,24308137
2022-01-18T02:21:42,1049.61,1052.00,1013.3788,24308137
2022-01-18T02:26:43,1049.61,1052.00,1013.3788,24308137
2022-01-18T02:31:44,1049.61,1052.00,1013.3788,24308137
