Date-Time,Price,High,Low,Volume
2022-01-18T00:03:19,331.90,332.73,321.21,16868497
2022-01-18T00:08:21,331.90,332.73,321.21,16868497
2022-01-18T00:13:22,331.90,332.73,321.21,16868497
2022-01-18T00:18:23,331.90,332.73,321.21,16868497
2022-01-18T00:23:24,331.90,332.73,321.21,16868497
2022-01-18T00:28:25,331.90,332.73,321.21,16868497
2022-01-18T00:33:26,331.90,332.73,321.21,16868497
2022-01-18T00:38:27,331.90,332.73,321.21,16868497
2022-01-18T00:43:28,331.90,332.73,321.21,16868497
2022-01-18T00:48:29,331.90,332.73,321.21,16868497
2022-01-18T00:53:29,331.90,332.73,321.21,16868497
2022-01-18T00:58:30,331.90,332.73,321.21,16868497
2022-01-18T01:03:31,331.90,332.73,321.21,16868497
2022-01-18T01:08:32,331.90,332.73,321.21,16868497
2022-01-18T01:13:33,331.90,332.73,321.21,16868497
2022-01-18T01:18:33,331.90,332.73,321.21,16868497
2022-01-18T01:23:34,331.90,332.73,321.21,16868497
2022-01-18T01:28:35,331.90,332.73,321.21,16868497
2022-01-18T01:33:36,331.90,332.73,321.21,16868497
2022-01-18T01:38:37,331.90,332.73,321.21,16868497
2022-01-18T01:43:38,331.90,332.73,321.21,16868497
2022-01-18T01:48:38,331.90,332.73,321.21,16868497
2022-01-18T01:53:39,331.90,332.73,321.21,16868497
2022-01-18T01:58:40,331.90,332.73,321.21,16868497
2022-01-18T02:03:41,331.90,332.73,321.21,16868497
2022-01-18T02:08:42,331.90,332.73,321.21,16868497
2022-01-18T02:13:43,331.90,332.73,321.21,16868497
2022-01-18T02:18:43,331.90,332.73,321.21,16868497
2022-01-18T02:23:44,331.90,332.73,321.21,16868497
2022-01-18T02:28:45,331.90,332.73,321.21,16868497
2022-01-18T02:33:46,331.90,332.73,321.21,16868497
