Date-Time,Price,High,Low,Volume
2022-03-20T00:04:37,7.16,7.46,6.91,4649720
2022-03-20T00:09:37,7.16,7.46,6.91,4649720
2022-03-20T00:14:38,7.16,7.46,6.91,4649720
2022-03-20T00:19:39,7.16,7.46,6.91,4649720
2022-03-20T00:24:40,7.16,7.46,6.91,4649720
2022-03-20T00:29:41,7.16,7.46,6.91,4649720
2022-03-20T00:34:42,7.16,7.46,6.91,4649720
2022-03-20T00:39:42,7.16,7.46,6.91,4649720
2022-03-20T00:44:43,7.16,7.46,6.91,4649720
2022-03-20T00:49:44,7.16,7.46,6.91,4649720
2022-03-20T00:54:45,7.16,7.46,6.91,4649720
2022-03-20T00:59:46,7.16,7.46,6.91,4649720
2022-03-20T01:04:47,7.16,7.46,6.91,4649720
2022-03-20T01:09:47,7.16,7.46,6.91,4649720
2022-03-20T01:14:48,7.16,7.46,6.91,4649720
2022-03-20T01:19:49,7.16,7.46,6.91,4649720
2022-03-20T01:24:50,7.16,7.46,6.91,4649720
2022-03-20T01:29:51,7.16,7.46,6.91,4649720
2022-03-20T01:34:52,7.16,7.46,6.91,4649720
2022-03-20T01:39:52,7.16,7.46,6.91,4649720
2022-03-20T01:44:53,7.16,7.46,6.91,4649720
2022-03-20T01:49:54,7.16,7.46,6.91,4649720
