Date-Time,Price,High,Low,Volume
2022-03-20T00:04:20,45.60,45.70,42.3317,19770637
2022-03-20T00:09:21,45.60,45.70,42.3317,19770637
2022-03-20T00:14:22,45.60,45.70,42.3317,19770637
2022-03-20T00:19:23,45.60,45.70,42.3317,19770637
2022-03-20T00:24:24,45.60,45.70,42.3317,19770637
2022-03-20T00:29:24,45.60,45.70,42.3317,19770637
2022-03-20T00:34:25,45.60,45.70,42.3317,19770637
2022-03-20T00:39:26,45.60,45.70,42.3317,19770637
2022-03-20T00:44:27,45.60,45.70,42.3317,19770637
2022-03-20T00:49:28,45.60,45.70,42.3317,19770637
