Date-Time,Price,High,Low,Volume
2022-03-20T00:04:20,216.49,216.80,206.00,52127982
2022-03-20T00:09:21,216.49,216.80,206.00,52127982
2022-03-20T00:14:22,216.49,216.80,206.00,52127982
2022-03-20T00:19:23,216.49,216.80,206.00,52127982
2022-03-20T00:24:24,216.49,216.80,206.00,52127982
2022-03-20T00:29:24,216.49,216.80,206.00,52127982
2022-03-20T00:34:25,216.49,216.80,206.00,52127982
2022-03-20T00:39:26,216.49,216.80,206.00,52127982
2022-03-20T00:44:27,216.49,216.80,206.00,52127982
2022-03-20T00:49:28,216.49,216.80,206.00,52127982
