Date-Time,Price,High,Low,Volume
2022-03-20T00:04:36,905.39,907.85,867.39,33471397
2022-03-20T00:09:37,905.39,907.85,867.39,33471397
2022-03-20T00:14:38,905.39,907.85,867.39,33471397
2022-03-20T00:19:39,905.39,907.85,867.39,33471397
2022-03-20T00:24:40,905.39,907.85,867.39,33471397
2022-03-20T00:29:41,905.39,907.85,867.39,33471397
2022-03-20T00:34:42,905.39,907.85,867.39,33471397
2022-03-20T00:39:43,905.39,907.85,867.39,33471397
2022-03-20T00:44:44,905.39,907.85,867.39,33471397
2022-03-20T00:49:44,905.39,907.85,867.39,33471397
2022-03-20T00:54:45,905.39,907.85,867.39,33471397
2022-03-20T00:59:46,905.39,907.85,867.39,33471397
2022-03-20T01:04:47,905.39,907.85,867.39,33471397
2022-03-20T01:09:47,905.39,907.85,867.39,33471397
2022-03-20T01:14:48,905.39,907.85,867.39,33471397
2022-03-20T01:19:49,905.39,907.85,867.39,33471397
2022-03-20T01:24:50,905.39,907.85,867.39,33471397
2022-03-20T01:29:51,905.39,907.85,867.39,33471397
2022-03-20T01:34:52,905.39,907.85,867.39,33471397
2022-03-20T01:39:53,905.39,907.85,867.39,33471397
2022-03-20T01:44:53,905.39,907.85,867.39,33471397
2022-03-20T01:49:54,905.39,907.85,867.39,33471397
