Date-Time,Price,High,Low,Volume
2022-05-04T00:01:42,17.53,17.84,16.95,44062239
2022-05-04T00:06:42,17.53,17.84,16.95,44062239
2022-05-04T00:11:43,17.53,17.84,16.95,44062239
2022-05-04T00:16:44,17.53,17.84,16.95,44062239
2022-05-04T00:21:45,17.53,17.84,16.95,44062239
2022-05-04T00:26:46,17.53,17.84,16.95,44062239
2022-05-04T00:31:46,17.53,17.84,16.95,44062239
2022-05-04T00:36:47,17.53,17.84,16.95,44062239
2022-05-04T00:41:48,17.53,17.84,16.95,44062239
2022-05-04T00:46:49,17.53,17.84,16.95,44062239
2022-05-04T00:51:50,17.53,17.84,16.95,44062239
2022-05-04T00:56:50,17.53,17.84,16.95,44062239
2022-05-04T01:01:51,17.53,17.84,16.95,44062239
2022-05-04T01:06:52,17.53,17.84,16.95,44062239
2022-05-04T01:11:53,17.53,17.84,16.95,44062239
2022-05-04T01:16:53,17.53,17.84,16.95,44062239
2022-05-04T01:21:54,17.53,17.84,16.95,44062239
2022-05-04T01:26:55,17.53,17.84,16.95,44062239
2022-05-04T01:31:56,17.53,17.84,16.95,44062239
2022-05-04T01:36:56,17.53,17.84,16.95,44062239
2022-05-04T01:41:57,17.53,17.84,16.95,44062239
2022-05-04T01:46:58,17.53,17.84,16.95,44062239
2022-05-04T01:51:59,17.53,17.84,16.95,44062239
2022-05-04T01:56:59,17.53,17.84,16.95,44062239
2022-05-04T02:02:00,17.53,17.84,16.95,44062239
2022-05-04T02:07:01,17.53,17.84,16.95,44062239
2022-05-04T02:12:02,17.53,17.84,16.95,44062239
2022-05-04T02:17:02,17.53,17.84,16.95,44062239
2022-05-04T02:22:03,17.53,17.84,16.95,44062239
2022-05-04T02:27:04,17.53,17.84,16.95,44062239
2022-05-04T02:32:05,17.53,17.84,16.95,44062239
2022-05-04T02:37:06,17.53,17.84,16.95,44062239
2022-05-04T02:42:06,17.53,17.84,16.95,44062239
2022-05-04T02:47:07,17.53,17.84,16.95,44062239
2022-05-04T02:52:08,17.53,17.84,16.95,44062239
2022-05-04T02:57:09,17.53,17.84,16.95,44062239
2022-05-04T03:02:10,17.53,17.84,16.95,44062239
2022-05-04T03:07:11,17.53,17.84,16.95,44062239
2022-05-04T03:12:11,17.53,17.84,16.95,44062239
2022-05-04T03:17:12,17.53,17.84,16.95,44062239
2022-05-04T03:22:13,17.53,17.84,16.95,44062239
2022-05-04T03:27:14,17.53,17.84,16.95,44062239
2022-05-04T03:32:14,17.53,17.84,16.95,44062239
2022-05-04T03:37:15,17.53,17.84,16.95,44062239
2022-05-04T03:42:16,17.53,17.84,16.95,44062239
2022-05-04T03:47:17,17.53,17.84,16.95,44062239
2022-05-04T03:52:18,17.53,17.84,16.95,44062239
2022-05-04T03:57:18,17.53,17.84,16.95,44062239
2022-05-04T04:02:19,17.53,17.84,16.95,44062239
2022-05-04T04:07:20,17.53,17.84,16.95,44062239
2022-05-04T04:12:21,17.53,17.84,16.95,44062239
2022-05-04T04:17:21,17.53,17.84,16.95,44062239
2022-05-04T04:22:22,17.53,17.84,16.95,44062239
2022-05-04T04:27:23,17.53,17.84,16.95,44062239
2022-05-04T04:32:24,17.53,17.84,16.95,44062239
2022-05-04T04:37:25,17.53,17.84,16.95,44062239
2022-05-04T04:42:25,17.53,17.84,16.95,44062239
2022-05-04T04:47:26,17.53,17.84,16.95,44062239
2022-05-04T04:52:27,17.53,17.84,16.95,44062239
2022-05-04T04:57:28,17.53,17.84,16.95,44062239
2022-05-04T05:02:29,17.53,17.84,16.95,44062239
2022-05-04T05:07:30,17.53,17.84,16.95,44062239
2022-05-04T05:12:31,17.53,17.84,16.95,44062239
2022-05-04T05:17:32,17.53,17.84,16.95,44062239
2022-05-04T05:22:32,17.53,17.84,16.95,44062239
2022-05-04T05:27:33,17.53,17.84,16.95,44062239
2022-05-04T05:32:34,17.53,17.84,16.95,44062239
2022-05-04T05:37:35,17.53,17.84,16.95,44062239
2022-05-04T05:42:35,17.53,17.84,16.95,44062239
2022-05-04T05:47:36,17.53,17.84,16.95,44062239
2022-05-04T05:52:37,17.53,17.84,16.95,44062239
2022-05-04T05:57:38,17.53,17.84,16.95,44062239
2022-05-04T06:02:39,17.53,17.84,16.95,44062239
2022-05-04T06:07:40,17.53,17.84,16.95,44062239
2022-05-04T06:12:40,17.53,17.84,16.95,44062239
2022-05-04T06:17:41,17.53,17.84,16.95,44062239
2022-05-04T06:22:42,17.53,17.84,16.95,44062239
2022-05-04T06:27:43,17.53,17.84,16.95,44062239
2022-05-04T06:32:44,17.53,17.84,16.95,44062239
