Date-Time,Price,High,Low,Volume
2022-05-04T00:01:40,4.99,5.15,4.87,678565
2022-05-04T00:06:41,4.99,5.15,4.87,678565
2022-05-04T00:11:41,4.99,5.15,4.87,678565
2022-05-04T00:16:42,4.99,5.15,4.87,678565
2022-05-04T00:21:43,4.99,5.15,4.87,678565
2022-05-04T00:26:44,4.99,5.15,4.87,678565
2022-05-04T00:31:45,4.99,5.15,4.87,678565
2022-05-04T00:36:46,4.99,5.15,4.87,678565
2022-05-04T00:41:46,4.99,5.15,4.87,678565
2022-05-04T00:46:47,4.99,5.15,4.87,678565
2022-05-04T00:51:48,4.99,5.15,4.87,678565
2022-05-04T00:56:49,4.99,5.15,4.87,678565
2022-05-04T01:01:49,4.99,5.15,4.87,678565
2022-05-04T01:06:50,4.99,5.15,4.87,678565
2022-05-04T01:11:51,4.99,5.15,4.87,678565
2022-05-04T01:16:52,4.99,5.15,4.87,678565
2022-05-04T01:21:53,4.99,5.15,4.87,678565
2022-05-04T01:26:54,4.99,5.15,4.87,678565
2022-05-04T01:31:54,4.99,5.15,4.87,678565
