Date-Time,Price,High,Low,Volume
2022-05-04T00:01:46,909.25,924.08,888.59,21236525
2022-05-04T00:06:47,909.25,924.08,888.59,21236525
2022-05-04T00:11:48,909.25,924.08,888.59,21236525
2022-05-04T00:16:48,909.25,924.08,888.59,21236525
2022-05-04T00:21:49,909.25,924.08,888.59,21236525
2022-05-04T00:26:50,909.25,924.08,888.59,21236525
2022-05-04T00:31:51,909.25,924.08,888.59,21236525
2022-05-04T00:36:51,909.25,924.08,888.59,21236525
2022-05-04T00:41:52,909.25,924.08,888.59,21236525
2022-05-04T00:46:53,909.25,924.08,888.59,21236525
2022-05-04T00:51:53,909.25,924.08,888.59,21236525
2022-05-04T00:56:54,909.25,924.08,888.59,21236525
2022-05-04T01:01:55,909.25,924.08,888.59,21236525
2022-05-04T01:06:56,909.25,924.08,888.59,21236525
2022-05-04T01:11:56,909.25,924.08,888.59,21236525
2022-05-04T01:16:57,909.25,924.08,888.59,21236525
2022-05-04T01:21:58,909.25,924.08,888.59,21236525
2022-05-04T01:26:58,909.25,924.08,888.59,21236525
2022-05-04T01:31:59,909.25,924.08,888.59,21236525
2022-05-04T01:37:00,909.25,924.08,888.59,21236525
2022-05-04T01:42:01,909.25,924.08,888.59,21236525
2022-05-04T01:47:02,909.25,924.08,888.59,21236525
2022-05-04T01:52:02,909.25,924.08,888.59,21236525
2022-05-04T01:57:03,909.25,924.08,888.59,21236525
2022-05-04T02:02:04,909.25,924.08,888.59,21236525
2022-05-04T02:07:05,909.25,924.08,888.59,21236525
2022-05-04T02:12:05,909.25,924.08,888.59,21236525
2022-05-04T02:17:06,909.25,924.08,888.59,21236525
2022-05-04T02:22:07,909.25,924.08,888.59,21236525
2022-05-04T02:27:08,909.25,924.08,888.59,21236525
2022-05-04T02:32:09,909.25,924.08,888.59,21236525
2022-05-04T02:37:09,909.25,924.08,888.59,21236525
2022-05-04T02:42:10,909.25,924.08,888.59,21236525
2022-05-04T02:47:11,909.25,924.08,888.59,21236525
2022-05-04T02:52:12,909.25,924.08,888.59,21236525
2022-05-04T02:57:12,909.25,924.08,888.59,21236525
2022-05-04T03:02:13,909.25,924.08,888.59,21236525
2022-05-04T03:07:14,909.25,924.08,888.59,21236525
2022-05-04T03:12:15,909.25,924.08,888.59,21236525
2022-05-04T03:17:16,909.25,924.08,888.59,21236525
2022-05-04T03:22:16,909.25,924.08,888.59,21236525
2022-05-04T03:27:17,909.25,924.08,888.59,21236525
2022-05-04T03:32:18,909.25,924.08,888.59,21236525
2022-05-04T03:37:19,909.25,924.08,888.59,21236525
2022-05-04T03:42:19,909.25,924.08,888.59,21236525
2022-05-04T03:47:20,909.25,924.08,888.59,21236525
2022-05-04T03:52:21,909.25,924.08,888.59,21236525
2022-05-04T03:57:22,909.25,924.08,888.59,21236525
2022-05-04T04:02:22,909.25,924.08,888.59,21236525
2022-05-04T04:07:23,909.25,924.08,888.59,21236525
2022-05-04T04:12:24,909.25,924.08,888.59,21236525
2022-05-04T04:17:25,909.25,924.08,888.59,21236525
2022-05-04T04:22:25,909.25,924.08,888.59,21236525
2022-05-04T04:27:26,909.25,924.08,888.59,21236525
2022-05-04T04:32:27,909.25,924.08,888.59,21236525
