Date-Time,Price,High,Low,Volume
2022-05-04T00:01:46,31.99,33.63,31.12,14738549
2022-05-04T00:06:47,31.99,33.63,31.12,14738549
2022-05-04T00:11:47,31.99,33.63,31.12,14738549
2022-05-04T00:16:48,31.99,33.63,31.12,14738549
2022-05-04T00:21:49,31.99,33.63,31.12,14738549
2022-05-04T00:26:50,31.99,33.63,31.12,14738549
2022-05-04T00:31:51,31.99,33.63,31.12,14738549
2022-05-04T00:36:51,31.99,33.63,31.12,14738549
2022-05-04T00:41:52,31.99,33.63,31.12,14738549
2022-05-04T00:46:53,31.99,33.63,31.12,14738549
2022-05-04T00:51:54,31.99,33.63,31.12,14738549
2022-05-04T00:56:54,31.99,33.63,31.12,14738549
2022-05-04T01:01:55,31.99,33.63,31.12,14738549
2022-05-04T01:06:56,31.99,33.63,31.12,14738549
2022-05-04T01:11:57,31.99,33.63,31.12,14738549
2022-05-04T01:16:57,31.99,33.63,31.12,14738549
2022-05-04T01:21:58,31.99,33.63,31.12,14738549
2022-05-04T01:26:59,31.99,33.63,31.12,14738549
2022-05-04T01:32:00,31.99,33.63,31.12,14738549
