Date-Time,Price,High,Low,Volume
2022-05-04T00:01:40,212.03,214.8999,208.09,41556267
2022-05-04T00:06:41,212.03,214.8999,208.09,41556267
2022-05-04T00:11:41,212.03,214.8999,208.09,41556267
2022-05-04T00:16:42,212.03,214.8999,208.09,41556267
2022-05-04T00:21:43,212.03,214.8999,208.09,41556267
2022-05-04T00:26:44,212.03,214.8999,208.09,41556267
2022-05-04T00:31:45,212.03,214.8999,208.09,41556267
2022-05-04T00:36:45,212.03,214.8999,208.09,41556267
2022-05-04T00:41:46,212.03,214.8999,208.09,41556267
2022-05-04T00:46:47,212.03,214.8999,208.09,41556267
2022-05-04T00:51:48,212.03,214.8999,208.09,41556267
2022-05-04T00:56:49,212.03,214.8999,208.09,41556267
2022-05-04T01:01:50,212.03,214.8999,208.09,41556267
2022-05-04T01:06:50,212.03,214.8999,208.09,41556267
2022-05-04T01:11:51,212.03,214.8999,208.09,41556267
2022-05-04T01:16:52,212.03,214.8999,208.09,41556267
2022-05-04T01:21:53,212.03,214.8999,208.09,41556267
2022-05-04T01:26:53,212.03,214.8999,208.09,41556267
2022-05-04T01:31:54,212.03,214.8999,208.09,41556267
2022-05-04T01:36:55,212.03,214.8999,208.09,41556267
2022-05-04T01:41:56,212.03,214.8999,208.09,41556267
2022-05-04T01:46:57,212.03,214.8999,208.09,41556267
2022-05-04T01:51:57,212.03,214.8999,208.09,41556267
2022-05-04T01:56:58,212.03,214.8999,208.09,41556267
2022-05-04T02:01:59,212.03,214.8999,208.09,41556267
2022-05-04T02:07:00,212.03,214.8999,208.09,41556267
2022-05-04T02:12:01,212.03,214.8999,208.09,41556267
2022-05-04T02:17:01,212.03,214.8999,208.09,41556267
2022-05-04T02:22:02,212.03,214.8999,208.09,41556267
2022-05-04T02:27:03,212.03,214.8999,208.09,41556267
2022-05-04T02:32:04,212.03,214.8999,208.09,41556267
