Date-Time,Price,High,Low,Volume
2022-02-25T00:02:53,63.71,64.43,53.50,24082217
2022-02-25T00:07:54,63.71,64.43,53.50,24082217
2022-02-25T00:12:55,63.71,64.43,53.50,24082217
2022-02-25T00:17:56,63.71,64.43,53.50,24082217
2022-02-25T00:22:57,63.71,64.43,53.50,24082217
2022-02-25T00:27:58,63.71,64.43,53.50,24082217
2022-02-25T00:32:58,63.71,64.43,53.50,24082217
2022-02-25T00:38:00,63.71,64.43,53.50,24082217
2022-02-25T00:43:00,63.71,64.43,53.50,24082217
2022-02-25T00:48:01,63.71,64.43,53.50,24082217
2022-02-25T00:53:02,63.71,64.43,53.50,24082217
2022-02-25T00:58:03,63.71,64.43,53.50,24082217
2022-02-25T01:03:03,63.71,64.43,53.50,24082217
2022-02-25T01:08:04,63.71,64.43,53.50,24082217
2022-02-25T01:13:05,63.71,64.43,53.50,24082217
2022-02-25T01:18:06,63.71,64.43,53.50,24082217
2022-02-25T01:23:07,63.71,64.43,53.50,24082217
2022-02-25T01:28:07,63.71,64.43,53.50,24082217
2022-02-25T01:33:08,63.71,64.43,53.50,24082217
2022-02-25T01:38:09,63.71,64.43,53.50,24082217
2022-02-25T01:43:10,63.71,64.43,53.50,24082217
2022-02-25T01:48:11,63.71,64.43,53.50,24082217
2022-02-25T01:53:11,63.71,64.43,53.50,24082217
2022-02-25T01:58:12,63.71,64.43,53.50,24082217
2022-02-25T02:03:13,63.71,64.43,53.50,24082217
2022-02-25T02:08:14,63.71,64.43,53.50,24082217
2022-02-25T02:13:15,63.71,64.43,53.50,24082217
2022-02-25T02:18:16,63.71,64.43,53.50,24082217
