Date-Time,Price,High,Low,Volume
2022-02-25T00:02:27,6.62,6.64,5.65,726445
2022-02-25T00:07:28,6.62,6.64,5.65,726445
2022-02-25T00:12:29,6.62,6.64,5.65,726445
2022-02-25T00:17:30,6.62,6.64,5.65,726445
2022-02-25T00:22:31,6.62,6.64,5.65,726445
2022-02-25T00:27:32,6.62,6.64,5.65,726445
2022-02-25T00:32:33,6.62,6.64,5.65,726445
2022-02-25T00:37:33,6.62,6.64,5.65,726445
2022-02-25T00:42:34,6.62,6.64,5.65,726445
2022-02-25T00:47:35,6.62,6.64,5.65,726445
2022-02-25T00:52:36,6.62,6.64,5.65,726445
2022-02-25T00:57:37,6.62,6.64,5.65,726445
2022-02-25T01:02:38,6.62,6.64,5.65,726445
2022-02-25T01:07:39,6.62,6.64,5.65,726445
2022-02-25T01:12:40,6.62,6.64,5.65,726445
2022-02-25T01:17:41,6.62,6.64,5.65,726445
