Date-Time,Price,High,Low,Volume
2022-06-02T00:03:50,740.37,771.98,730.92,25749321
2022-06-02T00:08:51,740.37,771.98,730.92,25749321
2022-06-02T00:13:52,740.37,771.98,730.92,25749321
2022-06-02T00:18:53,740.37,771.98,730.92,25749321
2022-06-02T00:23:54,740.37,771.98,730.92,25749321
2022-06-02T00:28:55,740.37,771.98,730.92,25749321
2022-06-02T00:33:55,740.37,771.98,730.92,25749321
2022-06-02T00:38:56,740.37,771.98,730.92,25749321
2022-06-02T00:43:57,740.37,771.98,730.92,25749321
2022-06-02T00:48:58,740.37,771.98,730.92,25749321
2022-06-02T00:53:59,740.37,771.98,730.92,25749321
2022-06-02T00:59:00,740.37,771.98,730.92,25749321
2022-06-02T01:04:01,740.37,771.98,730.92,25749321
