Date-Time,Price,High,Low,Volume
2022-06-02T00:04:03,188.64,199.53,185.00,36623495
2022-06-02T00:09:04,188.64,199.53,185.00,36623495
2022-06-02T00:14:05,188.64,199.53,185.00,36623495
2022-06-02T00:19:06,188.64,199.53,185.00,36623495
2022-06-02T00:24:07,188.64,199.53,185.00,36623495
2022-06-02T00:29:07,188.64,199.53,185.00,36623495
2022-06-02T00:34:08,188.64,199.53,185.00,36623495
2022-06-02T00:39:09,188.64,199.53,185.00,36623495
2022-06-02T00:44:10,188.64,199.53,185.00,36623495
2022-06-02T00:49:11,188.64,199.53,185.00,36623495
2022-06-02T00:54:12,188.64,199.53,185.00,36623495
2022-06-02T00:59:13,188.64,199.53,185.00,36623495
2022-06-02T01:04:13,188.64,199.53,185.00,36623495
