Date-Time,Price,High,Low,Volume
2022-05-09T00:00:05,865.65,888.00,843.105,24301037
2022-05-09T00:05:06,865.65,888.00,843.105,24301037
2022-05-09T00:10:07,865.65,888.00,843.105,24301037
2022-05-09T00:15:08,865.65,888.00,843.105,24301037
2022-05-09T00:20:08,865.65,888.00,843.105,24301037
2022-05-09T00:25:09,865.65,888.00,843.105,24301037
2022-05-09T00:30:10,865.65,888.00,843.105,24301037
2022-05-09T00:35:11,865.65,888.00,843.105,24301037
2022-05-09T00:40:12,865.65,888.00,843.105,24301037
2022-05-09T00:45:12,865.65,888.00,843.105,24301037
2022-05-09T00:50:14,865.65,888.00,843.105,24301037
2022-05-09T00:55:14,865.65,888.00,843.105,24301037
2022-05-09T01:00:15,865.65,888.00,843.105,24301037
2022-05-09T01:05:16,865.65,888.00,843.105,24301037
2022-05-09T01:10:17,865.65,888.00,843.105,24301037
2022-05-09T01:15:18,865.65,888.00,843.105,24301037
2022-05-09T01:20:19,865.65,888.00,843.105,24301037
2022-05-09T01:25:20,865.65,888.00,843.105,24301037
2022-05-09T01:30:20,865.65,888.00,843.105,24301037
2022-05-09T01:35:21,865.65,888.00,843.105,24301037
