Date-Time,Price,High,Low,Volume
2022-05-09T00:00:05,14.92,15.8135,14.46,57655129
2022-05-09T00:05:06,14.92,15.8135,14.46,57655129
2022-05-09T00:10:07,14.92,15.8135,14.46,57655129
2022-05-09T00:15:07,14.92,15.8135,14.46,57655129
2022-05-09T00:20:08,14.92,15.8135,14.46,57655129
2022-05-09T00:25:09,14.92,15.8135,14.46,57655129
2022-05-09T00:30:10,14.92,15.8135,14.46,57655129
2022-05-09T00:35:11,14.92,15.8135,14.46,57655129
2022-05-09T00:40:11,14.92,15.8135,14.46,57655129
2022-05-09T00:45:12,14.92,15.8135,14.46,57655129
2022-05-09T00:50:13,14.92,15.8135,14.46,57655129
2022-05-09T00:55:14,14.92,15.8135,14.46,57655129
2022-05-09T01:00:15,14.92,15.8135,14.46,57655129
2022-05-09T01:05:16,14.92,15.8135,14.46,57655129
2022-05-09T01:10:17,14.92,15.8135,14.46,57655129
2022-05-09T01:15:18,14.92,15.8135,14.46,57655129
2022-05-09T01:20:18,14.92,15.8135,14.46,57655129
2022-05-09T01:25:19,14.92,15.8135,14.46,57655129
2022-05-09T01:30:20,14.92,15.8135,14.46,57655129
2022-05-09T01:35:21,14.92,15.8135,14.46,57655129
