Date-Time,Price,High,Low,Volume
2022-05-09T00:00:05,4.73,4.94,4.6117,459959
2022-05-09T00:05:06,4.73,4.94,4.6117,459959
2022-05-09T00:10:06,4.73,4.94,4.6117,459959
2022-05-09T00:15:07,4.73,4.94,4.6117,459959
2022-05-09T00:20:08,4.73,4.94,4.6117,459959
2022-05-09T00:25:09,4.73,4.94,4.6117,459959
2022-05-09T00:30:10,4.73,4.94,4.6117,459959
2022-05-09T00:35:11,4.73,4.94,4.6117,459959
2022-05-09T00:40:11,4.73,4.94,4.6117,459959
2022-05-09T00:45:12,4.73,4.94,4.6117,459959
2022-05-09T00:50:13,4.73,4.94,4.6117,459959
2022-05-09T00:55:14,4.73,4.94,4.6117,459959
2022-05-09T01:00:15,4.73,4.94,4.6117,459959
2022-05-09T01:05:16,4.73,4.94,4.6117,459959
2022-05-09T01:10:17,4.73,4.94,4.6117,459959
2022-05-09T01:15:18,4.73,4.94,4.6117,459959
2022-05-09T01:20:18,4.73,4.94,4.6117,459959
2022-05-09T01:25:19,4.73,4.94,4.6117,459959
2022-05-09T01:30:20,4.73,4.94,4.6117,459959
2022-05-09T01:35:21,4.73,4.94,4.6117,459959
2022-05-09T01:40:22,4.73,4.94,4.6117,459959
2022-05-09T01:45:23,4.73,4.94,4.6117,459959
2022-05-09T01:50:24,4.73,4.94,4.6117,459959
2022-05-09T01:55:25,4.73,4.94,4.6117,459959
2022-05-09T02:00:25,4.73,4.94,4.6117,459959
2022-05-09T02:05:26,4.73,4.94,4.6117,459959
2022-05-09T02:10:27,4.73,4.94,4.6117,459959
2022-05-09T02:15:28,4.73,4.94,4.6117,459959
2022-05-09T02:20:29,4.73,4.94,4.6117,459959
2022-05-09T02:25:30,4.73,4.94,4.6117,459959
2022-05-09T02:30:30,4.73,4.94,4.6117,459959
2022-05-09T02:35:31,4.73,4.94,4.6117,459959
