Date-Time,Price,High,Low,Volume
2022-05-09T00:00:08,203.77,209.38,201.02,34747158
2022-05-09T00:05:09,203.77,209.38,201.02,34747158
2022-05-09T00:10:10,203.77,209.38,201.02,34747158
2022-05-09T00:15:11,203.77,209.38,201.02,34747158
2022-05-09T00:20:11,203.77,209.38,201.02,34747158
2022-05-09T00:25:12,203.77,209.38,201.02,34747158
2022-05-09T00:30:13,203.77,209.38,201.02,34747158
2022-05-09T00:35:14,203.77,209.38,201.02,34747158
2022-05-09T00:40:15,203.77,209.38,201.02,34747158
2022-05-09T00:45:15,203.77,209.38,201.02,34747158
2022-05-09T00:50:16,203.77,209.38,201.02,34747158
2022-05-09T00:55:17,203.77,209.38,201.02,34747158
2022-05-09T01:00:18,203.77,209.38,201.02,34747158
2022-05-09T01:05:19,203.77,209.38,201.02,34747158
2022-05-09T01:10:19,203.77,209.38,201.02,34747158
2022-05-09T01:15:20,203.77,209.38,201.02,34747158
2022-05-09T01:20:21,203.77,209.38,201.02,34747158
2022-05-09T01:25:22,203.77,209.38,201.02,34747158
2022-05-09T01:30:22,203.77,209.38,201.02,34747158
2022-05-09T01:35:23,203.77,209.38,201.02,34747158
2022-05-09T01:40:24,203.77,209.38,201.02,34747158
2022-05-09T01:45:25,203.77,209.38,201.02,34747158
2022-05-09T01:50:25,203.77,209.38,201.02,34747158
2022-05-09T01:55:26,203.77,209.38,201.02,34747158
2022-05-09T02:00:27,203.77,209.38,201.02,34747158
2022-05-09T02:05:28,203.77,209.38,201.02,34747158
2022-05-09T02:10:28,203.77,209.38,201.02,34747158
2022-05-09T02:15:29,203.77,209.38,201.02,34747158
2022-05-09T02:20:30,203.77,209.38,201.02,34747158
2022-05-09T02:25:31,203.77,209.38,201.02,34747158
2022-05-09T02:30:31,203.77,209.38,201.02,34747158
2022-05-09T02:35:32,203.77,209.38,201.02,34747158
2022-05-09T02:40:33,203.77,209.38,201.02,34747158
2022-05-09T02:45:34,203.77,209.38,201.02,34747158
2022-05-09T02:50:35,203.77,209.38,201.02,34747158
2022-05-09T02:55:35,203.77,209.38,201.02,34747158
2022-05-09T03:00:36,203.77,209.38,201.02,34747158
2022-05-09T03:05:37,203.77,209.38,201.02,34747158
2022-05-09T03:10:38,203.77,209.38,201.02,34747158
2022-05-09T03:15:38,203.77,209.38,201.02,34747158
2022-05-09T03:20:39,203.77,209.38,201.02,34747158
2022-05-09T03:25:40,203.77,209.38,201.02,34747158
2022-05-09T03:30:41,203.77,209.38,201.02,34747158
2022-05-09T03:35:42,203.77,209.38,201.02,34747158
2022-05-09T03:40:42,203.77,209.38,201.02,34747158
2022-05-09T03:45:43,203.77,209.38,201.02,34747158
2022-05-09T03:50:44,203.77,209.38,201.02,34747158
2022-05-09T03:55:45,203.77,209.38,201.02,34747158
2022-05-09T04:00:46,203.77,209.38,201.02,34747158
2022-05-09T04:05:47,203.77,209.38,201.02,34747158
2022-05-09T04:10:48,203.77,209.38,201.02,34747158
2022-05-09T04:15:49,203.77,209.38,201.02,34747158
2022-05-09T04:20:49,203.77,209.38,201.02,34747158
2022-05-09T04:25:50,203.77,209.38,201.02,34747158
2022-05-09T04:30:51,203.77,209.38,201.02,34747158
2022-05-09T04:35:52,203.77,209.38,201.02,34747158
2022-05-09T04:40:53,203.77,209.38,201.02,34747158
2022-05-09T04:45:54,203.77,209.38,201.02,34747158
2022-05-09T04:50:54,203.77,209.38,201.02,34747158
2022-05-09T04:55:55,203.77,209.38,201.02,34747158
2022-05-09T05:00:56,203.77,209.38,201.02,34747158
2022-05-09T05:05:57,203.77,209.38,201.02,34747158
2022-05-09T05:10:58,203.77,209.38,201.02,34747158
2022-05-09T05:15:59,203.77,209.38,201.02,34747158
2022-05-09T05:21:00,203.77,209.38,201.02,34747158
2022-05-09T05:26:01,203.77,209.38,201.02,34747158
2022-05-09T05:31:01,203.77,209.38,201.02,34747158
2022-05-09T05:36:02,203.77,209.38,201.02,34747158
2022-05-09T05:41:03,203.77,209.38,201.02,34747158
2022-05-09T05:46:04,203.77,209.38,201.02,34747158
2022-05-09T05:51:05,203.77,209.38,201.02,34747158
2022-05-09T05:56:06,203.77,209.38,201.02,34747158
2022-05-09T06:01:06,203.77,209.38,201.02,34747158
2022-05-09T06:06:07,203.77,209.38,201.02,34747158
2022-05-09T06:11:08,203.77,209.38,201.02,34747158
2022-05-09T06:16:09,203.77,209.38,201.02,34747158
2022-05-09T06:21:10,203.77,209.38,201.02,34747158
2022-05-09T06:26:11,203.77,209.38,201.02,34747158
2022-05-09T06:31:11,203.77,209.38,201.02,34747158
2022-05-09T06:36:12,203.77,209.38,201.02,1507413
2022-05-09T06:41:13,203.77,209.38,201.02,1507413
2022-05-09T06:46:14,199.44,200.00,198.25,2138823
2022-05-09T06:51:15,200.67,201.2389,197.69,3171076
2022-05-09T06:56:16,201.18,201.54,197.69,4037406
2022-05-09T07:01:16,200.5501,202.57,197.69,4934055
2022-05-09T07:06:17,199.12,202.57,197.69,5768875
2022-05-09T07:11:18,200.38,202.57,197.69,6434845
2022-05-09T07:16:19,198.33,202.57,197.69,7015054
2022-05-09T07:21:20,199.11,202.57,197.69,7469305
2022-05-09T07:26:21,199.17,202.57,197.69,7861650
2022-05-09T07:31:22,199.605,202.57,197.69,8306378
2022-05-09T07:36:22,199.215,202.57,197.69,8726169
2022-05-09T07:41:23,198.93,202.57,197.69,9243960
2022-05-09T07:46:24,198.21,202.57,197.69,9599084
2022-05-09T07:51:25,198.205,202.57,197.61,10082166
2022-05-09T07:56:26,197.16,202.57,196.73,10733744
2022-05-09T08:01:27,197.92,202.57,196.61,11334814
2022-05-09T08:06:28,197.31,202.57,196.61,11663676
2022-05-09T08:11:29,197.30,202.57,196.61,11978095
2022-05-09T08:16:30,197.1142,202.57,196.61,12326678
2022-05-09T08:21:31,196.1648,202.57,196.15,12668816
2022-05-09T08:26:32,197.12,202.57,196.15,12994401
2022-05-09T08:31:32,197.80,202.57,196.15,13283354
2022-05-09T08:36:33,197.24,202.57,196.15,13689941
