Date-Time,Price,High,Low,Volume
2022-01-03T00:02:26,31.68,32.98,31.6627,67569236
2022-01-03T00:07:27,31.68,32.98,31.6627,67569236
2022-01-03T00:12:28,31.68,32.98,31.6627,67569236
2022-01-03T00:17:28,31.68,32.98,31.6627,67569236
2022-01-03T00:22:29,31.68,32.98,31.6627,67569236
2022-01-03T00:27:30,31.68,32.98,31.6627,67569236
2022-01-03T00:32:31,31.68,32.98,31.6627,67569236
2022-01-03T00:37:32,31.68,32.98,31.6627,67569236
2022-01-03T00:42:32,31.68,32.98,31.6627,67569236
2022-01-03T00:47:33,31.68,32.98,31.6627,67569236
2022-01-03T00:52:34,31.68,32.98,31.6627,67569236
2022-01-03T00:57:35,31.68,32.98,31.6627,67569236
2022-01-03T01:02:36,31.68,32.98,31.6627,67569236
2022-01-03T01:07:37,31.68,32.98,31.6627,67569236
2022-01-03T01:12:37,31.68,32.98,31.6627,67569236
2022-01-03T01:17:38,31.68,32.98,31.6627,67569236
2022-01-03T01:22:39,31.68,32.98,31.6627,67569236
2022-01-03T01:27:40,31.68,32.98,31.6627,67569236
2022-01-03T01:32:41,31.68,32.98,31.6627,67569236
2022-01-03T01:37:41,31.68,32.98,31.6627,67569236
2022-01-03T01:42:42,31.68,32.98,31.6627,67569236
2022-01-03T01:47:43,31.68,32.98,31.6627,67569236
2022-01-03T01:52:44,31.68,32.98,31.6627,67569236
2022-01-03T01:57:45,31.68,32.98,31.6627,67569236
2022-01-03T02:02:46,31.68,32.98,31.6627,67569236
2022-01-03T02:07:46,31.68,32.98,31.6627,67569236
2022-01-03T02:12:47,31.68,32.98,31.6627,67569236
2022-01-03T02:17:48,31.68,32.98,31.6627,67569236
2022-01-03T02:22:49,31.68,32.98,31.6627,67569236
2022-01-03T02:27:50,31.68,32.98,31.6627,67569236
2022-01-03T02:32:51,31.68,32.98,31.6627,67569236
2022-01-03T02:37:52,31.68,32.98,31.6627,67569236
2022-01-03T02:42:53,31.68,32.98,31.6627,67569236
2022-01-03T02:47:54,31.68,32.98,31.6627,67569236
2022-01-03T02:52:54,31.68,32.98,31.6627,67569236
2022-01-03T02:57:55,31.68,32.98,31.6627,67569236
2022-01-03T03:02:56,31.68,32.98,31.6627,67569236
2022-01-03T03:07:57,31.68,32.98,31.6627,67569236
2022-01-03T03:12:58,31.68,32.98,31.6627,67569236
2022-01-03T03:17:58,31.68,32.98,31.6627,67569236
2022-01-03T03:22:59,31.68,32.98,31.6627,67569236
2022-01-03T03:28:00,31.68,32.98,31.6627,67569236
2022-01-03T03:33:01,31.68,32.98,31.6627,67569236
2022-01-03T03:38:02,31.68,32.98,31.6627,67569236
2022-01-03T03:43:03,31.68,32.98,31.6627,67569236
2022-01-03T03:48:03,31.68,32.98,31.6627,67569236
2022-01-03T03:53:04,31.68,32.98,31.6627,67569236
2022-01-03T03:58:05,31.68,32.98,31.6627,67569236
2022-01-03T04:03:06,31.68,32.98,31.6627,67569236
2022-01-03T04:08:06,31.68,32.98,31.6627,67569236
2022-01-03T04:13:07,31.68,32.98,31.6627,67569236
2022-01-03T04:18:08,31.68,32.98,31.6627,67569236
2022-01-03T04:23:09,31.68,32.98,31.6627,67569236
2022-01-03T04:28:10,31.68,32.98,31.6627,67569236
2022-01-03T04:33:10,31.68,32.98,31.6627,67569236
2022-01-03T04:38:11,31.68,32.98,31.6627,67569236
2022-01-03T04:43:12,31.68,32.98,31.6627,67569236
2022-01-03T04:48:13,31.68,32.98,31.6627,67569236
2022-01-03T04:53:14,31.68,32.98,31.6627,67569236
2022-01-03T04:58:15,31.68,32.98,31.6627,67569236
2022-01-03T05:03:15,31.68,32.98,31.6627,67569236
2022-01-03T05:08:16,31.68,32.98,31.6627,67569236
2022-01-03T05:13:17,31.68,32.98,31.6627,67569236
2022-01-03T05:18:19,31.68,32.98,31.6627,67569236
2022-01-03T05:23:19,31.68,32.98,31.6627,67569236
2022-01-03T05:28:20,31.68,32.98,31.6627,67569236
2022-01-03T05:33:21,31.68,32.98,31.6627,67569236
2022-01-03T05:38:22,31.68,32.98,31.6627,67569236
2022-01-03T05:43:22,31.68,32.98,31.6627,67569236
2022-01-03T05:48:23,31.68,32.98,31.6627,67569236
2022-01-03T05:53:24,31.68,32.98,31.6627,67569236
2022-01-03T05:58:25,31.68,32.98,31.6627,67569236
2022-01-03T06:03:25,31.68,32.98,31.6627,67569236
2022-01-03T06:08:26,31.68,32.98,31.6627,67569236
2022-01-03T06:13:27,31.68,32.98,31.6627,67569236
2022-01-03T06:18:28,31.68,32.98,31.6627,67569236
2022-01-03T06:23:28,31.68,32.98,31.6627,67569236
2022-01-03T06:28:29,31.68,32.98,31.6627,67569236
2022-01-03T06:33:30,31.68,32.98,31.6627,67569236
2022-01-03T06:38:31,31.68,32.98,31.6627,67569236
2022-01-03T06:43:31,31.68,32.98,31.6627,67569236
2022-01-03T06:48:32,33.1917,33.80,32.80,7226985
2022-01-03T06:53:33,32.85,33.80,32.51,10796009
2022-01-03T06:58:34,32.44,33.80,32.23,13688487
2022-01-03T07:03:34,32.22,33.80,32.11,15873127
2022-01-03T07:08:35,32.31,33.80,31.88,18116239
2022-01-03T07:13:36,32.40,33.80,31.88,19733779
2022-01-03T07:18:37,32.7755,33.80,31.88,21405216
2022-01-03T07:23:38,32.57,33.80,31.88,23584292
2022-01-03T07:28:38,32.5799,33.80,31.88,25109400
2022-01-03T07:33:39,32.62,33.80,31.88,26059443
2022-01-03T07:38:40,32.5875,33.80,31.88,27441733
2022-01-03T07:43:40,32.615,33.80,31.88,28536273
2022-01-03T07:48:41,32.78,33.80,31.88,29807665
2022-01-03T07:53:42,32.84,33.80,31.88,30722468
2022-01-03T07:58:43,32.6917,33.80,31.88,31636818
2022-01-03T08:03:44,32.68,33.80,31.88,33053357
2022-01-03T08:08:44,32.9717,33.80,31.88,34067744
2022-01-03T08:13:45,33.01,33.80,31.88,35075819
