Date-Time,Price,High,Low,Volume
2022-01-03T00:02:26,1056.78,1081.9999,1054.59,13577875
2022-01-03T00:07:27,1056.78,1081.9999,1054.59,13577875
2022-01-03T00:12:28,1056.78,1081.9999,1054.59,13577875
2022-01-03T00:17:29,1056.78,1081.9999,1054.59,13577875
2022-01-03T00:22:29,1056.78,1081.9999,1054.59,13577875
2022-01-03T00:27:30,1056.78,1081.9999,1054.59,13577875
2022-01-03T00:32:31,1056.78,1081.9999,1054.59,13577875
2022-01-03T00:37:32,1056.78,1081.9999,1054.59,13577875
2022-01-03T00:42:33,1056.78,1081.9999,1054.59,13577875
2022-01-03T00:47:33,1056.78,1081.9999,1054.59,13577875
2022-01-03T00:52:34,1056.78,1081.9999,1054.59,13577875
2022-01-03T00:57:35,1056.78,1081.9999,1054.59,13577875
2022-01-03T01:02:36,1056.78,1081.9999,1054.59,13577875
2022-01-03T01:07:37,1056.78,1081.9999,1054.59,13577875
2022-01-03T01:12:38,1056.78,1081.9999,1054.59,13577875
