Date-Time,Price,High,Low,Volume
2022-01-03T00:02:26,103.69,106.12,102.28,5814883
2022-01-03T00:07:27,103.69,106.12,102.28,5814883
2022-01-03T00:12:28,103.69,106.12,102.28,5814883
2022-01-03T00:17:29,103.69,106.12,102.28,5814883
2022-01-03T00:22:30,103.69,106.12,102.28,5814883
2022-01-03T00:27:31,103.69,106.12,102.28,5814883
2022-01-03T00:32:31,103.69,106.12,102.28,5814883
2022-01-03T00:37:32,103.69,106.12,102.28,5814883
2022-01-03T00:42:33,103.69,106.12,102.28,5814883
2022-01-03T00:47:34,103.69,106.12,102.28,5814883
2022-01-03T00:52:35,103.69,106.12,102.28,5814883
2022-01-03T00:57:35,103.69,106.12,102.28,5814883
2022-01-03T01:02:36,103.69,106.12,102.28,5814883
2022-01-03T01:07:37,103.69,106.12,102.28,5814883
2022-01-03T01:12:38,103.69,106.12,102.28,5814883
