Date-Time,Price,High,Low,Volume
2021-11-14T00:00:06,1033.42,1054.50,1019.20,25573148
2021-11-14T00:05:07,1033.42,1054.50,1019.20,25573148
2021-11-14T00:10:08,1033.42,1054.50,1019.20,25573148
2021-11-14T00:15:08,1033.42,1054.50,1019.20,25573148
2021-11-14T00:20:09,1033.42,1054.50,1019.20,25573148
2021-11-14T00:25:10,1033.42,1054.50,1019.20,25573148
2021-11-14T00:30:11,1033.42,1054.50,1019.20,25573148
2021-11-14T00:35:12,1033.42,1054.50,1019.20,25573148
2021-11-14T00:40:12,1033.42,1054.50,1019.20,25573148
2021-11-14T00:45:13,1033.42,1054.50,1019.20,25573148
