Date-Time,Price,High,Low,Volume
2022-01-07T00:04:35,1064.70,1088.00,1020.50,30112158
2022-01-07T00:09:36,1064.70,1088.00,1020.50,30112158
2022-01-07T00:14:36,1064.70,1088.00,1020.50,30112158
2022-01-07T00:19:37,1064.70,1088.00,1020.50,30112158
2022-01-07T00:24:38,1064.70,1088.00,1020.50,30112158
2022-01-07T00:29:39,1064.70,1088.00,1020.50,30112158
2022-01-07T00:34:40,1064.70,1088.00,1020.50,30112158
2022-01-07T00:39:40,1064.70,1088.00,1020.50,30112158
2022-01-07T00:44:41,1064.70,1088.00,1020.50,30112158
2022-01-07T00:49:42,1064.70,1088.00,1020.50,30112158
2022-01-07T00:54:43,1064.70,1088.00,1020.50,30112158
2022-01-07T00:59:44,1064.70,1088.00,1020.50,30112158
2022-01-07T01:04:44,1064.70,1088.00,1020.50,30112158
2022-01-07T01:09:45,1064.70,1088.00,1020.50,30112158
2022-01-07T01:14:46,1064.70,1088.00,1020.50,30112158
2022-01-07T01:19:46,1064.70,1088.00,1020.50,30112158
2022-01-07T01:24:47,1064.70,1088.00,1020.50,30112158
2022-01-07T01:29:48,1064.70,1088.00,1020.50,30112158
2022-01-07T01:34:49,1064.70,1088.00,1020.50,30112158
2022-01-07T01:39:50,1064.70,1088.00,1020.50,30112158
2022-01-07T01:44:50,1064.70,1088.00,1020.50,30112158
2022-01-07T01:49:51,1064.70,1088.00,1020.50,30112158
2022-01-07T01:54:52,1064.70,1088.00,1020.50,30112158
2022-01-07T01:59:53,1064.70,1088.00,1020.50,30112158
2022-01-07T02:04:54,1064.70,1088.00,1020.50,30112158
2022-01-07T02:09:55,1064.70,1088.00,1020.50,30112158
2022-01-07T02:14:55,1064.70,1088.00,1020.50,30112158
2022-01-07T02:19:56,1064.70,1088.00,1020.50,30112158
2022-01-07T02:24:57,1064.70,1088.00,1020.50,30112158
2022-01-07T02:29:58,1064.70,1088.00,1020.50,30112158
2022-01-07T02:34:59,1064.70,1088.00,1020.50,30112158
2022-01-07T02:40:00,1064.70,1088.00,1020.50,30112158
2022-01-07T02:45:00,1064.70,1088.00,1020.50,30112158
2022-01-07T02:50:01,1064.70,1088.00,1020.50,30112158
2022-01-07T02:55:02,1064.70,1088.00,1020.50,30112158
2022-01-07T03:00:03,1064.70,1088.00,1020.50,30112158
2022-01-07T03:05:04,1064.70,1088.00,1020.50,30112158
2022-01-07T03:10:05,1064.70,1088.00,1020.50,30112158
2022-01-07T03:15:06,1064.70,1088.00,1020.50,30112158
2022-01-07T03:20:06,1064.70,1088.00,1020.50,30112158
2022-01-07T03:25:07,1064.70,1088.00,1020.50,30112158
2022-01-07T03:30:08,1064.70,1088.00,1020.50,30112158
2022-01-07T03:35:09,1064.70,1088.00,1020.50,30112158
2022-01-07T03:40:10,1064.70,1088.00,1020.50,30112158
2022-01-07T03:45:10,1064.70,1088.00,1020.50,30112158
2022-01-07T03:50:11,1064.70,1088.00,1020.50,30112158
2022-01-07T03:55:12,1064.70,1088.00,1020.50,30112158
2022-01-07T04:00:13,1064.70,1088.00,1020.50,30112158
2022-01-07T04:05:14,1064.70,1088.00,1020.50,30112158
2022-01-07T04:10:15,1064.70,1088.00,1020.50,30112158
2022-01-07T04:15:16,1064.70,1088.00,1020.50,30112158
2022-01-07T04:20:16,1064.70,1088.00,1020.50,30112158
2022-01-07T04:25:17,1064.70,1088.00,1020.50,30112158
2022-01-07T04:30:18,1064.70,1088.00,1020.50,30112158
2022-01-07T04:35:19,1064.70,1088.00,1020.50,30112158
2022-01-07T04:40:19,1064.70,1088.00,1020.50,30112158
2022-01-07T04:45:20,1064.70,1088.00,1020.50,30112158
2022-01-07T04:50:21,1064.70,1088.00,1020.50,30112158
2022-01-07T04:55:22,1064.70,1088.00,1020.50,30112158
2022-01-07T05:00:23,1064.70,1088.00,1020.50,30112158
2022-01-07T05:05:24,1064.70,1088.00,1020.50,30112158
2022-01-07T05:10:24,1064.70,1088.00,1020.50,30112158
2022-01-07T05:15:25,1064.70,1088.00,1020.50,30112158
2022-01-07T05:20:26,1064.70,1088.00,1020.50,30112158
2022-01-07T05:25:27,1064.70,1088.00,1020.50,30112158
2022-01-07T05:30:28,1064.70,1088.00,1020.50,30112158
2022-01-07T05:35:29,1064.70,1088.00,1020.50,30112158
2022-01-07T05:40:29,1064.70,1088.00,1020.50,30112158
2022-01-07T05:45:30,1064.70,1088.00,1020.50,30112158
2022-01-07T05:50:31,1064.70,1088.00,1020.50,30112158
2022-01-07T05:55:31,1064.70,1088.00,1020.50,30112158
2022-01-07T06:00:32,1064.70,1088.00,1020.50,30112158
2022-01-07T06:05:33,1064.70,1088.00,1020.50,30112158
2022-01-07T06:10:34,1064.70,1088.00,1020.50,30112158
2022-01-07T06:15:35,1064.70,1088.00,1020.50,30112158
2022-01-07T06:20:36,1064.70,1088.00,1020.50,30112158
2022-01-07T06:25:37,1064.70,1088.00,1020.50,30112158
2022-01-07T06:30:38,1064.70,1088.00,1020.50,30112158
2022-01-07T06:35:39,1064.70,1088.00,1020.50,30112158
2022-01-07T06:40:39,1064.70,1088.00,1020.50,30112158
2022-01-07T06:45:40,1073.25,1080.37,1072.6001,904987
2022-01-07T06:50:41,1060.1099,1080.37,1052.9101,1709721
2022-01-07T06:55:42,1062.73,1080.37,1052.9101,2190753
2022-01-07T07:00:43,1073.00,1080.37,1052.9101,2836263
2022-01-07T07:05:43,1071.3316,1080.37,1052.9101,3233292
2022-01-07T07:10:44,1078.7164,1080.37,1052.9101,3654541
2022-01-07T07:15:45,1072.2199,1080.9299,1052.9101,4141155
2022-01-07T07:20:46,1065.3304,1080.9299,1052.9101,4473784
2022-01-07T07:25:47,1059.04,1080.9299,1052.9101,4976598
2022-01-07T07:30:48,1051.6895,1080.9299,1051.50,5456935
2022-01-07T07:35:48,1050.39,1080.9299,1048.5803,5898689
2022-01-07T07:40:49,1052.10,1080.9299,1045.10,6380757
2022-01-07T07:45:50,1049.385,1080.9299,1044.01,6869638
2022-01-07T07:50:51,1050.37,1080.9299,1044.01,7191110
2022-01-07T07:55:51,1043.693,1080.9299,1039.04,7674892
2022-01-07T08:00:52,1040.01,1080.9299,1037.80,8073260
2022-01-07T08:05:53,1037.2901,1080.9299,1033.42,8527032
2022-01-07T08:10:54,1038.0968,1080.9299,1030.00,9093911
2022-01-07T08:15:55,1041.4934,1080.9299,1030.00,9475540
2022-01-07T08:20:56,1033.3612,1080.9299,1030.00,9895967
2022-01-07T08:25:57,1033.945,1080.9299,1030.00,10216894
2022-01-07T08:30:58,1033.00,1080.9299,1030.00,10460645
2022-01-07T08:35:58,1026.99,1080.9299,1023.35,11165439
2022-01-07T08:41:01,1036.67,1080.9299,1023.35,11600787
2022-01-07T08:46:02,1038.2416,1080.9299,1023.35,12003211
2022-01-07T08:51:03,1041.1663,1080.9299,1023.35,12306503
2022-01-07T08:56:04,1040.195,1080.9299,1023.35,12573572
2022-01-07T09:01:05,1038.70,1080.9299,1023.35,12859323
2022-01-07T09:06:05,1043.64,1080.9299,1023.35,13150119
2022-01-07T09:11:06,1043.51,1080.9299,1023.35,13426418
2022-01-07T09:16:07,1043.82,1080.9299,1023.35,13606690
2022-01-07T09:21:08,1038.775,1080.9299,1023.35,13801050
2022-01-07T09:26:08,1043.3501,1080.9299,1023.35,13949644
2022-01-07T09:31:09,1042.058,1080.9299,1023.35,14046018
2022-01-07T09:36:10,1032.9776,1080.9299,1023.35,14296845
2022-01-07T09:41:11,1031.47,1080.9299,1023.35,14555793
2022-01-07T09:46:11,1032.775,1080.9299,1023.35,14718696
2022-01-07T09:51:12,1030.7752,1080.9299,1023.35,14894229
2022-01-07T09:56:13,1031.6748,1080.9299,1023.35,15264173
2022-01-07T10:01:14,1038.3021,1080.9299,1023.35,15499130
2022-01-07T10:06:14,1041.25,1080.9299,1023.35,15724421
2022-01-07T10:11:15,1038.9299,1080.9299,1023.35,15920003
2022-01-07T10:16:16,1033.98,1080.9299,1023.35,16077372
2022-01-07T10:21:17,1036.15,1080.9299,1023.35,16231373
2022-01-07T10:26:17,1036.15,1080.9299,1023.35,16320949
2022-01-07T10:31:18,1034.80,1080.9299,1023.35,16435096
2022-01-07T10:36:19,1032.80,1080.9299,1023.35,16591023
2022-01-07T10:41:20,1028.49,1080.9299,1023.35,16781451
2022-01-07T10:46:20,1029.07,1080.9299,1023.35,17007542
2022-01-07T10:51:21,1028.70,1080.9299,1023.35,17211312
2022-01-07T10:56:22,1022.78,1080.9299,1022.11,17530431
2022-01-07T11:01:23,1026.6033,1080.9299,1022.11,17793157
2022-01-07T11:06:23,1023.18,1080.9299,1020.80,18019946
2022-01-07T11:11:25,1023.8704,1080.9299,1020.80,18264083
2022-01-07T11:16:25,1023.3399,1080.9299,1020.80,18446434
