Date-Time,Price,High,Low,Volume
2022-01-07T00:00:07,332.46,339.165,322.72,27962809
2022-01-07T00:05:10,332.46,339.165,322.72,27962809
2022-01-07T00:10:11,332.46,339.165,322.72,27962809
2022-01-07T00:15:12,332.46,339.165,322.72,27962809
2022-01-07T00:20:13,332.46,339.165,322.72,27962809
2022-01-07T00:25:14,332.46,339.165,322.72,27962809
2022-01-07T00:30:15,332.46,339.165,322.72,27962809
2022-01-07T00:35:15,332.46,339.165,322.72,27962809
2022-01-07T00:40:16,332.46,339.165,322.72,27962809
2022-01-07T00:45:18,332.46,339.165,322.72,27962809
2022-01-07T00:50:19,332.46,339.165,322.72,27962809
2022-01-07T00:55:20,332.46,339.165,322.72,27962809
2022-01-07T01:00:20,332.46,339.165,322.72,27962809
2022-01-07T01:05:21,332.46,339.165,322.72,27962809
2022-01-07T01:10:22,332.46,339.165,322.72,27962809
2022-01-07T01:15:23,332.46,339.165,322.72,27962809
2022-01-07T01:20:24,332.46,339.165,322.72,27962809
2022-01-07T01:25:25,332.46,339.165,322.72,27962809
2022-01-07T01:30:25,332.46,339.165,322.72,27962809
2022-01-07T01:35:26,332.46,339.165,322.72,27962809
2022-01-07T01:40:27,332.46,339.165,322.72,27962809
2022-01-07T01:45:28,332.46,339.165,322.72,27962809
2022-01-07T01:50:29,332.46,339.165,322.72,27962809
2022-01-07T01:55:30,332.46,339.165,322.72,27962809
2022-01-07T02:00:30,332.46,339.165,322.72,27962809
2022-01-07T02:05:31,332.46,339.165,322.72,27962809
2022-01-07T02:10:32,332.46,339.165,322.72,27962809
2022-01-07T02:15:33,332.46,339.165,322.72,27962809
2022-01-07T02:20:34,332.46,339.165,322.72,27962809
2022-01-07T02:25:34,332.46,339.165,322.72,27962809
2022-01-07T02:30:35,332.46,339.165,322.72,27962809
2022-01-07T02:35:36,332.46,339.165,322.72,27962809
2022-01-07T02:40:37,332.46,339.165,322.72,27962809
2022-01-07T02:45:38,332.46,339.165,322.72,27962809
2022-01-07T02:50:39,332.46,339.165,322.72,27962809
2022-01-07T02:55:40,332.46,339.165,322.72,27962809
2022-01-07T03:00:40,332.46,339.165,322.72,27962809
2022-01-07T03:05:41,332.46,339.165,322.72,27962809
2022-01-07T03:10:42,332.46,339.165,322.72,27962809
2022-01-07T03:15:43,332.46,339.165,322.72,27962809
2022-01-07T03:20:44,332.46,339.165,322.72,27962809
2022-01-07T03:25:44,332.46,339.165,322.72,27962809
2022-01-07T03:30:45,332.46,339.165,322.72,27962809
2022-01-07T03:35:46,332.46,339.165,322.72,27962809
2022-01-07T03:40:47,332.46,339.165,322.72,27962809
2022-01-07T03:45:48,332.46,339.165,322.72,27962809
2022-01-07T03:50:48,332.46,339.165,322.72,27962809
2022-01-07T03:55:49,332.46,339.165,322.72,27962809
2022-01-07T04:00:50,332.46,339.165,322.72,27962809
2022-01-07T04:05:51,332.46,339.165,322.72,27962809
2022-01-07T04:10:52,332.46,339.165,322.72,27962809
2022-01-07T04:15:52,332.46,339.165,322.72,27962809
2022-01-07T04:20:53,332.46,339.165,322.72,27962809
2022-01-07T04:25:54,332.46,339.165,322.72,27962809
2022-01-07T04:30:55,332.46,339.165,322.72,27962809
2022-01-07T04:35:56,332.46,339.165,322.72,27962809
2022-01-07T04:40:57,332.46,339.165,322.72,27962809
2022-01-07T04:45:57,332.46,339.165,322.72,27962809
2022-01-07T04:50:58,332.46,339.165,322.72,27962809
2022-01-07T04:55:59,332.46,339.165,322.72,27962809
2022-01-07T05:01:00,332.46,339.165,322.72,27962809
2022-01-07T05:06:01,332.46,339.165,322.72,27962809
2022-01-07T05:11:02,332.46,339.165,322.72,27962809
2022-01-07T05:16:03,332.46,339.165,322.72,27962809
2022-01-07T05:21:04,332.46,339.165,322.72,27962809
2022-01-07T05:26:04,332.46,339.165,322.72,27962809
2022-01-07T05:31:05,332.46,339.165,322.72,27962809
2022-01-07T05:36:08,332.46,339.165,322.72,27962809
2022-01-07T05:41:08,332.46,339.165,322.72,27962809
2022-01-07T05:46:09,332.46,339.165,322.72,27962809
2022-01-07T05:51:10,332.46,339.165,322.72,27962809
2022-01-07T05:56:11,332.46,339.165,322.72,27962809
2022-01-07T06:01:12,332.46,339.165,322.72,27962809
2022-01-07T06:06:12,332.46,339.165,322.72,27962809
2022-01-07T06:11:13,332.46,339.165,322.72,27962809
2022-01-07T06:16:14,332.46,339.165,322.72,27962809
2022-01-07T06:21:15,332.46,339.165,322.72,27962809
2022-01-07T06:26:15,332.46,339.165,322.72,27962809
2022-01-07T06:31:16,332.46,339.165,322.72,27962809
2022-01-07T06:36:17,332.46,339.165,322.72,27962809
2022-01-07T06:41:18,332.46,339.165,322.72,27962809
2022-01-07T06:46:19,333.1925,334.27,332.0001,501786
2022-01-07T06:51:19,331.18,334.27,331.18,846694
2022-01-07T06:56:20,334.07,334.27,330.79,1202098
2022-01-07T07:01:21,335.90,336.53,330.79,1724099
2022-01-07T07:06:22,334.96,336.53,330.79,2138911
2022-01-07T07:11:22,336.5705,336.6534,330.79,2445048
2022-01-07T07:16:23,334.84,337.00,330.79,2764725
2022-01-07T07:21:24,333.48,337.00,330.79,2975010
2022-01-07T07:26:25,333.12,337.00,330.79,3185392
2022-01-07T07:31:25,333.31,337.00,330.79,3392922
2022-01-07T07:36:26,332.22,337.00,330.79,3541440
2022-01-07T07:41:27,333.50,337.00,330.79,3739665
2022-01-07T07:46:28,333.498,337.00,330.79,3918839
2022-01-07T07:51:29,332.3778,337.00,330.79,4035193
2022-01-07T07:56:29,332.2359,337.00,330.79,4213741
2022-01-07T08:01:30,331.31,337.00,330.79,4428597
2022-01-07T08:06:31,330.412,337.00,330.28,4640928
2022-01-07T08:11:32,330.275,337.00,328.8801,5097592
2022-01-07T08:16:32,330.34,337.00,328.8801,5348541
