Date-Time,Price,High,Low,Volume
2022-01-07T00:04:35,5.33,5.57,5.21,762858
2022-01-07T00:09:36,5.33,5.57,5.21,762858
2022-01-07T00:14:36,5.33,5.57,5.21,762858
2022-01-07T00:19:37,5.33,5.57,5.21,762858
2022-01-07T00:24:38,5.33,5.57,5.21,762858
2022-01-07T00:29:39,5.33,5.57,5.21,762858
2022-01-07T00:34:40,5.33,5.57,5.21,762858
2022-01-07T00:39:40,5.33,5.57,5.21,762858
2022-01-07T00:44:41,5.33,5.57,5.21,762858
2022-01-07T00:49:42,5.33,5.57,5.21,762858
2022-01-07T00:54:43,5.33,5.57,5.21,762858
2022-01-07T00:59:44,5.33,5.57,5.21,762858
2022-01-07T01:04:44,5.33,5.57,5.21,762858
2022-01-07T01:09:45,5.33,5.57,5.21,762858
2022-01-07T01:14:46,5.33,5.57,5.21,762858
2022-01-07T01:19:47,5.33,5.57,5.21,762858
