Date-Time,Price,High,Low,Volume
2022-01-07T00:04:41,29.31,30.54,28.28,48723158
2022-01-07T00:09:42,29.31,30.54,28.28,48723158
2022-01-07T00:14:42,29.31,30.54,28.28,48723158
2022-01-07T00:19:43,29.31,30.54,28.28,48723158
2022-01-07T00:24:44,29.31,30.54,28.28,48723158
2022-01-07T00:29:45,29.31,30.54,28.28,48723158
2022-01-07T00:34:46,29.31,30.54,28.28,48723158
2022-01-07T00:39:47,29.31,30.54,28.28,48723158
2022-01-07T00:44:47,29.31,30.54,28.28,48723158
2022-01-07T00:49:48,29.31,30.54,28.28,48723158
2022-01-07T00:54:49,29.31,30.54,28.28,48723158
2022-01-07T00:59:50,29.31,30.54,28.28,48723158
2022-01-07T01:04:51,29.31,30.54,28.28,48723158
2022-01-07T01:09:51,29.31,30.54,28.28,48723158
2022-01-07T01:14:52,29.31,30.54,28.28,48723158
2022-01-07T01:19:53,29.31,30.54,28.28,48723158
2022-01-07T01:24:54,29.31,30.54,28.28,48723158
2022-01-07T01:29:55,29.31,30.54,28.28,48723158
2022-01-07T01:34:56,29.31,30.54,28.28,48723158
2022-01-07T01:39:57,29.31,30.54,28.28,48723158
2022-01-07T01:44:58,29.31,30.54,28.28,48723158
2022-01-07T01:49:58,29.31,30.54,28.28,48723158
2022-01-07T01:54:59,29.31,30.54,28.28,48723158
2022-01-07T02:00:00,29.31,30.54,28.28,48723158
2022-01-07T02:05:01,29.31,30.54,28.28,48723158
2022-01-07T02:10:02,29.31,30.54,28.28,48723158
2022-01-07T02:15:02,29.31,30.54,28.28,48723158
