Date-Time,Price,High,Low,Volume
2022-01-07T00:04:42,87.33,92.03,75.13,39827057
2022-01-07T00:09:43,87.33,92.03,75.13,39827057
2022-01-07T00:14:44,87.33,92.03,75.13,39827057
2022-01-07T00:19:45,87.33,92.03,75.13,39827057
2022-01-07T00:24:45,87.33,92.03,75.13,39827057
2022-01-07T00:29:46,87.33,92.03,75.13,39827057
2022-01-07T00:34:47,87.33,92.03,75.13,39827057
2022-01-07T00:39:48,87.33,92.03,75.13,39827057
2022-01-07T00:44:49,87.33,92.03,75.13,39827057
2022-01-07T00:49:49,87.33,92.03,75.13,39827057
2022-01-07T00:54:50,87.33,92.03,75.13,39827057
2022-01-07T00:59:51,87.33,92.03,75.13,39827057
2022-01-07T01:04:52,87.33,92.03,75.13,39827057
2022-01-07T01:09:53,87.33,92.03,75.13,39827057
2022-01-07T01:14:54,87.33,92.03,75.13,39827057
