Date-Time,Price,High,Low,Volume
2022-03-10T00:03:53,43.95,46.25,42.69,15784712
2022-03-10T00:08:54,43.95,46.25,42.69,15784712
2022-03-10T00:13:55,43.95,46.25,42.69,15784712
2022-03-10T00:18:56,43.95,46.25,42.69,15784712
2022-03-10T00:23:57,43.95,46.25,42.69,15784712
2022-03-10T00:28:58,43.95,46.25,42.69,15784712
2022-03-10T00:33:59,43.95,46.25,42.69,15784712
2022-03-10T00:39:00,43.95,46.25,42.69,15784712
2022-03-10T00:44:01,43.95,46.25,42.69,15784712
2022-03-10T00:49:01,43.95,46.25,42.69,15784712
2022-03-10T00:54:02,43.95,46.25,42.69,15784712
2022-03-10T00:59:03,43.95,46.25,42.69,15784712
2022-03-10T01:04:04,43.95,46.25,42.69,15784712
2022-03-10T01:09:05,43.95,46.25,42.69,15784712
2022-03-10T01:14:06,43.95,46.25,42.69,15784712
2022-03-10T01:19:07,43.95,46.25,42.69,15784712
2022-03-10T01:24:08,43.95,46.25,42.69,15784712
2022-03-10T01:29:08,43.95,46.25,42.69,15784712
2022-03-10T01:34:09,43.95,46.25,42.69,15784712
