Date-Time,Price,High,Low,Volume
2022-03-10T00:01:54,8.71,8.8938,8.0305,1747527
2022-03-10T00:06:55,8.71,8.8938,8.0305,1747527
2022-03-10T00:11:55,8.71,8.8938,8.0305,1747527
2022-03-10T00:16:56,8.71,8.8938,8.0305,1747527
2022-03-10T00:21:57,8.71,8.8938,8.0305,1747527
2022-03-10T00:26:58,8.71,8.8938,8.0305,1747527
2022-03-10T00:31:59,8.71,8.8938,8.0305,1747527
2022-03-10T00:37:00,8.71,8.8938,8.0305,1747527
2022-03-10T00:42:01,8.71,8.8938,8.0305,1747527
2022-03-10T00:47:02,8.71,8.8938,8.0305,1747527
2022-03-10T00:52:03,8.71,8.8938,8.0305,1747527
2022-03-10T00:57:04,8.71,8.8938,8.0305,1747527
2022-03-10T01:02:05,8.71,8.8938,8.0305,1747527
2022-03-10T01:07:05,8.71,8.8938,8.0305,1747527
2022-03-10T01:12:06,8.71,8.8938,8.0305,1747527
2022-03-10T01:17:07,8.71,8.8938,8.0305,1747527
2022-03-10T01:22:08,8.71,8.8938,8.0305,1747527
2022-03-10T01:27:09,8.71,8.8938,8.0305,1747527
2022-03-10T01:32:10,8.71,8.8938,8.0305,1747527
2022-03-10T01:37:11,8.71,8.8938,8.0305,1747527
