Date-Time,Price,High,Low,Volume
2022-03-11T00:01:08,838.30,854.45,810.3601,19549548
2022-03-11T00:06:09,838.30,854.45,810.3601,19549548
2022-03-11T00:11:10,838.30,854.45,810.3601,19549548
2022-03-11T00:16:11,838.30,854.45,810.3601,19549548
2022-03-11T00:21:12,838.30,854.45,810.3601,19549548
2022-03-11T00:26:13,838.30,854.45,810.3601,19549548
2022-03-11T00:31:13,838.30,854.45,810.3601,19549548
2022-03-11T00:36:14,838.30,854.45,810.3601,19549548
2022-03-11T00:41:15,838.30,854.45,810.3601,19549548
2022-03-11T00:46:16,838.30,854.45,810.3601,19549548
2022-03-11T00:51:17,838.30,854.45,810.3601,19549548
2022-03-11T00:56:18,838.30,854.45,810.3601,19549548
2022-03-11T01:01:19,838.30,854.45,810.3601,19549548
2022-03-11T01:06:19,838.30,854.45,810.3601,19549548
2022-03-11T01:11:20,838.30,854.45,810.3601,19549548
2022-03-11T01:16:21,838.30,854.45,810.3601,19549548
2022-03-11T01:21:22,838.30,854.45,810.3601,19549548
2022-03-11T01:26:23,838.30,854.45,810.3601,19549548
2022-03-11T01:31:24,838.30,854.45,810.3601,19549548
2022-03-11T01:36:25,838.30,854.45,810.3601,19549548
2022-03-11T01:41:25,838.30,854.45,810.3601,19549548
2022-03-11T01:46:26,838.30,854.45,810.3601,19549548
2022-03-11T01:51:27,838.30,854.45,810.3601,19549548
2022-03-11T01:56:28,838.30,854.45,810.3601,19549548
2022-03-11T02:01:29,838.30,854.45,810.3601,19549548
2022-03-11T02:06:30,838.30,854.45,810.3601,19549548
2022-03-11T02:11:30,838.30,854.45,810.3601,19549548
2022-03-11T02:16:31,838.30,854.45,810.3601,19549548
2022-03-11T02:21:32,838.30,854.45,810.3601,19549548
2022-03-11T02:26:33,838.30,854.45,810.3601,19549548
2022-03-11T02:31:34,838.30,854.45,810.3601,19549548
2022-03-11T02:36:34,838.30,854.45,810.3601,19549548
2022-03-11T02:41:35,838.30,854.45,810.3601,19549548
2022-03-11T02:46:36,838.30,854.45,810.3601,19549548
2022-03-11T02:51:37,838.30,854.45,810.3601,19549548
2022-03-11T02:56:38,838.30,854.45,810.3601,19549548
2022-03-11T03:01:39,838.30,854.45,810.3601,19549548
2022-03-11T03:06:40,838.30,854.45,810.3601,19549548
2022-03-11T03:11:41,838.30,854.45,810.3601,19549548
2022-03-11T03:16:41,838.30,854.45,810.3601,19549548
2022-03-11T03:21:42,838.30,854.45,810.3601,19549548
2022-03-11T03:26:43,838.30,854.45,810.3601,19549548
2022-03-11T03:31:44,838.30,854.45,810.3601,19549548
2022-03-11T03:36:45,838.30,854.45,810.3601,19549548
2022-03-11T03:41:45,838.30,854.45,810.3601,19549548
2022-03-11T03:46:46,838.30,854.45,810.3601,19549548
2022-03-11T03:51:47,838.30,854.45,810.3601,19549548
2022-03-11T03:56:48,838.30,854.45,810.3601,19549548
2022-03-11T04:01:49,838.30,854.45,810.3601,19549548
2022-03-11T04:06:50,838.30,854.45,810.3601,19549548
2022-03-11T04:11:51,838.30,854.45,810.3601,19549548
2022-03-11T04:16:51,838.30,854.45,810.3601,19549548
2022-03-11T04:21:52,838.30,854.45,810.3601,19549548
2022-03-11T04:26:53,838.30,854.45,810.3601,19549548
2022-03-11T04:31:54,838.30,854.45,810.3601,19549548
2022-03-11T04:36:55,838.30,854.45,810.3601,19549548
2022-03-11T04:41:56,838.30,854.45,810.3601,19549548
2022-03-11T04:46:57,838.30,854.45,810.3601,19549548
2022-03-11T04:51:57,838.30,854.45,810.3601,19549548
2022-03-11T04:56:58,838.30,854.45,810.3601,19549548
2022-03-11T05:01:59,838.30,854.45,810.3601,19549548
2022-03-11T05:07:00,838.30,854.45,810.3601,19549548
2022-03-11T05:12:01,838.30,854.45,810.3601,19549548
2022-03-11T05:17:02,838.30,854.45,810.3601,19549548
2022-03-11T05:22:02,838.30,854.45,810.3601,19549548
2022-03-11T05:27:03,838.30,854.45,810.3601,19549548
2022-03-11T05:32:04,838.30,854.45,810.3601,19549548
2022-03-11T05:37:05,838.30,854.45,810.3601,19549548
2022-03-11T05:42:06,838.30,854.45,810.3601,19549548
2022-03-11T05:47:07,838.30,854.45,810.3601,19549548
2022-03-11T05:52:07,838.30,854.45,810.3601,19549548
2022-03-11T05:57:08,838.30,854.45,810.3601,19549548
2022-03-11T06:02:09,838.30,854.45,810.3601,19549548
2022-03-11T06:07:10,838.30,854.45,810.3601,19549548
2022-03-11T06:12:11,838.30,854.45,810.3601,19549548
2022-03-11T06:17:11,838.30,854.45,810.3601,19549548
2022-03-11T06:22:12,838.30,854.45,810.3601,19549548
2022-03-11T06:27:13,838.30,854.45,810.3601,19549548
2022-03-11T06:32:14,838.30,854.45,810.3601,19549548
2022-03-11T06:37:15,838.30,854.45,810.3601,19549548
