Date-Time,Price,High,Low,Volume
2022-03-11T00:01:09,195.21,196.28,191.068,24852975
2022-03-11T00:06:10,195.21,196.28,191.068,24852975
2022-03-11T00:11:11,195.21,196.28,191.068,24852975
2022-03-11T00:16:11,195.21,196.28,191.068,24852975
2022-03-11T00:21:12,195.21,196.28,191.068,24852975
2022-03-11T00:26:13,195.21,196.28,191.068,24852975
2022-03-11T00:31:14,195.21,196.28,191.068,24852975
2022-03-11T00:36:15,195.21,196.28,191.068,24852975
2022-03-11T00:41:16,195.21,196.28,191.068,24852975
2022-03-11T00:46:16,195.21,196.28,191.068,24852975
2022-03-11T00:51:17,195.21,196.28,191.068,24852975
2022-03-11T00:56:18,195.21,196.28,191.068,24852975
2022-03-11T01:01:19,195.21,196.28,191.068,24852975
2022-03-11T01:06:19,195.21,196.28,191.068,24852975
2022-03-11T01:11:20,195.21,196.28,191.068,24852975
2022-03-11T01:16:21,195.21,196.28,191.068,24852975
2022-03-11T01:21:22,195.21,196.28,191.068,24852975
2022-03-11T01:26:23,195.21,196.28,191.068,24852975
2022-03-11T01:31:23,195.21,196.28,191.068,24852975
2022-03-11T01:36:24,195.21,196.28,191.068,24852975
