Date-Time,Price,High,Low,Volume
2022-02-13T00:00:07,860.00,915.96,850.70,26548623
2022-02-13T00:05:08,860.00,915.96,850.70,26548623
2022-02-13T00:10:08,860.00,915.96,850.70,26548623
2022-02-13T00:15:09,860.00,915.96,850.70,26548623
2022-02-13T00:20:10,860.00,915.96,850.70,26548623
2022-02-13T00:25:11,860.00,915.96,850.70,26548623
2022-02-13T00:30:12,860.00,915.96,850.70,26548623
2022-02-13T00:35:13,860.00,915.96,850.70,26548623
2022-02-13T00:40:14,860.00,915.96,850.70,26548623
2022-02-13T00:45:15,860.00,915.96,850.70,26548623
2022-02-13T00:50:16,860.00,915.96,850.70,26548623
2022-02-13T00:55:17,860.00,915.96,850.70,26548623
2022-02-13T01:00:18,860.00,915.96,850.70,26548623
2022-02-13T01:05:19,860.00,915.96,850.70,26548623
