Date-Time,Price,High,Low,Volume
2022-02-13T00:03:36,6.57,6.94,6.45,749065
2022-02-13T00:08:38,6.57,6.94,6.45,749065
2022-02-13T00:13:38,6.57,6.94,6.45,749065
2022-02-13T00:18:39,6.57,6.94,6.45,749065
2022-02-13T00:23:40,6.57,6.94,6.45,749065
2022-02-13T00:28:41,6.57,6.94,6.45,749065
2022-02-13T00:33:42,6.57,6.94,6.45,749065
2022-02-13T00:38:43,6.57,6.94,6.45,749065
2022-02-13T00:43:44,6.57,6.94,6.45,749065
2022-02-13T00:48:45,6.57,6.94,6.45,749065
2022-02-13T00:53:45,6.57,6.94,6.45,749065
2022-02-13T00:58:46,6.57,6.94,6.45,749065
2022-02-13T01:03:47,6.57,6.94,6.45,749065
