Date-Time,Price,High,Low,Volume
2022-02-13T00:00:26,58.85,66.3999,57.70,15293350
2022-02-13T00:05:27,58.85,66.3999,57.70,15293350
2022-02-13T00:10:28,58.85,66.3999,57.70,15293350
2022-02-13T00:15:28,58.85,66.3999,57.70,15293350
2022-02-13T00:20:29,58.85,66.3999,57.70,15293350
2022-02-13T00:25:30,58.85,66.3999,57.70,15293350
2022-02-13T00:30:31,58.85,66.3999,57.70,15293350
2022-02-13T00:35:32,58.85,66.3999,57.70,15293350
2022-02-13T00:40:33,58.85,66.3999,57.70,15293350
2022-02-13T00:45:33,58.85,66.3999,57.70,15293350
2022-02-13T00:50:34,58.85,66.3999,57.70,15293350
2022-02-13T00:55:35,58.85,66.3999,57.70,15293350
2022-02-13T01:00:36,58.85,66.3999,57.70,15293350
2022-02-13T01:05:37,58.85,66.3999,57.70,15293350
2022-02-13T01:10:37,58.85,66.3999,57.70,15293350
2022-02-13T01:15:38,58.85,66.3999,57.70,15293350
2022-02-13T01:20:39,58.85,66.3999,57.70,15293350
2022-02-13T01:25:40,58.85,66.3999,57.70,15293350
2022-02-13T01:30:41,58.85,66.3999,57.70,15293350
2022-02-13T01:35:42,58.85,66.3999,57.70,15293350
2022-02-13T01:40:42,58.85,66.3999,57.70,15293350
2022-02-13T01:45:43,58.85,66.3999,57.70,15293350
2022-02-13T01:50:44,58.85,66.3999,57.70,15293350
2022-02-13T01:55:45,58.85,66.3999,57.70,15293350
2022-02-13T02:00:46,58.85,66.3999,57.70,15293350
2022-02-13T02:05:47,58.85,66.3999,57.70,15293350
