Date-Time,Price,High,Low,Volume
2022-05-29T00:02:16,16.57,16.69,15.67,51414780
2022-05-29T00:07:17,16.57,16.69,15.67,51414780
2022-05-29T00:12:18,16.57,16.69,15.67,51414780
2022-05-29T00:17:19,16.57,16.69,15.67,51414780
2022-05-29T00:22:20,16.57,16.69,15.67,51414780
2022-05-29T00:27:20,16.57,16.69,15.67,51414780
2022-05-29T00:32:21,16.57,16.69,15.67,51414780
2022-05-29T00:37:22,16.57,16.69,15.67,51414780
2022-05-29T00:42:23,16.57,16.69,15.67,51414780
2022-05-29T00:47:24,16.57,16.69,15.67,51414780
2022-05-29T00:52:25,16.57,16.69,15.67,51414780
2022-05-29T00:57:26,16.57,16.69,15.67,51414780
2022-05-29T01:02:27,16.57,16.69,15.67,51414780
