Date-Time,Price,High,Low,Volume
2022-05-29T00:00:24,30.96,31.8214,29.58,17473183
2022-05-29T00:05:25,30.96,31.8214,29.58,17473183
2022-05-29T00:10:26,30.96,31.8214,29.58,17473183
2022-05-29T00:15:27,30.96,31.8214,29.58,17473183
2022-05-29T00:20:28,30.96,31.8214,29.58,17473183
2022-05-29T00:25:29,30.96,31.8214,29.58,17473183
2022-05-29T00:30:29,30.96,31.8214,29.58,17473183
2022-05-29T00:35:30,30.96,31.8214,29.58,17473183
2022-05-29T00:40:31,30.96,31.8214,29.58,17473183
2022-05-29T00:45:32,30.96,31.8214,29.58,17473183
2022-05-29T00:50:33,30.96,31.8214,29.58,17473183
2022-05-29T00:55:34,30.96,31.8214,29.58,17473183
2022-05-29T01:00:35,30.96,31.8214,29.58,17473183
2022-05-29T01:05:36,30.96,31.8214,29.58,17473183
2022-05-29T01:10:36,30.96,31.8214,29.58,17473183
2022-05-29T01:15:37,30.96,31.8214,29.58,17473183
2022-05-29T01:20:38,30.96,31.8214,29.58,17473183
2022-05-29T01:25:39,30.96,31.8214,29.58,17473183
2022-05-29T01:30:40,30.96,31.8214,29.58,17473183
2022-05-29T01:35:41,30.96,31.8214,29.58,17473183
2022-05-29T01:40:41,30.96,31.8214,29.58,17473183
2022-05-29T01:45:42,30.96,31.8214,29.58,17473183
2022-05-29T01:50:43,30.96,31.8214,29.58,17473183
2022-05-29T01:55:44,30.96,31.8214,29.58,17473183
2022-05-29T02:00:45,30.96,31.8214,29.58,17473183
