Date-Time,Price,High,Low,Volume
2022-05-29T00:02:16,759.63,759.80,720.5311,29764994
2022-05-29T00:07:17,759.63,759.80,720.5311,29764994
2022-05-29T00:12:18,759.63,759.80,720.5311,29764994
2022-05-29T00:17:19,759.63,759.80,720.5311,29764994
2022-05-29T00:22:19,759.63,759.80,720.5311,29764994
2022-05-29T00:27:20,759.63,759.80,720.5311,29764994
2022-05-29T00:32:21,759.63,759.80,720.5311,29764994
2022-05-29T00:37:22,759.63,759.80,720.5311,29764994
2022-05-29T00:42:23,759.63,759.80,720.5311,29764994
2022-05-29T00:47:24,759.63,759.80,720.5311,29764994
2022-05-29T00:52:25,759.63,759.80,720.5311,29764994
2022-05-29T00:57:26,759.63,759.80,720.5311,29764994
2022-05-29T01:02:26,759.63,759.80,720.5311,29764994
