Date-Time,Price,High,Low,Volume
2022-05-29T00:02:16,195.13,195.3329,189.80,22562727
2022-05-29T00:07:17,195.13,195.3329,189.80,22562727
2022-05-29T00:12:18,195.13,195.3329,189.80,22562727
2022-05-29T00:17:19,195.13,195.3329,189.80,22562727
2022-05-29T00:22:19,195.13,195.3329,189.80,22562727
2022-05-29T00:27:20,195.13,195.3329,189.80,22562727
2022-05-29T00:32:21,195.13,195.3329,189.80,22562727
2022-05-29T00:37:22,195.13,195.3329,189.80,22562727
2022-05-29T00:42:23,195.13,195.3329,189.80,22562727
2022-05-29T00:47:24,195.13,195.3329,189.80,22562727
2022-05-29T00:52:25,195.13,195.3329,189.80,22562727
2022-05-29T00:57:26,195.13,195.3329,189.80,22562727
2022-05-29T01:02:26,195.13,195.3329,189.80,22562727
2022-05-29T01:07:27,195.13,195.3329,189.80,22562727
2022-05-29T01:12:28,195.13,195.3329,189.80,22562727
2022-05-29T01:17:29,195.13,195.3329,189.80,22562727
2022-05-29T01:22:30,195.13,195.3329,189.80,22562727
2022-05-29T01:27:31,195.13,195.3329,189.80,22562727
2022-05-29T01:32:32,195.13,195.3329,189.80,22562727
2022-05-29T01:37:33,195.13,195.3329,189.80,22562727
2022-05-29T01:42:34,195.13,195.3329,189.80,22562727
2022-05-29T01:47:34,195.13,195.3329,189.80,22562727
2022-05-29T01:52:35,195.13,195.3329,189.80,22562727
2022-05-29T01:57:36,195.13,195.3329,189.80,22562727
2022-05-29T02:02:37,195.13,195.3329,189.80,22562727
