Date-Time,Price,High,Low,Volume
2022-01-16T00:03:27,30.95,31.32,30.08,34862552
2022-01-16T00:08:27,30.95,31.32,30.08,34862552
2022-01-16T00:13:28,30.95,31.32,30.08,34862552
2022-01-16T00:18:29,30.95,31.32,30.08,34862552
2022-01-16T00:23:30,30.95,31.32,30.08,34862552
2022-01-16T00:28:31,30.95,31.32,30.08,34862552
2022-01-16T00:33:32,30.95,31.32,30.08,34862552
2022-01-16T00:38:32,30.95,31.32,30.08,34862552
2022-01-16T00:43:33,30.95,31.32,30.08,34862552
2022-01-16T00:48:34,30.95,31.32,30.08,34862552
2022-01-16T00:53:35,30.95,31.32,30.08,34862552
2022-01-16T00:58:36,30.95,31.32,30.08,34862552
2022-01-16T01:03:37,30.95,31.32,30.08,34862552
2022-01-16T01:08:37,30.95,31.32,30.08,34862552
2022-01-16T01:13:38,30.95,31.32,30.08,34862552
2022-01-16T01:18:39,30.95,31.32,30.08,34862552
2022-01-16T01:23:40,30.95,31.32,30.08,34862552
2022-01-16T01:28:40,30.95,31.32,30.08,34862552
2022-01-16T01:33:42,30.95,31.32,30.08,34862552
2022-01-16T01:38:43,30.95,31.32,30.08,34862552
2022-01-16T01:43:44,30.95,31.32,30.08,34862552
2022-01-16T01:48:44,30.95,31.32,30.08,34862552
2022-01-16T01:53:45,30.95,31.32,30.08,34862552
2022-01-16T01:58:46,30.95,31.32,30.08,34862552
2022-01-16T02:03:47,30.95,31.32,30.08,34862552
2022-01-16T02:08:47,30.95,31.32,30.08,34862552
2022-01-16T02:13:48,30.95,31.32,30.08,34862552
2022-01-16T02:18:49,30.95,31.32,30.08,34862552
2022-01-16T02:23:50,30.95,31.32,30.08,34862552
2022-01-16T02:28:51,30.95,31.32,30.08,34862552
