Date-Time,Price,High,Low,Volume
2022-01-16T00:04:22,79.95,81.69,77.01,15837984
2022-01-16T00:09:23,79.95,81.69,77.01,15837984
2022-01-16T00:14:24,79.95,81.69,77.01,15837984
2022-01-16T00:19:24,79.95,81.69,77.01,15837984
2022-01-16T00:24:25,79.95,81.69,77.01,15837984
2022-01-16T00:29:26,79.95,81.69,77.01,15837984
2022-01-16T00:34:27,79.95,81.69,77.01,15837984
2022-01-16T00:39:28,79.95,81.69,77.01,15837984
2022-01-16T00:44:28,79.95,81.69,77.01,15837984
2022-01-16T00:49:29,79.95,81.69,77.01,15837984
2022-01-16T00:54:30,79.95,81.69,77.01,15837984
2022-01-16T00:59:31,79.95,81.69,77.01,15837984
2022-01-16T01:04:32,79.95,81.69,77.01,15837984
2022-01-16T01:09:33,79.95,81.69,77.01,15837984
2022-01-16T01:14:34,79.95,81.69,77.01,15837984
2022-01-16T01:19:35,79.95,81.69,77.01,15837984
2022-01-16T01:24:35,79.95,81.69,77.01,15837984
2022-01-16T01:29:36,79.95,81.69,77.01,15837984
