Date-Time,Price,High,Low,Volume
2022-03-16T00:04:59,37.00,37.32,33.46,19671319
2022-03-16T00:10:00,37.00,37.32,33.46,19671319
2022-03-16T00:15:01,37.00,37.32,33.46,19671319
2022-03-16T00:20:02,37.00,37.32,33.46,19671319
2022-03-16T00:25:03,37.00,37.32,33.46,19671319
2022-03-16T00:30:04,37.00,37.32,33.46,19671319
2022-03-16T00:35:05,37.00,37.32,33.46,19671319
2022-03-16T00:40:06,37.00,37.32,33.46,19671319
2022-03-16T00:45:07,37.00,37.32,33.46,19671319
2022-03-16T00:50:08,37.00,37.32,33.46,19671319
2022-03-16T00:55:09,37.00,37.32,33.46,19671319
2022-03-16T01:00:09,37.00,37.32,33.46,19671319
2022-03-16T01:05:10,37.00,37.32,33.46,19671319
2022-03-16T01:10:11,37.00,37.32,33.46,19671319
2022-03-16T01:15:12,37.00,37.32,33.46,19671319
2022-03-16T01:20:13,37.00,37.32,33.46,19671319
2022-03-16T01:25:15,37.00,37.32,33.46,19671319
2022-03-16T01:30:15,37.00,37.32,33.46,19671319
2022-03-16T01:35:16,37.00,37.32,33.46,19671319
2022-03-16T01:40:17,37.00,37.32,33.46,19671319
2022-03-16T01:45:18,37.00,37.32,33.46,19671319
2022-03-16T01:50:19,37.00,37.32,33.46,19671319
2022-03-16T01:55:20,37.00,37.32,33.46,19671319
2022-03-16T02:00:21,37.00,37.32,33.46,19671319
2022-03-16T02:05:22,37.00,37.32,33.46,19671319
2022-03-16T02:10:23,37.00,37.32,33.46,19671319
2022-03-16T02:15:24,37.00,37.32,33.46,19671319
2022-03-16T02:20:25,37.00,37.32,33.46,19671319
2022-03-16T02:25:26,37.00,37.32,33.46,19671319
2022-03-16T02:30:27,37.00,37.32,33.46,19671319
2022-03-16T02:35:27,37.00,37.32,33.46,19671319
2022-03-16T02:40:28,37.00,37.32,33.46,19671319
2022-03-16T02:45:29,37.00,37.32,33.46,19671319
2022-03-16T02:50:30,37.00,37.32,33.46,19671319
2022-03-16T02:55:36,37.00,37.32,33.46,19671319
2022-03-16T03:00:37,37.00,37.32,33.46,19671319
2022-03-16T03:05:38,37.00,37.32,33.46,19671319
2022-03-16T03:10:39,37.00,37.32,33.46,19671319
2022-03-16T03:15:40,37.00,37.32,33.46,19671319
2022-03-16T03:20:41,37.00,37.32,33.46,19671319
2022-03-16T03:25:41,37.00,37.32,33.46,19671319
2022-03-16T03:30:43,37.00,37.32,33.46,19671319
2022-03-16T03:35:43,37.00,37.32,33.46,19671319
2022-03-16T03:40:44,37.00,37.32,33.46,19671319
2022-03-16T03:45:45,37.00,37.32,33.46,19671319
2022-03-16T03:50:46,37.00,37.32,33.46,19671319
2022-03-16T03:55:48,37.00,37.32,33.46,19671319
2022-03-16T04:00:49,37.00,37.32,33.46,19671319
2022-03-16T04:05:50,37.00,37.32,33.46,19671319
2022-03-16T04:10:51,37.00,37.32,33.46,19671319
2022-03-16T04:15:52,37.00,37.32,33.46,19671319
2022-03-16T04:20:53,37.00,37.32,33.46,19671319
2022-03-16T04:25:53,37.00,37.32,33.46,19671319
2022-03-16T04:30:54,37.00,37.32,33.46,19671319
2022-03-16T04:35:56,37.00,37.32,33.46,19671319
2022-03-16T04:40:56,37.00,37.32,33.46,19671319
2022-03-16T04:46:02,37.00,37.32,33.46,19671319
2022-03-16T04:51:03,37.00,37.32,33.46,19671319
2022-03-16T04:56:04,37.00,37.32,33.46,19671319
2022-03-16T05:01:10,37.00,37.32,33.46,19671319
2022-03-16T05:06:11,37.00,37.32,33.46,19671319
2022-03-16T05:11:12,37.00,37.32,33.46,19671319
2022-03-16T05:16:13,37.00,37.32,33.46,19671319
2022-03-16T05:21:14,37.00,37.32,33.46,19671319
2022-03-16T05:26:21,37.00,37.32,33.46,19671319
2022-03-16T05:31:22,37.00,37.32,33.46,19671319
2022-03-16T05:36:23,37.00,37.32,33.46,19671319
2022-03-16T05:41:24,37.00,37.32,33.46,19671319
