Date-Time,Price,High,Low,Volume
2022-03-16T00:01:59,801.89,805.57,756.57,22280381
2022-03-16T00:07:00,801.89,805.57,756.57,22280381
2022-03-16T00:12:01,801.89,805.57,756.57,22280381
2022-03-16T00:17:01,801.89,805.57,756.57,22280381
2022-03-16T00:22:02,801.89,805.57,756.57,22280381
2022-03-16T00:27:03,801.89,805.57,756.57,22280381
2022-03-16T00:32:04,801.89,805.57,756.57,22280381
2022-03-16T00:37:05,801.89,805.57,756.57,22280381
2022-03-16T00:42:06,801.89,805.57,756.57,22280381
2022-03-16T00:47:07,801.89,805.57,756.57,22280381
2022-03-16T00:52:08,801.89,805.57,756.57,22280381
2022-03-16T00:57:09,801.89,805.57,756.57,22280381
2022-03-16T01:02:10,801.89,805.57,756.57,22280381
2022-03-16T01:07:11,801.89,805.57,756.57,22280381
2022-03-16T01:12:12,801.89,805.57,756.57,22280381
2022-03-16T01:17:13,801.89,805.57,756.57,22280381
2022-03-16T01:22:14,801.89,805.57,756.57,22280381
2022-03-16T01:27:15,801.89,805.57,756.57,22280381
2022-03-16T01:32:16,801.89,805.57,756.57,22280381
2022-03-16T01:37:17,801.89,805.57,756.57,22280381
2022-03-16T01:42:18,801.89,805.57,756.57,22280381
