Date-Time,Price,High,Low,Volume
2022-03-16T00:01:59,7.65,7.88,7.40,989040
2022-03-16T00:07:00,7.65,7.88,7.40,989040
2022-03-16T00:12:01,7.65,7.88,7.40,989040
2022-03-16T00:17:02,7.65,7.88,7.40,989040
2022-03-16T00:22:02,7.65,7.88,7.40,989040
2022-03-16T00:27:03,7.65,7.88,7.40,989040
2022-03-16T00:32:05,7.65,7.88,7.40,989040
2022-03-16T00:37:05,7.65,7.88,7.40,989040
2022-03-16T00:42:06,7.65,7.88,7.40,989040
2022-03-16T00:47:07,7.65,7.88,7.40,989040
2022-03-16T00:52:08,7.65,7.88,7.40,989040
2022-03-16T00:57:09,7.65,7.88,7.40,989040
2022-03-16T01:02:10,7.65,7.88,7.40,989040
2022-03-16T01:07:11,7.65,7.88,7.40,989040
2022-03-16T01:12:12,7.65,7.88,7.40,989040
2022-03-16T01:17:13,7.65,7.88,7.40,989040
2022-03-16T01:22:14,7.65,7.88,7.40,989040
2022-03-16T01:27:15,7.65,7.88,7.40,989040
2022-03-16T01:32:16,7.65,7.88,7.40,989040
2022-03-16T01:37:17,7.65,7.88,7.40,989040
2022-03-16T01:42:18,7.65,7.88,7.40,989040
2022-03-16T01:47:19,7.65,7.88,7.40,989040
2022-03-16T01:52:20,7.65,7.88,7.40,989040
2022-03-16T01:57:21,7.65,7.88,7.40,989040
2022-03-16T02:02:22,7.65,7.88,7.40,989040
2022-03-16T02:07:23,7.65,7.88,7.40,989040
2022-03-16T02:12:23,7.65,7.88,7.40,989040
2022-03-16T02:17:24,7.65,7.88,7.40,989040
2022-03-16T02:22:25,7.65,7.88,7.40,989040
2022-03-16T02:27:26,7.65,7.88,7.40,989040
2022-03-16T02:32:27,7.65,7.88,7.40,989040
2022-03-16T02:37:28,7.65,7.88,7.40,989040
2022-03-16T02:42:29,7.65,7.88,7.40,989040
