Date-Time,Price,High,Low,Volume
2021-12-11T00:02:54,1017.03,1020.9797,982.53,19888122
2021-12-11T00:07:55,1017.03,1020.9797,982.53,19888122
2021-12-11T00:12:56,1017.03,1020.9797,982.53,19888122
2021-12-11T00:17:57,1017.03,1020.9797,982.53,19888122
2021-12-11T00:22:58,1017.03,1020.9797,982.53,19888122
2021-12-11T00:27:58,1017.03,1020.9797,982.53,19888122
2021-12-11T00:32:59,1017.03,1020.9797,982.53,19888122
2021-12-11T00:38:00,1017.03,1020.9797,982.53,19888122
2021-12-11T00:43:01,1017.03,1020.9797,982.53,19888122
