Date-Time,Price,High,Low,Volume
2021-12-11T00:02:19,114.66,118.01,110.801,8387504
2021-12-11T00:07:20,114.66,118.01,110.801,8387504
2021-12-11T00:12:21,114.66,118.01,110.801,8387504
2021-12-11T00:17:22,114.66,118.01,110.801,8387504
2021-12-11T00:22:23,114.66,118.01,110.801,8387504
2021-12-11T00:27:25,114.66,118.01,110.801,8387504
2021-12-11T00:32:29,114.66,118.01,110.801,8387504
2021-12-11T00:37:30,114.66,118.01,110.801,8387504
2021-12-11T00:42:31,114.66,118.01,110.801,8387504
2021-12-11T00:47:32,114.66,118.01,110.801,8387504
2021-12-11T00:52:32,114.66,118.01,110.801,8387504
2021-12-11T00:57:34,114.66,118.01,110.801,8387504
2021-12-11T01:02:35,114.66,118.01,110.801,8387504
2021-12-11T01:07:35,114.66,118.01,110.801,8387504
2021-12-11T01:12:36,114.66,118.01,110.801,8387504
2021-12-11T01:17:37,114.66,118.01,110.801,8387504
2021-12-11T01:22:38,114.66,118.01,110.801,8387504
2021-12-11T01:27:39,114.66,118.01,110.801,8387504
2021-12-11T01:32:39,114.66,118.01,110.801,8387504
2021-12-11T01:37:40,114.66,118.01,110.801,8387504
2021-12-11T01:42:41,114.66,118.01,110.801,8387504
