Date-Time,Price,High,Low,Volume
2021-12-11T00:02:34,329.75,335.03,326.37,14527969
2021-12-11T00:07:35,329.75,335.03,326.37,14527969
2021-12-11T00:12:36,329.75,335.03,326.37,14527969
2021-12-11T00:17:37,329.75,335.03,326.37,14527969
2021-12-11T00:22:38,329.75,335.03,326.37,14527969
2021-12-11T00:27:39,329.75,335.03,326.37,14527969
2021-12-11T00:32:39,329.75,335.03,326.37,14527969
2021-12-11T00:37:40,329.75,335.03,326.37,14527969
2021-12-11T00:42:41,329.75,335.03,326.37,14527969
2021-12-11T00:47:42,329.75,335.03,326.37,14527969
2021-12-11T00:52:43,329.75,335.03,326.37,14527969
2021-12-11T00:57:43,329.75,335.03,326.37,14527969
2021-12-11T01:02:44,329.75,335.03,326.37,14527969
2021-12-11T01:07:45,329.75,335.03,326.37,14527969
2021-12-11T01:12:46,329.75,335.03,326.37,14527969
2021-12-11T01:17:47,329.75,335.03,326.37,14527969
2021-12-11T01:22:47,329.75,335.03,326.37,14527969
2021-12-11T01:27:48,329.75,335.03,326.37,14527969
2021-12-11T01:32:49,329.75,335.03,326.37,14527969
2021-12-11T01:37:50,329.75,335.03,326.37,14527969
2021-12-11T01:42:50,329.75,335.03,326.37,14527969
