Date-Time,Price,High,Low,Volume
2021-11-16T00:03:13,149.36,152.53,127.51,64982343
2021-11-16T00:08:14,149.36,152.53,127.51,64982343
2021-11-16T00:13:15,149.36,152.53,127.51,64982343
2021-11-16T00:18:15,149.36,152.53,127.51,64982343
2021-11-16T00:23:16,149.36,152.53,127.51,64982343
2021-11-16T00:28:17,149.36,152.53,127.51,64982343
2021-11-16T00:33:18,149.36,152.53,127.51,64982343
2021-11-16T00:38:18,149.36,152.53,127.51,64982343
2021-11-16T00:43:19,149.36,152.53,127.51,64982343
2021-11-16T00:48:20,149.36,152.53,127.51,64982343
2021-11-16T00:53:21,149.36,152.53,127.51,64982343
2021-11-16T00:58:22,149.36,152.53,127.51,64982343
2021-11-16T01:03:22,149.36,152.53,127.51,64982343
2021-11-16T01:08:23,149.36,152.53,127.51,64982343
2021-11-16T01:13:24,149.36,152.53,127.51,64982343
2021-11-16T01:18:25,149.36,152.53,127.51,64982343
2021-11-16T01:23:25,149.36,152.53,127.51,64982343
2021-11-16T01:28:26,149.36,152.53,127.51,64982343
2021-11-16T01:33:27,149.36,152.53,127.51,64982343
2021-11-16T01:38:28,149.36,152.53,127.51,64982343
2021-11-16T01:43:28,149.36,152.53,127.51,64982343
2021-11-16T01:48:29,149.36,152.53,127.51,64982343
2021-11-16T01:53:30,149.36,152.53,127.51,64982343
2021-11-16T01:58:30,149.36,152.53,127.51,64982343
2021-11-16T02:03:31,149.36,152.53,127.51,64982343
2021-11-16T02:08:32,149.36,152.53,127.51,64982343
2021-11-16T02:13:33,149.36,152.53,127.51,64982343
2021-11-16T02:18:34,149.36,152.53,127.51,64982343
2021-11-16T02:23:34,149.36,152.53,127.51,64982343
2021-11-16T02:28:35,149.36,152.53,127.51,64982343
2021-11-16T02:33:36,149.36,152.53,127.51,64982343
2021-11-16T02:38:37,149.36,152.53,127.51,64982343
2021-11-16T02:43:38,149.36,152.53,127.51,64982343
2021-11-16T02:48:38,149.36,152.53,127.51,64982343
2021-11-16T02:53:39,149.36,152.53,127.51,64982343
2021-11-16T02:58:40,149.36,152.53,127.51,64982343
2021-11-16T03:03:40,149.36,152.53,127.51,64982343
2021-11-16T03:08:41,149.36,152.53,127.51,64982343
2021-11-16T03:13:42,149.36,152.53,127.51,64982343
2021-11-16T03:18:43,149.36,152.53,127.51,64982343
2021-11-16T03:23:44,149.36,152.53,127.51,64982343
2021-11-16T03:28:44,149.36,152.53,127.51,64982343
2021-11-16T03:33:45,149.36,152.53,127.51,64982343
2021-11-16T03:38:46,149.36,152.53,127.51,64982343
2021-11-16T03:43:47,149.36,152.53,127.51,64982343
2021-11-16T03:48:48,149.36,152.53,127.51,64982343
2021-11-16T03:53:49,149.36,152.53,127.51,64982343
2021-11-16T03:58:49,149.36,152.53,127.51,64982343
2021-11-16T04:03:50,149.36,152.53,127.51,64982343
2021-11-16T04:08:51,149.36,152.53,127.51,64982343
2021-11-16T04:13:52,149.36,152.53,127.51,64982343
2021-11-16T04:18:52,149.36,152.53,127.51,64982343
2021-11-16T04:23:53,149.36,152.53,127.51,64982343
2021-11-16T04:28:54,149.36,152.53,127.51,64982343
2021-11-16T04:33:55,149.36,152.53,127.51,64982343
2021-11-16T04:38:56,149.36,152.53,127.51,64982343
2021-11-16T04:43:56,149.36,152.53,127.51,64982343
2021-11-16T04:48:57,149.36,152.53,127.51,64982343
2021-11-16T04:53:58,149.36,152.53,127.51,64982343
2021-11-16T04:58:59,149.36,152.53,127.51,64982343
2021-11-16T05:04:00,149.36,152.53,127.51,64982343
2021-11-16T05:09:01,149.36,152.53,127.51,64982343
2021-11-16T05:14:01,149.36,152.53,127.51,64982343
2021-11-16T05:19:02,149.36,152.53,127.51,64982343
2021-11-16T05:24:03,149.36,152.53,127.51,64982343
2021-11-16T05:29:04,149.36,152.53,127.51,64982343
2021-11-16T05:34:05,149.36,152.53,127.51,64982343
2021-11-16T05:39:06,149.36,152.53,127.51,64982343
2021-11-16T05:44:07,149.36,152.53,127.51,64982343
2021-11-16T05:49:07,149.36,152.53,127.51,64982343
2021-11-16T05:54:08,149.36,152.53,127.51,64982343
2021-11-16T05:59:09,149.36,152.53,127.51,64982343
2021-11-16T06:04:10,149.36,152.53,127.51,64982343
2021-11-16T06:09:11,149.36,152.53,127.51,64982343
2021-11-16T06:14:12,149.36,152.53,127.51,64982343
2021-11-16T06:19:12,149.36,152.53,127.51,64982343
2021-11-16T06:24:13,149.36,152.53,127.51,64982343
2021-11-16T06:29:14,149.36,152.53,127.51,64982343
2021-11-16T06:34:14,149.36,152.53,127.51,5004737
2021-11-16T06:39:15,149.36,152.53,127.51,5313476
2021-11-16T06:44:16,149.36,152.53,127.51,5630264
2021-11-16T06:49:17,161.88,167.51,157.52,10934235
2021-11-16T06:54:18,159.965,167.51,156.57,14141707
2021-11-16T06:59:18,163.73,169.70,156.57,17781041
2021-11-16T07:04:19,158.8699,169.70,156.57,20506825
2021-11-16T07:09:20,155.88,169.70,155.50,23068120
2021-11-16T07:14:21,158.97,169.70,153.78,25551118
2021-11-16T07:19:21,158.9999,169.70,153.78,27308970
2021-11-16T07:24:22,159.38,169.70,153.78,29043282
2021-11-16T07:29:23,159.93,169.70,153.78,29923469
2021-11-16T07:34:24,158.51,169.70,153.78,30930441
2021-11-16T07:39:24,157.8942,169.70,153.78,31793823
2021-11-16T07:44:25,155.88,169.70,153.78,32684073
2021-11-16T07:49:26,158.80,169.70,153.78,33728998
2021-11-16T07:54:27,163.09,169.70,153.78,35096037
2021-11-16T07:59:28,161.72,169.70,153.78,36597092
2021-11-16T08:04:28,159.6241,169.70,153.78,37488534
2021-11-16T08:09:29,158.59,169.70,153.78,38337823
2021-11-16T08:14:30,160.6638,169.70,153.78,39042305
2021-11-16T08:19:31,159.46,169.70,153.78,39775049
2021-11-16T08:24:32,158.39,169.70,153.78,40299898
2021-11-16T08:29:33,157.86,169.70,153.78,41080444
2021-11-16T08:34:33,159.1264,169.70,153.78,41715356
2021-11-16T08:39:34,159.355,169.70,153.78,42489660
2021-11-16T08:44:35,160.1899,169.70,153.78,42871965
2021-11-16T08:49:36,159.5418,169.70,153.78,43253986
2021-11-16T08:54:36,158.4599,169.70,153.78,43978510
2021-11-16T08:59:37,160.06,169.70,153.78,44503760
2021-11-16T09:04:38,158.6717,169.70,153.78,45208394
2021-11-16T09:09:39,162.5772,169.70,153.78,46134442
2021-11-16T09:14:40,159.69,169.70,153.78,47077141
2021-11-16T09:19:40,159.90,169.70,153.78,47669069
2021-11-16T09:24:41,160.6899,169.70,153.78,48164987
2021-11-16T09:29:42,161.99,169.70,153.78,48964988
2021-11-16T09:34:43,161.979,169.70,153.78,49613484
2021-11-16T09:39:44,162.20,169.70,153.78,50024148
2021-11-16T09:44:44,161.50,169.70,153.78,50649556
2021-11-16T09:49:45,162.70,169.70,153.78,50962674
2021-11-16T09:54:46,164.00,169.70,153.78,51755809
2021-11-16T09:59:47,164.755,169.70,153.78,52616997
2021-11-16T10:04:48,163.9001,169.70,153.78,53068107
2021-11-16T10:09:48,163.90,169.70,153.78,53550310
2021-11-16T10:14:49,164.3899,169.70,153.78,53928295
2021-11-16T10:19:53,164.65,169.70,153.78,54962108
2021-11-16T10:24:54,165.94,169.70,153.78,55571343
2021-11-16T10:29:54,163.71,169.70,153.78,56200656
