Date-Time,Price,High,Low,Volume
2021-11-16T00:03:10,347.56,353.65,343.20,25076603
2021-11-16T00:08:13,347.56,353.65,343.20,25076603
2021-11-16T00:13:14,347.56,353.65,343.20,25076603
2021-11-16T00:18:15,347.56,353.65,343.20,25076603
2021-11-16T00:23:15,347.56,353.65,343.20,25076603
2021-11-16T00:28:16,347.56,353.65,343.20,25076603
2021-11-16T00:33:17,347.56,353.65,343.20,25076603
2021-11-16T00:38:18,347.56,353.65,343.20,25076603
2021-11-16T00:43:19,347.56,353.65,343.20,25076603
2021-11-16T00:48:20,347.56,353.65,343.20,25076603
2021-11-16T00:53:20,347.56,353.65,343.20,25076603
2021-11-16T00:58:21,347.56,353.65,343.20,25076603
2021-11-16T01:03:22,347.56,353.65,343.20,25076603
2021-11-16T01:08:23,347.56,353.65,343.20,25076603
2021-11-16T01:13:23,347.56,353.65,343.20,25076603
2021-11-16T01:18:24,347.56,353.65,343.20,25076603
2021-11-16T01:23:25,347.56,353.65,343.20,25076603
2021-11-16T01:28:26,347.56,353.65,343.20,25076603
2021-11-16T01:33:27,347.56,353.65,343.20,25076603
