Date-Time,Price,High,Low,Volume
2021-11-16T00:03:22,40.57,42.69,40.02,47571747
2021-11-16T00:08:23,40.57,42.69,40.02,47571747
2021-11-16T00:13:23,40.57,42.69,40.02,47571747
2021-11-16T00:18:24,40.57,42.69,40.02,47571747
2021-11-16T00:23:25,40.57,42.69,40.02,47571747
2021-11-16T00:28:26,40.57,42.69,40.02,47571747
2021-11-16T00:33:26,40.57,42.69,40.02,47571747
2021-11-16T00:38:27,40.57,42.69,40.02,47571747
2021-11-16T00:43:28,40.57,42.69,40.02,47571747
2021-11-16T00:48:29,40.57,42.69,40.02,47571747
2021-11-16T00:53:30,40.57,42.69,40.02,47571747
2021-11-16T00:58:30,40.57,42.69,40.02,47571747
2021-11-16T01:03:31,40.57,42.69,40.02,47571747
2021-11-16T01:08:32,40.57,42.69,40.02,47571747
2021-11-16T01:13:33,40.57,42.69,40.02,47571747
2021-11-16T01:18:33,40.57,42.69,40.02,47571747
2021-11-16T01:23:34,40.57,42.69,40.02,47571747
2021-11-16T01:28:35,40.57,42.69,40.02,47571747
2021-11-16T01:33:36,40.57,42.69,40.02,47571747
2021-11-16T01:38:36,40.57,42.69,40.02,47571747
2021-11-16T01:43:37,40.57,42.69,40.02,47571747
2021-11-16T01:48:38,40.57,42.69,40.02,47571747
2021-11-16T01:53:39,40.57,42.69,40.02,47571747
2021-11-16T01:58:39,40.57,42.69,40.02,47571747
2021-11-16T02:03:40,40.57,42.69,40.02,47571747
2021-11-16T02:08:41,40.57,42.69,40.02,47571747
2021-11-16T02:13:42,40.57,42.69,40.02,47571747
2021-11-16T02:18:43,40.57,42.69,40.02,47571747
2021-11-16T02:23:44,40.57,42.69,40.02,47571747
2021-11-16T02:28:44,40.57,42.69,40.02,47571747
2021-11-16T02:33:45,40.57,42.69,40.02,47571747
2021-11-16T02:38:46,40.57,42.69,40.02,47571747
2021-11-16T02:43:47,40.57,42.69,40.02,47571747
2021-11-16T02:48:48,40.57,42.69,40.02,47571747
2021-11-16T02:53:49,40.57,42.69,40.02,47571747
2021-11-16T02:58:50,40.57,42.69,40.02,47571747
2021-11-16T03:03:51,40.57,42.69,40.02,47571747
2021-11-16T03:08:51,40.57,42.69,40.02,47571747
2021-11-16T03:13:52,40.57,42.69,40.02,47571747
2021-11-16T03:18:53,40.57,42.69,40.02,47571747
2021-11-16T03:23:54,40.57,42.69,40.02,47571747
2021-11-16T03:28:54,40.57,42.69,40.02,47571747
2021-11-16T03:33:55,40.57,42.69,40.02,47571747
2021-11-16T03:38:56,40.57,42.69,40.02,47571747
2021-11-16T03:43:57,40.57,42.69,40.02,47571747
2021-11-16T03:48:58,40.57,42.69,40.02,47571747
2021-11-16T03:53:58,40.57,42.69,40.02,47571747
2021-11-16T03:58:59,40.57,42.69,40.02,47571747
2021-11-16T04:04:00,40.57,42.69,40.02,47571747
2021-11-16T04:09:01,40.57,42.69,40.02,47571747
2021-11-16T04:14:01,40.57,42.69,40.02,47571747
2021-11-16T04:19:02,40.57,42.69,40.02,47571747
2021-11-16T04:24:03,40.57,42.69,40.02,47571747
2021-11-16T04:29:04,40.57,42.69,40.02,47571747
2021-11-16T04:34:05,40.57,42.69,40.02,47571747
2021-11-16T04:39:05,40.57,42.69,40.02,47571747
2021-11-16T04:44:06,40.57,42.69,40.02,47571747
2021-11-16T04:49:07,40.57,42.69,40.02,47571747
2021-11-16T04:54:08,40.57,42.69,40.02,47571747
2021-11-16T04:59:08,40.57,42.69,40.02,47571747
2021-11-16T05:04:09,40.57,42.69,40.02,47571747
2021-11-16T05:09:10,40.57,42.69,40.02,47571747
2021-11-16T05:14:11,40.57,42.69,40.02,47571747
2021-11-16T05:19:12,40.57,42.69,40.02,47571747
2021-11-16T05:24:12,40.57,42.69,40.02,47571747
2021-11-16T05:29:13,40.57,42.69,40.02,47571747
2021-11-16T05:34:14,40.57,42.69,40.02,47571747
2021-11-16T05:39:15,40.57,42.69,40.02,47571747
2021-11-16T05:44:15,40.57,42.69,40.02,47571747
2021-11-16T05:49:16,40.57,42.69,40.02,47571747
2021-11-16T05:54:17,40.57,42.69,40.02,47571747
2021-11-16T05:59:18,40.57,42.69,40.02,47571747
2021-11-16T06:04:19,40.57,42.69,40.02,47571747
2021-11-16T06:09:20,40.57,42.69,40.02,47571747
2021-11-16T06:14:20,40.57,42.69,40.02,47571747
2021-11-16T06:19:21,40.57,42.69,40.02,47571747
2021-11-16T06:24:22,40.57,42.69,40.02,47571747
2021-11-16T06:29:23,40.57,42.69,40.02,47571747
2021-11-16T06:34:23,40.57,42.69,40.02,545662
2021-11-16T06:39:24,40.57,42.69,40.02,553905
2021-11-16T06:44:25,40.57,42.69,40.02,585164
2021-11-16T06:49:26,41.22,41.30,40.65,2496894
2021-11-16T06:54:27,41.165,41.30,40.65,3670936
2021-11-16T06:59:27,40.475,41.30,40.35,5421102
2021-11-16T07:04:28,40.25,41.30,40.21,6490158
2021-11-16T07:09:29,40.195,41.30,40.03,7879734
2021-11-16T07:14:30,40.145,41.30,40.03,8830997
2021-11-16T07:19:31,40.3021,41.30,40.03,9444119
2021-11-16T07:24:32,40.10,41.30,40.03,10083713
2021-11-16T07:29:33,40.06,41.30,40.02,10766062
2021-11-16T07:34:33,40.19,41.30,40.02,11378707
2021-11-16T07:39:34,40.20,41.30,40.02,11817365
2021-11-16T07:44:35,40.32,41.30,40.02,12308587
2021-11-16T07:49:35,40.483,41.30,40.02,12789611
2021-11-16T07:54:36,40.69,41.30,40.02,13528549
2021-11-16T07:59:37,40.59,41.30,40.02,14196463
2021-11-16T08:04:38,40.3412,41.30,40.02,14731337
2021-11-16T08:09:38,40.36,41.30,40.02,15050979
2021-11-16T08:14:39,40.337,41.30,40.02,15421143
2021-11-16T08:19:40,40.3184,41.30,40.02,15868166
2021-11-16T08:24:41,40.22,41.30,40.02,16175087
