Date-Time,Price,High,Low,Volume
2021-12-31T00:04:59,32.42,33.04,27.80,137245844
2021-12-31T00:10:00,32.42,33.04,27.80,137245844
2021-12-31T00:15:01,32.42,33.04,27.80,137245844
2021-12-31T00:20:02,32.42,33.04,27.80,137245844
2021-12-31T00:25:03,32.42,33.04,27.80,137245844
2021-12-31T00:30:04,32.42,33.04,27.80,137245844
2021-12-31T00:35:05,32.42,33.04,27.80,137245844
2021-12-31T00:40:06,32.42,33.04,27.80,137245844
2021-12-31T00:45:06,32.42,33.04,27.80,137245844
2021-12-31T00:50:11,32.42,33.04,27.80,137245844
2021-12-31T00:55:12,32.42,33.04,27.80,137245844
2021-12-31T01:00:13,32.42,33.04,27.80,137245844
2021-12-31T01:05:14,32.42,33.04,27.80,137245844
2021-12-31T01:10:15,32.42,33.04,27.80,137245844
