Date-Time,Price,High,Low,Volume
2021-12-31T00:04:09,344.36,347.23,343.22,10593347
2021-12-31T00:09:10,344.36,347.23,343.22,10593347
2021-12-31T00:14:11,344.36,347.23,343.22,10593347
2021-12-31T00:19:12,344.36,347.23,343.22,10593347
2021-12-31T00:24:12,344.36,347.23,343.22,10593347
2021-12-31T00:29:13,344.36,347.23,343.22,10593347
2021-12-31T00:34:14,344.36,347.23,343.22,10593347
2021-12-31T00:39:15,344.36,347.23,343.22,10593347
2021-12-31T00:44:16,344.36,347.23,343.22,10593347
2021-12-31T00:49:16,344.36,347.23,343.22,10593347
2021-12-31T00:54:17,344.36,347.23,343.22,10593347
2021-12-31T00:59:18,344.36,347.23,343.22,10593347
2021-12-31T01:04:19,344.36,347.23,343.22,10593347
2021-12-31T01:09:19,344.36,347.23,343.22,10593347
