Date-Time,Price,High,Low,Volume
2021-12-31T00:04:34,5.88,6.0482,5.53,1669339
2021-12-31T00:09:35,5.88,6.0482,5.53,1669339
2021-12-31T00:14:36,5.88,6.0482,5.53,1669339
2021-12-31T00:19:37,5.88,6.0482,5.53,1669339
2021-12-31T00:24:37,5.88,6.0482,5.53,1669339
2021-12-31T00:29:38,5.88,6.0482,5.53,1669339
2021-12-31T00:34:39,5.88,6.0482,5.53,1669339
2021-12-31T00:39:40,5.88,6.0482,5.53,1669339
2021-12-31T00:44:41,5.88,6.0482,5.53,1669339
2021-12-31T00:49:41,5.88,6.0482,5.53,1669339
2021-12-31T00:54:42,5.88,6.0482,5.53,1669339
2021-12-31T00:59:44,5.88,6.0482,5.53,1669339
2021-12-31T01:04:44,5.88,6.0482,5.53,1669339
2021-12-31T01:09:45,5.88,6.0482,5.53,1669339
2021-12-31T01:14:46,5.88,6.0482,5.53,1669339
2021-12-31T01:19:47,5.88,6.0482,5.53,1669339
2021-12-31T01:24:47,5.88,6.0482,5.53,1669339
2021-12-31T01:29:48,5.88,6.0482,5.53,1669339
2021-12-31T01:34:49,5.88,6.0482,5.53,1669339
2021-12-31T01:39:50,5.88,6.0482,5.53,1669339
2021-12-31T01:44:50,5.88,6.0482,5.53,1669339
2021-12-31T01:49:51,5.88,6.0482,5.53,1669339
2021-12-31T01:54:52,5.88,6.0482,5.53,1669339
2021-12-31T01:59:53,5.88,6.0482,5.53,1669339
2021-12-31T02:04:54,5.88,6.0482,5.53,1669339
2021-12-31T02:09:55,5.88,6.0482,5.53,1669339
