Date-Time,Price,High,Low,Volume
2022-04-10T00:04:28,5.55,5.725,5.43,844947
2022-04-10T00:09:29,5.55,5.725,5.43,844947
2022-04-10T00:14:30,5.55,5.725,5.43,844947
2022-04-10T00:19:31,5.55,5.725,5.43,844947
2022-04-10T00:24:32,5.55,5.725,5.43,844947
2022-04-10T00:29:32,5.55,5.725,5.43,844947
2022-04-10T00:34:33,5.55,5.725,5.43,844947
2022-04-10T00:39:34,5.55,5.725,5.43,844947
2022-04-10T00:44:35,5.55,5.725,5.43,844947
2022-04-10T00:49:36,5.55,5.725,5.43,844947
2022-04-10T00:54:37,5.55,5.725,5.43,844947
2022-04-10T00:59:38,5.55,5.725,5.43,844947
2022-04-10T01:04:39,5.55,5.725,5.43,844947
2022-04-10T01:09:39,5.55,5.725,5.43,844947
2022-04-10T01:14:40,5.55,5.725,5.43,844947
