Date-Time,Price,High,Low,Volume
2022-04-10T00:03:57,1025.49,1048.44,1022.435,18337896
2022-04-10T00:08:58,1025.49,1048.44,1022.435,18337896
2022-04-10T00:13:59,1025.49,1048.44,1022.435,18337896
2022-04-10T00:19:00,1025.49,1048.44,1022.435,18337896
2022-04-10T00:24:00,1025.49,1048.44,1022.435,18337896
2022-04-10T00:29:01,1025.49,1048.44,1022.435,18337896
2022-04-10T00:34:02,1025.49,1048.44,1022.435,18337896
2022-04-10T00:39:03,1025.49,1048.44,1022.435,18337896
2022-04-10T00:44:04,1025.49,1048.44,1022.435,18337896
2022-04-10T00:49:05,1025.49,1048.44,1022.435,18337896
2022-04-10T00:54:06,1025.49,1048.44,1022.435,18337896
2022-04-10T00:59:07,1025.49,1048.44,1022.435,18337896
2022-04-10T01:04:08,1025.49,1048.44,1022.435,18337896
2022-04-10T01:09:09,1025.49,1048.44,1022.435,18337896
2022-04-10T01:14:09,1025.49,1048.44,1022.435,18337896
2022-04-10T01:19:10,1025.49,1048.44,1022.435,18337896
2022-04-10T01:24:11,1025.49,1048.44,1022.435,18337896
2022-04-10T01:29:12,1025.49,1048.44,1022.435,18337896
2022-04-10T01:34:13,1025.49,1048.44,1022.435,18337896
2022-04-10T01:39:14,1025.49,1048.44,1022.435,18337896
2022-04-10T01:44:15,1025.49,1048.44,1022.435,18337896
2022-04-10T01:49:16,1025.49,1048.44,1022.435,18337896
2022-04-10T01:54:17,1025.49,1048.44,1022.435,18337896
2022-04-10T01:59:18,1025.49,1048.44,1022.435,18337896
2022-04-10T02:04:19,1025.49,1048.44,1022.435,18337896
2022-04-10T02:09:20,1025.49,1048.44,1022.435,18337896
2022-04-10T02:14:21,1025.49,1048.44,1022.435,18337896
