Date-Time,Price,High,Low,Volume
2022-01-25T00:12:39,308.71,309.53,289.01,38936901
2022-01-25T00:22:40,308.71,309.53,289.01,38936901
2022-01-25T00:27:41,308.71,309.53,289.01,38936901
2022-01-25T00:37:42,308.71,309.53,289.01,38936901
2022-01-25T00:42:43,308.71,309.53,289.01,38936901
2022-01-25T00:57:45,308.71,309.53,289.01,38936901
2022-01-25T01:02:45,308.71,309.53,289.01,38936901
2022-01-25T01:27:47,308.71,309.53,289.01,38936901
2022-01-25T02:02:50,308.71,309.53,289.01,38936901
2022-01-25T02:07:51,308.71,309.53,289.01,38936901
2022-01-25T02:12:52,308.71,309.53,289.01,38936901
2022-01-25T02:17:53,308.71,309.53,289.01,38936901
2022-01-25T02:27:54,308.71,309.53,289.01,38936901
2022-01-25T02:37:55,308.71,309.53,289.01,38936901
2022-01-25T02:47:56,308.71,309.53,289.01,38936901
2022-01-25T02:52:57,308.71,309.53,289.01,38936901
2022-01-25T03:12:59,308.71,309.53,289.01,38936901
2022-01-25T03:18:00,308.71,309.53,289.01,38936901
2022-01-25T03:33:01,308.71,309.53,289.01,38936901
2022-01-25T03:43:02,308.71,309.53,289.01,38936901
2022-01-25T03:48:03,308.71,309.53,289.01,38936901
2022-01-25T03:58:05,308.71,309.53,289.01,38936901
2022-01-25T04:03:06,308.71,309.53,289.01,38936901
2022-01-25T04:08:07,308.71,309.53,289.01,38936901
2022-01-25T04:18:08,308.71,309.53,289.01,38936901
2022-01-25T04:23:09,308.71,309.53,289.01,38936901
2022-01-25T04:28:09,308.71,309.53,289.01,38936901
2022-01-25T04:33:10,308.71,309.53,289.01,38936901
2022-01-25T04:38:11,308.71,309.53,289.01,38936901
2022-01-25T04:43:12,308.71,309.53,289.01,38936901
2022-01-25T04:53:13,308.71,309.53,289.01,38936901
2022-01-25T04:58:14,308.71,309.53,289.01,38936901
2022-01-25T05:18:16,308.71,309.53,289.01,38936901
2022-01-25T05:28:17,308.71,309.53,289.01,38936901
2022-01-25T05:33:18,308.71,309.53,289.01,38936901
2022-01-25T05:38:18,308.71,309.53,289.01,38936901
2022-01-25T05:48:19,308.71,309.53,289.01,38936901
2022-01-25T05:53:20,308.71,309.53,289.01,38936901
2022-01-25T05:58:21,308.71,309.53,289.01,38936901
2022-01-25T06:08:22,308.71,309.53,289.01,38936901
2022-01-25T06:18:23,308.71,309.53,289.01,38936901
2022-01-25T06:28:24,308.71,309.53,289.01,38936901
2022-01-25T06:33:25,308.71,309.53,289.01,38936901
2022-01-25T06:38:26,308.71,309.53,289.01,38936901
2022-01-25T06:43:27,308.71,309.53,289.01,38936901
2022-01-25T06:53:28,302.39,302.61,299.13,1935787
2022-01-25T06:58:29,302.4539,303.30,299.13,2579034
2022-01-25T07:03:30,299.10,303.30,298.28,3274592
2022-01-25T07:08:30,297.955,303.30,297.72,3865497
2022-01-25T07:18:31,297.79,303.30,297.72,4796898
2022-01-25T07:23:32,298.67,303.30,297.58,5131510
2022-01-25T07:28:33,299.689,303.30,297.58,5455317
2022-01-25T07:33:34,301.48,303.30,297.58,5846346
2022-01-25T07:38:35,300.55,303.30,297.58,6233952
