Date-Time,Price,High,Low,Volume
2022-01-25T00:05:39,5.14,5.41,4.77,1499619
2022-01-25T00:10:40,5.14,5.41,4.77,1499619
2022-01-25T00:30:41,5.14,5.41,4.77,1499619
2022-01-25T00:35:42,5.14,5.41,4.77,1499619
2022-01-25T00:55:44,5.14,5.41,4.77,1499619
2022-01-25T01:00:44,5.14,5.41,4.77,1499619
2022-01-25T01:05:45,5.14,5.41,4.77,1499619
2022-01-25T01:15:46,5.14,5.41,4.77,1499619
2022-01-25T01:35:48,5.14,5.41,4.77,1499619
2022-01-25T01:40:49,5.14,5.41,4.77,1499619
2022-01-25T01:45:49,5.14,5.41,4.77,1499619
2022-01-25T01:55:51,5.14,5.41,4.77,1499619
2022-01-25T02:10:52,5.14,5.41,4.77,1499619
2022-01-25T02:25:53,5.14,5.41,4.77,1499619
2022-01-25T02:30:54,5.14,5.41,4.77,1499619
2022-01-25T02:35:55,5.14,5.41,4.77,1499619
2022-01-25T02:40:56,5.14,5.41,4.77,1499619
2022-01-25T02:45:57,5.14,5.41,4.77,1499619
2022-01-25T02:55:58,5.14,5.41,4.77,1499619
2022-01-25T03:10:59,5.14,5.41,4.77,1499619
2022-01-25T03:16:00,5.14,5.41,4.77,1499619
2022-01-25T03:21:01,5.14,5.41,4.77,1499619
2022-01-25T03:26:02,5.14,5.41,4.77,1499619
2022-01-25T03:51:03,5.14,5.41,4.77,1499619
2022-01-25T04:06:05,5.14,5.41,4.77,1499619
2022-01-25T04:11:05,5.14,5.41,4.77,1499619
2022-01-25T04:21:06,5.14,5.41,4.77,1499619
2022-01-25T04:31:07,5.14,5.41,4.77,1499619
2022-01-25T04:36:08,5.14,5.41,4.77,1499619
2022-01-25T04:41:09,5.14,5.41,4.77,1499619
2022-01-25T04:46:10,5.14,5.41,4.77,1499619
2022-01-25T04:51:11,5.14,5.41,4.77,1499619
2022-01-25T04:56:11,5.14,5.41,4.77,1499619
2022-01-25T05:01:12,5.14,5.41,4.77,1499619
2022-01-25T05:06:13,5.14,5.41,4.77,1499619
2022-01-25T05:11:14,5.14,5.41,4.77,1499619
2022-01-25T05:16:14,5.14,5.41,4.77,1499619
2022-01-25T05:26:15,5.14,5.41,4.77,1499619
2022-01-25T05:31:16,5.14,5.41,4.77,1499619
2022-01-25T05:41:17,5.14,5.41,4.77,1499619
2022-01-25T05:46:18,5.14,5.41,4.77,1499619
2022-01-25T05:51:19,5.14,5.41,4.77,1499619
2022-01-25T06:01:20,5.14,5.41,4.77,1499619
2022-01-25T06:06:21,5.14,5.41,4.77,1499619
2022-01-25T06:11:21,5.14,5.41,4.77,1499619
2022-01-25T06:16:22,5.14,5.41,4.77,1499619
2022-01-25T06:21:23,5.14,5.41,4.77,1499619
2022-01-25T06:31:24,5.14,5.41,4.77,1499619
2022-01-25T06:41:25,5.14,5.41,4.77,1499619
