Date-Time,Price,High,Low,Volume
2022-01-25T00:00:38,24.87,25.98,23.10,94328983
2022-01-25T00:30:40,24.87,25.98,23.10,94328983
2022-01-25T00:55:42,24.87,25.98,23.10,94328983
2022-01-25T01:00:43,24.87,25.98,23.10,94328983
2022-01-25T01:05:44,24.87,25.98,23.10,94328983
2022-01-25T01:10:45,24.87,25.98,23.10,94328983
2022-01-25T01:15:46,24.87,25.98,23.10,94328983
2022-01-25T01:20:47,24.87,25.98,23.10,94328983
2022-01-25T01:25:47,24.87,25.98,23.10,94328983
2022-01-25T01:40:49,24.87,25.98,23.10,94328983
