Date-Time,Price,High,Low,Volume
2022-01-25T00:04:37,63.90,64.30,55.10,24134813
2022-01-25T00:09:38,63.90,64.30,55.10,24134813
2022-01-25T00:14:39,63.90,64.30,55.10,24134813
2022-01-25T00:24:41,63.90,64.30,55.10,24134813
2022-01-25T00:39:42,63.90,64.30,55.10,24134813
2022-01-25T00:44:43,63.90,64.30,55.10,24134813
2022-01-25T00:49:44,63.90,64.30,55.10,24134813
2022-01-25T01:19:46,63.90,64.30,55.10,24134813
2022-01-25T01:24:46,63.90,64.30,55.10,24134813
2022-01-25T01:29:48,63.90,64.30,55.10,24134813
2022-01-25T01:34:49,63.90,64.30,55.10,24134813
2022-01-25T01:49:50,63.90,64.30,55.10,24134813
2022-01-25T01:59:51,63.90,64.30,55.10,24134813
2022-01-25T02:09:53,63.90,64.30,55.10,24134813
2022-01-25T02:14:54,63.90,64.30,55.10,24134813
2022-01-25T02:29:56,63.90,64.30,55.10,24134813
2022-01-25T02:54:58,63.90,64.30,55.10,24134813
2022-01-25T02:59:59,63.90,64.30,55.10,24134813
2022-01-25T03:05:00,63.90,64.30,55.10,24134813
2022-01-25T03:15:01,63.90,64.30,55.10,24134813
2022-01-25T03:20:02,63.90,64.30,55.10,24134813
2022-01-25T03:25:02,63.90,64.30,55.10,24134813
2022-01-25T03:30:04,63.90,64.30,55.10,24134813
2022-01-25T03:50:05,63.90,64.30,55.10,24134813
2022-01-25T03:55:06,63.90,64.30,55.10,24134813
2022-01-25T04:00:07,63.90,64.30,55.10,24134813
2022-01-25T04:05:08,63.90,64.30,55.10,24134813
2022-01-25T04:15:10,63.90,64.30,55.10,24134813
2022-01-25T04:20:11,63.90,64.30,55.10,24134813
2022-01-25T04:25:11,63.90,64.30,55.10,24134813
2022-01-25T04:30:12,63.90,64.30,55.10,24134813
2022-01-25T04:35:13,63.90,64.30,55.10,24134813
2022-01-25T04:40:14,63.90,64.30,55.10,24134813
2022-01-25T05:05:16,63.90,64.30,55.10,24134813
2022-01-25T05:10:17,63.90,64.30,55.10,24134813
2022-01-25T05:25:19,63.90,64.30,55.10,24134813
2022-01-25T05:30:20,63.90,64.30,55.10,24134813
2022-01-25T05:35:21,63.90,64.30,55.10,24134813
2022-01-25T05:40:22,63.90,64.30,55.10,24134813
