Date-Time,Price,High,Low,Volume
2022-04-02T00:00:13,1084.59,1094.75,1066.64,18087741
2022-04-02T00:05:14,1084.59,1094.75,1066.64,18087741
2022-04-02T00:10:15,1084.59,1094.75,1066.64,18087741
2022-04-02T00:15:16,1084.59,1094.75,1066.64,18087741
2022-04-02T00:20:16,1084.59,1094.75,1066.64,18087741
2022-04-02T00:25:17,1084.59,1094.75,1066.64,18087741
2022-04-02T00:30:18,1084.59,1094.75,1066.64,18087741
2022-04-02T00:35:19,1084.59,1094.75,1066.64,18087741
2022-04-02T00:40:20,1084.59,1094.75,1066.64,18087741
2022-04-02T00:45:21,1084.59,1094.75,1066.64,18087741
2022-04-02T00:50:21,1084.59,1094.75,1066.64,18087741
2022-04-02T00:55:22,1084.59,1094.75,1066.64,18087741
2022-04-02T01:00:23,1084.59,1094.75,1066.64,18087741
2022-04-02T01:05:24,1084.59,1094.75,1066.64,18087741
2022-04-02T01:10:25,1084.59,1094.75,1066.64,18087741
2022-04-02T01:15:26,1084.59,1094.75,1066.64,18087741
2022-04-02T01:20:27,1084.59,1094.75,1066.64,18087741
2022-04-02T01:25:28,1084.59,1094.75,1066.64,18087741
2022-04-02T01:30:29,1084.59,1094.75,1066.64,18087741
2022-04-02T01:35:29,1084.59,1094.75,1066.64,18087741
2022-04-02T01:40:30,1084.59,1094.75,1066.64,18087741
2022-04-02T01:45:31,1084.59,1094.75,1066.64,18087741
2022-04-02T01:50:32,1084.59,1094.75,1066.64,18087741
2022-04-02T01:55:33,1084.59,1094.75,1066.64,18087741
2022-04-02T02:00:34,1084.59,1094.75,1066.64,18087741
2022-04-02T02:05:35,1084.59,1094.75,1066.64,18087741
2022-04-02T02:10:36,1084.59,1094.75,1066.64,18087741
2022-04-02T02:15:37,1084.59,1094.75,1066.64,18087741
2022-04-02T02:20:37,1084.59,1094.75,1066.64,18087741
2022-04-02T02:25:38,1084.59,1094.75,1066.64,18087741
2022-04-02T02:30:39,1084.59,1094.75,1066.64,18087741
2022-04-02T02:35:40,1084.59,1094.75,1066.64,18087741
2022-04-02T02:40:41,1084.59,1094.75,1066.64,18087741
2022-04-02T02:45:42,1084.59,1094.75,1066.64,18087741
2022-04-02T02:50:42,1084.59,1094.75,1066.64,18087741
2022-04-02T02:55:43,1084.59,1094.75,1066.64,18087741
2022-04-02T03:00:44,1084.59,1094.75,1066.64,18087741
2022-04-02T03:05:45,1084.59,1094.75,1066.64,18087741
2022-04-02T03:10:46,1084.59,1094.75,1066.64,18087741
2022-04-02T03:15:47,1084.59,1094.75,1066.64,18087741
2022-04-02T03:20:48,1084.59,1094.75,1066.64,18087741
2022-04-02T03:25:48,1084.59,1094.75,1066.64,18087741
2022-04-02T03:30:49,1084.59,1094.75,1066.64,18087741
2022-04-02T03:35:50,1084.59,1094.75,1066.64,18087741
2022-04-02T03:40:51,1084.59,1094.75,1066.64,18087741
2022-04-02T03:45:52,1084.59,1094.75,1066.64,18087741
2022-04-02T03:50:53,1084.59,1094.75,1066.64,18087741
2022-04-02T03:55:54,1084.59,1094.75,1066.64,18087741
2022-04-02T04:00:55,1084.59,1094.75,1066.64,18087741
2022-04-02T04:05:55,1084.59,1094.75,1066.64,18087741
