Date-Time,Price,High,Low,Volume
2022-04-02T00:00:44,5.93,6.68,5.61,2538645
2022-04-02T00:05:45,5.93,6.68,5.61,2538645
2022-04-02T00:10:46,5.93,6.68,5.61,2538645
2022-04-02T00:15:47,5.93,6.68,5.61,2538645
2022-04-02T00:20:47,5.93,6.68,5.61,2538645
2022-04-02T00:25:48,5.93,6.68,5.61,2538645
2022-04-02T00:30:49,5.93,6.68,5.61,2538645
2022-04-02T00:35:50,5.93,6.68,5.61,2538645
2022-04-02T00:40:50,5.93,6.68,5.61,2538645
2022-04-02T00:45:51,5.93,6.68,5.61,2538645
2022-04-02T00:50:52,5.93,6.68,5.61,2538645
2022-04-02T00:55:53,5.93,6.68,5.61,2538645
2022-04-02T01:00:54,5.93,6.68,5.61,2538645
2022-04-02T01:05:55,5.93,6.68,5.61,2538645
