Date-Time,Price,High,Low,Volume
2022-01-01T00:03:51,5.66,5.94,5.63,1227357
2022-01-01T00:08:52,5.66,5.94,5.63,1227357
2022-01-01T00:13:53,5.66,5.94,5.63,1227357
2022-01-01T00:18:53,5.66,5.94,5.63,1227357
2022-01-01T00:23:54,5.66,5.94,5.63,1227357
2022-01-01T00:28:55,5.66,5.94,5.63,1227357
2022-01-01T00:33:56,5.66,5.94,5.63,1227357
2022-01-01T00:38:59,5.66,5.94,5.63,1227357
2022-01-01T00:44:00,5.66,5.94,5.63,1227357
2022-01-01T00:49:01,5.66,5.94,5.63,1227357
2022-01-01T00:54:02,5.66,5.94,5.63,1227357
2022-01-01T00:59:02,5.66,5.94,5.63,1227357
2022-01-01T01:04:03,5.66,5.94,5.63,1227357
2022-01-01T01:09:04,5.66,5.94,5.63,1227357
2022-01-01T01:14:05,5.66,5.94,5.63,1227357
2022-01-01T01:19:06,5.66,5.94,5.63,1227357
2022-01-01T01:24:07,5.66,5.94,5.63,1227357
2022-01-01T01:29:08,5.66,5.94,5.63,1227357
2022-01-01T01:34:08,5.66,5.94,5.63,1227357
2022-01-01T01:39:09,5.66,5.94,5.63,1227357
2022-01-01T01:44:10,5.66,5.94,5.63,1227357
2022-01-01T01:49:11,5.66,5.94,5.63,1227357
2022-01-01T01:54:11,5.66,5.94,5.63,1227357
2022-01-01T01:59:12,5.66,5.94,5.63,1227357
2022-01-01T02:04:13,5.66,5.94,5.63,1227357
2022-01-01T02:09:14,5.66,5.94,5.63,1227357
