Date-Time,Price,High,Low,Volume
2022-01-01T00:03:30,336.35,343.44,336.27,12870480
2022-01-01T00:08:31,336.35,343.44,336.27,12870480
2022-01-01T00:13:32,336.35,343.44,336.27,12870480
2022-01-01T00:18:32,336.35,343.44,336.27,12870480
2022-01-01T00:23:33,336.35,343.44,336.27,12870480
2022-01-01T00:28:34,336.35,343.44,336.27,12870480
2022-01-01T00:33:35,336.35,343.44,336.27,12870480
2022-01-01T00:38:35,336.35,343.44,336.27,12870480
2022-01-01T00:43:36,336.35,343.44,336.27,12870480
2022-01-01T00:48:37,336.35,343.44,336.27,12870480
2022-01-01T00:53:38,336.35,343.44,336.27,12870480
2022-01-01T00:58:38,336.35,343.44,336.27,12870480
2022-01-01T01:03:39,336.35,343.44,336.27,12870480
2022-01-01T01:08:40,336.35,343.44,336.27,12870480
2022-01-01T01:13:41,336.35,343.44,336.27,12870480
