Date-Time,Price,High,Low,Volume
2022-01-01T00:01:03,103.69,106.12,102.28,5814883
2022-01-01T00:06:04,103.69,106.12,102.28,5814883
2022-01-01T00:11:05,103.69,106.12,102.28,5814883
2022-01-01T00:16:06,103.69,106.12,102.28,5814883
2022-01-01T00:21:10,103.69,106.12,102.28,5814883
2022-01-01T00:26:11,103.69,106.12,102.28,5814883
2022-01-01T00:31:12,103.69,106.12,102.28,5814883
2022-01-01T00:36:13,103.69,106.12,102.28,5814883
2022-01-01T00:41:13,103.69,106.12,102.28,5814883
2022-01-01T00:46:14,103.69,106.12,102.28,5814883
2022-01-01T00:51:15,103.69,106.12,102.28,5814883
2022-01-01T00:56:16,103.69,106.12,102.28,5814883
2022-01-01T01:01:17,103.69,106.12,102.28,5814883
2022-01-01T01:06:17,103.69,106.12,102.28,5814883
2022-01-01T01:11:18,103.69,106.12,102.28,5814883
