Date-Time,Price,High,Low,Volume
2022-01-01T00:04:53,31.68,32.98,31.6627,67569236
2022-01-01T00:09:54,31.68,32.98,31.6627,67569236
2022-01-01T00:14:55,31.68,32.98,31.6627,67569236
2022-01-01T00:19:56,31.68,32.98,31.6627,67569236
2022-01-01T00:24:56,31.68,32.98,31.6627,67569236
2022-01-01T00:29:57,31.68,32.98,31.6627,67569236
2022-01-01T00:34:58,31.68,32.98,31.6627,67569236
2022-01-01T00:39:59,31.68,32.98,31.6627,67569236
2022-01-01T00:44:59,31.68,32.98,31.6627,67569236
2022-01-01T00:50:00,31.68,32.98,31.6627,67569236
2022-01-01T00:55:01,31.68,32.98,31.6627,67569236
2022-01-01T01:00:02,31.68,32.98,31.6627,67569236
2022-01-01T01:05:03,31.68,32.98,31.6627,67569236
2022-01-01T01:10:04,31.68,32.98,31.6627,67569236
2022-01-01T01:15:05,31.68,32.98,31.6627,67569236
2022-01-01T01:20:06,31.68,32.98,31.6627,67569236
2022-01-01T01:25:07,31.68,32.98,31.6627,67569236
2022-01-01T01:30:08,31.68,32.98,31.6627,67569236
2022-01-01T01:35:09,31.68,32.98,31.6627,67569236
2022-01-01T01:40:10,31.68,32.98,31.6627,67569236
2022-01-01T01:45:11,31.68,32.98,31.6627,67569236
2022-01-01T01:50:11,31.68,32.98,31.6627,67569236
2022-01-01T01:55:12,31.68,32.98,31.6627,67569236
2022-01-01T02:00:13,31.68,32.98,31.6627,67569236
2022-01-01T02:05:14,31.68,32.98,31.6627,67569236
2022-01-01T02:10:15,31.68,32.98,31.6627,67569236
