Date-Time,Price,High,Low,Volume
2022-01-01T00:03:36,1056.78,1081.9999,1054.59,13577875
2022-01-01T00:08:37,1056.78,1081.9999,1054.59,13577875
2022-01-01T00:13:38,1056.78,1081.9999,1054.59,13577875
2022-01-01T00:18:38,1056.78,1081.9999,1054.59,13577875
2022-01-01T00:23:39,1056.78,1081.9999,1054.59,13577875
2022-01-01T00:28:40,1056.78,1081.9999,1054.59,13577875
2022-01-01T00:33:42,1056.78,1081.9999,1054.59,13577875
2022-01-01T00:38:43,1056.78,1081.9999,1054.59,13577875
2022-01-01T00:43:44,1056.78,1081.9999,1054.59,13577875
2022-01-01T00:48:44,1056.78,1081.9999,1054.59,13577875
2022-01-01T00:53:45,1056.78,1081.9999,1054.59,13577875
2022-01-01T00:58:46,1056.78,1081.9999,1054.59,13577875
2022-01-01T01:03:47,1056.78,1081.9999,1054.59,13577875
2022-01-01T01:08:47,1056.78,1081.9999,1054.59,13577875
