Date-Time,Price,High,Low,Volume
2021-12-29T00:00:38,1088.47,1118.9999,1078.42,20107969
2021-12-29T00:05:39,1088.47,1118.9999,1078.42,20107969
2021-12-29T00:10:40,1088.47,1118.9999,1078.42,20107969
2021-12-29T00:15:40,1088.47,1118.9999,1078.42,20107969
2021-12-29T00:20:41,1088.47,1118.9999,1078.42,20107969
2021-12-29T00:25:42,1088.47,1118.9999,1078.42,20107969
2021-12-29T00:30:42,1088.47,1118.9999,1078.42,20107969
2021-12-29T00:35:43,1088.47,1118.9999,1078.42,20107969
2021-12-29T00:40:44,1088.47,1118.9999,1078.42,20107969
2021-12-29T00:45:45,1088.47,1118.9999,1078.42,20107969
2021-12-29T00:50:46,1088.47,1118.9999,1078.42,20107969
2021-12-29T00:55:47,1088.47,1118.9999,1078.42,20107969
2021-12-29T01:00:47,1088.47,1118.9999,1078.42,20107969
2021-12-29T01:05:48,1088.47,1118.9999,1078.42,20107969
