Date-Time,Price,High,Low,Volume
2021-12-29T00:01:14,6.07,6.12,5.81,1547810
2021-12-29T00:06:15,6.07,6.12,5.81,1547810
2021-12-29T00:11:15,6.07,6.12,5.81,1547810
2021-12-29T00:16:16,6.07,6.12,5.81,1547810
2021-12-29T00:21:17,6.07,6.12,5.81,1547810
2021-12-29T00:26:18,6.07,6.12,5.81,1547810
2021-12-29T00:31:18,6.07,6.12,5.81,1547810
2021-12-29T00:36:19,6.07,6.12,5.81,1547810
2021-12-29T00:41:20,6.07,6.12,5.81,1547810
2021-12-29T00:46:21,6.07,6.12,5.81,1547810
2021-12-29T00:51:22,6.07,6.12,5.81,1547810
2021-12-29T00:56:23,6.07,6.12,5.81,1547810
2021-12-29T01:01:24,6.07,6.12,5.81,1547810
2021-12-29T01:06:24,6.07,6.12,5.81,1547810
