Date-Time,Price,High,Low,Volume
2021-12-29T00:01:26,29.63,30.19,29.47,28807151
2021-12-29T00:06:27,29.63,30.19,29.47,28807151
2021-12-29T00:11:28,29.63,30.19,29.47,28807151
2021-12-29T00:16:28,29.63,30.19,29.47,28807151
2021-12-29T00:21:29,29.63,30.19,29.47,28807151
2021-12-29T00:26:30,29.63,30.19,29.47,28807151
2021-12-29T00:31:31,29.63,30.19,29.47,28807151
2021-12-29T00:36:31,29.63,30.19,29.47,28807151
2021-12-29T00:41:32,29.63,30.19,29.47,28807151
2021-12-29T00:46:33,29.63,30.19,29.47,28807151
2021-12-29T00:51:34,29.63,30.19,29.47,28807151
2021-12-29T00:56:34,29.63,30.19,29.47,28807151
2021-12-29T01:01:35,29.63,30.19,29.47,28807151
2021-12-29T01:06:36,29.63,30.19,29.47,28807151
