Date-Time,Price,High,Low,Volume
2022-03-09T00:04:29,42.21,45.06,39.86,25165008
2022-03-09T00:09:30,42.21,45.06,39.86,25165008
2022-03-09T00:14:31,42.21,45.06,39.86,25165008
2022-03-09T00:19:32,42.21,45.06,39.86,25165008
2022-03-09T00:24:33,42.21,45.06,39.86,25165008
2022-03-09T00:29:34,42.21,45.06,39.86,25165008
2022-03-09T00:34:35,42.21,45.06,39.86,25165008
2022-03-09T00:39:36,42.21,45.06,39.86,25165008
2022-03-09T00:44:37,42.21,45.06,39.86,25165008
2022-03-09T00:49:38,42.21,45.06,39.86,25165008
2022-03-09T00:54:39,42.21,45.06,39.86,25165008
2022-03-09T00:59:40,42.21,45.06,39.86,25165008
2022-03-09T01:04:41,42.21,45.06,39.86,25165008
2022-03-09T01:09:41,42.21,45.06,39.86,25165008
2022-03-09T01:14:42,42.21,45.06,39.86,25165008
2022-03-09T01:19:43,42.21,45.06,39.86,25165008
2022-03-09T01:24:44,42.21,45.06,39.86,25165008
2022-03-09T01:29:45,42.21,45.06,39.86,25165008
2022-03-09T01:34:46,42.21,45.06,39.86,25165008
