Date-Time,Price,High,Low,Volume
2022-03-09T00:02:42,824.40,849.99,782.17,26799702
2022-03-09T00:07:44,824.40,849.99,782.17,26799702
2022-03-09T00:12:44,824.40,849.99,782.17,26799702
2022-03-09T00:17:45,824.40,849.99,782.17,26799702
2022-03-09T00:22:46,824.40,849.99,782.17,26799702
2022-03-09T00:27:47,824.40,849.99,782.17,26799702
2022-03-09T00:32:48,824.40,849.99,782.17,26799702
2022-03-09T00:37:49,824.40,849.99,782.17,26799702
2022-03-09T00:42:49,824.40,849.99,782.17,26799702
2022-03-09T00:47:50,824.40,849.99,782.17,26799702
2022-03-09T00:52:51,824.40,849.99,782.17,26799702
2022-03-09T00:57:52,824.40,849.99,782.17,26799702
2022-03-09T01:02:53,824.40,849.99,782.17,26799702
2022-03-09T01:07:54,824.40,849.99,782.17,26799702
2022-03-09T01:12:55,824.40,849.99,782.17,26799702
2022-03-09T01:17:56,824.40,849.99,782.17,26799702
2022-03-09T01:22:57,824.40,849.99,782.17,26799702
2022-03-09T01:27:58,824.40,849.99,782.17,26799702
2022-03-09T01:32:59,824.40,849.99,782.17,26799702
