Date-Time,Price,High,Low,Volume
2022-02-09T00:02:45,60.95,61.54,56.44,12079248
2022-02-09T00:07:46,60.95,61.54,56.44,12079248
2022-02-09T00:12:47,60.95,61.54,56.44,12079248
2022-02-09T00:17:48,60.95,61.54,56.44,12079248
2022-02-09T00:22:49,60.95,61.54,56.44,12079248
2022-02-09T00:27:50,60.95,61.54,56.44,12079248
2022-02-09T00:32:51,60.95,61.54,56.44,12079248
2022-02-09T00:37:51,60.95,61.54,56.44,12079248
2022-02-09T00:42:52,60.95,61.54,56.44,12079248
2022-02-09T00:47:53,60.95,61.54,56.44,12079248
2022-02-09T00:52:54,60.95,61.54,56.44,12079248
2022-02-09T00:57:55,60.95,61.54,56.44,12079248
