Date-Time,Price,High,Low,Volume
2022-02-09T00:01:41,220.18,225.77,216.15,94729672
2022-02-09T00:06:41,220.18,225.77,216.15,94729672
2022-02-09T00:11:42,220.18,225.77,216.15,94729672
2022-02-09T00:16:43,220.18,225.77,216.15,94729672
2022-02-09T00:21:44,220.18,225.77,216.15,94729672
2022-02-09T00:26:45,220.18,225.77,216.15,94729672
2022-02-09T00:31:46,220.18,225.77,216.15,94729672
2022-02-09T00:36:46,220.18,225.77,216.15,94729672
2022-02-09T00:41:47,220.18,225.77,216.15,94729672
2022-02-09T00:46:48,220.18,225.77,216.15,94729672
2022-02-09T00:51:49,220.18,225.77,216.15,94729672
2022-02-09T00:56:50,220.18,225.77,216.15,94729672
2022-02-09T01:01:51,220.18,225.77,216.15,94729672
2022-02-09T01:06:52,220.18,225.77,216.15,94729672
2022-02-09T01:11:53,220.18,225.77,216.15,94729672
2022-02-09T01:16:54,220.18,225.77,216.15,94729672
2022-02-09T01:21:55,220.18,225.77,216.15,94729672
2022-02-09T01:26:55,220.18,225.77,216.15,94729672
2022-02-09T01:31:56,220.18,225.77,216.15,94729672
2022-02-09T01:36:57,220.18,225.77,216.15,94729672
2022-02-09T01:41:58,220.18,225.77,216.15,94729672
2022-02-09T01:46:59,220.18,225.77,216.15,94729672
2022-02-09T01:51:59,220.18,225.77,216.15,94729672
2022-02-09T01:57:00,220.18,225.77,216.15,94729672
2022-02-09T02:02:01,220.18,225.77,216.15,94729672
2022-02-09T02:07:02,220.18,225.77,216.15,94729672
2022-02-09T02:12:03,220.18,225.77,216.15,94729672
2022-02-09T02:17:04,220.18,225.77,216.15,94729672
2022-02-09T02:22:05,220.18,225.77,216.15,94729672
2022-02-09T02:27:06,220.18,225.77,216.15,94729672
2022-02-09T02:32:06,220.18,225.77,216.15,94729672
2022-02-09T02:37:07,220.18,225.77,216.15,94729672
2022-02-09T02:42:08,220.18,225.77,216.15,94729672
2022-02-09T02:47:09,220.18,225.77,216.15,94729672
2022-02-09T02:52:10,220.18,225.77,216.15,94729672
2022-02-09T02:57:10,220.18,225.77,216.15,94729672
2022-02-09T03:02:11,220.18,225.77,216.15,94729672
2022-02-09T03:07:12,220.18,225.77,216.15,94729672
2022-02-09T03:12:13,220.18,225.77,216.15,94729672
2022-02-09T03:17:14,220.18,225.77,216.15,94729672
2022-02-09T03:22:15,220.18,225.77,216.15,94729672
2022-02-09T03:27:16,220.18,225.77,216.15,94729672
2022-02-09T03:32:17,220.18,225.77,216.15,94729672
2022-02-09T03:37:18,220.18,225.77,216.15,94729672
2022-02-09T03:42:19,220.18,225.77,216.15,94729672
2022-02-09T03:47:19,220.18,225.77,216.15,94729672
2022-02-09T03:52:21,220.18,225.77,216.15,94729672
2022-02-09T03:57:21,220.18,225.77,216.15,94729672
2022-02-09T04:02:22,220.18,225.77,216.15,94729672
2022-02-09T04:07:23,220.18,225.77,216.15,94729672
2022-02-09T04:12:24,220.18,225.77,216.15,94729672
2022-02-09T04:17:25,220.18,225.77,216.15,94729672
2022-02-09T04:22:26,220.18,225.77,216.15,94729672
2022-02-09T04:27:27,220.18,225.77,216.15,94729672
2022-02-09T04:32:28,220.18,225.77,216.15,94729672
2022-02-09T04:37:28,220.18,225.77,216.15,94729672
2022-02-09T04:42:29,220.18,225.77,216.15,94729672
2022-02-09T04:47:30,220.18,225.77,216.15,94729672
2022-02-09T04:52:31,220.18,225.77,216.15,94729672
2022-02-09T04:57:32,220.18,225.77,216.15,94729672
2022-02-09T05:02:33,220.18,225.77,216.15,94729672
2022-02-09T05:07:34,220.18,225.77,216.15,94729672
2022-02-09T05:12:35,220.18,225.77,216.15,94729672
2022-02-09T05:17:36,220.18,225.77,216.15,94729672
2022-02-09T05:22:36,220.18,225.77,216.15,94729672
2022-02-09T05:27:37,220.18,225.77,216.15,94729672
2022-02-09T05:32:38,220.18,225.77,216.15,94729672
2022-02-09T05:37:39,220.18,225.77,216.15,94729672
2022-02-09T05:42:40,220.18,225.77,216.15,94729672
2022-02-09T05:47:40,220.18,225.77,216.15,94729672
2022-02-09T05:52:41,220.18,225.77,216.15,94729672
2022-02-09T05:57:42,220.18,225.77,216.15,94729672
2022-02-09T06:02:43,220.18,225.77,216.15,94729672
2022-02-09T06:07:44,220.18,225.77,216.15,94729672
2022-02-09T06:12:44,220.18,225.77,216.15,94729672
2022-02-09T06:17:45,220.18,225.77,216.15,94729672
2022-02-09T06:22:46,220.18,225.77,216.15,94729672
2022-02-09T06:27:47,220.18,225.77,216.15,94729672
2022-02-09T06:32:47,220.18,225.77,216.15,94729672
2022-02-09T06:37:48,220.18,225.77,216.15,94729672
2022-02-09T06:42:49,220.18,225.77,216.15,94729672
2022-02-09T06:47:50,223.656,225.0713,222.21,4907531
2022-02-09T06:52:51,226.38,226.70,222.21,7505695
2022-02-09T06:57:52,226.36,227.47,222.21,9638606
