Date-Time,Price,High,Low,Volume
2022-02-09T00:01:16,7.22,7.425,6.95,818074
2022-02-09T00:06:17,7.22,7.425,6.95,818074
2022-02-09T00:11:18,7.22,7.425,6.95,818074
2022-02-09T00:16:19,7.22,7.425,6.95,818074
2022-02-09T00:21:19,7.22,7.425,6.95,818074
2022-02-09T00:26:20,7.22,7.425,6.95,818074
2022-02-09T00:31:21,7.22,7.425,6.95,818074
2022-02-09T00:36:22,7.22,7.425,6.95,818074
2022-02-09T00:41:23,7.22,7.425,6.95,818074
2022-02-09T00:46:24,7.22,7.425,6.95,818074
2022-02-09T00:51:25,7.22,7.425,6.95,818074
2022-02-09T00:56:26,7.22,7.425,6.95,818074
2022-02-09T01:01:27,7.22,7.425,6.95,818074
2022-02-09T01:06:28,7.22,7.425,6.95,818074
2022-02-09T01:11:28,7.22,7.425,6.95,818074
2022-02-09T01:16:29,7.22,7.425,6.95,818074
2022-02-09T01:21:30,7.22,7.425,6.95,818074
2022-02-09T01:26:31,7.22,7.425,6.95,818074
2022-02-09T01:31:32,7.22,7.425,6.95,818074
2022-02-09T01:36:33,7.22,7.425,6.95,818074
2022-02-09T01:41:34,7.22,7.425,6.95,818074
2022-02-09T01:46:34,7.22,7.425,6.95,818074
2022-02-09T01:51:36,7.22,7.425,6.95,818074
2022-02-09T01:56:36,7.22,7.425,6.95,818074
