Date-Time,Price,High,Low,Volume
2022-02-09T00:02:51,922.00,926.2899,894.80,16909671
2022-02-09T00:07:52,922.00,926.2899,894.80,16909671
2022-02-09T00:12:53,922.00,926.2899,894.80,16909671
2022-02-09T00:17:53,922.00,926.2899,894.80,16909671
2022-02-09T00:22:54,922.00,926.2899,894.80,16909671
2022-02-09T00:27:55,922.00,926.2899,894.80,16909671
2022-02-09T00:32:56,922.00,926.2899,894.80,16909671
2022-02-09T00:37:57,922.00,926.2899,894.80,16909671
2022-02-09T00:42:57,922.00,926.2899,894.80,16909671
2022-02-09T00:47:58,922.00,926.2899,894.80,16909671
2022-02-09T00:52:59,922.00,926.2899,894.80,16909671
2022-02-09T00:58:00,922.00,926.2899,894.80,16909671
2022-02-09T01:03:01,922.00,926.2899,894.80,16909671
2022-02-09T01:08:02,922.00,926.2899,894.80,16909671
2022-02-09T01:13:02,922.00,926.2899,894.80,16909671
2022-02-09T01:18:03,922.00,926.2899,894.80,16909671
2022-02-09T01:23:04,922.00,926.2899,894.80,16909671
2022-02-09T01:28:05,922.00,926.2899,894.80,16909671
2022-02-09T01:33:06,922.00,926.2899,894.80,16909671
2022-02-09T01:38:07,922.00,926.2899,894.80,16909671
2022-02-09T01:43:07,922.00,926.2899,894.80,16909671
2022-02-09T01:48:08,922.00,926.2899,894.80,16909671
2022-02-09T01:53:09,922.00,926.2899,894.80,16909671
2022-02-09T01:58:10,922.00,926.2899,894.80,16909671
2022-02-09T02:03:11,922.00,926.2899,894.80,16909671
2022-02-09T02:08:11,922.00,926.2899,894.80,16909671
2022-02-09T02:13:12,922.00,926.2899,894.80,16909671
2022-02-09T02:18:13,922.00,926.2899,894.80,16909671
2022-02-09T02:23:14,922.00,926.2899,894.80,16909671
2022-02-09T02:28:15,922.00,926.2899,894.80,16909671
2022-02-09T02:33:16,922.00,926.2899,894.80,16909671
2022-02-09T02:38:16,922.00,926.2899,894.80,16909671
2022-02-09T02:43:18,922.00,926.2899,894.80,16909671
2022-02-09T02:48:18,922.00,926.2899,894.80,16909671
2022-02-09T02:53:19,922.00,926.2899,894.80,16909671
2022-02-09T02:58:20,922.00,926.2899,894.80,16909671
