Date-Time,Price,High,Low,Volume
2022-03-13T00:01:51,38.05,41.00,37.50,42597909
2022-03-13T00:06:52,38.05,41.00,37.50,42597909
2022-03-13T00:11:52,38.05,41.00,37.50,42597909
2022-03-13T00:16:53,38.05,41.00,37.50,42597909
2022-03-13T00:21:54,38.05,41.00,37.50,42597909
2022-03-13T00:26:55,38.05,41.00,37.50,42597909
2022-03-13T00:31:56,38.05,41.00,37.50,42597909
2022-03-13T00:36:57,38.05,41.00,37.50,42597909
2022-03-13T00:41:58,38.05,41.00,37.50,42597909
2022-03-13T00:46:59,38.05,41.00,37.50,42597909
2022-03-13T00:51:59,38.05,41.00,37.50,42597909
2022-03-13T00:57:01,38.05,41.00,37.50,42597909
2022-03-13T01:02:01,38.05,41.00,37.50,42597909
2022-03-13T01:07:02,38.05,41.00,37.50,42597909
2022-03-13T01:12:03,38.05,41.00,37.50,42597909
2022-03-13T01:17:04,38.05,41.00,37.50,42597909
2022-03-13T01:22:05,38.05,41.00,37.50,42597909
2022-03-13T01:27:06,38.05,41.00,37.50,42597909
2022-03-13T01:32:07,38.05,41.00,37.50,42597909
2022-03-13T01:37:08,38.05,41.00,37.50,42597909
