Date-Time,Price,High,Low,Volume
2022-05-23T00:04:25,4.56,4.56,4.27,741603
2022-05-23T00:09:26,4.56,4.56,4.27,741603
2022-05-23T00:14:26,4.56,4.56,4.27,741603
2022-05-23T00:19:27,4.56,4.56,4.27,741603
2022-05-23T00:24:28,4.56,4.56,4.27,741603
2022-05-23T00:29:29,4.56,4.56,4.27,741603
2022-05-23T00:34:30,4.56,4.56,4.27,741603
2022-05-23T00:39:30,4.56,4.56,4.27,741603
2022-05-23T00:44:31,4.56,4.56,4.27,741603
2022-05-23T00:49:32,4.56,4.56,4.27,741603
2022-05-23T00:54:33,4.56,4.56,4.27,741603
2022-05-23T00:59:34,4.56,4.56,4.27,741603
2022-05-23T01:04:35,4.56,4.56,4.27,741603
2022-05-23T01:09:36,4.56,4.56,4.27,741603
2022-05-23T01:14:36,4.56,4.56,4.27,741603
2022-05-23T01:19:37,4.56,4.56,4.27,741603
2022-05-23T01:24:38,4.56,4.56,4.27,741603
2022-05-23T01:29:39,4.56,4.56,4.27,741603
2022-05-23T01:34:40,4.56,4.56,4.27,741603
2022-05-23T01:39:41,4.56,4.56,4.27,741603
2022-05-23T01:44:41,4.56,4.56,4.27,741603
2022-05-23T01:49:42,4.56,4.56,4.27,741603
2022-05-23T01:54:43,4.56,4.56,4.27,741603
