Date-Time,Price,High,Low,Volume
2022-05-23T00:02:45,193.54,197.91,187.87,31465570
2022-05-23T00:07:46,193.54,197.91,187.87,31465570
2022-05-23T00:12:47,193.54,197.91,187.87,31465570
2022-05-23T00:17:48,193.54,197.91,187.87,31465570
2022-05-23T00:22:49,193.54,197.91,187.87,31465570
2022-05-23T00:27:49,193.54,197.91,187.87,31465570
2022-05-23T00:32:50,193.54,197.91,187.87,31465570
2022-05-23T00:37:51,193.54,197.91,187.87,31465570
2022-05-23T00:42:52,193.54,197.91,187.87,31465570
2022-05-23T00:47:53,193.54,197.91,187.87,31465570
2022-05-23T00:52:54,193.54,197.91,187.87,31465570
