Date-Time,Price,High,Low,Volume
2022-05-23T00:02:45,663.90,721.582,633.00,48324435
2022-05-23T00:07:46,663.90,721.582,633.00,48324435
2022-05-23T00:12:47,663.90,721.582,633.00,48324435
2022-05-23T00:17:48,663.90,721.582,633.00,48324435
2022-05-23T00:22:49,663.90,721.582,633.00,48324435
2022-05-23T00:27:49,663.90,721.582,633.00,48324435
2022-05-23T00:32:50,663.90,721.582,633.00,48324435
2022-05-23T00:37:51,663.90,721.582,633.00,48324435
2022-05-23T00:42:52,663.90,721.582,633.00,48324435
2022-05-23T00:47:53,663.90,721.582,633.00,48324435
2022-05-23T00:52:54,663.90,721.582,633.00,48324435
2022-05-23T00:57:54,663.90,721.582,633.00,48324435
2022-05-23T01:02:55,663.90,721.582,633.00,48324435
2022-05-23T01:07:56,663.90,721.582,633.00,48324435
2022-05-23T01:12:57,663.90,721.582,633.00,48324435
2022-05-23T01:17:58,663.90,721.582,633.00,48324435
2022-05-23T01:22:59,663.90,721.582,633.00,48324435
2022-05-23T01:27:59,663.90,721.582,633.00,48324435
2022-05-23T01:33:00,663.90,721.582,633.00,48324435
2022-05-23T01:38:01,663.90,721.582,633.00,48324435
2022-05-23T01:43:02,663.90,721.582,633.00,48324435
2022-05-23T01:48:03,663.90,721.582,633.00,48324435
2022-05-23T01:53:04,663.90,721.582,633.00,48324435
2022-05-23T01:58:04,663.90,721.582,633.00,48324435
2022-05-23T02:03:05,663.90,721.582,633.00,48324435
2022-05-23T02:08:06,663.90,721.582,633.00,48324435
2022-05-23T02:13:07,663.90,721.582,633.00,48324435
2022-05-23T02:18:08,663.90,721.582,633.00,48324435
2022-05-23T02:23:08,663.90,721.582,633.00,48324435
2022-05-23T02:28:09,663.90,721.582,633.00,48324435
2022-05-23T02:33:10,663.90,721.582,633.00,48324435
2022-05-23T02:38:11,663.90,721.582,633.00,48324435
2022-05-23T02:43:12,663.90,721.582,633.00,48324435
2022-05-23T02:48:12,663.90,721.582,633.00,48324435
2022-05-23T02:53:13,663.90,721.582,633.00,48324435
2022-05-23T02:58:14,663.90,721.582,633.00,48324435
2022-05-23T03:03:15,663.90,721.582,633.00,48324435
2022-05-23T03:08:16,663.90,721.582,633.00,48324435
2022-05-23T03:13:16,663.90,721.582,633.00,48324435
2022-05-23T03:18:17,663.90,721.582,633.00,48324435
2022-05-23T03:23:18,663.90,721.582,633.00,48324435
2022-05-23T03:28:19,663.90,721.582,633.00,48324435
2022-05-23T03:33:20,663.90,721.582,633.00,48324435
2022-05-23T03:38:21,663.90,721.582,633.00,48324435
2022-05-23T03:43:22,663.90,721.582,633.00,48324435
2022-05-23T03:48:23,663.90,721.582,633.00,48324435
2022-05-23T03:53:23,663.90,721.582,633.00,48324435
2022-05-23T03:58:24,663.90,721.582,633.00,48324435
2022-05-23T04:03:25,663.90,721.582,633.00,48324435
2022-05-23T04:08:26,663.90,721.582,633.00,48324435
2022-05-23T04:13:27,663.90,721.582,633.00,48324435
2022-05-23T04:18:28,663.90,721.582,633.00,48324435
2022-05-23T04:23:28,663.90,721.582,633.00,48324435
2022-05-23T04:28:29,663.90,721.582,633.00,48324435
2022-05-23T04:33:30,663.90,721.582,633.00,48324435
2022-05-23T04:38:31,663.90,721.582,633.00,48324435
2022-05-23T04:43:32,663.90,721.582,633.00,48324435
2022-05-23T04:48:33,663.90,721.582,633.00,48324435
2022-05-23T04:53:34,663.90,721.582,633.00,48324435
2022-05-23T04:58:34,663.90,721.582,633.00,48324435
2022-05-23T05:03:35,663.90,721.582,633.00,48324435
2022-05-23T05:08:36,663.90,721.582,633.00,48324435
2022-05-23T05:13:37,663.90,721.582,633.00,48324435
2022-05-23T05:18:37,663.90,721.582,633.00,48324435
2022-05-23T05:23:38,663.90,721.582,633.00,48324435
2022-05-23T05:28:39,663.90,721.582,633.00,48324435
2022-05-23T05:33:40,663.90,721.582,633.00,48324435
2022-05-23T05:38:40,663.90,721.582,633.00,48324435
2022-05-23T05:43:41,663.90,721.582,633.00,48324435
2022-05-23T05:48:42,663.90,721.582,633.00,48324435
2022-05-23T05:53:43,663.90,721.582,633.00,48324435
2022-05-23T05:58:44,663.90,721.582,633.00,48324435
2022-05-23T06:03:44,663.90,721.582,633.00,48324435
2022-05-23T06:08:45,663.90,721.582,633.00,48324435
2022-05-23T06:13:46,663.90,721.582,633.00,48324435
2022-05-23T06:18:47,663.90,721.582,633.00,48324435
2022-05-23T06:23:48,663.90,721.582,633.00,48324435
2022-05-23T06:28:49,663.90,721.582,633.00,48324435
2022-05-23T06:33:50,663.90,721.582,633.00,48324435
2022-05-23T06:38:50,663.90,721.582,633.00,48324435
2022-05-23T06:43:51,663.90,721.582,633.00,48324435
2022-05-23T06:48:52,650.00,658.01,650.00,2214021
2022-05-23T06:53:53,642.38,658.01,640.6117,3548741
2022-05-23T06:58:54,659.14,661.00,638.06,5016255
2022-05-23T07:04:04,659.31,666.20,638.06,6187563
2022-05-23T07:09:04,658.3382,666.20,638.06,6938330
2022-05-23T07:14:05,648.13,666.20,638.06,7645756
2022-05-23T07:19:06,644.025,666.20,638.06,8211165
2022-05-23T07:24:07,646.13,666.20,638.06,8857948
2022-05-23T07:29:07,652.7524,666.20,638.06,9456129
2022-05-23T07:34:08,651.15,666.20,638.06,9964046
2022-05-23T07:39:09,654.4535,666.20,638.06,10566278
2022-05-23T07:44:10,651.66,666.20,638.06,11007615
2022-05-23T07:49:11,667.54,673.91,638.06,12035268
2022-05-23T07:54:12,668.00,673.91,638.06,12616887
