Date-Time,Price,High,Low,Volume
2022-05-23T00:00:09,28.92,30.65,27.28,22757615
2022-05-23T00:05:10,28.92,30.65,27.28,22757615
2022-05-23T00:10:11,28.92,30.65,27.28,22757615
2022-05-23T00:15:11,28.92,30.65,27.28,22757615
2022-05-23T00:20:12,28.92,30.65,27.28,22757615
2022-05-23T00:25:13,28.92,30.65,27.28,22757615
2022-05-23T00:30:14,28.92,30.65,27.28,22757615
2022-05-23T00:35:15,28.92,30.65,27.28,22757615
2022-05-23T00:40:16,28.92,30.65,27.28,22757615
2022-05-23T00:45:16,28.92,30.65,27.28,22757615
2022-05-23T00:50:17,28.92,30.65,27.28,22757615
2022-05-23T00:55:18,28.92,30.65,27.28,22757615
2022-05-23T01:00:19,28.92,30.65,27.28,22757615
2022-05-23T01:05:20,28.92,30.65,27.28,22757615
2022-05-23T01:10:20,28.92,30.65,27.28,22757615
2022-05-23T01:15:21,28.92,30.65,27.28,22757615
2022-05-23T01:20:22,28.92,30.65,27.28,22757615
2022-05-23T01:25:23,28.92,30.65,27.28,22757615
2022-05-23T01:30:24,28.92,30.65,27.28,22757615
2022-05-23T01:35:24,28.92,30.65,27.28,22757615
2022-05-23T01:40:25,28.92,30.65,27.28,22757615
2022-05-23T01:45:26,28.92,30.65,27.28,22757615
2022-05-23T01:50:27,28.92,30.65,27.28,22757615
2022-05-23T01:55:28,28.92,30.65,27.28,22757615
