Date-Time,Price,High,Low,Volume
2022-02-10T00:00:50,232.00,233.37,222.21,86563275
2022-02-10T00:05:51,232.00,233.37,222.21,86563275
2022-02-10T00:10:52,232.00,233.37,222.21,86563275
2022-02-10T00:15:53,232.00,233.37,222.21,86563275
2022-02-10T00:20:54,232.00,233.37,222.21,86563275
2022-02-10T00:25:54,232.00,233.37,222.21,86563275
2022-02-10T00:30:55,232.00,233.37,222.21,86563275
2022-02-10T00:35:56,232.00,233.37,222.21,86563275
2022-02-10T00:40:57,232.00,233.37,222.21,86563275
2022-02-10T00:45:58,232.00,233.37,222.21,86563275
2022-02-10T00:50:59,232.00,233.37,222.21,86563275
2022-02-10T00:55:59,232.00,233.37,222.21,86563275
2022-02-10T01:01:00,232.00,233.37,222.21,86563275
