Date-Time,Price,High,Low,Volume
2022-02-10T00:02:07,64.53,65.12,60.75,13343731
2022-02-10T00:07:08,64.53,65.12,60.75,13343731
2022-02-10T00:12:09,64.53,65.12,60.75,13343731
2022-02-10T00:17:10,64.53,65.12,60.75,13343731
2022-02-10T00:22:11,64.53,65.12,60.75,13343731
2022-02-10T00:27:11,64.53,65.12,60.75,13343731
2022-02-10T00:32:12,64.53,65.12,60.75,13343731
2022-02-10T00:37:13,64.53,65.12,60.75,13343731
2022-02-10T00:42:14,64.53,65.12,60.75,13343731
2022-02-10T00:47:15,64.53,65.12,60.75,13343731
2022-02-10T00:52:16,64.53,65.12,60.75,13343731
2022-02-10T00:57:17,64.53,65.12,60.75,13343731
2022-02-10T01:02:17,64.53,65.12,60.75,13343731
2022-02-10T01:07:18,64.53,65.12,60.75,13343731
2022-02-10T01:12:19,64.53,65.12,60.75,13343731
2022-02-10T01:17:20,64.53,65.12,60.75,13343731
2022-02-10T01:22:20,64.53,65.12,60.75,13343731
2022-02-10T01:27:21,64.53,65.12,60.75,13343731
2022-02-10T01:32:22,64.53,65.12,60.75,13343731
2022-02-10T01:37:23,64.53,65.12,60.75,13343731
2022-02-10T01:42:24,64.53,65.12,60.75,13343731
2022-02-10T01:47:24,64.53,65.12,60.75,13343731
2022-02-10T01:52:25,64.53,65.12,60.75,13343731
2022-02-10T01:57:26,64.53,65.12,60.75,13343731
2022-02-10T02:02:27,64.53,65.12,60.75,13343731
