Date-Time,Price,High,Low,Volume
2022-04-18T00:00:04,5.69,5.77,5.38,690244
2022-04-18T00:05:05,5.69,5.77,5.38,690244
2022-04-18T00:10:06,5.69,5.77,5.38,690244
2022-04-18T00:15:07,5.69,5.77,5.38,690244
2022-04-18T00:20:07,5.69,5.77,5.38,690244
2022-04-18T00:25:08,5.69,5.77,5.38,690244
2022-04-18T00:30:09,5.69,5.77,5.38,690244
2022-04-18T00:35:10,5.69,5.77,5.38,690244
2022-04-18T00:40:11,5.69,5.77,5.38,690244
2022-04-18T00:45:12,5.69,5.77,5.38,690244
2022-04-18T00:50:13,5.69,5.77,5.38,690244
2022-04-18T00:55:14,5.69,5.77,5.38,690244
2022-04-18T01:00:15,5.69,5.77,5.38,690244
2022-04-18T01:05:16,5.69,5.77,5.38,690244
2022-04-18T01:10:16,5.69,5.77,5.38,690244
2022-04-18T01:15:17,5.69,5.77,5.38,690244
2022-04-18T01:20:18,5.69,5.77,5.38,690244
2022-04-18T01:25:19,5.69,5.77,5.38,690244
2022-04-18T01:30:20,5.69,5.77,5.38,690244
2022-04-18T01:35:21,5.69,5.77,5.38,690244
2022-04-18T01:40:22,5.69,5.77,5.38,690244
2022-04-18T01:45:23,5.69,5.77,5.38,690244
2022-04-18T01:50:23,5.69,5.77,5.38,690244
2022-04-18T01:55:24,5.69,5.77,5.38,690244
2022-04-18T02:00:25,5.69,5.77,5.38,690244
2022-04-18T02:05:26,5.69,5.77,5.38,690244
2022-04-18T02:10:27,5.69,5.77,5.38,690244
2022-04-18T02:15:28,5.69,5.77,5.38,690244
2022-04-18T02:20:29,5.69,5.77,5.38,690244
2022-04-18T02:25:30,5.69,5.77,5.38,690244
