Date-Time,Price,High,Low,Volume
2022-04-18T00:02:33,40.59,41.90,40.21,9206097
2022-04-18T00:07:34,40.59,41.90,40.21,9206097
2022-04-18T00:12:35,40.59,41.90,40.21,9206097
2022-04-18T00:17:35,40.59,41.90,40.21,9206097
2022-04-18T00:22:36,40.59,41.90,40.21,9206097
2022-04-18T00:27:37,40.59,41.90,40.21,9206097
2022-04-18T00:32:38,40.59,41.90,40.21,9206097
2022-04-18T00:37:39,40.59,41.90,40.21,9206097
2022-04-18T00:42:40,40.59,41.90,40.21,9206097
2022-04-18T00:47:41,40.59,41.90,40.21,9206097
2022-04-18T00:52:42,40.59,41.90,40.21,9206097
2022-04-18T00:57:43,40.59,41.90,40.21,9206097
2022-04-18T01:02:44,40.59,41.90,40.21,9206097
2022-04-18T01:07:44,40.59,41.90,40.21,9206097
2022-04-18T01:12:45,40.59,41.90,40.21,9206097
2022-04-18T01:17:46,40.59,41.90,40.21,9206097
2022-04-18T01:22:47,40.59,41.90,40.21,9206097
2022-04-18T01:27:48,40.59,41.90,40.21,9206097
2022-04-18T01:32:49,40.59,41.90,40.21,9206097
2022-04-18T01:37:50,40.59,41.90,40.21,9206097
2022-04-18T01:42:50,40.59,41.90,40.21,9206097
2022-04-18T01:47:51,40.59,41.90,40.21,9206097
2022-04-18T01:52:52,40.59,41.90,40.21,9206097
2022-04-18T01:57:53,40.59,41.90,40.21,9206097
2022-04-18T02:02:54,40.59,41.90,40.21,9206097
2022-04-18T02:07:55,40.59,41.90,40.21,9206097
2022-04-18T02:12:55,40.59,41.90,40.21,9206097
2022-04-18T02:17:56,40.59,41.90,40.21,9206097
2022-04-18T02:22:57,40.59,41.90,40.21,9206097
2022-04-18T02:27:58,40.59,41.90,40.21,9206097
2022-04-18T02:32:59,40.59,41.90,40.21,9206097
2022-04-18T02:38:00,40.59,41.90,40.21,9206097
2022-04-18T02:43:01,40.59,41.90,40.21,9206097
2022-04-18T02:48:02,40.59,41.90,40.21,9206097
2022-04-18T02:53:02,40.59,41.90,40.21,9206097
2022-04-18T02:58:03,40.59,41.90,40.21,9206097
2022-04-18T03:03:04,40.59,41.90,40.21,9206097
2022-04-18T03:08:05,40.59,41.90,40.21,9206097
2022-04-18T03:13:06,40.59,41.90,40.21,9206097
2022-04-18T03:18:07,40.59,41.90,40.21,9206097
2022-04-18T03:23:08,40.59,41.90,40.21,9206097
2022-04-18T03:28:09,40.59,41.90,40.21,9206097
2022-04-18T03:33:09,40.59,41.90,40.21,9206097
2022-04-18T03:38:10,40.59,41.90,40.21,9206097
2022-04-18T03:43:11,40.59,41.90,40.21,9206097
2022-04-18T03:48:12,40.59,41.90,40.21,9206097
2022-04-18T03:53:13,40.59,41.90,40.21,9206097
2022-04-18T03:58:14,40.59,41.90,40.21,9206097
2022-04-18T04:03:15,40.59,41.90,40.21,9206097
2022-04-18T04:08:16,40.59,41.90,40.21,9206097
2022-04-18T04:13:16,40.59,41.90,40.21,9206097
2022-04-18T04:18:17,40.59,41.90,40.21,9206097
2022-04-18T04:23:18,40.59,41.90,40.21,9206097
2022-04-18T04:28:19,40.59,41.90,40.21,9206097
2022-04-18T04:33:20,40.59,41.90,40.21,9206097
2022-04-18T04:38:20,40.59,41.90,40.21,9206097
2022-04-18T04:43:21,40.59,41.90,40.21,9206097
2022-04-18T04:48:22,40.59,41.90,40.21,9206097
2022-04-18T04:53:23,40.59,41.90,40.21,9206097
2022-04-18T04:58:24,40.59,41.90,40.21,9206097
2022-04-18T05:03:25,40.59,41.90,40.21,9206097
2022-04-18T05:08:26,40.59,41.90,40.21,9206097
2022-04-18T05:13:27,40.59,41.90,40.21,9206097
2022-04-18T05:18:27,40.59,41.90,40.21,9206097
2022-04-18T05:23:28,40.59,41.90,40.21,9206097
