Date-Time,Price,High,Low,Volume
2022-04-18T00:02:33,985.00,1012.7099,982.19,19474135
2022-04-18T00:07:34,985.00,1012.7099,982.19,19474135
2022-04-18T00:12:35,985.00,1012.7099,982.19,19474135
2022-04-18T00:17:35,985.00,1012.7099,982.19,19474135
2022-04-18T00:22:36,985.00,1012.7099,982.19,19474135
2022-04-18T00:27:37,985.00,1012.7099,982.19,19474135
2022-04-18T00:32:38,985.00,1012.7099,982.19,19474135
2022-04-18T00:37:39,985.00,1012.7099,982.19,19474135
2022-04-18T00:42:40,985.00,1012.7099,982.19,19474135
2022-04-18T00:47:41,985.00,1012.7099,982.19,19474135
2022-04-18T00:52:42,985.00,1012.7099,982.19,19474135
2022-04-18T00:57:42,985.00,1012.7099,982.19,19474135
2022-04-18T01:02:43,985.00,1012.7099,982.19,19474135
2022-04-18T01:07:44,985.00,1012.7099,982.19,19474135
2022-04-18T01:12:45,985.00,1012.7099,982.19,19474135
2022-04-18T01:17:46,985.00,1012.7099,982.19,19474135
2022-04-18T01:22:47,985.00,1012.7099,982.19,19474135
2022-04-18T01:27:48,985.00,1012.7099,982.19,19474135
2022-04-18T01:32:48,985.00,1012.7099,982.19,19474135
2022-04-18T01:37:49,985.00,1012.7099,982.19,19474135
2022-04-18T01:42:50,985.00,1012.7099,982.19,19474135
2022-04-18T01:47:51,985.00,1012.7099,982.19,19474135
2022-04-18T01:52:52,985.00,1012.7099,982.19,19474135
2022-04-18T01:57:53,985.00,1012.7099,982.19,19474135
2022-04-18T02:02:54,985.00,1012.7099,982.19,19474135
2022-04-18T02:07:54,985.00,1012.7099,982.19,19474135
2022-04-18T02:12:55,985.00,1012.7099,982.19,19474135
2022-04-18T02:17:56,985.00,1012.7099,982.19,19474135
2022-04-18T02:22:57,985.00,1012.7099,982.19,19474135
2022-04-18T02:27:58,985.00,1012.7099,982.19,19474135
