Date-Time,Price,High,Low,Volume
2021-12-28T00:01:28,346.18,347.87,338.01,17795026
2021-12-28T00:06:29,346.18,347.87,338.01,17795026
2021-12-28T00:11:30,346.18,347.87,338.01,17795026
2021-12-28T00:16:31,346.18,347.87,338.01,17795026
2021-12-28T00:21:32,346.18,347.87,338.01,17795026
2021-12-28T00:26:33,346.18,347.87,338.01,17795026
2021-12-28T00:31:34,346.18,347.87,338.01,17795026
2021-12-28T00:36:34,346.18,347.87,338.01,17795026
2021-12-28T00:41:35,346.18,347.87,338.01,17795026
2021-12-28T00:46:36,346.18,347.87,338.01,17795026
2021-12-28T00:51:37,346.18,347.87,338.01,17795026
2021-12-28T00:56:38,346.18,347.87,338.01,17795026
2021-12-28T01:01:39,346.18,347.87,338.01,17795026
2021-12-28T01:06:40,346.18,347.87,338.01,17795026
