Date-Time,Price,High,Low,Volume
2021-12-28T00:01:59,5.99,6.24,5.93,1359842
2021-12-28T00:07:01,5.99,6.24,5.93,1359842
2021-12-28T00:12:02,5.99,6.24,5.93,1359842
2021-12-28T00:17:04,5.99,6.24,5.93,1359842
2021-12-28T00:22:05,5.99,6.24,5.93,1359842
2021-12-28T00:27:06,5.99,6.24,5.93,1359842
2021-12-28T00:32:07,5.99,6.24,5.93,1359842
2021-12-28T00:37:08,5.99,6.24,5.93,1359842
2021-12-28T00:42:09,5.99,6.24,5.93,1359842
2021-12-28T00:47:09,5.99,6.24,5.93,1359842
2021-12-28T00:52:10,5.99,6.24,5.93,1359842
2021-12-28T00:57:11,5.99,6.24,5.93,1359842
2021-12-28T01:02:12,5.99,6.24,5.93,1359842
2021-12-28T01:07:13,5.99,6.24,5.93,1359842
