Date-Time,Price,High,Low,Volume
2021-12-28T00:01:29,1093.94,1117.00,1070.7152,23715273
2021-12-28T00:06:29,1093.94,1117.00,1070.7152,23715273
2021-12-28T00:11:30,1093.94,1117.00,1070.7152,23715273
2021-12-28T00:16:31,1093.94,1117.00,1070.7152,23715273
2021-12-28T00:21:32,1093.94,1117.00,1070.7152,23715273
2021-12-28T00:26:33,1093.94,1117.00,1070.7152,23715273
2021-12-28T00:31:34,1093.94,1117.00,1070.7152,23715273
2021-12-28T00:36:34,1093.94,1117.00,1070.7152,23715273
2021-12-28T00:41:35,1093.94,1117.00,1070.7152,23715273
2021-12-28T00:46:36,1093.94,1117.00,1070.7152,23715273
2021-12-28T00:51:37,1093.94,1117.00,1070.7152,23715273
2021-12-28T00:56:38,1093.94,1117.00,1070.7152,23715273
2021-12-28T01:01:39,1093.94,1117.00,1070.7152,23715273
2021-12-28T01:06:40,1093.94,1117.00,1070.7152,23715273
2021-12-28T01:11:40,1093.94,1117.00,1070.7152,23715273
2021-12-28T01:16:41,1093.94,1117.00,1070.7152,23715273
2021-12-28T01:21:42,1093.94,1117.00,1070.7152,23715273
2021-12-28T01:26:43,1093.94,1117.00,1070.7152,23715273
2021-12-28T01:31:44,1093.94,1117.00,1070.7152,23715273
2021-12-28T01:36:44,1093.94,1117.00,1070.7152,23715273
2021-12-28T01:41:45,1093.94,1117.00,1070.7152,23715273
2021-12-28T01:46:46,1093.94,1117.00,1070.7152,23715273
2021-12-28T01:51:47,1093.94,1117.00,1070.7152,23715273
2021-12-28T01:56:47,1093.94,1117.00,1070.7152,23715273
2021-12-28T02:01:48,1093.94,1117.00,1070.7152,23715273
2021-12-28T02:06:49,1093.94,1117.00,1070.7152,23715273
2021-12-28T02:11:50,1093.94,1117.00,1070.7152,23715273
2021-12-28T02:16:51,1093.94,1117.00,1070.7152,23715273
2021-12-28T02:21:51,1093.94,1117.00,1070.7152,23715273
2021-12-28T02:26:52,1093.94,1117.00,1070.7152,23715273
2021-12-28T02:31:53,1093.94,1117.00,1070.7152,23715273
2021-12-28T02:36:54,1093.94,1117.00,1070.7152,23715273
2021-12-28T02:41:55,1093.94,1117.00,1070.7152,23715273
2021-12-28T02:46:56,1093.94,1117.00,1070.7152,23715273
2021-12-28T02:51:56,1093.94,1117.00,1070.7152,23715273
2021-12-28T02:56:57,1093.94,1117.00,1070.7152,23715273
2021-12-28T03:01:58,1093.94,1117.00,1070.7152,23715273
2021-12-28T03:06:59,1093.94,1117.00,1070.7152,23715273
2021-12-28T03:12:00,1093.94,1117.00,1070.7152,23715273
2021-12-28T03:17:00,1093.94,1117.00,1070.7152,23715273
2021-12-28T03:22:02,1093.94,1117.00,1070.7152,23715273
2021-12-28T03:27:03,1093.94,1117.00,1070.7152,23715273
2021-12-28T03:32:04,1093.94,1117.00,1070.7152,23715273
2021-12-28T03:37:05,1093.94,1117.00,1070.7152,23715273
2021-12-28T03:42:06,1093.94,1117.00,1070.7152,23715273
2021-12-28T03:47:07,1093.94,1117.00,1070.7152,23715273
2021-12-28T03:52:08,1093.94,1117.00,1070.7152,23715273
2021-12-28T03:57:09,1093.94,1117.00,1070.7152,23715273
2021-12-28T04:02:10,1093.94,1117.00,1070.7152,23715273
2021-12-28T04:07:11,1093.94,1117.00,1070.7152,23715273
2021-12-28T04:12:12,1093.94,1117.00,1070.7152,23715273
2021-12-28T04:17:13,1093.94,1117.00,1070.7152,23715273
2021-12-28T04:22:13,1093.94,1117.00,1070.7152,23715273
2021-12-28T04:27:14,1093.94,1117.00,1070.7152,23715273
2021-12-28T04:32:15,1093.94,1117.00,1070.7152,23715273
2021-12-28T04:37:16,1093.94,1117.00,1070.7152,23715273
2021-12-28T04:42:16,1093.94,1117.00,1070.7152,23715273
2021-12-28T04:47:17,1093.94,1117.00,1070.7152,23715273
2021-12-28T04:52:18,1093.94,1117.00,1070.7152,23715273
2021-12-28T04:57:19,1093.94,1117.00,1070.7152,23715273
2021-12-28T05:02:20,1093.94,1117.00,1070.7152,23715273
2021-12-28T05:07:20,1093.94,1117.00,1070.7152,23715273
2021-12-28T05:12:21,1093.94,1117.00,1070.7152,23715273
2021-12-28T05:17:22,1093.94,1117.00,1070.7152,23715273
2021-12-28T05:22:23,1093.94,1117.00,1070.7152,23715273
2021-12-28T05:27:23,1093.94,1117.00,1070.7152,23715273
2021-12-28T05:32:24,1093.94,1117.00,1070.7152,23715273
2021-12-28T05:37:25,1093.94,1117.00,1070.7152,23715273
2021-12-28T05:42:26,1093.94,1117.00,1070.7152,23715273
2021-12-28T05:47:27,1093.94,1117.00,1070.7152,23715273
2021-12-28T05:52:27,1093.94,1117.00,1070.7152,23715273
2021-12-28T05:57:28,1093.94,1117.00,1070.7152,23715273
2021-12-28T06:02:29,1093.94,1117.00,1070.7152,23715273
2021-12-28T06:07:30,1093.94,1117.00,1070.7152,23715273
2021-12-28T06:12:30,1093.94,1117.00,1070.7152,23715273
2021-12-28T06:17:31,1093.94,1117.00,1070.7152,23715273
2021-12-28T06:22:32,1093.94,1117.00,1070.7152,23715273
2021-12-28T06:27:33,1093.94,1117.00,1070.7152,23715273
2021-12-28T06:32:33,1093.94,1117.00,1070.7152,23715273
2021-12-28T06:37:34,1093.94,1117.00,1070.7152,23715273
2021-12-28T06:42:35,1093.94,1117.00,1070.7152,23715273
2021-12-28T06:47:36,1115.0512,1118.9999,1106.5196,1443927
2021-12-28T06:52:37,1099.93,1118.9999,1094.02,2431093
2021-12-28T06:57:37,1101.2585,1118.9999,1089.24,3299395
2021-12-28T07:02:38,1105.5917,1118.9999,1089.24,3936352
2021-12-28T07:07:39,1102.15,1118.9999,1089.24,4355474
2021-12-28T07:12:39,1100.00,1118.9999,1089.24,4763626
2021-12-28T07:17:40,1097.54,1118.9999,1089.24,5135761
2021-12-28T07:22:41,1093.38,1118.9999,1089.24,5435161
2021-12-28T07:27:41,1086.56,1118.9999,1081.35,6162722
2021-12-28T07:32:42,1082.3576,1118.9999,1078.42,6806574
2021-12-28T07:37:43,1086.18,1118.9999,1078.42,7182953
2021-12-28T07:42:44,1086.8156,1118.9999,1078.42,7423490
2021-12-28T07:47:44,1092.95,1118.9999,1078.42,7871273
2021-12-28T07:52:45,1089.1679,1118.9999,1078.42,8132571
2021-12-28T07:57:46,1083.20,1118.9999,1078.42,8359177
2021-12-28T08:02:46,1085.48,1118.9999,1078.42,8536255
2021-12-28T08:07:47,1088.877,1118.9999,1078.42,8856986
2021-12-28T08:12:48,1086.00,1118.9999,1078.42,9006971
2021-12-28T08:17:49,1089.25,1118.9999,1078.42,9185395
2021-12-28T08:22:49,1086.315,1118.9999,1078.42,9327358
2021-12-28T08:27:50,1085.00,1118.9999,1078.42,9472244
2021-12-28T08:32:51,1083.66,1118.9999,1078.42,9645308
2021-12-28T08:37:52,1085.0476,1118.9999,1078.42,9804418
2021-12-28T08:42:53,1083.96,1118.9999,1078.42,9912479
2021-12-28T08:47:53,1085.2164,1118.9999,1078.42,10082407
2021-12-28T08:52:54,1082.5361,1118.9999,1078.42,10250901
2021-12-28T08:57:55,1083.81,1118.9999,1078.42,10396941
2021-12-28T09:02:56,1085.04,1118.9999,1078.42,10503085
2021-12-28T09:07:57,1092.985,1118.9999,1078.42,10804959
