Date-Time,Price,High,Low,Volume
2022-01-08T00:04:51,331.79,337.00,328.8801,14722020
2022-01-08T00:09:52,331.79,337.00,328.8801,14722020
2022-01-08T00:14:52,331.79,337.00,328.8801,14722020
2022-01-08T00:19:53,331.79,337.00,328.8801,14722020
2022-01-08T00:24:54,331.79,337.00,328.8801,14722020
2022-01-08T00:29:55,331.79,337.00,328.8801,14722020
2022-01-08T00:34:56,331.79,337.00,328.8801,14722020
2022-01-08T00:39:56,331.79,337.00,328.8801,14722020
2022-01-08T00:44:57,331.79,337.00,328.8801,14722020
2022-01-08T00:49:58,331.79,337.00,328.8801,14722020
2022-01-08T00:54:59,331.79,337.00,328.8801,14722020
2022-01-08T01:00:00,331.79,337.00,328.8801,14722020
2022-01-08T01:05:01,331.79,337.00,328.8801,14722020
2022-01-08T01:10:02,331.79,337.00,328.8801,14722020
2022-01-08T01:15:03,331.79,337.00,328.8801,14722020
2022-01-08T01:20:03,331.79,337.00,328.8801,14722020
