Date-Time,Price,High,Low,Volume
2022-01-08T00:03:43,1026.96,1080.9299,1010.00,28054916
2022-01-08T00:08:43,1026.96,1080.9299,1010.00,28054916
2022-01-08T00:13:44,1026.96,1080.9299,1010.00,28054916
2022-01-08T00:18:45,1026.96,1080.9299,1010.00,28054916
2022-01-08T00:23:46,1026.96,1080.9299,1010.00,28054916
2022-01-08T00:28:47,1026.96,1080.9299,1010.00,28054916
2022-01-08T00:33:48,1026.96,1080.9299,1010.00,28054916
2022-01-08T00:38:48,1026.96,1080.9299,1010.00,28054916
2022-01-08T00:43:49,1026.96,1080.9299,1010.00,28054916
2022-01-08T00:48:50,1026.96,1080.9299,1010.00,28054916
2022-01-08T00:53:51,1026.96,1080.9299,1010.00,28054916
2022-01-08T00:58:52,1026.96,1080.9299,1010.00,28054916
2022-01-08T01:03:53,1026.96,1080.9299,1010.00,28054916
2022-01-08T01:08:53,1026.96,1080.9299,1010.00,28054916
2022-01-08T01:13:54,1026.96,1080.9299,1010.00,28054916
2022-01-08T01:18:55,1026.96,1080.9299,1010.00,28054916
2022-01-08T01:23:56,1026.96,1080.9299,1010.00,28054916
2022-01-08T01:28:57,1026.96,1080.9299,1010.00,28054916
2022-01-08T01:33:57,1026.96,1080.9299,1010.00,28054916
2022-01-08T01:38:58,1026.96,1080.9299,1010.00,28054916
2022-01-08T01:43:59,1026.96,1080.9299,1010.00,28054916
2022-01-08T01:49:00,1026.96,1080.9299,1010.00,28054916
2022-01-08T01:54:01,1026.96,1080.9299,1010.00,28054916
2022-01-08T01:59:02,1026.96,1080.9299,1010.00,28054916
2022-01-08T02:04:02,1026.96,1080.9299,1010.00,28054916
2022-01-08T02:09:03,1026.96,1080.9299,1010.00,28054916
2022-01-08T02:14:04,1026.96,1080.9299,1010.00,28054916
2022-01-08T02:19:05,1026.96,1080.9299,1010.00,28054916
2022-01-08T02:24:05,1026.96,1080.9299,1010.00,28054916
2022-01-08T02:29:06,1026.96,1080.9299,1010.00,28054916
2022-01-08T02:34:07,1026.96,1080.9299,1010.00,28054916
2022-01-08T02:39:08,1026.96,1080.9299,1010.00,28054916
2022-01-08T02:44:09,1026.96,1080.9299,1010.00,28054916
2022-01-08T02:49:10,1026.96,1080.9299,1010.00,28054916
2022-01-08T02:54:11,1026.96,1080.9299,1010.00,28054916
2022-01-08T02:59:11,1026.96,1080.9299,1010.00,28054916
2022-01-08T03:04:12,1026.96,1080.9299,1010.00,28054916
2022-01-08T03:09:13,1026.96,1080.9299,1010.00,28054916
2022-01-08T03:14:14,1026.96,1080.9299,1010.00,28054916
2022-01-08T03:19:15,1026.96,1080.9299,1010.00,28054916
2022-01-08T03:24:15,1026.96,1080.9299,1010.00,28054916
2022-01-08T03:29:17,1026.96,1080.9299,1010.00,28054916
2022-01-08T03:34:17,1026.96,1080.9299,1010.00,28054916
2022-01-08T03:39:18,1026.96,1080.9299,1010.00,28054916
2022-01-08T03:44:19,1026.96,1080.9299,1010.00,28054916
2022-01-08T03:49:20,1026.96,1080.9299,1010.00,28054916
2022-01-08T03:54:21,1026.96,1080.9299,1010.00,28054916
2022-01-08T03:59:21,1026.96,1080.9299,1010.00,28054916
2022-01-08T04:04:22,1026.96,1080.9299,1010.00,28054916
2022-01-08T04:09:23,1026.96,1080.9299,1010.00,28054916
2022-01-08T04:14:24,1026.96,1080.9299,1010.00,28054916
2022-01-08T04:19:25,1026.96,1080.9299,1010.00,28054916
2022-01-08T04:24:25,1026.96,1080.9299,1010.00,28054916
2022-01-08T04:29:26,1026.96,1080.9299,1010.00,28054916
2022-01-08T04:34:27,1026.96,1080.9299,1010.00,28054916
2022-01-08T04:39:28,1026.96,1080.9299,1010.00,28054916
2022-01-08T04:44:29,1026.96,1080.9299,1010.00,28054916
2022-01-08T04:49:29,1026.96,1080.9299,1010.00,28054916
2022-01-08T04:54:30,1026.96,1080.9299,1010.00,28054916
2022-01-08T04:59:31,1026.96,1080.9299,1010.00,28054916
2022-01-08T05:04:32,1026.96,1080.9299,1010.00,28054916
2022-01-08T05:09:33,1026.96,1080.9299,1010.00,28054916
2022-01-08T05:14:34,1026.96,1080.9299,1010.00,28054916
2022-01-08T05:19:35,1026.96,1080.9299,1010.00,28054916
2022-01-08T05:24:35,1026.96,1080.9299,1010.00,28054916
2022-01-08T05:29:36,1026.96,1080.9299,1010.00,28054916
2022-01-08T05:34:37,1026.96,1080.9299,1010.00,28054916
2022-01-08T05:39:38,1026.96,1080.9299,1010.00,28054916
2022-01-08T05:44:39,1026.96,1080.9299,1010.00,28054916
2022-01-08T05:49:40,1026.96,1080.9299,1010.00,28054916
2022-01-08T05:54:41,1026.96,1080.9299,1010.00,28054916
2022-01-08T05:59:42,1026.96,1080.9299,1010.00,28054916
2022-01-08T06:04:43,1026.96,1080.9299,1010.00,28054916
2022-01-08T06:09:43,1026.96,1080.9299,1010.00,28054916
2022-01-08T06:14:44,1026.96,1080.9299,1010.00,28054916
2022-01-08T06:19:45,1026.96,1080.9299,1010.00,28054916
2022-01-08T06:24:46,1026.96,1080.9299,1010.00,28054916
2022-01-08T06:29:47,1026.96,1080.9299,1010.00,28054916
2022-01-08T06:34:47,1026.96,1080.9299,1010.00,28054916
2022-01-08T06:39:48,1026.96,1080.9299,1010.00,28054916
2022-01-08T06:44:49,1026.96,1080.9299,1010.00,28054916
2022-01-08T06:49:50,1026.96,1080.9299,1010.00,28054916
2022-01-08T06:54:51,1026.96,1080.9299,1010.00,28054916
2022-01-08T06:59:51,1026.96,1080.9299,1010.00,28054916
2022-01-08T07:04:53,1026.96,1080.9299,1010.00,28054916
2022-01-08T07:09:54,1026.96,1080.9299,1010.00,28054916
2022-01-08T07:14:55,1026.96,1080.9299,1010.00,28054916
2022-01-08T07:19:56,1026.96,1080.9299,1010.00,28054916
2022-01-08T07:24:56,1026.96,1080.9299,1010.00,28054916
2022-01-08T07:29:57,1026.96,1080.9299,1010.00,28054916
2022-01-08T07:34:58,1026.96,1080.9299,1010.00,28054916
2022-01-08T07:39:59,1026.96,1080.9299,1010.00,28054916
2022-01-08T07:45:00,1026.96,1080.9299,1010.00,28054916
2022-01-08T07:50:00,1026.96,1080.9299,1010.00,28054916
2022-01-08T07:55:01,1026.96,1080.9299,1010.00,28054916
2022-01-08T08:00:02,1026.96,1080.9299,1010.00,28054916
2022-01-08T08:05:03,1026.96,1080.9299,1010.00,28054916
2022-01-08T08:10:04,1026.96,1080.9299,1010.00,28054916
2022-01-08T08:15:05,1026.96,1080.9299,1010.00,28054916
2022-01-08T08:20:06,1026.96,1080.9299,1010.00,28054916
2022-01-08T08:25:07,1026.96,1080.9299,1010.00,28054916
2022-01-08T08:30:07,1026.96,1080.9299,1010.00,28054916
2022-01-08T08:35:08,1026.96,1080.9299,1010.00,28054916
2022-01-08T08:40:09,1026.96,1080.9299,1010.00,28054916
2022-01-08T08:45:10,1026.96,1080.9299,1010.00,28054916
2022-01-08T08:50:11,1026.96,1080.9299,1010.00,28054916
2022-01-08T08:55:12,1026.96,1080.9299,1010.00,28054916
2022-01-08T09:00:12,1026.96,1080.9299,1010.00,28054916
2022-01-08T09:05:13,1026.96,1080.9299,1010.00,28054916
2022-01-08T09:10:14,1026.96,1080.9299,1010.00,28054916
2022-01-08T09:15:15,1026.96,1080.9299,1010.00,28054916
2022-01-08T09:20:16,1026.96,1080.9299,1010.00,28054916
2022-01-08T09:25:17,1026.96,1080.9299,1010.00,28054916
2022-01-08T09:30:17,1026.96,1080.9299,1010.00,28054916
2022-01-08T09:35:18,1026.96,1080.9299,1010.00,28054916
2022-01-08T09:40:19,1026.96,1080.9299,1010.00,28054916
2022-01-08T09:45:20,1026.96,1080.9299,1010.00,28054916
2022-01-08T09:50:20,1026.96,1080.9299,1010.00,28054916
2022-01-08T09:55:21,1026.96,1080.9299,1010.00,28054916
2022-01-08T10:00:22,1026.96,1080.9299,1010.00,28054916
2022-01-08T10:05:23,1026.96,1080.9299,1010.00,28054916
2022-01-08T10:10:24,1026.96,1080.9299,1010.00,28054916
2022-01-08T10:15:24,1026.96,1080.9299,1010.00,28054916
2022-01-08T10:20:25,1026.96,1080.9299,1010.00,28054916
2022-01-08T10:25:26,1026.96,1080.9299,1010.00,28054916
2022-01-08T10:30:27,1026.96,1080.9299,1010.00,28054916
2022-01-08T10:35:28,1026.96,1080.9299,1010.00,28054916
2022-01-08T10:40:28,1026.96,1080.9299,1010.00,28054916
2022-01-08T10:45:29,1026.96,1080.9299,1010.00,28054916
2022-01-08T10:50:30,1026.96,1080.9299,1010.00,28054916
2022-01-08T10:55:31,1026.96,1080.9299,1010.00,28054916
2022-01-08T11:00:32,1026.96,1080.9299,1010.00,28054916
2022-01-08T11:05:32,1026.96,1080.9299,1010.00,28054916
2022-01-08T11:10:33,1026.96,1080.9299,1010.00,28054916
2022-01-08T11:15:34,1026.96,1080.9299,1010.00,28054916
2022-01-08T11:20:35,1026.96,1080.9299,1010.00,28054916
2022-01-08T11:25:36,1026.96,1080.9299,1010.00,28054916
2022-01-08T11:30:37,1026.96,1080.9299,1010.00,28054916
2022-01-08T11:35:37,1026.96,1080.9299,1010.00,28054916
2022-01-08T11:40:38,1026.96,1080.9299,1010.00,28054916
2022-01-08T11:45:39,1026.96,1080.9299,1010.00,28054916
2022-01-08T11:50:40,1026.96,1080.9299,1010.00,28054916
2022-01-08T11:55:41,1026.96,1080.9299,1010.00,28054916
2022-01-08T12:00:42,1026.96,1080.9299,1010.00,28054916
2022-01-08T12:05:42,1026.96,1080.9299,1010.00,28054916
2022-01-08T12:10:43,1026.96,1080.9299,1010.00,28054916
2022-01-08T12:15:44,1026.96,1080.9299,1010.00,28054916
2022-01-08T12:20:45,1026.96,1080.9299,1010.00,28054916
2022-01-08T12:25:46,1026.96,1080.9299,1010.00,28054916
2022-01-08T12:30:46,1026.96,1080.9299,1010.00,28054916
2022-01-08T12:35:47,1026.96,1080.9299,1010.00,28054916
2022-01-08T12:40:48,1026.96,1080.9299,1010.00,28054916
2022-01-08T12:45:49,1026.96,1080.9299,1010.00,28054916
2022-01-08T12:50:50,1026.96,1080.9299,1010.00,28054916
2022-01-08T12:55:51,1026.96,1080.9299,1010.00,28054916
2022-01-08T13:00:52,1026.96,1080.9299,1010.00,28054916
2022-01-08T13:05:52,1026.96,1080.9299,1010.00,28054916
2022-01-08T13:10:53,1026.96,1080.9299,1010.00,28054916
2022-01-08T13:15:54,1026.96,1080.9299,1010.00,28054916
2022-01-08T13:20:55,1026.96,1080.9299,1010.00,28054916
2022-01-08T13:25:56,1026.96,1080.9299,1010.00,28054916
2022-01-08T13:30:56,1026.96,1080.9299,1010.00,28054916
2022-01-08T13:35:57,1026.96,1080.9299,1010.00,28054916
2022-01-08T13:40:58,1026.96,1080.9299,1010.00,28054916
2022-01-08T13:45:59,1026.96,1080.9299,1010.00,28054916
2022-01-08T13:51:00,1026.96,1080.9299,1010.00,28054916
2022-01-08T13:56:00,1026.96,1080.9299,1010.00,28054916
2022-01-08T14:01:01,1026.96,1080.9299,1010.00,28054916
2022-01-08T14:06:04,1026.96,1080.9299,1010.00,28054916
2022-01-08T14:11:05,1026.96,1080.9299,1010.00,28054916
2022-01-08T14:16:06,1026.96,1080.9299,1010.00,28054916
2022-01-08T14:21:07,1026.96,1080.9299,1010.00,28054916
2022-01-08T14:26:08,1026.96,1080.9299,1010.00,28054916
2022-01-08T14:31:08,1026.96,1080.9299,1010.00,28054916
2022-01-08T14:36:09,1026.96,1080.9299,1010.00,28054916
2022-01-08T14:41:10,1026.96,1080.9299,1010.00,28054916
2022-01-08T14:46:11,1026.96,1080.9299,1010.00,28054916
2022-01-08T14:51:12,1026.96,1080.9299,1010.00,28054916
2022-01-08T14:56:12,1026.96,1080.9299,1010.00,28054916
2022-01-08T15:01:13,1026.96,1080.9299,1010.00,28054916
2022-01-08T15:06:14,1026.96,1080.9299,1010.00,28054916
2022-01-08T15:11:15,1026.96,1080.9299,1010.00,28054916
2022-01-08T15:16:16,1026.96,1080.9299,1010.00,28054916
2022-01-08T15:21:17,1026.96,1080.9299,1010.00,28054916
2022-01-08T15:26:17,1026.96,1080.9299,1010.00,28054916
2022-01-08T15:31:18,1026.96,1080.9299,1010.00,28054916
2022-01-08T15:36:19,1026.96,1080.9299,1010.00,28054916
2022-01-08T15:41:20,1026.96,1080.9299,1010.00,28054916
2022-01-08T15:46:21,1026.96,1080.9299,1010.00,28054916
2022-01-08T15:51:22,1026.96,1080.9299,1010.00,28054916
2022-01-08T15:56:22,1026.96,1080.9299,1010.00,28054916
2022-01-08T16:01:23,1026.96,1080.9299,1010.00,28054916
2022-01-08T16:06:24,1026.96,1080.9299,1010.00,28054916
2022-01-08T16:11:25,1026.96,1080.9299,1010.00,28054916
2022-01-08T16:16:26,1026.96,1080.9299,1010.00,28054916
2022-01-08T16:21:27,1026.96,1080.9299,1010.00,28054916
2022-01-08T16:26:28,1026.96,1080.9299,1010.00,28054916
2022-01-08T16:31:29,1026.96,1080.9299,1010.00,28054916
2022-01-08T16:36:30,1026.96,1080.9299,1010.00,28054916
2022-01-08T16:41:30,1026.96,1080.9299,1010.00,28054916
2022-01-08T16:46:31,1026.96,1080.9299,1010.00,28054916
2022-01-08T16:51:32,1026.96,1080.9299,1010.00,28054916
2022-01-08T16:56:33,1026.96,1080.9299,1010.00,28054916
2022-01-08T17:01:34,1026.96,1080.9299,1010.00,28054916
2022-01-08T17:06:34,1026.96,1080.9299,1010.00,28054916
2022-01-08T17:11:35,1026.96,1080.9299,1010.00,28054916
2022-01-08T17:16:36,1026.96,1080.9299,1010.00,28054916
2022-01-08T17:21:37,1026.96,1080.9299,1010.00,28054916
2022-01-08T17:26:38,1026.96,1080.9299,1010.00,28054916
2022-01-08T17:31:39,1026.96,1080.9299,1010.00,28054916
2022-01-08T17:36:40,1026.96,1080.9299,1010.00,28054916
2022-01-08T17:41:40,1026.96,1080.9299,1010.00,28054916
2022-01-08T17:46:41,1026.96,1080.9299,1010.00,28054916
2022-01-08T17:51:42,1026.96,1080.9299,1010.00,28054916
2022-01-08T17:56:43,1026.96,1080.9299,1010.00,28054916
2022-01-08T18:01:44,1026.96,1080.9299,1010.00,28054916
2022-01-08T18:06:45,1026.96,1080.9299,1010.00,28054916
2022-01-08T18:11:46,1026.96,1080.9299,1010.00,28054916
2022-01-08T18:16:46,1026.96,1080.9299,1010.00,28054916
2022-01-08T18:21:47,1026.96,1080.9299,1010.00,28054916
2022-01-08T18:26:48,1026.96,1080.9299,1010.00,28054916
2022-01-08T18:31:49,1026.96,1080.9299,1010.00,28054916
2022-01-08T18:36:50,1026.96,1080.9299,1010.00,28054916
2022-01-08T18:41:51,1026.96,1080.9299,1010.00,28054916
2022-01-08T18:46:51,1026.96,1080.9299,1010.00,28054916
2022-01-08T18:51:52,1026.96,1080.9299,1010.00,28054916
2022-01-08T18:56:53,1026.96,1080.9299,1010.00,28054916
2022-01-08T19:01:54,1026.96,1080.9299,1010.00,28054916
2022-01-08T19:06:55,1026.96,1080.9299,1010.00,28054916
2022-01-08T19:11:56,1026.96,1080.9299,1010.00,28054916
2022-01-08T19:16:56,1026.96,1080.9299,1010.00,28054916
2022-01-08T19:21:57,1026.96,1080.9299,1010.00,28054916
2022-01-08T19:26:58,1026.96,1080.9299,1010.00,28054916
2022-01-08T19:31:59,1026.96,1080.9299,1010.00,28054916
2022-01-08T19:37:00,1026.96,1080.9299,1010.00,28054916
2022-01-08T19:42:01,1026.96,1080.9299,1010.00,28054916
2022-01-08T19:47:02,1026.96,1080.9299,1010.00,28054916
2022-01-08T19:52:03,1026.96,1080.9299,1010.00,28054916
2022-01-08T19:57:03,1026.96,1080.9299,1010.00,28054916
2022-01-08T20:02:04,1026.96,1080.9299,1010.00,28054916
2022-01-08T20:07:05,1026.96,1080.9299,1010.00,28054916
2022-01-08T20:12:06,1026.96,1080.9299,1010.00,28054916
2022-01-08T20:17:07,1026.96,1080.9299,1010.00,28054916
2022-01-08T20:22:08,1026.96,1080.9299,1010.00,28054916
2022-01-08T20:27:09,1026.96,1080.9299,1010.00,28054916
2022-01-08T20:32:10,1026.96,1080.9299,1010.00,28054916
2022-01-08T20:37:10,1026.96,1080.9299,1010.00,28054916
2022-01-08T20:42:11,1026.96,1080.9299,1010.00,28054916
2022-01-08T20:47:12,1026.96,1080.9299,1010.00,28054916
2022-01-08T20:52:13,1026.96,1080.9299,1010.00,28054916
2022-01-08T20:57:14,1026.96,1080.9299,1010.00,28054916
2022-01-08T21:02:15,1026.96,1080.9299,1010.00,28054916
2022-01-08T21:07:16,1026.96,1080.9299,1010.00,28054916
2022-01-08T21:12:16,1026.96,1080.9299,1010.00,28054916
2022-01-08T21:17:17,1026.96,1080.9299,1010.00,28054916
2022-01-08T21:22:18,1026.96,1080.9299,1010.00,28054916
2022-01-08T21:27:19,1026.96,1080.9299,1010.00,28054916
2022-01-08T21:32:20,1026.96,1080.9299,1010.00,28054916
2022-01-08T21:37:21,1026.96,1080.9299,1010.00,28054916
2022-01-08T21:42:22,1026.96,1080.9299,1010.00,28054916
2022-01-08T21:47:22,1026.96,1080.9299,1010.00,28054916
2022-01-08T21:52:23,1026.96,1080.9299,1010.00,28054916
2022-01-08T21:57:24,1026.96,1080.9299,1010.00,28054916
2022-01-08T22:02:25,1026.96,1080.9299,1010.00,28054916
2022-01-08T22:07:26,1026.96,1080.9299,1010.00,28054916
2022-01-08T22:12:26,1026.96,1080.9299,1010.00,28054916
2022-01-08T22:17:27,1026.96,1080.9299,1010.00,28054916
2022-01-08T22:22:28,1026.96,1080.9299,1010.00,28054916
2022-01-08T22:27:29,1026.96,1080.9299,1010.00,28054916
2022-01-08T22:32:29,1026.96,1080.9299,1010.00,28054916
2022-01-08T22:37:30,1026.96,1080.9299,1010.00,28054916
2022-01-08T22:42:31,1026.96,1080.9299,1010.00,28054916
2022-01-08T22:47:32,1026.96,1080.9299,1010.00,28054916
2022-01-08T22:52:33,1026.96,1080.9299,1010.00,28054916
2022-01-08T22:57:34,1026.96,1080.9299,1010.00,28054916
2022-01-08T23:02:35,1026.96,1080.9299,1010.00,28054916
2022-01-08T23:07:35,1026.96,1080.9299,1010.00,28054916
2022-01-08T23:12:36,1026.96,1080.9299,1010.00,28054916
2022-01-08T23:17:37,1026.96,1080.9299,1010.00,28054916
