Date-Time,Price,High,Low,Volume
2022-01-13T00:01:30,86.48,88.07,82.63,14422790
2022-01-13T00:06:32,86.48,88.07,82.63,14422790
2022-01-13T00:11:33,86.48,88.07,82.63,14422790
2022-01-13T00:16:34,86.48,88.07,82.63,14422790
2022-01-13T00:21:35,86.48,88.07,82.63,14422790
2022-01-13T00:26:36,86.48,88.07,82.63,14422790
2022-01-13T00:31:36,86.48,88.07,82.63,14422790
2022-01-13T00:36:37,86.48,88.07,82.63,14422790
2022-01-13T00:41:38,86.48,88.07,82.63,14422790
2022-01-13T00:46:39,86.48,88.07,82.63,14422790
2022-01-13T00:51:40,86.48,88.07,82.63,14422790
2022-01-13T00:56:41,86.48,88.07,82.63,14422790
2022-01-13T01:01:42,86.48,88.07,82.63,14422790
2022-01-13T01:06:43,86.48,88.07,82.63,14422790
2022-01-13T01:11:44,86.48,88.07,82.63,14422790
2022-01-13T01:16:45,86.48,88.07,82.63,14422790
2022-01-13T01:21:46,86.48,88.07,82.63,14422790
2022-01-13T01:26:47,86.48,88.07,82.63,14422790
