Date-Time,Price,High,Low,Volume
2022-01-13T00:00:18,31.68,31.86,30.34,54271691
2022-01-13T00:05:20,31.68,31.86,30.34,54271691
2022-01-13T00:10:21,31.68,31.86,30.34,54271691
2022-01-13T00:15:22,31.68,31.86,30.34,54271691
2022-01-13T00:20:23,31.68,31.86,30.34,54271691
2022-01-13T00:25:23,31.68,31.86,30.34,54271691
2022-01-13T00:30:24,31.68,31.86,30.34,54271691
2022-01-13T00:35:25,31.68,31.86,30.34,54271691
2022-01-13T00:40:26,31.68,31.86,30.34,54271691
2022-01-13T00:45:27,31.68,31.86,30.34,54271691
2022-01-13T00:50:28,31.68,31.86,30.34,54271691
2022-01-13T00:55:29,31.68,31.86,30.34,54271691
2022-01-13T01:00:29,31.68,31.86,30.34,54271691
2022-01-13T01:05:31,31.68,31.86,30.34,54271691
2022-01-13T01:10:32,31.68,31.86,30.34,54271691
2022-01-13T01:15:33,31.68,31.86,30.34,54271691
2022-01-13T01:20:34,31.68,31.86,30.34,54271691
2022-01-13T01:25:37,31.68,31.86,30.34,54271691
2022-01-13T01:30:38,31.68,31.86,30.34,54271691
2022-01-13T01:35:39,31.68,31.86,30.34,54271691
2022-01-13T01:40:40,31.68,31.86,30.34,54271691
2022-01-13T01:45:40,31.68,31.86,30.34,54271691
2022-01-13T01:50:41,31.68,31.86,30.34,54271691
2022-01-13T01:55:42,31.68,31.86,30.34,54271691
2022-01-13T02:00:43,31.68,31.86,30.34,54271691
2022-01-13T02:05:44,31.68,31.86,30.34,54271691
2022-01-13T02:10:44,31.68,31.86,30.34,54271691
2022-01-13T02:15:45,31.68,31.86,30.34,54271691
2022-01-13T02:20:46,31.68,31.86,30.34,54271691
2022-01-13T02:25:47,31.68,31.86,30.34,54271691
