Date-Time,Price,High,Low,Volume
2022-01-13T00:04:45,1106.22,1114.84,1072.5901,27913005
2022-01-13T00:09:46,1106.22,1114.84,1072.5901,27913005
2022-01-13T00:14:47,1106.22,1114.84,1072.5901,27913005
2022-01-13T00:19:48,1106.22,1114.84,1072.5901,27913005
2022-01-13T00:24:49,1106.22,1114.84,1072.5901,27913005
2022-01-13T00:29:50,1106.22,1114.84,1072.5901,27913005
2022-01-13T00:34:50,1106.22,1114.84,1072.5901,27913005
2022-01-13T00:39:51,1106.22,1114.84,1072.5901,27913005
2022-01-13T00:44:52,1106.22,1114.84,1072.5901,27913005
2022-01-13T00:49:53,1106.22,1114.84,1072.5901,27913005
2022-01-13T00:54:54,1106.22,1114.84,1072.5901,27913005
2022-01-13T00:59:55,1106.22,1114.84,1072.5901,27913005
2022-01-13T01:04:56,1106.22,1114.84,1072.5901,27913005
2022-01-13T01:09:57,1106.22,1114.84,1072.5901,27913005
2022-01-13T01:14:57,1106.22,1114.84,1072.5901,27913005
2022-01-13T01:19:58,1106.22,1114.84,1072.5901,27913005
2022-01-13T01:24:59,1106.22,1114.84,1072.5901,27913005
2022-01-13T01:30:00,1106.22,1114.84,1072.5901,27913005
2022-01-13T01:35:01,1106.22,1114.84,1072.5901,27913005
2022-01-13T01:40:02,1106.22,1114.84,1072.5901,27913005
2022-01-13T01:45:02,1106.22,1114.84,1072.5901,27913005
2022-01-13T01:50:03,1106.22,1114.84,1072.5901,27913005
2022-01-13T01:55:04,1106.22,1114.84,1072.5901,27913005
2022-01-13T02:00:05,1106.22,1114.84,1072.5901,27913005
2022-01-13T02:05:06,1106.22,1114.84,1072.5901,27913005
2022-01-13T02:10:07,1106.22,1114.84,1072.5901,27913005
2022-01-13T02:15:07,1106.22,1114.84,1072.5901,27913005
2022-01-13T02:20:08,1106.22,1114.84,1072.5901,27913005
2022-01-13T02:25:09,1106.22,1114.84,1072.5901,27913005
2022-01-13T02:30:10,1106.22,1114.84,1072.5901,27913005
2022-01-13T02:35:11,1106.22,1114.84,1072.5901,27913005
2022-01-13T02:40:11,1106.22,1114.84,1072.5901,27913005
2022-01-13T02:45:12,1106.22,1114.84,1072.5901,27913005
2022-01-13T02:50:13,1106.22,1114.84,1072.5901,27913005
2022-01-13T02:55:14,1106.22,1114.84,1072.5901,27913005
2022-01-13T03:00:15,1106.22,1114.84,1072.5901,27913005
2022-01-13T03:05:16,1106.22,1114.84,1072.5901,27913005
2022-01-13T03:10:17,1106.22,1114.84,1072.5901,27913005
2022-01-13T03:15:17,1106.22,1114.84,1072.5901,27913005
2022-01-13T03:20:18,1106.22,1114.84,1072.5901,27913005
2022-01-13T03:25:19,1106.22,1114.84,1072.5901,27913005
2022-01-13T03:30:20,1106.22,1114.84,1072.5901,27913005
2022-01-13T03:35:21,1106.22,1114.84,1072.5901,27913005
2022-01-13T03:40:21,1106.22,1114.84,1072.5901,27913005
2022-01-13T03:45:22,1106.22,1114.84,1072.5901,27913005
2022-01-13T03:50:23,1106.22,1114.84,1072.5901,27913005
2022-01-13T03:55:24,1106.22,1114.84,1072.5901,27913005
2022-01-13T04:00:25,1106.22,1114.84,1072.5901,27913005
2022-01-13T04:05:26,1106.22,1114.84,1072.5901,27913005
2022-01-13T04:10:26,1106.22,1114.84,1072.5901,27913005
2022-01-13T04:15:27,1106.22,1114.84,1072.5901,27913005
2022-01-13T04:20:28,1106.22,1114.84,1072.5901,27913005
2022-01-13T04:25:29,1106.22,1114.84,1072.5901,27913005
2022-01-13T04:30:30,1106.22,1114.84,1072.5901,27913005
2022-01-13T04:35:31,1106.22,1114.84,1072.5901,27913005
2022-01-13T04:40:32,1106.22,1114.84,1072.5901,27913005
2022-01-13T04:45:32,1106.22,1114.84,1072.5901,27913005
2022-01-13T04:50:33,1106.22,1114.84,1072.5901,27913005
2022-01-13T04:55:34,1106.22,1114.84,1072.5901,27913005
2022-01-13T05:00:35,1106.22,1114.84,1072.5901,27913005
2022-01-13T05:05:36,1106.22,1114.84,1072.5901,27913005
2022-01-13T05:10:37,1106.22,1114.84,1072.5901,27913005
2022-01-13T05:15:37,1106.22,1114.84,1072.5901,27913005
2022-01-13T05:20:38,1106.22,1114.84,1072.5901,27913005
2022-01-13T05:25:39,1106.22,1114.84,1072.5901,27913005
2022-01-13T05:30:40,1106.22,1114.84,1072.5901,27913005
2022-01-13T05:35:41,1106.22,1114.84,1072.5901,27913005
2022-01-13T05:40:42,1106.22,1114.84,1072.5901,27913005
2022-01-13T05:45:42,1106.22,1114.84,1072.5901,27913005
2022-01-13T05:50:43,1106.22,1114.84,1072.5901,27913005
2022-01-13T05:55:44,1106.22,1114.84,1072.5901,27913005
2022-01-13T06:00:45,1106.22,1114.84,1072.5901,27913005
2022-01-13T06:05:45,1106.22,1114.84,1072.5901,27913005
2022-01-13T06:10:46,1106.22,1114.84,1072.5901,27913005
2022-01-13T06:15:47,1106.22,1114.84,1072.5901,27913005
2022-01-13T06:20:48,1106.22,1114.84,1072.5901,27913005
2022-01-13T06:25:48,1106.22,1114.84,1072.5901,27913005
2022-01-13T06:30:49,1106.22,1114.84,1072.5901,27913005
2022-01-13T06:35:50,1106.22,1114.84,1072.5901,27913005
2022-01-13T06:40:51,1106.22,1114.84,1072.5901,27913005
2022-01-13T06:45:51,1103.75,1110.00,1102.9001,867876
2022-01-13T06:50:52,1106.6766,1110.00,1100.00,1607691
2022-01-13T06:55:53,1106.765,1111.11,1099.00,2334417
2022-01-13T07:00:54,1104.05,1111.11,1099.00,2793049
2022-01-13T07:05:55,1104.4109,1111.11,1099.00,3120479
2022-01-13T07:10:55,1113.6018,1113.80,1099.00,3763686
2022-01-13T07:15:56,1109.0395,1115.60,1099.00,4268211
2022-01-13T07:20:57,1105.75,1115.60,1099.00,4632809
2022-01-13T07:25:58,1102.9999,1115.60,1099.00,4957056
2022-01-13T07:30:59,1097.1933,1115.60,1095.7493,5456302
2022-01-13T07:35:59,1093.9899,1115.60,1087.5301,6118606
2022-01-13T07:41:00,1091.45,1115.60,1087.5301,6438519
2022-01-13T07:46:01,1097.00,1115.60,1087.5301,6871405
2022-01-13T07:51:02,1090.535,1115.60,1087.5301,7316104
2022-01-13T07:56:02,1088.38,1115.60,1085.55,7844294
2022-01-13T08:01:03,1083.22,1115.60,1078.6501,8608729
2022-01-13T08:06:04,1074.292,1115.60,1073.04,9177574
2022-01-13T08:11:05,1072.9699,1115.60,1069.12,9964471
2022-01-13T08:16:05,1073.6299,1115.60,1069.12,10533012
2022-01-13T08:21:06,1072.9401,1115.60,1068.02,11082245
2022-01-13T08:26:07,1067.6164,1115.60,1065.55,11783870
2022-01-13T08:31:08,1071.28,1115.60,1065.00,12184578
2022-01-13T08:36:09,1072.79,1115.60,1065.00,12528731
2022-01-13T08:41:10,1079.8939,1115.60,1065.00,13104856
2022-01-13T08:46:11,1079.3099,1115.60,1065.00,13448987
2022-01-13T08:51:11,1080.749,1115.60,1065.00,13725431
2022-01-13T08:56:12,1082.00,1115.60,1065.00,14062597
2022-01-13T09:01:13,1076.8153,1115.60,1065.00,14297981
2022-01-13T09:06:13,1075.19,1115.60,1065.00,14472354
2022-01-13T09:11:14,1075.9758,1115.60,1065.00,14659956
2022-01-13T09:16:15,1072.7699,1115.60,1065.00,14874100
2022-01-13T09:21:20,1070.615,1115.60,1065.00,15234062
2022-01-13T09:26:21,1069.34,1115.60,1065.00,15457151
2022-01-13T09:31:22,1063.36,1115.60,1063.19,15761368
2022-01-13T09:36:22,1057.845,1115.60,1056.3001,16237218
2022-01-13T09:41:23,1059.60,1115.60,1056.3001,16703929
2022-01-13T09:46:24,1060.8585,1115.60,1054.1978,17216530
2022-01-13T09:51:25,1063.0001,1115.60,1054.1978,17669368
2022-01-13T09:56:26,1061.092,1115.60,1054.1978,17889186
2022-01-13T10:01:26,1055.3534,1115.60,1054.1978,18169559
2022-01-13T10:06:27,1056.305,1115.60,1051.30,18586585
2022-01-13T10:11:28,1056.76,1115.60,1051.30,18860876
2022-01-13T10:16:29,1056.22,1115.60,1051.30,19148042
2022-01-13T10:21:30,1060.18,1115.60,1051.30,19450798
2022-01-13T10:26:30,1062.51,1115.60,1051.30,19804975
2022-01-13T10:31:31,1060.57,1115.60,1051.30,20083520
2022-01-13T10:36:32,1062.3491,1115.60,1051.30,20281542
2022-01-13T10:41:33,1061.989,1115.60,1051.30,20574833
2022-01-13T10:46:33,1059.3615,1115.60,1051.30,20748463
2022-01-13T10:51:36,1058.15,1115.60,1051.30,20898146
2022-01-13T10:56:36,1058.42,1115.60,1051.30,21036531
2022-01-13T11:01:37,1060.7273,1115.60,1051.30,21218565
2022-01-13T11:06:38,1061.83,1115.60,1051.30,21383570
2022-01-13T11:11:39,1065.1625,1115.60,1051.30,21735169
2022-01-13T11:16:39,1068.40,1115.60,1051.30,22007557
2022-01-13T11:21:40,1069.945,1115.60,1051.30,22448617
2022-01-13T11:26:41,1066.73,1115.60,1051.30,22632188
2022-01-13T11:31:45,1061.525,1115.60,1051.30,22872947
2022-01-13T11:36:46,1060.9199,1115.60,1051.30,23118733
2022-01-13T11:41:46,1058.7865,1115.60,1051.30,23276836
2022-01-13T11:46:52,1058.24,1115.60,1051.30,23432188
2022-01-13T11:51:53,1054.92,1115.60,1051.30,23777324
2022-01-13T11:56:53,1054.1801,1115.60,1051.30,24019707
2022-01-13T12:01:54,1055.1162,1115.60,1051.30,24252523
2022-01-13T12:06:55,1056.8099,1115.60,1051.30,24407262
2022-01-13T12:11:57,1060.30,1115.60,1051.30,24605123
2022-01-13T12:16:58,1055.1601,1115.60,1051.30,24796307
2022-01-13T12:21:59,1052.28,1115.60,1050.8901,25113875
2022-01-13T12:26:59,1045.83,1115.60,1045.2898,25572811
