Date-Time,Price,High,Low,Volume
2022-01-13T00:04:46,5.18,5.285,5.09,524297
2022-01-13T00:09:47,5.18,5.285,5.09,524297
2022-01-13T00:14:48,5.18,5.285,5.09,524297
2022-01-13T00:19:49,5.18,5.285,5.09,524297
2022-01-13T00:24:49,5.18,5.285,5.09,524297
2022-01-13T00:29:50,5.18,5.285,5.09,524297
2022-01-13T00:34:51,5.18,5.285,5.09,524297
2022-01-13T00:39:52,5.18,5.285,5.09,524297
2022-01-13T00:44:53,5.18,5.285,5.09,524297
2022-01-13T00:49:53,5.18,5.285,5.09,524297
2022-01-13T00:54:54,5.18,5.285,5.09,524297
2022-01-13T00:59:55,5.18,5.285,5.09,524297
2022-01-13T01:04:56,5.18,5.285,5.09,524297
2022-01-13T01:09:57,5.18,5.285,5.09,524297
2022-01-13T01:14:57,5.18,5.285,5.09,524297
2022-01-13T01:19:58,5.18,5.285,5.09,524297
2022-01-13T01:24:59,5.18,5.285,5.09,524297
