Date-Time,Price,High,Low,Volume
2022-05-19T00:01:44,709.81,760.50,700.81,29270604
2022-05-19T00:06:45,709.81,760.50,700.81,29270604
2022-05-19T00:11:45,709.81,760.50,700.81,29270604
2022-05-19T00:16:46,709.81,760.50,700.81,29270604
2022-05-19T00:21:47,709.81,760.50,700.81,29270604
2022-05-19T00:26:48,709.81,760.50,700.81,29270604
2022-05-19T00:31:49,709.81,760.50,700.81,29270604
2022-05-19T00:36:49,709.81,760.50,700.81,29270604
2022-05-19T00:41:50,709.81,760.50,700.81,29270604
2022-05-19T00:46:51,709.81,760.50,700.81,29270604
2022-05-19T00:51:52,709.81,760.50,700.81,29270604
