Date-Time,Price,High,Low,Volume
2022-05-19T00:03:34,27.29,29.22,26.31,26828144
2022-05-19T00:08:35,27.29,29.22,26.31,26828144
2022-05-19T00:13:36,27.29,29.22,26.31,26828144
2022-05-19T00:18:37,27.29,29.22,26.31,26828144
2022-05-19T00:23:38,27.29,29.22,26.31,26828144
2022-05-19T00:28:38,27.29,29.22,26.31,26828144
2022-05-19T00:33:39,27.29,29.22,26.31,26828144
2022-05-19T00:38:40,27.29,29.22,26.31,26828144
2022-05-19T00:43:41,27.29,29.22,26.31,26828144
2022-05-19T00:48:42,27.29,29.22,26.31,26828144
2022-05-19T00:53:43,27.29,29.22,26.31,26828144
2022-05-19T00:58:44,27.29,29.22,26.31,26828144
2022-05-19T01:03:45,27.29,29.22,26.31,26828144
2022-05-19T01:08:46,27.29,29.22,26.31,26828144
2022-05-19T01:13:47,27.29,29.22,26.31,26828144
2022-05-19T01:18:47,27.29,29.22,26.31,26828144
2022-05-19T01:23:48,27.29,29.22,26.31,26828144
2022-05-19T01:28:49,27.29,29.22,26.31,26828144
2022-05-19T01:33:50,27.29,29.22,26.31,26828144
2022-05-19T01:38:51,27.29,29.22,26.31,26828144
2022-05-19T01:43:52,27.29,29.22,26.31,26828144
2022-05-19T01:48:52,27.29,29.22,26.31,26828144
2022-05-19T01:53:53,27.29,29.22,26.31,26828144
2022-05-19T01:58:54,27.29,29.22,26.31,26828144
2022-05-19T02:03:55,27.29,29.22,26.31,26828144
2022-05-19T02:08:56,27.29,29.22,26.31,26828144
2022-05-19T02:13:57,27.29,29.22,26.31,26828144
2022-05-19T02:18:58,27.29,29.22,26.31,26828144
2022-05-19T02:23:58,27.29,29.22,26.31,26828144
2022-05-19T02:28:59,27.29,29.22,26.31,26828144
2022-05-19T02:34:00,27.29,29.22,26.31,26828144
2022-05-19T02:39:01,27.29,29.22,26.31,26828144
2022-05-19T02:44:02,27.29,29.22,26.31,26828144
2022-05-19T02:49:04,27.29,29.22,26.31,26828144
2022-05-19T02:54:04,27.29,29.22,26.31,26828144
2022-05-19T02:59:05,27.29,29.22,26.31,26828144
2022-05-19T03:04:06,27.29,29.22,26.31,26828144
2022-05-19T03:09:07,27.29,29.22,26.31,26828144
2022-05-19T03:14:08,27.29,29.22,26.31,26828144
2022-05-19T03:19:09,27.29,29.22,26.31,26828144
2022-05-19T03:24:10,27.29,29.22,26.31,26828144
2022-05-19T03:29:11,27.29,29.22,26.31,26828144
2022-05-19T03:34:11,27.29,29.22,26.31,26828144
2022-05-19T03:39:12,27.29,29.22,26.31,26828144
2022-05-19T03:44:13,27.29,29.22,26.31,26828144
2022-05-19T03:49:14,27.29,29.22,26.31,26828144
2022-05-19T03:54:15,27.29,29.22,26.31,26828144
2022-05-19T03:59:16,27.29,29.22,26.31,26828144
2022-05-19T04:04:16,27.29,29.22,26.31,26828144
2022-05-19T04:09:17,27.29,29.22,26.31,26828144
2022-05-19T04:14:18,27.29,29.22,26.31,26828144
2022-05-19T04:19:19,27.29,29.22,26.31,26828144
2022-05-19T04:24:20,27.29,29.22,26.31,26828144
2022-05-19T04:29:21,27.29,29.22,26.31,26828144
2022-05-19T04:34:22,27.29,29.22,26.31,26828144
2022-05-19T04:39:23,27.29,29.22,26.31,26828144
2022-05-19T04:44:24,27.29,29.22,26.31,26828144
2022-05-19T04:49:25,27.29,29.22,26.31,26828144
2022-05-19T04:54:26,27.29,29.22,26.31,26828144
2022-05-19T04:59:26,27.29,29.22,26.31,26828144
2022-05-19T05:04:27,27.29,29.22,26.31,26828144
2022-05-19T05:09:28,27.29,29.22,26.31,26828144
2022-05-19T05:14:29,27.29,29.22,26.31,26828144
2022-05-19T05:19:30,27.29,29.22,26.31,26828144
2022-05-19T05:24:30,27.29,29.22,26.31,26828144
2022-05-19T05:29:31,27.29,29.22,26.31,26828144
2022-05-19T05:34:32,27.29,29.22,26.31,26828144
2022-05-19T05:39:33,27.29,29.22,26.31,26828144
2022-05-19T05:44:34,27.29,29.22,26.31,26828144
2022-05-19T05:49:35,27.29,29.22,26.31,26828144
2022-05-19T05:54:35,27.29,29.22,26.31,26828144
2022-05-19T05:59:36,27.29,29.22,26.31,26828144
2022-05-19T06:04:37,27.29,29.22,26.31,26828144
2022-05-19T06:09:38,27.29,29.22,26.31,26828144
2022-05-19T06:14:39,27.29,29.22,26.31,26828144
2022-05-19T06:19:39,27.29,29.22,26.31,26828144
2022-05-19T06:24:40,27.29,29.22,26.31,26828144
2022-05-19T06:29:41,27.29,29.22,26.31,26828144
2022-05-19T06:34:42,27.29,29.22,26.31,26828144
2022-05-19T06:39:43,27.29,29.22,26.31,26828144
2022-05-19T06:44:43,27.29,29.22,26.31,26828144
2022-05-19T06:49:44,28.11,28.20,27.59,1256928
2022-05-19T06:54:45,28.28,28.4189,27.59,1988660
2022-05-19T06:59:46,27.95,28.4189,27.59,2649499
2022-05-19T07:04:47,27.562,28.4189,27.45,3258584
2022-05-19T07:09:48,28.54,28.55,27.45,3811272
2022-05-19T07:14:48,28.25,28.79,27.45,4581224
2022-05-19T07:19:49,28.91,29.0393,27.45,5336222
2022-05-19T07:24:50,28.60,29.0393,27.45,5827699
2022-05-19T07:29:51,28.64,29.0393,27.45,6193518
2022-05-19T07:34:52,28.90,29.18,27.45,6806827
2022-05-19T07:39:53,29.05,29.20,27.45,7230522
2022-05-19T07:44:53,28.91,29.20,27.45,7615850
2022-05-19T07:49:54,29.12,29.20,27.45,8008805
