Date-Time,Price,High,Low,Volume
2022-05-19T00:01:46,192.24,201.00,191.63,23959966
2022-05-19T00:06:47,192.24,201.00,191.63,23959966
2022-05-19T00:11:48,192.24,201.00,191.63,23959966
2022-05-19T00:16:49,192.24,201.00,191.63,23959966
2022-05-19T00:21:50,192.24,201.00,191.63,23959966
2022-05-19T00:26:50,192.24,201.00,191.63,23959966
2022-05-19T00:31:51,192.24,201.00,191.63,23959966
2022-05-19T00:36:52,192.24,201.00,191.63,23959966
2022-05-19T00:41:53,192.24,201.00,191.63,23959966
2022-05-19T00:46:53,192.24,201.00,191.63,23959966
2022-05-19T00:51:54,192.24,201.00,191.63,23959966
2022-05-19T00:56:55,192.24,201.00,191.63,23959966
2022-05-19T01:01:55,192.24,201.00,191.63,23959966
2022-05-19T01:06:56,192.24,201.00,191.63,23959966
2022-05-19T01:11:57,192.24,201.00,191.63,23959966
2022-05-19T01:16:58,192.24,201.00,191.63,23959966
2022-05-19T01:21:59,192.24,201.00,191.63,23959966
2022-05-19T01:26:59,192.24,201.00,191.63,23959966
2022-05-19T01:32:00,192.24,201.00,191.63,23959966
2022-05-19T01:37:01,192.24,201.00,191.63,23959966
2022-05-19T01:42:02,192.24,201.00,191.63,23959966
2022-05-19T01:47:03,192.24,201.00,191.63,23959966
2022-05-19T01:52:04,192.24,201.00,191.63,23959966
2022-05-19T01:57:04,192.24,201.00,191.63,23959966
2022-05-19T02:02:05,192.24,201.00,191.63,23959966
2022-05-19T02:07:06,192.24,201.00,191.63,23959966
2022-05-19T02:12:07,192.24,201.00,191.63,23959966
2022-05-19T02:17:08,192.24,201.00,191.63,23959966
2022-05-19T02:22:08,192.24,201.00,191.63,23959966
2022-05-19T02:27:09,192.24,201.00,191.63,23959966
2022-05-19T02:32:10,192.24,201.00,191.63,23959966
2022-05-19T02:37:11,192.24,201.00,191.63,23959966
2022-05-19T02:42:11,192.24,201.00,191.63,23959966
2022-05-19T02:47:12,192.24,201.00,191.63,23959966
2022-05-19T02:52:13,192.24,201.00,191.63,23959966
2022-05-19T02:57:14,192.24,201.00,191.63,23959966
2022-05-19T03:02:15,192.24,201.00,191.63,23959966
2022-05-19T03:07:15,192.24,201.00,191.63,23959966
2022-05-19T03:12:16,192.24,201.00,191.63,23959966
2022-05-19T03:17:17,192.24,201.00,191.63,23959966
2022-05-19T03:22:18,192.24,201.00,191.63,23959966
2022-05-19T03:27:18,192.24,201.00,191.63,23959966
2022-05-19T03:32:19,192.24,201.00,191.63,23959966
2022-05-19T03:37:20,192.24,201.00,191.63,23959966
2022-05-19T03:42:21,192.24,201.00,191.63,23959966
2022-05-19T03:47:22,192.24,201.00,191.63,23959966
