Date-Time,Price,High,Low,Volume
2022-05-19T00:01:44,15.83,16.93,15.66,72865478
2022-05-19T00:06:45,15.83,16.93,15.66,72865478
2022-05-19T00:11:45,15.83,16.93,15.66,72865478
2022-05-19T00:16:46,15.83,16.93,15.66,72865478
2022-05-19T00:21:47,15.83,16.93,15.66,72865478
2022-05-19T00:26:48,15.83,16.93,15.66,72865478
2022-05-19T00:31:49,15.83,16.93,15.66,72865478
2022-05-19T00:36:50,15.83,16.93,15.66,72865478
2022-05-19T00:41:50,15.83,16.93,15.66,72865478
2022-05-19T00:46:51,15.83,16.93,15.66,72865478
2022-05-19T00:51:52,15.83,16.93,15.66,72865478
