Date-Time,Price,High,Low,Volume
2022-05-19T00:02:23,4.11,4.34,3.88,792641
2022-05-19T00:07:23,4.11,4.34,3.88,792641
2022-05-19T00:12:24,4.11,4.34,3.88,792641
2022-05-19T00:17:25,4.11,4.34,3.88,792641
2022-05-19T00:22:26,4.11,4.34,3.88,792641
2022-05-19T00:27:27,4.11,4.34,3.88,792641
2022-05-19T00:32:28,4.11,4.34,3.88,792641
2022-05-19T00:37:28,4.11,4.34,3.88,792641
2022-05-19T00:42:29,4.11,4.34,3.88,792641
2022-05-19T00:47:30,4.11,4.34,3.88,792641
2022-05-19T00:52:31,4.11,4.34,3.88,792641
2022-05-19T00:57:32,4.11,4.34,3.88,792641
2022-05-19T01:02:32,4.11,4.34,3.88,792641
2022-05-19T01:07:33,4.11,4.34,3.88,792641
2022-05-19T01:12:34,4.11,4.34,3.88,792641
2022-05-19T01:17:35,4.11,4.34,3.88,792641
2022-05-19T01:22:36,4.11,4.34,3.88,792641
2022-05-19T01:27:36,4.11,4.34,3.88,792641
2022-05-19T01:32:37,4.11,4.34,3.88,792641
2022-05-19T01:37:38,4.11,4.34,3.88,792641
2022-05-19T01:42:39,4.11,4.34,3.88,792641
2022-05-19T01:47:40,4.11,4.34,3.88,792641
2022-05-19T01:52:41,4.11,4.34,3.88,792641
2022-05-19T01:57:42,4.11,4.34,3.88,792641
2022-05-19T02:02:43,4.11,4.34,3.88,792641
2022-05-19T02:07:44,4.11,4.34,3.88,792641
2022-05-19T02:12:45,4.11,4.34,3.88,792641
2022-05-19T02:17:45,4.11,4.34,3.88,792641
2022-05-19T02:22:46,4.11,4.34,3.88,792641
2022-05-19T02:27:47,4.11,4.34,3.88,792641
2022-05-19T02:32:48,4.11,4.34,3.88,792641
2022-05-19T02:37:49,4.11,4.34,3.88,792641
2022-05-19T02:42:50,4.11,4.34,3.88,792641
2022-05-19T02:47:50,4.11,4.34,3.88,792641
2022-05-19T02:52:51,4.11,4.34,3.88,792641
2022-05-19T02:57:52,4.11,4.34,3.88,792641
2022-05-19T03:02:53,4.11,4.34,3.88,792641
2022-05-19T03:07:54,4.11,4.34,3.88,792641
2022-05-19T03:12:54,4.11,4.34,3.88,792641
2022-05-19T03:17:55,4.11,4.34,3.88,792641
2022-05-19T03:22:56,4.11,4.34,3.88,792641
2022-05-19T03:27:57,4.11,4.34,3.88,792641
2022-05-19T03:32:58,4.11,4.34,3.88,792641
2022-05-19T03:37:59,4.11,4.34,3.88,792641
2022-05-19T03:43:00,4.11,4.34,3.88,792641
2022-05-19T03:48:01,4.11,4.34,3.88,792641
2022-05-19T03:53:01,4.11,4.34,3.88,792641
2022-05-19T03:58:03,4.11,4.34,3.88,792641
2022-05-19T04:03:04,4.11,4.34,3.88,792641
2022-05-19T04:08:04,4.11,4.34,3.88,792641
2022-05-19T04:13:05,4.11,4.34,3.88,792641
2022-05-19T04:18:06,4.11,4.34,3.88,792641
2022-05-19T04:23:07,4.11,4.34,3.88,792641
2022-05-19T04:28:08,4.11,4.34,3.88,792641
2022-05-19T04:33:09,4.11,4.34,3.88,792641
2022-05-19T04:38:09,4.11,4.34,3.88,792641
2022-05-19T04:43:10,4.11,4.34,3.88,792641
2022-05-19T04:48:11,4.11,4.34,3.88,792641
2022-05-19T04:53:12,4.11,4.34,3.88,792641
2022-05-19T04:58:13,4.11,4.34,3.88,792641
2022-05-19T05:03:13,4.11,4.34,3.88,792641
2022-05-19T05:08:14,4.11,4.34,3.88,792641
2022-05-19T05:13:15,4.11,4.34,3.88,792641
2022-05-19T05:18:16,4.11,4.34,3.88,792641
2022-05-19T05:23:17,4.11,4.34,3.88,792641
2022-05-19T05:28:18,4.11,4.34,3.88,792641
2022-05-19T05:33:19,4.11,4.34,3.88,792641
2022-05-19T05:38:20,4.11,4.34,3.88,792641
2022-05-19T05:43:21,4.11,4.34,3.88,792641
2022-05-19T05:48:22,4.11,4.34,3.88,792641
2022-05-19T05:53:22,4.11,4.34,3.88,792641
2022-05-19T05:58:23,4.11,4.34,3.88,792641
2022-05-19T06:03:24,4.11,4.34,3.88,792641
2022-05-19T06:08:25,4.11,4.34,3.88,792641
2022-05-19T06:13:26,4.11,4.34,3.88,792641
2022-05-19T06:18:26,4.11,4.34,3.88,792641
2022-05-19T06:23:27,4.11,4.34,3.88,792641
2022-05-19T06:28:28,4.11,4.34,3.88,792641
2022-05-19T06:33:29,4.11,4.34,3.88,792641
2022-05-19T06:38:30,4.11,4.34,3.88,792641
2022-05-19T06:43:30,4.11,4.34,3.88,792641
2022-05-19T06:48:31,4.145,4.15,4.0501,12771
2022-05-19T06:53:32,4.20,4.22,4.0501,21851
2022-05-19T06:58:33,4.24,4.27,4.0501,32544
2022-05-19T07:03:34,4.1416,4.27,4.0501,39505
2022-05-19T07:08:35,4.12,4.27,4.0501,40886
2022-05-19T07:13:36,4.13,4.27,4.0501,43852
2022-05-19T07:18:37,4.18,4.27,4.0501,46562
2022-05-19T07:23:38,4.20,4.27,4.0501,53441
2022-05-19T07:28:38,4.225,4.27,4.0501,66558
2022-05-19T07:33:39,4.20,4.27,4.0501,74943
2022-05-19T07:38:40,4.26,4.27,4.0501,82924
2022-05-19T07:43:41,4.21,4.27,4.0501,86432
2022-05-19T07:48:42,4.245,4.27,4.0501,92956
2022-05-19T07:53:43,4.24,4.27,4.0501,98011
2022-05-19T07:58:46,4.24,4.27,4.0501,104533
2022-05-19T08:03:58,4.27,4.27,4.0501,111147
2022-05-19T08:08:59,4.28,4.28,4.0501,116979
2022-05-19T08:14:00,4.31,4.325,4.0501,132411
2022-05-19T08:19:01,4.32,4.33,4.0501,137569
2022-05-19T08:24:02,4.33,4.34,4.0501,149283
2022-05-19T08:29:03,4.35,4.36,4.0501,157468
2022-05-19T08:34:04,4.345,4.36,4.0501,160011
2022-05-19T08:39:04,4.34,4.36,4.0501,162468
2022-05-19T08:44:05,4.29,4.36,4.0501,163626
2022-05-19T08:49:06,4.30,4.36,4.0501,166095
