Date-Time,Price,High,Low,Volume
2022-02-21T00:03:47,66.37,66.8999,63.0101,14965890
2022-02-21T00:08:48,66.37,66.8999,63.0101,14965890
2022-02-21T00:13:49,66.37,66.8999,63.0101,14965890
2022-02-21T00:18:50,66.37,66.8999,63.0101,14965890
2022-02-21T00:23:51,66.37,66.8999,63.0101,14965890
2022-02-21T00:28:52,66.37,66.8999,63.0101,14965890
2022-02-21T00:33:52,66.37,66.8999,63.0101,14965890
2022-02-21T00:38:53,66.37,66.8999,63.0101,14965890
2022-02-21T00:43:54,66.37,66.8999,63.0101,14965890
2022-02-21T00:48:55,66.37,66.8999,63.0101,14965890
2022-02-21T00:53:55,66.37,66.8999,63.0101,14965890
2022-02-21T00:58:56,66.37,66.8999,63.0101,14965890
2022-02-21T01:03:57,66.37,66.8999,63.0101,14965890
2022-02-21T01:08:58,66.37,66.8999,63.0101,14965890
2022-02-21T01:13:59,66.37,66.8999,63.0101,14965890
2022-02-21T01:19:00,66.37,66.8999,63.0101,14965890
2022-02-21T01:24:01,66.37,66.8999,63.0101,14965890
2022-02-21T01:29:01,66.37,66.8999,63.0101,14965890
2022-02-21T01:34:02,66.37,66.8999,63.0101,14965890
2022-02-21T01:39:03,66.37,66.8999,63.0101,14965890
2022-02-21T01:44:04,66.37,66.8999,63.0101,14965890
2022-02-21T01:49:05,66.37,66.8999,63.0101,14965890
2022-02-21T01:54:05,66.37,66.8999,63.0101,14965890
2022-02-21T01:59:06,66.37,66.8999,63.0101,14965890
2022-02-21T02:04:07,66.37,66.8999,63.0101,14965890
2022-02-21T02:09:08,66.37,66.8999,63.0101,14965890
2022-02-21T02:14:09,66.37,66.8999,63.0101,14965890
2022-02-21T02:19:10,66.37,66.8999,63.0101,14965890
2022-02-21T02:24:10,66.37,66.8999,63.0101,14965890
2022-02-21T02:29:11,66.37,66.8999,63.0101,14965890
2022-02-21T02:34:12,66.37,66.8999,63.0101,14965890
2022-02-21T02:39:13,66.37,66.8999,63.0101,14965890
2022-02-21T02:44:14,66.37,66.8999,63.0101,14965890
2022-02-21T02:49:15,66.37,66.8999,63.0101,14965890
2022-02-21T02:54:15,66.37,66.8999,63.0101,14965890
2022-02-21T02:59:16,66.37,66.8999,63.0101,14965890
2022-02-21T03:04:17,66.37,66.8999,63.0101,14965890
2022-02-21T03:09:18,66.37,66.8999,63.0101,14965890
2022-02-21T03:14:19,66.37,66.8999,63.0101,14965890
