Date-Time,Price,High,Low,Volume
2022-05-07T00:27:28,28.79,31.045,28.71,20691037
2022-05-07T00:32:29,28.79,31.045,28.71,20691037
2022-05-07T00:37:31,28.79,31.045,28.71,20691037
2022-05-07T00:42:31,28.79,31.045,28.71,20691037
2022-05-07T00:47:32,28.79,31.045,28.71,20691037
2022-05-07T00:52:33,28.79,31.045,28.71,20691037
2022-05-07T00:57:34,28.79,31.045,28.71,20691037
2022-05-07T01:02:35,28.79,31.045,28.71,20691037
2022-05-07T01:07:36,28.79,31.045,28.71,20691037
2022-05-07T01:12:37,28.79,31.045,28.71,20691037
2022-05-07T01:17:38,28.79,31.045,28.71,20691037
2022-05-07T01:22:39,28.79,31.045,28.71,20691037
2022-05-07T01:27:40,28.79,31.045,28.71,20691037
2022-05-07T01:32:40,28.79,31.045,28.71,20691037
