Date-Time,Price,High,Low,Volume
2022-05-07T00:26:35,865.65,888.00,843.105,24301037
2022-05-07T00:32:06,865.65,888.00,843.105,24301037
2022-05-07T00:37:07,865.65,888.00,843.105,24301037
2022-05-07T00:42:08,865.65,888.00,843.105,24301037
2022-05-07T00:47:09,865.65,888.00,843.105,24301037
2022-05-07T00:52:10,865.65,888.00,843.105,24301037
2022-05-07T00:57:11,865.65,888.00,843.105,24301037
2022-05-07T01:02:12,865.65,888.00,843.105,24301037
2022-05-07T01:07:12,865.65,888.00,843.105,24301037
2022-05-07T01:12:13,865.65,888.00,843.105,24301037
2022-05-07T01:17:14,865.65,888.00,843.105,24301037
2022-05-07T01:22:15,865.65,888.00,843.105,24301037
2022-05-07T01:27:16,865.65,888.00,843.105,24301037
2022-05-07T01:32:17,865.65,888.00,843.105,24301037
2022-05-07T01:37:17,865.65,888.00,843.105,24301037
2022-05-07T01:42:19,865.65,888.00,843.105,24301037
2022-05-07T01:47:19,865.65,888.00,843.105,24301037
2022-05-07T01:52:20,865.65,888.00,843.105,24301037
2022-05-07T01:57:21,865.65,888.00,843.105,24301037
2022-05-07T02:02:22,865.65,888.00,843.105,24301037
2022-05-07T02:07:23,865.65,888.00,843.105,24301037
2022-05-07T02:12:24,865.65,888.00,843.105,24301037
2022-05-07T02:17:25,865.65,888.00,843.105,24301037
2022-05-07T02:22:25,865.65,888.00,843.105,24301037
2022-05-07T02:27:26,865.65,888.00,843.105,24301037
2022-05-07T02:32:27,865.65,888.00,843.105,24301037
