Date-Time,Price,High,Low,Volume
2022-05-07T00:26:36,203.77,209.38,201.02,34747158
2022-05-07T00:32:06,203.77,209.38,201.02,34747158
2022-05-07T00:37:07,203.77,209.38,201.02,34747158
2022-05-07T00:42:08,203.77,209.38,201.02,34747158
2022-05-07T00:47:09,203.77,209.38,201.02,34747158
2022-05-07T00:52:10,203.77,209.38,201.02,34747158
2022-05-07T00:57:11,203.77,209.38,201.02,34747158
2022-05-07T01:02:12,203.77,209.38,201.02,34747158
2022-05-07T01:07:13,203.77,209.38,201.02,34747158
2022-05-07T01:12:14,203.77,209.38,201.02,34747158
2022-05-07T01:17:14,203.77,209.38,201.02,34747158
2022-05-07T01:22:15,203.77,209.38,201.02,34747158
2022-05-07T01:27:16,203.77,209.38,201.02,34747158
2022-05-07T01:32:17,203.77,209.38,201.02,34747158
2022-05-07T01:37:17,203.77,209.38,201.02,34747158
