Date-Time,Price,High,Low,Volume
2022-05-07T00:26:35,14.92,15.8135,14.46,57655129
2022-05-07T00:32:06,14.92,15.8135,14.46,57655129
2022-05-07T00:37:07,14.92,15.8135,14.46,57655129
2022-05-07T00:42:08,14.92,15.8135,14.46,57655129
2022-05-07T00:47:09,14.92,15.8135,14.46,57655129
2022-05-07T00:52:10,14.92,15.8135,14.46,57655129
2022-05-07T00:57:11,14.92,15.8135,14.46,57655129
2022-05-07T01:02:12,14.92,15.8135,14.46,57655129
2022-05-07T01:07:12,14.92,15.8135,14.46,57655129
2022-05-07T01:12:13,14.92,15.8135,14.46,57655129
2022-05-07T01:17:14,14.92,15.8135,14.46,57655129
2022-05-07T01:22:15,14.92,15.8135,14.46,57655129
2022-05-07T01:27:16,14.92,15.8135,14.46,57655129
2022-05-07T01:32:17,14.92,15.8135,14.46,57655129
2022-05-07T01:37:18,14.92,15.8135,14.46,57655129
2022-05-07T01:42:19,14.92,15.8135,14.46,57655129
2022-05-07T01:47:19,14.92,15.8135,14.46,57655129
2022-05-07T01:52:20,14.92,15.8135,14.46,57655129
2022-05-07T01:57:21,14.92,15.8135,14.46,57655129
2022-05-07T02:02:22,14.92,15.8135,14.46,57655129
2022-05-07T02:07:23,14.92,15.8135,14.46,57655129
2022-05-07T02:12:23,14.92,15.8135,14.46,57655129
2022-05-07T02:17:24,14.92,15.8135,14.46,57655129
2022-05-07T02:22:25,14.92,15.8135,14.46,57655129
2022-05-07T02:27:26,14.92,15.8135,14.46,57655129
2022-05-07T02:32:27,14.92,15.8135,14.46,57655129
