Date-Time,Price,High,Low,Volume
2021-12-05T00:01:10,32.15,35.22,31.50,106366591
2021-12-05T00:06:10,32.15,35.22,31.50,106366591
2021-12-05T00:11:11,32.15,35.22,31.50,106366591
2021-12-05T00:16:12,32.15,35.22,31.50,106366591
2021-12-05T00:21:13,32.15,35.22,31.50,106366591
2021-12-05T00:26:14,32.15,35.22,31.50,106366591
2021-12-05T00:31:15,32.15,35.22,31.50,106366591
2021-12-05T00:36:16,32.15,35.22,31.50,106366591
2021-12-05T00:41:17,32.15,35.22,31.50,106366591
2021-12-05T00:46:18,32.15,35.22,31.50,106366591
2021-12-05T00:51:19,32.15,35.22,31.50,106366591
2021-12-05T00:56:19,32.15,35.22,31.50,106366591
2021-12-05T01:01:20,32.15,35.22,31.50,106366591
