Date-Time,Price,High,Low,Volume
2021-12-05T00:04:42,1014.97,1090.5753,1000.21,30773995
2021-12-05T00:09:43,1014.97,1090.5753,1000.21,30773995
2021-12-05T00:14:44,1014.97,1090.5753,1000.21,30773995
2021-12-05T00:19:45,1014.97,1090.5753,1000.21,30773995
2021-12-05T00:24:46,1014.97,1090.5753,1000.21,30773995
2021-12-05T00:29:47,1014.97,1090.5753,1000.21,30773995
2021-12-05T00:34:47,1014.97,1090.5753,1000.21,30773995
2021-12-05T00:39:48,1014.97,1090.5753,1000.21,30773995
2021-12-05T00:44:49,1014.97,1090.5753,1000.21,30773995
2021-12-05T00:49:50,1014.97,1090.5753,1000.21,30773995
2021-12-05T00:54:51,1014.97,1090.5753,1000.21,30773995
2021-12-05T00:59:52,1014.97,1090.5753,1000.21,30773995
2021-12-05T01:04:52,1014.97,1090.5753,1000.21,30773995
2021-12-05T01:09:53,1014.97,1090.5753,1000.21,30773995
2021-12-05T01:14:54,1014.97,1090.5753,1000.21,30773995
2021-12-05T01:19:55,1014.97,1090.5753,1000.21,30773995
2021-12-05T01:24:56,1014.97,1090.5753,1000.21,30773995
2021-12-05T01:29:57,1014.97,1090.5753,1000.21,30773995
2021-12-05T01:34:58,1014.97,1090.5753,1000.21,30773995
2021-12-05T01:39:58,1014.97,1090.5753,1000.21,30773995
2021-12-05T01:44:59,1014.97,1090.5753,1000.21,30773995
2021-12-05T01:50:00,1014.97,1090.5753,1000.21,30773995
2021-12-05T01:55:01,1014.97,1090.5753,1000.21,30773995
2021-12-05T02:00:02,1014.97,1090.5753,1000.21,30773995
