Date-Time,Price,High,Low,Volume
2022-02-05T00:01:00,60.87,62.78,59.11,14588481
2022-02-05T00:06:02,60.87,62.78,59.11,14588481
2022-02-05T00:11:03,60.87,62.78,59.11,14588481
2022-02-05T00:16:03,60.87,62.78,59.11,14588481
2022-02-05T00:21:04,60.87,62.78,59.11,14588481
2022-02-05T00:26:05,60.87,62.78,59.11,14588481
2022-02-05T00:31:06,60.87,62.78,59.11,14588481
2022-02-05T00:36:07,60.87,62.78,59.11,14588481
2022-02-05T00:41:07,60.87,62.78,59.11,14588481
2022-02-05T00:46:08,60.87,62.78,59.11,14588481
2022-02-05T00:51:09,60.87,62.78,59.11,14588481
2022-02-05T00:56:10,60.87,62.78,59.11,14588481
