Date-Time,Price,High,Low,Volume
2022-02-05T00:00:58,923.32,936.50,881.17,24541822
2022-02-05T00:05:59,923.32,936.50,881.17,24541822
2022-02-05T00:10:59,923.32,936.50,881.17,24541822
2022-02-05T00:16:00,923.32,936.50,881.17,24541822
2022-02-05T00:21:01,923.32,936.50,881.17,24541822
2022-02-05T00:26:02,923.32,936.50,881.17,24541822
2022-02-05T00:31:03,923.32,936.50,881.17,24541822
2022-02-05T00:36:04,923.32,936.50,881.17,24541822
2022-02-05T00:41:04,923.32,936.50,881.17,24541822
2022-02-05T00:46:05,923.32,936.50,881.17,24541822
2022-02-05T00:51:06,923.32,936.50,881.17,24541822
2022-02-05T00:56:07,923.32,936.50,881.17,24541822
