Date-Time,Price,High,Low,Volume
2022-02-05T00:03:25,6.74,6.76,5.9764,995607
2022-02-05T00:08:26,6.74,6.76,5.9764,995607
2022-02-05T00:13:27,6.74,6.76,5.9764,995607
2022-02-05T00:18:28,6.74,6.76,5.9764,995607
2022-02-05T00:23:29,6.74,6.76,5.9764,995607
2022-02-05T00:28:30,6.74,6.76,5.9764,995607
2022-02-05T00:33:31,6.74,6.76,5.9764,995607
2022-02-05T00:38:31,6.74,6.76,5.9764,995607
2022-02-05T00:43:32,6.74,6.76,5.9764,995607
2022-02-05T00:48:33,6.74,6.76,5.9764,995607
2022-02-05T00:53:34,6.74,6.76,5.9764,995607
2022-02-05T00:58:35,6.74,6.76,5.9764,995607
2022-02-05T01:03:36,6.74,6.76,5.9764,995607
2022-02-05T01:08:37,6.74,6.76,5.9764,995607
2022-02-05T01:13:38,6.74,6.76,5.9764,995607
2022-02-05T01:18:39,6.74,6.76,5.9764,995607
2022-02-05T01:23:40,6.74,6.76,5.9764,995607
2022-02-05T01:28:41,6.74,6.76,5.9764,995607
2022-02-05T01:33:42,6.74,6.76,5.9764,995607
2022-02-05T01:38:42,6.74,6.76,5.9764,995607
2022-02-05T01:43:43,6.74,6.76,5.9764,995607
2022-02-05T01:48:44,6.74,6.76,5.9764,995607
2022-02-05T01:53:45,6.74,6.76,5.9764,995607
