Date-Time,Price,High,Low,Volume
2022-02-05T00:04:30,237.09,242.6099,230.11,89342247
2022-02-05T00:09:31,237.09,242.6099,230.11,89342247
2022-02-05T00:14:32,237.09,242.6099,230.11,89342247
2022-02-05T00:19:33,237.09,242.6099,230.11,89342247
2022-02-05T00:24:33,237.09,242.6099,230.11,89342247
2022-02-05T00:29:34,237.09,242.6099,230.11,89342247
2022-02-05T00:34:35,237.09,242.6099,230.11,89342247
2022-02-05T00:39:36,237.09,242.6099,230.11,89342247
2022-02-05T00:44:37,237.09,242.6099,230.11,89342247
2022-02-05T00:49:38,237.09,242.6099,230.11,89342247
2022-02-05T00:54:38,237.09,242.6099,230.11,89342247
2022-02-05T00:59:40,237.09,242.6099,230.11,89342247
2022-02-05T01:04:40,237.09,242.6099,230.11,89342247
2022-02-05T01:09:41,237.09,242.6099,230.11,89342247
2022-02-05T01:14:42,237.09,242.6099,230.11,89342247
2022-02-05T01:19:43,237.09,242.6099,230.11,89342247
2022-02-05T01:24:44,237.09,242.6099,230.11,89342247
2022-02-05T01:29:45,237.09,242.6099,230.11,89342247
2022-02-05T01:34:46,237.09,242.6099,230.11,89342247
2022-02-05T01:39:46,237.09,242.6099,230.11,89342247
2022-02-05T01:44:47,237.09,242.6099,230.11,89342247
2022-02-05T01:49:48,237.09,242.6099,230.11,89342247
2022-02-05T01:54:49,237.09,242.6099,230.11,89342247
