Date-Time,Price,High,Low,Volume
2022-02-05T00:00:58,23.96,24.32,22.73,45771717
2022-02-05T00:05:59,23.96,24.32,22.73,45771717
2022-02-05T00:11:00,23.96,24.32,22.73,45771717
2022-02-05T00:16:01,23.96,24.32,22.73,45771717
2022-02-05T00:21:02,23.96,24.32,22.73,45771717
2022-02-05T00:26:02,23.96,24.32,22.73,45771717
2022-02-05T00:31:03,23.96,24.32,22.73,45771717
2022-02-05T00:36:04,23.96,24.32,22.73,45771717
2022-02-05T00:41:05,23.96,24.32,22.73,45771717
2022-02-05T00:46:06,23.96,24.32,22.73,45771717
2022-02-05T00:51:06,23.96,24.32,22.73,45771717
2022-02-05T00:56:07,23.96,24.32,22.73,45771717
2022-02-05T01:01:08,23.96,24.32,22.73,45771717
2022-02-05T01:06:09,23.96,24.32,22.73,45771717
2022-02-05T01:11:10,23.96,24.32,22.73,45771717
2022-02-05T01:16:11,23.96,24.32,22.73,45771717
2022-02-05T01:21:11,23.96,24.32,22.73,45771717
2022-02-05T01:26:12,23.96,24.32,22.73,45771717
2022-02-05T01:31:13,23.96,24.32,22.73,45771717
2022-02-05T01:36:14,23.96,24.32,22.73,45771717
2022-02-05T01:41:15,23.96,24.32,22.73,45771717
2022-02-05T01:46:16,23.96,24.32,22.73,45771717
2022-02-05T01:51:17,23.96,24.32,22.73,45771717
2022-02-05T01:56:17,23.96,24.32,22.73,45771717
