Date-Time,Price,High,Low,Volume
2022-02-04T00:03:56,6.04,6.28,6.02,779913
2022-02-04T00:08:57,6.04,6.28,6.02,779913
2022-02-04T00:13:58,6.04,6.28,6.02,779913
2022-02-04T00:18:58,6.04,6.28,6.02,779913
2022-02-04T00:23:59,6.04,6.28,6.02,779913
2022-02-04T00:29:00,6.04,6.28,6.02,779913
2022-02-04T00:34:01,6.04,6.28,6.02,779913
2022-02-04T00:39:02,6.04,6.28,6.02,779913
2022-02-04T00:44:03,6.04,6.28,6.02,779913
2022-02-04T00:49:04,6.04,6.28,6.02,779913
2022-02-04T00:54:05,6.04,6.28,6.02,779913
2022-02-04T00:59:05,6.04,6.28,6.02,779913
2022-02-04T01:04:06,6.04,6.28,6.02,779913
2022-02-04T01:09:07,6.04,6.28,6.02,779913
2022-02-04T01:14:09,6.04,6.28,6.02,779913
2022-02-04T01:19:09,6.04,6.28,6.02,779913
2022-02-04T01:24:10,6.04,6.28,6.02,779913
2022-02-04T01:29:11,6.04,6.28,6.02,779913
2022-02-04T01:34:12,6.04,6.28,6.02,779913
2022-02-04T01:39:13,6.04,6.28,6.02,779913
2022-02-04T01:44:14,6.04,6.28,6.02,779913
2022-02-04T01:49:14,6.04,6.28,6.02,779913
2022-02-04T01:54:15,6.04,6.28,6.02,779913
2022-02-04T01:59:16,6.04,6.28,6.02,779913
2022-02-04T02:04:17,6.04,6.28,6.02,779913
2022-02-04T02:09:17,6.04,6.28,6.02,779913
2022-02-04T02:14:18,6.04,6.28,6.02,779913
2022-02-04T02:19:19,6.04,6.28,6.02,779913
2022-02-04T02:24:20,6.04,6.28,6.02,779913
2022-02-04T02:29:20,6.04,6.28,6.02,779913
2022-02-04T02:34:21,6.04,6.28,6.02,779913
2022-02-04T02:39:22,6.04,6.28,6.02,779913
2022-02-04T02:44:23,6.04,6.28,6.02,779913
2022-02-04T02:49:24,6.04,6.28,6.02,779913
2022-02-04T02:54:24,6.04,6.28,6.02,779913
2022-02-04T02:59:25,6.04,6.28,6.02,779913
2022-02-04T03:04:26,6.04,6.28,6.02,779913
2022-02-04T03:09:27,6.04,6.28,6.02,779913
2022-02-04T03:14:28,6.04,6.28,6.02,779913
2022-02-04T03:19:28,6.04,6.28,6.02,779913
2022-02-04T03:24:29,6.04,6.28,6.02,779913
2022-02-04T03:29:30,6.04,6.28,6.02,779913
2022-02-04T03:34:31,6.04,6.28,6.02,779913
2022-02-04T03:39:32,6.04,6.28,6.02,779913
2022-02-04T03:44:32,6.04,6.28,6.02,779913
2022-02-04T03:49:33,6.04,6.28,6.02,779913
2022-02-04T03:54:34,6.04,6.28,6.02,779913
2022-02-04T03:59:35,6.04,6.28,6.02,779913
2022-02-04T04:04:36,6.04,6.28,6.02,779913
2022-02-04T04:09:36,6.04,6.28,6.02,779913
2022-02-04T04:14:37,6.04,6.28,6.02,779913
2022-02-04T04:19:38,6.04,6.28,6.02,779913
2022-02-04T04:24:39,6.04,6.28,6.02,779913
2022-02-04T04:29:40,6.04,6.28,6.02,779913
2022-02-04T04:34:41,6.04,6.28,6.02,779913
2022-02-04T04:39:42,6.04,6.28,6.02,779913
2022-02-04T04:44:42,6.04,6.28,6.02,779913
2022-02-04T04:49:43,6.04,6.28,6.02,779913
2022-02-04T04:54:44,6.04,6.28,6.02,779913
2022-02-04T04:59:45,6.04,6.28,6.02,779913
2022-02-04T05:04:46,6.04,6.28,6.02,779913
2022-02-04T05:09:47,6.04,6.28,6.02,779913
2022-02-04T05:14:47,6.04,6.28,6.02,779913
2022-02-04T05:19:49,6.04,6.28,6.02,779913
2022-02-04T05:24:50,6.04,6.28,6.02,779913
2022-02-04T05:29:51,6.04,6.28,6.02,779913
2022-02-04T05:34:51,6.04,6.28,6.02,779913
2022-02-04T05:39:52,6.04,6.28,6.02,779913
2022-02-04T05:44:53,6.04,6.28,6.02,779913
2022-02-04T05:49:54,6.04,6.28,6.02,779913
2022-02-04T05:54:55,6.04,6.28,6.02,779913
2022-02-04T05:59:56,6.04,6.28,6.02,779913
2022-02-04T06:04:57,6.04,6.28,6.02,779913
2022-02-04T06:09:57,6.04,6.28,6.02,779913
2022-02-04T06:14:58,6.04,6.28,6.02,779913
2022-02-04T06:19:59,6.04,6.28,6.02,779913
2022-02-04T06:24:59,6.04,6.28,6.02,779913
2022-02-04T06:30:00,6.04,6.28,6.02,779913
2022-02-04T06:35:01,6.04,6.28,6.02,779913
2022-02-04T06:40:02,6.04,6.28,6.02,779913
2022-02-04T06:45:03,6.01,6.01,6.01,10627
2022-02-04T06:50:04,6.01,6.05,6.00,29768
2022-02-04T06:55:05,5.98,6.07,5.9764,40023
2022-02-04T07:00:06,6.0542,6.07,5.9764,41167
2022-02-04T07:05:06,6.1172,6.1172,5.9764,47659
2022-02-04T07:10:07,6.09,6.1172,5.9764,49237
2022-02-04T07:15:08,6.1555,6.1555,5.9764,51208
2022-02-04T07:20:09,6.182,6.21,5.9764,56734
2022-02-04T07:25:10,6.22,6.24,5.9764,74327
2022-02-04T07:30:10,6.305,6.305,5.9764,82655
2022-02-04T07:35:11,6.31,6.32,5.9764,91650
2022-02-04T07:40:12,6.38,6.39,5.9764,107382
2022-02-04T07:45:13,6.33,6.39,5.9764,117479
2022-02-04T07:50:14,6.37,6.39,5.9764,128650
2022-02-04T07:55:15,6.32,6.39,5.9764,138282
2022-02-04T08:00:15,6.29,6.39,5.9764,145943
2022-02-04T08:05:16,6.31,6.39,5.9764,153778
2022-02-04T08:10:17,6.33,6.39,5.9764,162148
2022-02-04T08:15:18,6.325,6.39,5.9764,190349
2022-02-04T08:20:18,6.37,6.39,5.9764,195552
2022-02-04T08:25:19,6.3649,6.39,5.9764,202970
2022-02-04T08:30:20,6.34,6.39,5.9764,214723
2022-02-04T08:35:21,6.395,6.395,5.9764,222882
2022-02-04T08:40:21,6.40,6.40,5.9764,238576
2022-02-04T08:45:22,6.43,6.43,5.9764,242782
2022-02-04T08:50:23,6.45,6.46,5.9764,251416
2022-02-04T08:55:24,6.45,6.46,5.9764,261018
2022-02-04T09:00:25,6.455,6.46,5.9764,265560
2022-02-04T09:05:25,6.45,6.47,5.9764,270972
2022-02-04T09:10:26,6.431,6.47,5.9764,272383
2022-02-04T09:15:27,6.4399,6.47,5.9764,277367
2022-02-04T09:20:28,6.43,6.47,5.9764,278965
2022-02-04T09:25:29,6.455,6.47,5.9764,283849
2022-02-04T09:30:29,6.475,6.475,5.9764,290654
2022-02-04T09:35:30,6.485,6.485,5.9764,299619
2022-02-04T09:40:31,6.49,6.50,5.9764,304748
2022-02-04T09:45:32,6.51,6.51,5.9764,322733
2022-02-04T09:50:33,6.49,6.51,5.9764,328573
2022-02-04T09:55:33,6.52,6.52,5.9764,357278
2022-02-04T10:00:34,6.539,6.54,5.9764,364583
2022-02-04T10:05:38,6.5401,6.545,5.9764,371901
2022-02-04T10:10:39,6.57,6.57,5.9764,381034
2022-02-04T10:15:41,6.58,6.58,5.9764,386487
2022-02-04T10:20:42,6.585,6.59,5.9764,392835
2022-02-04T10:25:42,6.63,6.63,5.9764,401697
2022-02-04T10:30:43,6.65,6.65,5.9764,413332
2022-02-04T10:35:44,6.66,6.66,5.9764,420428
2022-02-04T10:40:45,6.6799,6.68,5.9764,427848
2022-02-04T10:45:46,6.59,6.68,5.9764,453059
2022-02-04T10:50:47,6.6591,6.68,5.9764,474344
