Date-Time,Price,High,Low,Volume
2022-02-04T00:00:06,237.76,248.00,235.745,188119925
2022-02-04T00:05:07,237.76,248.00,235.745,188119925
2022-02-04T00:10:08,237.76,248.00,235.745,188119925
2022-02-04T00:15:09,237.76,248.00,235.745,188119925
2022-02-04T00:20:09,237.76,248.00,235.745,188119925
2022-02-04T00:25:10,237.76,248.00,235.745,188119925
2022-02-04T00:30:11,237.76,248.00,235.745,188119925
2022-02-04T00:35:12,237.76,248.00,235.745,188119925
2022-02-04T00:40:13,237.76,248.00,235.745,188119925
2022-02-04T00:45:15,237.76,248.00,235.745,188119925
2022-02-04T00:50:15,237.76,248.00,235.745,188119925
2022-02-04T00:55:16,237.76,248.00,235.745,188119925
2022-02-04T01:00:17,237.76,248.00,235.745,188119925
2022-02-04T01:05:18,237.76,248.00,235.745,188119925
2022-02-04T01:10:19,237.76,248.00,235.745,188119925
2022-02-04T01:15:20,237.76,248.00,235.745,188119925
2022-02-04T01:20:21,237.76,248.00,235.745,188119925
2022-02-04T01:25:21,237.76,248.00,235.745,188119925
2022-02-04T01:30:22,237.76,248.00,235.745,188119925
2022-02-04T01:35:23,237.76,248.00,235.745,188119925
2022-02-04T01:40:24,237.76,248.00,235.745,188119925
2022-02-04T01:45:25,237.76,248.00,235.745,188119925
2022-02-04T01:50:26,237.76,248.00,235.745,188119925
2022-02-04T01:55:26,237.76,248.00,235.745,188119925
2022-02-04T02:00:27,237.76,248.00,235.745,188119925
2022-02-04T02:05:28,237.76,248.00,235.745,188119925
2022-02-04T02:10:29,237.76,248.00,235.745,188119925
2022-02-04T02:15:30,237.76,248.00,235.745,188119925
2022-02-04T02:20:31,237.76,248.00,235.745,188119925
2022-02-04T02:25:32,237.76,248.00,235.745,188119925
2022-02-04T02:30:33,237.76,248.00,235.745,188119925
2022-02-04T02:35:34,237.76,248.00,235.745,188119925
2022-02-04T02:40:35,237.76,248.00,235.745,188119925
2022-02-04T02:45:36,237.76,248.00,235.745,188119925
2022-02-04T02:50:37,237.76,248.00,235.745,188119925
2022-02-04T02:55:38,237.76,248.00,235.745,188119925
2022-02-04T03:00:39,237.76,248.00,235.745,188119925
2022-02-04T03:05:40,237.76,248.00,235.745,188119925
2022-02-04T03:10:41,237.76,248.00,235.745,188119925
2022-02-04T03:15:42,237.76,248.00,235.745,188119925
2022-02-04T03:20:42,237.76,248.00,235.745,188119925
2022-02-04T03:25:43,237.76,248.00,235.745,188119925
2022-02-04T03:30:44,237.76,248.00,235.745,188119925
2022-02-04T03:35:45,237.76,248.00,235.745,188119925
2022-02-04T03:40:46,237.76,248.00,235.745,188119925
2022-02-04T03:45:46,237.76,248.00,235.745,188119925
2022-02-04T03:50:47,237.76,248.00,235.745,188119925
2022-02-04T03:55:48,237.76,248.00,235.745,188119925
2022-02-04T04:00:49,237.76,248.00,235.745,188119925
2022-02-04T04:05:50,237.76,248.00,235.745,188119925
2022-02-04T04:10:51,237.76,248.00,235.745,188119925
2022-02-04T04:15:51,237.76,248.00,235.745,188119925
2022-02-04T04:20:52,237.76,248.00,235.745,188119925
2022-02-04T04:25:53,237.76,248.00,235.745,188119925
2022-02-04T04:30:54,237.76,248.00,235.745,188119925
2022-02-04T04:35:55,237.76,248.00,235.745,188119925
2022-02-04T04:40:56,237.76,248.00,235.745,188119925
2022-02-04T04:45:56,237.76,248.00,235.745,188119925
2022-02-04T04:50:57,237.76,248.00,235.745,188119925
2022-02-04T04:55:58,237.76,248.00,235.745,188119925
2022-02-04T05:00:59,237.76,248.00,235.745,188119925
2022-02-04T05:06:00,237.76,248.00,235.745,188119925
2022-02-04T05:11:00,237.76,248.00,235.745,188119925
2022-02-04T05:16:02,237.76,248.00,235.745,188119925
2022-02-04T05:21:03,237.76,248.00,235.745,188119925
2022-02-04T05:26:04,237.76,248.00,235.745,188119925
2022-02-04T05:31:04,237.76,248.00,235.745,188119925
2022-02-04T05:36:05,237.76,248.00,235.745,188119925
2022-02-04T05:41:06,237.76,248.00,235.745,188119925
2022-02-04T05:46:06,237.76,248.00,235.745,188119925
2022-02-04T05:51:07,237.76,248.00,235.745,188119925
2022-02-04T05:56:08,237.76,248.00,235.745,188119925
2022-02-04T06:01:09,237.76,248.00,235.745,188119925
2022-02-04T06:06:09,237.76,248.00,235.745,188119925
2022-02-04T06:11:10,237.76,248.00,235.745,188119925
2022-02-04T06:16:11,237.76,248.00,235.745,188119925
2022-02-04T06:21:12,237.76,248.00,235.745,188119925
2022-02-04T06:26:13,237.76,248.00,235.745,188119925
2022-02-04T06:31:13,237.76,248.00,235.745,188119925
2022-02-04T06:36:14,237.76,248.00,235.745,188119925
2022-02-04T06:41:15,237.76,248.00,235.745,188119925
2022-02-04T06:46:16,234.0426,236.22,234.00,5193132
2022-02-04T06:51:17,232.59,236.22,230.50,8504742
2022-02-04T06:56:17,232.0101,236.22,230.50,10614257
2022-02-04T07:01:18,235.89,236.45,230.50,12762700
2022-02-04T07:06:19,234.345,236.45,230.50,14392893
2022-02-04T07:11:20,234.585,236.45,230.50,15727362
2022-02-04T07:16:21,234.785,236.45,230.50,16951690
2022-02-04T07:21:21,235.59,236.45,230.50,18244005
2022-02-04T07:26:22,234.20,236.45,230.50,19479814
2022-02-04T07:31:23,235.26,236.45,230.50,20517613
2022-02-04T07:36:24,233.1487,236.45,230.50,21774921
2022-02-04T07:41:26,233.425,236.45,230.50,23222069
2022-02-04T07:46:26,233.08,236.45,230.50,24215513
2022-02-04T07:51:27,232.37,236.45,230.50,25032999
2022-02-04T07:56:28,232.4767,236.45,230.50,25902594
2022-02-04T08:01:29,232.00,236.45,230.50,26951081
2022-02-04T08:06:30,232.63,236.45,230.50,27983272
2022-02-04T08:11:31,232.403,236.45,230.50,28599861
2022-02-04T08:16:31,232.1799,236.45,230.50,29349266
2022-02-04T08:21:32,231.46,236.45,230.50,30230431
2022-02-04T08:26:33,230.6781,236.45,230.50,31299706
2022-02-04T08:31:34,230.46,236.45,230.21,32614404
2022-02-04T08:36:35,230.195,236.45,230.11,33815636
2022-02-04T08:41:35,231.17,236.45,230.11,34866412
2022-02-04T08:46:36,231.5694,236.45,230.11,35818790
2022-02-04T08:51:37,232.19,236.45,230.11,36863055
2022-02-04T08:56:38,232.13,236.45,230.11,37988646
2022-02-04T09:01:38,232.618,236.45,230.11,38607928
2022-02-04T09:06:39,232.8101,236.45,230.11,39475796
2022-02-04T09:11:40,233.11,236.45,230.11,40355444
2022-02-04T09:16:41,232.36,236.45,230.11,41041613
2022-02-04T09:21:42,232.8035,236.45,230.11,42162041
2022-02-04T09:26:42,232.7635,236.45,230.11,42897119
2022-02-04T09:31:43,234.2501,236.45,230.11,43637490
2022-02-04T09:36:44,234.2801,236.45,230.11,44498165
2022-02-04T09:41:45,234.1299,236.45,230.11,45511479
2022-02-04T09:46:46,233.61,236.45,230.11,46142173
2022-02-04T09:51:46,233.5496,236.45,230.11,46709563
