Date-Time,Price,High,Low,Volume
2022-02-04T00:01:56,60.36,63.9193,59.00,19776330
2022-02-04T00:06:57,60.36,63.9193,59.00,19776330
2022-02-04T00:11:58,60.36,63.9193,59.00,19776330
2022-02-04T00:16:59,60.36,63.9193,59.00,19776330
2022-02-04T00:21:59,60.36,63.9193,59.00,19776330
2022-02-04T00:27:00,60.36,63.9193,59.00,19776330
2022-02-04T00:32:01,60.36,63.9193,59.00,19776330
2022-02-04T00:37:02,60.36,63.9193,59.00,19776330
2022-02-04T00:42:03,60.36,63.9193,59.00,19776330
2022-02-04T00:47:03,60.36,63.9193,59.00,19776330
2022-02-04T00:52:04,60.36,63.9193,59.00,19776330
