Date-Time,Price,High,Low,Volume
2021-12-15T00:01:17,7.51,7.6155,7.19,945248
2021-12-15T00:06:18,7.51,7.6155,7.19,945248
2021-12-15T00:11:19,7.51,7.6155,7.19,945248
2021-12-15T00:16:20,7.51,7.6155,7.19,945248
2021-12-15T00:21:21,7.51,7.6155,7.19,945248
2021-12-15T00:26:22,7.51,7.6155,7.19,945248
2021-12-15T00:31:22,7.51,7.6155,7.19,945248
2021-12-15T00:36:23,7.51,7.6155,7.19,945248
2021-12-15T00:41:24,7.51,7.6155,7.19,945248
2021-12-15T00:46:25,7.51,7.6155,7.19,945248
2021-12-15T00:51:28,7.51,7.6155,7.19,945248
