Date-Time,Price,High,Low,Volume
2021-12-15T00:01:03,333.74,335.70,327.65,20461024
2021-12-15T00:06:03,333.74,335.70,327.65,20461024
2021-12-15T00:11:04,333.74,335.70,327.65,20461024
2021-12-15T00:16:05,333.74,335.70,327.65,20461024
2021-12-15T00:21:06,333.74,335.70,327.65,20461024
2021-12-15T00:26:07,333.74,335.70,327.65,20461024
2021-12-15T00:31:08,333.74,335.70,327.65,20461024
2021-12-15T00:36:09,333.74,335.70,327.65,20461024
2021-12-15T00:41:10,333.74,335.70,327.65,20461024
2021-12-15T00:46:10,333.74,335.70,327.65,20461024
