Date-Time,Price,High,Low,Volume
2021-12-15T00:00:50,32.30,32.38,31.20,45998516
2021-12-15T00:05:52,32.30,32.38,31.20,45998516
2021-12-15T00:10:53,32.30,32.38,31.20,45998516
2021-12-15T00:15:54,32.30,32.38,31.20,45998516
2021-12-15T00:20:55,32.30,32.38,31.20,45998516
2021-12-15T00:25:56,32.30,32.38,31.20,45998516
2021-12-15T00:30:57,32.30,32.38,31.20,45998516
2021-12-15T00:35:57,32.30,32.38,31.20,45998516
2021-12-15T00:40:58,32.30,32.38,31.20,45998516
2021-12-15T00:45:59,32.30,32.38,31.20,45998516
2021-12-15T00:51:00,32.30,32.38,31.20,45998516
2021-12-15T00:51:28,32.30,32.38,31.20,45998516
2021-12-15T00:58:08,32.30,32.38,31.20,45998516
2021-12-15T01:03:09,32.30,32.38,31.20,45998516
2021-12-15T01:08:10,32.30,32.38,31.20,45998516
2021-12-15T01:13:11,32.30,32.38,31.20,45998516
2021-12-15T01:18:11,32.30,32.38,31.20,45998516
2021-12-15T01:23:12,32.30,32.38,31.20,45998516
2021-12-15T01:28:13,32.30,32.38,31.20,45998516
2021-12-15T01:33:14,32.30,32.38,31.20,45998516
2021-12-15T01:38:15,32.30,32.38,31.20,45998516
2021-12-15T01:43:15,32.30,32.38,31.20,45998516
2021-12-15T01:48:16,32.30,32.38,31.20,45998516
