Date-Time,Price,High,Low,Volume
2021-12-15T00:01:00,958.51,966.41,930.00,23602090
2021-12-15T00:06:01,958.51,966.41,930.00,23602090
2021-12-15T00:11:01,958.51,966.41,930.00,23602090
2021-12-15T00:16:04,958.51,966.41,930.00,23602090
2021-12-15T00:21:05,958.51,966.41,930.00,23602090
2021-12-15T00:26:06,958.51,966.41,930.00,23602090
2021-12-15T00:31:06,958.51,966.41,930.00,23602090
2021-12-15T00:36:07,958.51,966.41,930.00,23602090
2021-12-15T00:41:08,958.51,966.41,930.00,23602090
2021-12-15T00:46:09,958.51,966.41,930.00,23602090
